 Title= "ADflow Lift Distribution Data"
Variables = "eta" "CoordinateX" "CoordinateY" "CoordinateZ" "Lift" "Drag" "Moment" "Normalized Lift" "Normalized Drag" "Normalized Moment" "CL" "CD" "CM" "CLp" "CDp" "CMp" "CLv" "CDv" "CMv" "Elliptical" "thickness" "twist" "chord" "fx" "fy" "fz" 
Zone T= "LiftDist_01 allWalls: : z normal"
 I=          150
 DATAPACKING=BLOCK
  0.000000E+00
  6.711405E-03
  1.342281E-02
  2.013422E-02
  2.684563E-02
  3.355704E-02
  4.026845E-02
  4.697986E-02
  5.369127E-02
  6.040268E-02
  6.711409E-02
  7.382550E-02
  8.053691E-02
  8.724832E-02
  9.395973E-02
  1.006711E-01
  1.073825E-01
  1.140940E-01
  1.208054E-01
  1.275168E-01
  1.342282E-01
  1.409396E-01
  1.476510E-01
  1.543624E-01
  1.610738E-01
  1.677852E-01
  1.744966E-01
  1.812081E-01
  1.879195E-01
  1.946309E-01
  2.013423E-01
  2.080537E-01
  2.147651E-01
  2.214765E-01
  2.281879E-01
  2.348993E-01
  2.416107E-01
  2.483221E-01
  2.550336E-01
  2.617450E-01
  2.684564E-01
  2.751678E-01
  2.818792E-01
  2.885906E-01
  2.953020E-01
  3.020134E-01
  3.087248E-01
  3.154362E-01
  3.221476E-01
  3.288591E-01
  3.355705E-01
  3.422819E-01
  3.489933E-01
  3.557047E-01
  3.624161E-01
  3.691275E-01
  3.758389E-01
  3.825503E-01
  3.892617E-01
  3.959732E-01
  4.026846E-01
  4.093960E-01
  4.161074E-01
  4.228188E-01
  4.295302E-01
  4.362416E-01
  4.429530E-01
  4.496644E-01
  4.563758E-01
  4.630872E-01
  4.697987E-01
  4.765101E-01
  4.832215E-01
  4.899329E-01
  4.966443E-01
  5.033557E-01
  5.100671E-01
  5.167785E-01
  5.234899E-01
  5.302013E-01
  5.369128E-01
  5.436242E-01
  5.503356E-01
  5.570470E-01
  5.637584E-01
  5.704698E-01
  5.771812E-01
  5.838926E-01
  5.906040E-01
  5.973154E-01
  6.040268E-01
  6.107383E-01
  6.174497E-01
  6.241611E-01
  6.308725E-01
  6.375839E-01
  6.442953E-01
  6.510067E-01
  6.577181E-01
  6.644295E-01
  6.711409E-01
  6.778524E-01
  6.845638E-01
  6.912752E-01
  6.979866E-01
  7.046980E-01
  7.114094E-01
  7.181208E-01
  7.248322E-01
  7.315436E-01
  7.382550E-01
  7.449664E-01
  7.516779E-01
  7.583893E-01
  7.651007E-01
  7.718121E-01
  7.785235E-01
  7.852349E-01
  7.919463E-01
  7.986577E-01
  8.053691E-01
  8.120805E-01
  8.187919E-01
  8.255034E-01
  8.322148E-01
  8.389262E-01
  8.456376E-01
  8.523490E-01
  8.590604E-01
  8.657718E-01
  8.724832E-01
  8.791946E-01
  8.859060E-01
  8.926175E-01
  8.993289E-01
  9.060403E-01
  9.127517E-01
  9.194631E-01
  9.261745E-01
  9.328859E-01
  9.395973E-01
  9.463087E-01
  9.530201E-01
  9.597315E-01
  9.664430E-01
  9.731544E-01
  9.798658E-01
  9.865772E-01
  9.932886E-01
  1.000000E+00
  0.000000E+00
  0.000000E+00
  0.000000E+00
  0.000000E+00
  0.000000E+00
  0.000000E+00
  0.000000E+00
  0.000000E+00
  0.000000E+00
  0.000000E+00
  0.000000E+00
  0.000000E+00
  0.000000E+00
  0.000000E+00
  0.000000E+00
  0.000000E+00
  0.000000E+00
  0.000000E+00
  0.000000E+00
  0.000000E+00
  0.000000E+00
  0.000000E+00
  0.000000E+00
  0.000000E+00
  0.000000E+00
  0.000000E+00
  0.000000E+00
  0.000000E+00
  0.000000E+00
  0.000000E+00
  0.000000E+00
  0.000000E+00
  0.000000E+00
  0.000000E+00
  0.000000E+00
  0.000000E+00
  0.000000E+00
  0.000000E+00
  0.000000E+00
  0.000000E+00
  0.000000E+00
  0.000000E+00
  0.000000E+00
  0.000000E+00
  0.000000E+00
  0.000000E+00
  0.000000E+00
  0.000000E+00
  0.000000E+00
  0.000000E+00
  0.000000E+00
  0.000000E+00
  0.000000E+00
  0.000000E+00
  0.000000E+00
  0.000000E+00
  0.000000E+00
  0.000000E+00
  0.000000E+00
  0.000000E+00
  0.000000E+00
  0.000000E+00
  0.000000E+00
  0.000000E+00
  0.000000E+00
  0.000000E+00
  0.000000E+00
  0.000000E+00
  0.000000E+00
  0.000000E+00
  0.000000E+00
  0.000000E+00
  0.000000E+00
  0.000000E+00
  0.000000E+00
  0.000000E+00
  0.000000E+00
  0.000000E+00
  0.000000E+00
  0.000000E+00
  0.000000E+00
  0.000000E+00
  0.000000E+00
  0.000000E+00
  0.000000E+00
  0.000000E+00
  0.000000E+00
  0.000000E+00
  0.000000E+00
  0.000000E+00
  0.000000E+00
  0.000000E+00
  0.000000E+00
  0.000000E+00
  0.000000E+00
  0.000000E+00
  0.000000E+00
  0.000000E+00
  0.000000E+00
  0.000000E+00
  0.000000E+00
  0.000000E+00
  0.000000E+00
  0.000000E+00
  0.000000E+00
  0.000000E+00
  0.000000E+00
  0.000000E+00
  0.000000E+00
  0.000000E+00
  0.000000E+00
  0.000000E+00
  0.000000E+00
  0.000000E+00
  0.000000E+00
  0.000000E+00
  0.000000E+00
  0.000000E+00
  0.000000E+00
  0.000000E+00
  0.000000E+00
  0.000000E+00
  0.000000E+00
  0.000000E+00
  0.000000E+00
  0.000000E+00
  0.000000E+00
  0.000000E+00
  0.000000E+00
  0.000000E+00
  0.000000E+00
  0.000000E+00
  0.000000E+00
  0.000000E+00
  0.000000E+00
  0.000000E+00
  0.000000E+00
  0.000000E+00
  0.000000E+00
  0.000000E+00
  0.000000E+00
  0.000000E+00
  0.000000E+00
  0.000000E+00
  0.000000E+00
  0.000000E+00
  0.000000E+00
  0.000000E+00
  0.000000E+00
  0.000000E+00
  0.000000E+00
  0.000000E+00
  0.000000E+00
  0.000000E+00
  0.000000E+00
  0.000000E+00
  0.000000E+00
  0.000000E+00
  0.000000E+00
  0.000000E+00
  0.000000E+00
  0.000000E+00
  0.000000E+00
  0.000000E+00
  0.000000E+00
  0.000000E+00
  0.000000E+00
  0.000000E+00
  0.000000E+00
  0.000000E+00
  0.000000E+00
  0.000000E+00
  0.000000E+00
  0.000000E+00
  0.000000E+00
  0.000000E+00
  0.000000E+00
  0.000000E+00
  0.000000E+00
  0.000000E+00
  0.000000E+00
  0.000000E+00
  0.000000E+00
  0.000000E+00
  0.000000E+00
  0.000000E+00
  0.000000E+00
  0.000000E+00
  0.000000E+00
  0.000000E+00
  0.000000E+00
  0.000000E+00
  0.000000E+00
  0.000000E+00
  0.000000E+00
  0.000000E+00
  0.000000E+00
  0.000000E+00
  0.000000E+00
  0.000000E+00
  0.000000E+00
  0.000000E+00
  0.000000E+00
  0.000000E+00
  0.000000E+00
  0.000000E+00
  0.000000E+00
  0.000000E+00
  0.000000E+00
  0.000000E+00
  0.000000E+00
  0.000000E+00
  0.000000E+00
  0.000000E+00
  0.000000E+00
  0.000000E+00
  0.000000E+00
  0.000000E+00
  0.000000E+00
  0.000000E+00
  0.000000E+00
  0.000000E+00
  0.000000E+00
  0.000000E+00
  0.000000E+00
  0.000000E+00
  0.000000E+00
  0.000000E+00
  0.000000E+00
  0.000000E+00
  0.000000E+00
  0.000000E+00
  0.000000E+00
  0.000000E+00
  0.000000E+00
  0.000000E+00
  0.000000E+00
  0.000000E+00
  0.000000E+00
  0.000000E+00
  0.000000E+00
  0.000000E+00
  0.000000E+00
  0.000000E+00
  0.000000E+00
  0.000000E+00
  0.000000E+00
  0.000000E+00
  0.000000E+00
  0.000000E+00
  0.000000E+00
  0.000000E+00
  0.000000E+00
  0.000000E+00
  0.000000E+00
  0.000000E+00
  0.000000E+00
  0.000000E+00
  0.000000E+00
  0.000000E+00
  0.000000E+00
  0.000000E+00
  0.000000E+00
  0.000000E+00
  0.000000E+00
  0.000000E+00
  0.000000E+00
  0.000000E+00
  0.000000E+00
  0.000000E+00
  0.000000E+00
  0.000000E+00
  0.000000E+00
  0.000000E+00
  0.000000E+00
  0.000000E+00
  0.000000E+00
  0.000000E+00
  0.000000E+00
  0.000000E+00
  0.000000E+00
  0.000000E+00
  0.000000E+00
  0.000000E+00
  0.000000E+00
  0.000000E+00
  0.000000E+00
  0.000000E+00
  0.000000E+00
  0.000000E+00
  0.000000E+00
  0.000000E+00
  0.000000E+00
  0.000000E+00
  0.000000E+00
  0.000000E+00
  0.000000E+00
  0.000000E+00
  0.000000E+00
  0.000000E+00
  1.000000E-08
  1.690972E-02
  3.381945E-02
  5.072917E-02
  6.763890E-02
  8.454862E-02
  1.014583E-01
  1.183681E-01
  1.352778E-01
  1.521875E-01
  1.690972E-01
  1.860070E-01
  2.029167E-01
  2.198264E-01
  2.367361E-01
  2.536459E-01
  2.705556E-01
  2.874653E-01
  3.043750E-01
  3.212848E-01
  3.381945E-01
  3.551042E-01
  3.720139E-01
  3.889237E-01
  4.058334E-01
  4.227431E-01
  4.396528E-01
  4.565626E-01
  4.734723E-01
  4.903820E-01
  5.072917E-01
  5.242015E-01
  5.411112E-01
  5.580209E-01
  5.749306E-01
  5.918404E-01
  6.087501E-01
  6.256598E-01
  6.425695E-01
  6.594792E-01
  6.763890E-01
  6.932987E-01
  7.102084E-01
  7.271181E-01
  7.440279E-01
  7.609376E-01
  7.778473E-01
  7.947570E-01
  8.116668E-01
  8.285765E-01
  8.454862E-01
  8.623959E-01
  8.793057E-01
  8.962154E-01
  9.131251E-01
  9.300348E-01
  9.469446E-01
  9.638543E-01
  9.807640E-01
  9.976737E-01
  1.014583E+00
  1.031493E+00
  1.048403E+00
  1.065313E+00
  1.082222E+00
  1.099132E+00
  1.116042E+00
  1.132952E+00
  1.149861E+00
  1.166771E+00
  1.183681E+00
  1.200590E+00
  1.217500E+00
  1.234410E+00
  1.251320E+00
  1.268229E+00
  1.285139E+00
  1.302049E+00
  1.318958E+00
  1.335868E+00
  1.352778E+00
  1.369688E+00
  1.386597E+00
  1.403507E+00
  1.420417E+00
  1.437327E+00
  1.454236E+00
  1.471146E+00
  1.488056E+00
  1.504965E+00
  1.521875E+00
  1.538785E+00
  1.555695E+00
  1.572604E+00
  1.589514E+00
  1.606424E+00
  1.623334E+00
  1.640243E+00
  1.657153E+00
  1.674063E+00
  1.690972E+00
  1.707882E+00
  1.724792E+00
  1.741702E+00
  1.758611E+00
  1.775521E+00
  1.792431E+00
  1.809341E+00
  1.826250E+00
  1.843160E+00
  1.860070E+00
  1.876979E+00
  1.893889E+00
  1.910799E+00
  1.927709E+00
  1.944618E+00
  1.961528E+00
  1.978438E+00
  1.995347E+00
  2.012257E+00
  2.029167E+00
  2.046077E+00
  2.062986E+00
  2.079896E+00
  2.096806E+00
  2.113716E+00
  2.130625E+00
  2.147535E+00
  2.164445E+00
  2.181354E+00
  2.198264E+00
  2.215174E+00
  2.232084E+00
  2.248993E+00
  2.265903E+00
  2.282813E+00
  2.299723E+00
  2.316632E+00
  2.333542E+00
  2.350452E+00
  2.367361E+00
  2.384271E+00
  2.401181E+00
  2.418091E+00
  2.435000E+00
  2.451910E+00
  2.468820E+00
  2.485729E+00
  2.502639E+00
  2.519549E+00
  1.102085E+04
  1.101932E+04
  1.101780E+04
  1.101627E+04
  1.101474E+04
  1.101321E+04
  1.101168E+04
  1.101015E+04
  1.100862E+04
  1.100394E+04
  1.099912E+04
  1.099430E+04
  1.098948E+04
  1.098466E+04
  1.097984E+04
  1.097502E+04
  1.096923E+04
  1.096134E+04
  1.095345E+04
  1.094556E+04
  1.093768E+04
  1.092979E+04
  1.092190E+04
  1.091386E+04
  1.090316E+04
  1.089246E+04
  1.088176E+04
  1.087106E+04
  1.086037E+04
  1.084967E+04
  1.083849E+04
  1.082477E+04
  1.081104E+04
  1.079732E+04
  1.078360E+04
  1.076987E+04
  1.075615E+04
  1.074044E+04
  1.072346E+04
  1.070647E+04
  1.068948E+04
  1.067249E+04
  1.065550E+04
  1.063722E+04
  1.061686E+04
  1.059649E+04
  1.057613E+04
  1.055576E+04
  1.053540E+04
  1.051340E+04
  1.048957E+04
  1.046574E+04
  1.044191E+04
  1.041809E+04
  1.039426E+04
  1.036741E+04
  1.034004E+04
  1.031267E+04
  1.028530E+04
  1.025793E+04
  1.022874E+04
  1.019784E+04
  1.016694E+04
  1.013604E+04
  1.010515E+04
  1.007267E+04
  1.003822E+04
  1.000378E+04
  9.969337E+03
  9.934899E+03
  9.898164E+03
  9.860088E+03
  9.822015E+03
  9.783942E+03
  9.745666E+03
  9.703920E+03
  9.662175E+03
  9.620431E+03
  9.578688E+03
  9.534329E+03
  9.488899E+03
  9.443471E+03
  9.398043E+03
  9.350443E+03
  9.301274E+03
  9.252106E+03
  9.202941E+03
  9.151416E+03
  9.098664E+03
  9.045917E+03
  8.993174E+03
  8.937347E+03
  8.881301E+03
  8.825262E+03
  8.767893E+03
  8.708453E+03
  8.649030E+03
  8.589528E+03
  8.526699E+03
  8.463905E+03
  8.401144E+03
  8.336175E+03
  8.270806E+03
  8.205490E+03
  8.138177E+03
  8.070406E+03
  8.002698E+03
  7.931865E+03
  7.860798E+03
  7.789033E+03
  7.713721E+03
  7.638469E+03
  7.560493E+03
  7.480486E+03
  7.400020E+03
  7.314991E+03
  7.230004E+03
  7.141215E+03
  7.051185E+03
  6.958664E+03
  6.863837E+03
  6.767219E+03
  6.667895E+03
  6.566997E+03
  6.463584E+03
  6.358496E+03
  6.251539E+03
  6.142554E+03
  6.032509E+03
  5.919901E+03
  5.806393E+03
  5.691142E+03
  5.574278E+03
  5.456296E+03
  5.336744E+03
  5.215374E+03
  5.092495E+03
  4.967930E+03
  4.841571E+03
  4.714033E+03
  4.589551E+03
  4.477237E+03
  4.392292E+03
  4.361395E+03
  4.443259E+03
  4.603348E+03
  4.392470E+03
  4.567988E+03
  1.345283E+03
  2.328039E-03
  6.045573E+02
  6.045621E+02
  6.045670E+02
  6.045719E+02
  6.045767E+02
  6.045816E+02
  6.045865E+02
  6.045914E+02
  6.045963E+02
  6.045763E+02
  6.045551E+02
  6.045340E+02
  6.045129E+02
  6.044918E+02
  6.044707E+02
  6.044497E+02
  6.044237E+02
  6.043869E+02
  6.043502E+02
  6.043135E+02
  6.042768E+02
  6.042401E+02
  6.042035E+02
  6.041673E+02
  6.041377E+02
  6.041081E+02
  6.040786E+02
  6.040491E+02
  6.040197E+02
  6.039903E+02
  6.039534E+02
  6.038772E+02
  6.038011E+02
  6.037249E+02
  6.036489E+02
  6.035729E+02
  6.034969E+02
  6.033843E+02
  6.032482E+02
  6.031121E+02
  6.029761E+02
  6.028402E+02
  6.027044E+02
  6.025545E+02
  6.023818E+02
  6.022092E+02
  6.020368E+02
  6.018645E+02
  6.016924E+02
  6.015058E+02
  6.013030E+02
  6.011003E+02
  6.008979E+02
  6.006957E+02
  6.004937E+02
  6.002518E+02
  6.000032E+02
  5.997550E+02
  5.995071E+02
  5.992595E+02
  5.989836E+02
  5.986812E+02
  5.983793E+02
  5.980779E+02
  5.977769E+02
  5.974341E+02
  5.970395E+02
  5.966455E+02
  5.962519E+02
  5.958588E+02
  5.953647E+02
  5.948117E+02
  5.942590E+02
  5.937068E+02
  5.931441E+02
  5.923990E+02
  5.916542E+02
  5.909096E+02
  5.901653E+02
  5.891882E+02
  5.881160E+02
  5.870439E+02
  5.859721E+02
  5.845322E+02
  5.828259E+02
  5.811195E+02
  5.794132E+02
  5.771321E+02
  5.745518E+02
  5.719714E+02
  5.693911E+02
  5.658754E+02
  5.622918E+02
  5.587096E+02
  5.546197E+02
  5.497407E+02
  5.448671E+02
  5.399600E+02
  5.336839E+02
  5.274207E+02
  5.211705E+02
  5.142528E+02
  5.072172E+02
  5.002007E+02
  4.932082E+02
  4.862374E+02
  4.792867E+02
  4.728417E+02
  4.664596E+02
  4.602420E+02
  4.547402E+02
  4.492492E+02
  4.443639E+02
  4.399307E+02
  4.356122E+02
  4.322880E+02
  4.289653E+02
  4.264357E+02
  4.241691E+02
  4.223725E+02
  4.210113E+02
  4.198969E+02
  4.191541E+02
  4.185273E+02
  4.180844E+02
  4.176924E+02
  4.173585E+02
  4.170423E+02
  4.167429E+02
  4.164649E+02
  4.162246E+02
  4.160536E+02
  4.160436E+02
  4.161961E+02
  4.166391E+02
  4.175723E+02
  4.190172E+02
  4.211444E+02
  4.242110E+02
  4.289754E+02
  4.364759E+02
  4.488348E+02
  4.695658E+02
  5.046406E+02
  5.657409E+02
  6.520393E+02
  6.980973E+02
  8.078907E+02
  3.485088E+02
  5.072472E-04
  1.990972E+03
  1.990545E+03
  1.990117E+03
  1.989690E+03
  1.989263E+03
  1.988836E+03
  1.988408E+03
  1.987981E+03
  1.987554E+03
  1.986316E+03
  1.985041E+03
  1.983766E+03
  1.982491E+03
  1.981216E+03
  1.979942E+03
  1.978667E+03
  1.977186E+03
  1.975255E+03
  1.973325E+03
  1.971394E+03
  1.969464E+03
  1.967533E+03
  1.965603E+03
  1.963640E+03
  1.961124E+03
  1.958608E+03
  1.956092E+03
  1.953577E+03
  1.951061E+03
  1.948545E+03
  1.945914E+03
  1.942669E+03
  1.939424E+03
  1.936179E+03
  1.932934E+03
  1.929690E+03
  1.926445E+03
  1.922675E+03
  1.918566E+03
  1.914457E+03
  1.910348E+03
  1.906239E+03
  1.902129E+03
  1.897663E+03
  1.892622E+03
  1.887581E+03
  1.882540E+03
  1.877498E+03
  1.872457E+03
  1.866959E+03
  1.860947E+03
  1.854935E+03
  1.848923E+03
  1.842911E+03
  1.836899E+03
  1.830093E+03
  1.823151E+03
  1.816209E+03
  1.809268E+03
  1.802327E+03
  1.794992E+03
  1.787290E+03
  1.779588E+03
  1.771886E+03
  1.764185E+03
  1.756221E+03
  1.747930E+03
  1.739639E+03
  1.731349E+03
  1.723060E+03
  1.714533E+03
  1.705868E+03
  1.697204E+03
  1.688539E+03
  1.679878E+03
  1.671272E+03
  1.662665E+03
  1.654059E+03
  1.645452E+03
  1.637086E+03
  1.628818E+03
  1.620551E+03
  1.612283E+03
  1.604130E+03
  1.596060E+03
  1.587990E+03
  1.579921E+03
  1.571995E+03
  1.564144E+03
  1.556294E+03
  1.548445E+03
  1.541048E+03
  1.533686E+03
  1.526327E+03
  1.519044E+03
  1.511879E+03
  1.504720E+03
  1.497552E+03
  1.489830E+03
  1.482122E+03
  1.474429E+03
  1.466036E+03
  1.457523E+03
  1.449004E+03
  1.439703E+03
  1.430218E+03
  1.420764E+03
  1.409759E+03
  1.398636E+03
  1.387132E+03
  1.373705E+03
  1.360305E+03
  1.345444E+03
  1.329491E+03
  1.313302E+03
  1.294818E+03
  1.276348E+03
  1.256139E+03
  1.235357E+03
  1.213591E+03
  1.190913E+03
  1.167678E+03
  1.143606E+03
  1.119209E+03
  1.094294E+03
  1.069259E+03
  1.044093E+03
  1.019141E+03
  9.943048E+02
  9.702813E+02
  9.467299E+02
  9.241784E+02
  9.030044E+02
  8.829202E+02
  8.645620E+02
  8.484068E+02
  8.341098E+02
  8.219925E+02
  8.124910E+02
  8.072262E+02
  8.087716E+02
  8.230927E+02
  8.606389E+02
  9.377542E+02
  1.079842E+03
  1.272568E+03
  1.336157E+03
  1.397507E+03
 -7.979039E+01
  2.918601E-09
  1.237038E+00
  1.236867E+00
  1.236695E+00
  1.236523E+00
  1.236352E+00
  1.236180E+00
  1.236008E+00
  1.235837E+00
  1.235665E+00
  1.235140E+00
  1.234599E+00
  1.234058E+00
  1.233517E+00
  1.232975E+00
  1.232434E+00
  1.231893E+00
  1.231244E+00
  1.230358E+00
  1.229473E+00
  1.228587E+00
  1.227702E+00
  1.226817E+00
  1.225931E+00
  1.225028E+00
  1.223827E+00
  1.222627E+00
  1.221426E+00
  1.220225E+00
  1.219024E+00
  1.217824E+00
  1.216569E+00
  1.215029E+00
  1.213488E+00
  1.211948E+00
  1.210407E+00
  1.208867E+00
  1.207327E+00
  1.205564E+00
  1.203657E+00
  1.201750E+00
  1.199843E+00
  1.197936E+00
  1.196029E+00
  1.193977E+00
  1.191691E+00
  1.189406E+00
  1.187120E+00
  1.184834E+00
  1.182548E+00
  1.180079E+00
  1.177405E+00
  1.174730E+00
  1.172055E+00
  1.169380E+00
  1.166706E+00
  1.163692E+00
  1.160620E+00
  1.157548E+00
  1.154476E+00
  1.151404E+00
  1.148127E+00
  1.144659E+00
  1.141191E+00
  1.137723E+00
  1.134255E+00
  1.130609E+00
  1.126743E+00
  1.122876E+00
  1.119011E+00
  1.115145E+00
  1.111022E+00
  1.106748E+00
  1.102474E+00
  1.098201E+00
  1.093905E+00
  1.089219E+00
  1.084533E+00
  1.079848E+00
  1.075162E+00
  1.070183E+00
  1.065084E+00
  1.059985E+00
  1.054886E+00
  1.049543E+00
  1.044024E+00
  1.038505E+00
  1.032986E+00
  1.027203E+00
  1.021282E+00
  1.015361E+00
  1.009441E+00
  1.003175E+00
  9.968836E-01
  9.905935E-01
  9.841542E-01
  9.774823E-01
  9.708123E-01
  9.641335E-01
  9.570813E-01
  9.500330E-01
  9.429884E-01
  9.356959E-01
  9.283586E-01
  9.210271E-01
  9.134716E-01
  9.058646E-01
  8.982647E-01
  8.903141E-01
  8.823371E-01
  8.742818E-01
  8.658284E-01
  8.573817E-01
  8.486293E-01
  8.396488E-01
  8.306169E-01
  8.210729E-01
  8.115335E-01
  8.015674E-01
  7.914619E-01
  7.810768E-01
  7.704330E-01
  7.595880E-01
  7.484394E-01
  7.371141E-01
  7.255065E-01
  7.137108E-01
  7.017055E-01
  6.894725E-01
  6.771204E-01
  6.644806E-01
  6.517399E-01
  6.388035E-01
  6.256861E-01
  6.124432E-01
  5.990241E-01
  5.854008E-01
  5.716083E-01
  5.576265E-01
  5.434433E-01
  5.291277E-01
  5.151552E-01
  5.025485E-01
  4.930138E-01
  4.895458E-01
  4.987347E-01
  5.167039E-01
  4.930339E-01
  5.127348E-01
  1.510016E-01
  2.613113E-07
  1.102881E+00
  1.102890E+00
  1.102899E+00
  1.102908E+00
  1.102916E+00
  1.102925E+00
  1.102934E+00
  1.102943E+00
  1.102952E+00
  1.102916E+00
  1.102877E+00
  1.102839E+00
  1.102800E+00
  1.102762E+00
  1.102723E+00
  1.102685E+00
  1.102637E+00
  1.102570E+00
  1.102503E+00
  1.102436E+00
  1.102369E+00
  1.102302E+00
  1.102236E+00
  1.102170E+00
  1.102116E+00
  1.102062E+00
  1.102008E+00
  1.101954E+00
  1.101900E+00
  1.101847E+00
  1.101779E+00
  1.101640E+00
  1.101501E+00
  1.101363E+00
  1.101224E+00
  1.101085E+00
  1.100947E+00
  1.100741E+00
  1.100493E+00
  1.100245E+00
  1.099997E+00
  1.099749E+00
  1.099501E+00
  1.099227E+00
  1.098912E+00
  1.098598E+00
  1.098283E+00
  1.097969E+00
  1.097655E+00
  1.097314E+00
  1.096944E+00
  1.096575E+00
  1.096205E+00
  1.095836E+00
  1.095468E+00
  1.095027E+00
  1.094573E+00
  1.094120E+00
  1.093668E+00
  1.093216E+00
  1.092713E+00
  1.092161E+00
  1.091611E+00
  1.091061E+00
  1.090512E+00
  1.089886E+00
  1.089167E+00
  1.088448E+00
  1.087730E+00
  1.087013E+00
  1.086111E+00
  1.085102E+00
  1.084094E+00
  1.083087E+00
  1.082060E+00
  1.080701E+00
  1.079342E+00
  1.077984E+00
  1.076626E+00
  1.074844E+00
  1.072888E+00
  1.070932E+00
  1.068977E+00
  1.066350E+00
  1.063237E+00
  1.060124E+00
  1.057011E+00
  1.052850E+00
  1.048143E+00
  1.043435E+00
  1.038728E+00
  1.032315E+00
  1.025777E+00
  1.019242E+00
  1.011781E+00
  1.002880E+00
  9.939896E-01
  9.850376E-01
  9.735882E-01
  9.621625E-01
  9.507603E-01
  9.381404E-01
  9.253055E-01
  9.125056E-01
  8.997493E-01
  8.870326E-01
  8.743525E-01
  8.625950E-01
  8.509523E-01
  8.396096E-01
  8.295728E-01
  8.195557E-01
  8.106435E-01
  8.025562E-01
  7.946780E-01
  7.886138E-01
  7.825523E-01
  7.779375E-01
  7.738027E-01
  7.705251E-01
  7.680419E-01
  7.660090E-01
  7.646539E-01
  7.635104E-01
  7.627025E-01
  7.619874E-01
  7.613782E-01
  7.608014E-01
  7.602552E-01
  7.597481E-01
  7.593097E-01
  7.589977E-01
  7.589795E-01
  7.592578E-01
  7.600658E-01
  7.617682E-01
  7.644041E-01
  7.682849E-01
  7.738792E-01
  7.825707E-01
  7.962537E-01
  8.187998E-01
  8.566190E-01
  9.206052E-01
  1.032069E+00
  1.189501E+00
  1.273524E+00
  1.473818E+00
  6.357773E-01
  9.253603E-07
  1.259871E+00
  1.259601E+00
  1.259330E+00
  1.259060E+00
  1.258790E+00
  1.258519E+00
  1.258249E+00
  1.257979E+00
  1.257708E+00
  1.256925E+00
  1.256118E+00
  1.255311E+00
  1.254505E+00
  1.253698E+00
  1.252891E+00
  1.252084E+00
  1.251147E+00
  1.249926E+00
  1.248704E+00
  1.247482E+00
  1.246261E+00
  1.245039E+00
  1.243818E+00
  1.242575E+00
  1.240984E+00
  1.239392E+00
  1.237800E+00
  1.236208E+00
  1.234616E+00
  1.233024E+00
  1.231359E+00
  1.229305E+00
  1.227252E+00
  1.225199E+00
  1.223145E+00
  1.221092E+00
  1.219039E+00
  1.216653E+00
  1.214053E+00
  1.211453E+00
  1.208853E+00
  1.206253E+00
  1.203652E+00
  1.200826E+00
  1.197636E+00
  1.194446E+00
  1.191256E+00
  1.188066E+00
  1.184876E+00
  1.181397E+00
  1.177592E+00
  1.173788E+00
  1.169983E+00
  1.166179E+00
  1.162375E+00
  1.158068E+00
  1.153675E+00
  1.149283E+00
  1.144890E+00
  1.140498E+00
  1.135857E+00
  1.130983E+00
  1.126109E+00
  1.121236E+00
  1.116362E+00
  1.111322E+00
  1.106076E+00
  1.100830E+00
  1.095584E+00
  1.090338E+00
  1.084943E+00
  1.079460E+00
  1.073977E+00
  1.068494E+00
  1.063013E+00
  1.057567E+00
  1.052121E+00
  1.046675E+00
  1.041229E+00
  1.035935E+00
  1.030703E+00
  1.025472E+00
  1.020240E+00
  1.015081E+00
  1.009974E+00
  1.004868E+00
  9.997613E-01
  9.947457E-01
  9.897778E-01
  9.848105E-01
  9.798438E-01
  9.751627E-01
  9.705044E-01
  9.658478E-01
  9.612387E-01
  9.567046E-01
  9.521749E-01
  9.476392E-01
  9.427522E-01
  9.378749E-01
  9.330071E-01
  9.276959E-01
  9.223086E-01
  9.169183E-01
  9.110324E-01
  9.050307E-01
  8.990478E-01
  8.920844E-01
  8.850460E-01
  8.777661E-01
  8.692698E-01
  8.607903E-01
  8.513862E-01
  8.412912E-01
  8.310471E-01
  8.193506E-01
  8.076626E-01
  7.948745E-01
  7.817240E-01
  7.679506E-01
  7.536001E-01
  7.388975E-01
  7.236648E-01
  7.082264E-01
  6.924602E-01
  6.766188E-01
  6.606940E-01
  6.449043E-01
  6.291881E-01
  6.139863E-01
  5.990831E-01
  5.848127E-01
  5.714140E-01
  5.587048E-01
  5.470879E-01
  5.368650E-01
  5.278180E-01
  5.201502E-01
  5.141378E-01
  5.108063E-01
  5.117842E-01
  5.208465E-01
  5.446054E-01
  5.934033E-01
  6.833151E-01
  8.052708E-01
  8.455095E-01
  8.843310E-01
 -5.049072E-02
  1.846867E-12
  9.757944E-01
  9.756590E-01
  9.755236E-01
  9.753882E-01
  9.752528E-01
  9.751174E-01
  9.749820E-01
  9.748466E-01
  9.747112E-01
  9.742970E-01
  9.738701E-01
  9.734432E-01
  9.730163E-01
  9.725894E-01
  9.721625E-01
  9.717356E-01
  9.712233E-01
  9.705248E-01
  9.698263E-01
  9.691278E-01
  9.684294E-01
  9.677309E-01
  9.670324E-01
  9.663202E-01
  9.653730E-01
  9.644257E-01
  9.634785E-01
  9.625313E-01
  9.615841E-01
  9.606369E-01
  9.596471E-01
  9.584319E-01
  9.572168E-01
  9.560016E-01
  9.547865E-01
  9.535713E-01
  9.523562E-01
  9.509655E-01
  9.494612E-01
  9.479569E-01
  9.464526E-01
  9.449484E-01
  9.434442E-01
  9.418254E-01
  9.400221E-01
  9.382188E-01
  9.364156E-01
  9.346124E-01
  9.328093E-01
  9.308617E-01
  9.287515E-01
  9.266414E-01
  9.245314E-01
  9.224214E-01
  9.203116E-01
  9.179339E-01
  9.155103E-01
  9.130868E-01
  9.106635E-01
  9.082403E-01
  9.056553E-01
  9.029190E-01
  9.001829E-01
  8.974470E-01
  8.947113E-01
  8.918350E-01
  8.887849E-01
  8.857350E-01
  8.826853E-01
  8.796357E-01
  8.763828E-01
  8.730112E-01
  8.696398E-01
  8.662684E-01
  8.628790E-01
  8.591823E-01
  8.554857E-01
  8.517891E-01
  8.480927E-01
  8.441646E-01
  8.401417E-01
  8.361188E-01
  8.320961E-01
  8.278812E-01
  8.235273E-01
  8.191737E-01
  8.148202E-01
  8.102582E-01
  8.055877E-01
  8.009176E-01
  7.962479E-01
  7.913059E-01
  7.863444E-01
  7.813835E-01
  7.763052E-01
  7.710439E-01
  7.657839E-01
  7.605169E-01
  7.549558E-01
  7.493974E-01
  7.438417E-01
  7.380904E-01
  7.323032E-01
  7.265198E-01
  7.205590E-01
  7.145572E-01
  7.085605E-01
  7.022870E-01
  6.959923E-01
  6.896358E-01
  6.829653E-01
  6.763000E-01
  6.693939E-01
  6.623083E-01
  6.551822E-01
  6.476531E-01
  6.401278E-01
  6.322667E-01
  6.242961E-01
  6.161055E-01
  6.077112E-01
  5.991586E-01
  5.903668E-01
  5.814355E-01
  5.722816E-01
  5.629792E-01
  5.535112E-01
  5.438633E-01
  5.341211E-01
  5.241517E-01
  5.141022E-01
  5.038976E-01
  4.935497E-01
  4.831024E-01
  4.725157E-01
  4.617678E-01
  4.508859E-01
  4.398545E-01
  4.286641E-01
  4.173690E-01
  4.063444E-01
  3.963970E-01
  3.888726E-01
  3.861332E-01
  3.933767E-01
  4.075452E-01
  3.888710E-01
  4.044046E-01
  1.387455E-01
  4.130135E-02
  5.352795E-02
  5.352837E-02
  5.352880E-02
  5.352923E-02
  5.352966E-02
  5.353009E-02
  5.353052E-02
  5.353096E-02
  5.353139E-02
  5.352962E-02
  5.352774E-02
  5.352587E-02
  5.352400E-02
  5.352213E-02
  5.352027E-02
  5.351840E-02
  5.351610E-02
  5.351284E-02
  5.350959E-02
  5.350634E-02
  5.350309E-02
  5.349984E-02
  5.349659E-02
  5.349338E-02
  5.349076E-02
  5.348814E-02
  5.348553E-02
  5.348291E-02
  5.348030E-02
  5.347770E-02
  5.347443E-02
  5.346768E-02
  5.346093E-02
  5.345419E-02
  5.344745E-02
  5.344072E-02
  5.343399E-02
  5.342402E-02
  5.341196E-02
  5.339990E-02
  5.338786E-02
  5.337582E-02
  5.336378E-02
  5.335050E-02
  5.333521E-02
  5.331992E-02
  5.330465E-02
  5.328939E-02
  5.327413E-02
  5.325760E-02
  5.323963E-02
  5.322168E-02
  5.320375E-02
  5.318584E-02
  5.316794E-02
  5.314650E-02
  5.312448E-02
  5.310249E-02
  5.308053E-02
  5.305860E-02
  5.303415E-02
  5.300737E-02
  5.298062E-02
  5.295391E-02
  5.292725E-02
  5.289688E-02
  5.286193E-02
  5.282702E-02
  5.279215E-02
  5.275732E-02
  5.271355E-02
  5.266456E-02
  5.261561E-02
  5.256669E-02
  5.251684E-02
  5.245084E-02
  5.238486E-02
  5.231890E-02
  5.225297E-02
  5.216642E-02
  5.207145E-02
  5.197649E-02
  5.188156E-02
  5.175404E-02
  5.160294E-02
  5.145183E-02
  5.130073E-02
  5.109876E-02
  5.087031E-02
  5.064185E-02
  5.041340E-02
  5.010218E-02
  4.978494E-02
  4.946782E-02
  4.910578E-02
  4.867388E-02
  4.824247E-02
  4.780807E-02
  4.725249E-02
  4.669804E-02
  4.614471E-02
  4.553228E-02
  4.490938E-02
  4.428812E-02
  4.366895E-02
  4.305167E-02
  4.243614E-02
  4.186538E-02
  4.130017E-02
  4.074951E-02
  4.026225E-02
  3.977593E-02
  3.934326E-02
  3.895065E-02
  3.856818E-02
  3.827382E-02
  3.797959E-02
  3.775563E-02
  3.755498E-02
  3.739597E-02
  3.727555E-02
  3.717699E-02
  3.711136E-02
  3.705600E-02
  3.701693E-02
  3.698236E-02
  3.695291E-02
  3.692503E-02
  3.689861E-02
  3.687406E-02
  3.685282E-02
  3.683767E-02
  3.683673E-02
  3.685016E-02
  3.688926E-02
  3.697174E-02
  3.709949E-02
  3.728762E-02
  3.755889E-02
  3.798044E-02
  3.864420E-02
  3.973807E-02
  4.157312E-02
  4.467802E-02
  5.008695E-02
  5.772656E-02
  6.180344E-02
  7.152268E-02
  3.594338E-02
  8.998987E-03
  1.762821E-01
  1.762443E-01
  1.762064E-01
  1.761686E-01
  1.761308E-01
  1.760929E-01
  1.760551E-01
  1.760173E-01
  1.759795E-01
  1.758698E-01
  1.757570E-01
  1.756441E-01
  1.755312E-01
  1.754183E-01
  1.753054E-01
  1.751926E-01
  1.750614E-01
  1.748905E-01
  1.747195E-01
  1.745486E-01
  1.743777E-01
  1.742067E-01
  1.740358E-01
  1.738620E-01
  1.736392E-01
  1.734165E-01
  1.731937E-01
  1.729710E-01
  1.727482E-01
  1.725255E-01
  1.722925E-01
  1.720052E-01
  1.717179E-01
  1.714305E-01
  1.711432E-01
  1.708559E-01
  1.705686E-01
  1.702348E-01
  1.698710E-01
  1.695071E-01
  1.691433E-01
  1.687795E-01
  1.684156E-01
  1.680201E-01
  1.675738E-01
  1.671274E-01
  1.666810E-01
  1.662346E-01
  1.657883E-01
  1.653015E-01
  1.647691E-01
  1.642367E-01
  1.637044E-01
  1.631720E-01
  1.626397E-01
  1.620371E-01
  1.614224E-01
  1.608077E-01
  1.601931E-01
  1.595785E-01
  1.589290E-01
  1.582470E-01
  1.575650E-01
  1.568831E-01
  1.562012E-01
  1.554960E-01
  1.547618E-01
  1.540277E-01
  1.532937E-01
  1.525597E-01
  1.518047E-01
  1.510374E-01
  1.502702E-01
  1.495029E-01
  1.487360E-01
  1.479739E-01
  1.472118E-01
  1.464497E-01
  1.456876E-01
  1.449467E-01
  1.442146E-01
  1.434825E-01
  1.427504E-01
  1.420285E-01
  1.413139E-01
  1.405993E-01
  1.398848E-01
  1.391830E-01
  1.384879E-01
  1.377929E-01
  1.370980E-01
  1.364432E-01
  1.357916E-01
  1.351401E-01
  1.344954E-01
  1.338613E-01
  1.332277E-01
  1.325933E-01
  1.319098E-01
  1.312277E-01
  1.305468E-01
  1.298038E-01
  1.290501E-01
  1.282958E-01
  1.274721E-01
  1.266321E-01
  1.257947E-01
  1.248200E-01
  1.238348E-01
  1.228157E-01
  1.216265E-01
  1.204396E-01
  1.191235E-01
  1.177107E-01
  1.162770E-01
  1.146403E-01
  1.130049E-01
  1.112156E-01
  1.093757E-01
  1.074488E-01
  1.054412E-01
  1.033844E-01
  1.012534E-01
  9.909366E-02
  9.688806E-02
  9.467189E-02
  9.244402E-02
  9.023501E-02
  8.803621E-02
  8.590931E-02
  8.382415E-02
  8.182740E-02
  7.995252E-02
  7.817407E-02
  7.654839E-02
  7.511771E-02
  7.385150E-02
  7.277822E-02
  7.193651E-02
  7.146985E-02
  7.160610E-02
  7.287340E-02
  7.619687E-02
  8.302344E-02
  9.560200E-02
  1.126634E-01
  1.182917E-01
  1.237215E-01
 -8.229165E-03
  5.177841E-08
  9.759817E-01
  9.758463E-01
  9.757110E-01
  9.755756E-01
  9.754402E-01
  9.753048E-01
  9.751695E-01
  9.750341E-01
  9.748988E-01
  9.744847E-01
  9.740579E-01
  9.736312E-01
  9.732044E-01
  9.727776E-01
  9.723508E-01
  9.719241E-01
  9.714119E-01
  9.707136E-01
  9.700153E-01
  9.693170E-01
  9.686188E-01
  9.679205E-01
  9.672223E-01
  9.665103E-01
  9.655633E-01
  9.646164E-01
  9.636695E-01
  9.627226E-01
  9.617757E-01
  9.608288E-01
  9.598393E-01
  9.586245E-01
  9.574098E-01
  9.561950E-01
  9.549803E-01
  9.537656E-01
  9.525508E-01
  9.511606E-01
  9.496568E-01
  9.481530E-01
  9.466493E-01
  9.451456E-01
  9.436418E-01
  9.420236E-01
  9.402209E-01
  9.384183E-01
  9.366157E-01
  9.348132E-01
  9.330107E-01
  9.310638E-01
  9.289544E-01
  9.268451E-01
  9.247358E-01
  9.226267E-01
  9.205175E-01
  9.181408E-01
  9.157181E-01
  9.132955E-01
  9.108731E-01
  9.084507E-01
  9.058667E-01
  9.031314E-01
  9.003964E-01
  8.976615E-01
  8.949268E-01
  8.920515E-01
  8.890025E-01
  8.859536E-01
  8.829050E-01
  8.798565E-01
  8.766048E-01
  8.732343E-01
  8.698639E-01
  8.664937E-01
  8.631054E-01
  8.594099E-01
  8.557144E-01
  8.520190E-01
  8.483236E-01
  8.443966E-01
  8.403748E-01
  8.363531E-01
  8.323314E-01
  8.281176E-01
  8.237648E-01
  8.194122E-01
  8.150598E-01
  8.104988E-01
  8.058294E-01
  8.011604E-01
  7.964917E-01
  7.915506E-01
  7.865900E-01
  7.816301E-01
  7.765527E-01
  7.712922E-01
  7.660331E-01
  7.607669E-01
  7.552065E-01
  7.496489E-01
  7.440939E-01
  7.383433E-01
  7.325568E-01
  7.267741E-01
  7.208141E-01
  7.148131E-01
  7.088173E-01
  7.025449E-01
  6.962513E-01
  6.898959E-01
  6.832269E-01
  6.765632E-01
  6.696589E-01
  6.625753E-01
  6.554513E-01
  6.479249E-01
  6.404023E-01
  6.325444E-01
  6.245772E-01
  6.163904E-01
  6.080002E-01
  5.994519E-01
  5.906647E-01
  5.817383E-01
  5.725893E-01
  5.632921E-01
  5.538293E-01
  5.441867E-01
  5.344500E-01
  5.244862E-01
  5.144424E-01
  5.042440E-01
  4.939029E-01
  4.834630E-01
  4.728849E-01
  4.621475E-01
  4.512786E-01
  4.402631E-01
  4.290926E-01
  4.178238E-01
  4.068319E-01
  3.969235E-01
  3.894427E-01
  3.867468E-01
  3.940239E-01
  4.081976E-01
  3.895053E-01
  4.049109E-01
  1.383119E-01
  3.863230E-02
  4.706491E-02
  4.706574E-02
  4.706659E-02
  4.706743E-02
  4.706827E-02
  4.706911E-02
  4.706996E-02
  4.707080E-02
  4.707165E-02
  4.707064E-02
  4.706954E-02
  4.706845E-02
  4.706736E-02
  4.706628E-02
  4.706519E-02
  4.706411E-02
  4.706245E-02
  4.705957E-02
  4.705668E-02
  4.705380E-02
  4.705092E-02
  4.704804E-02
  4.704516E-02
  4.704229E-02
  4.703959E-02
  4.703689E-02
  4.703419E-02
  4.703149E-02
  4.702879E-02
  4.702610E-02
  4.702274E-02
  4.701581E-02
  4.700889E-02
  4.700197E-02
  4.699505E-02
  4.698814E-02
  4.698123E-02
  4.697115E-02
  4.695902E-02
  4.694689E-02
  4.693477E-02
  4.692266E-02
  4.691056E-02
  4.689727E-02
  4.688208E-02
  4.686691E-02
  4.685175E-02
  4.683660E-02
  4.682145E-02
  4.680513E-02
  4.678748E-02
  4.676984E-02
  4.675223E-02
  4.673463E-02
  4.671705E-02
  4.669610E-02
  4.667459E-02
  4.665311E-02
  4.663166E-02
  4.661024E-02
  4.658639E-02
  4.656026E-02
  4.653418E-02
  4.650813E-02
  4.648212E-02
  4.645244E-02
  4.641821E-02
  4.638403E-02
  4.634988E-02
  4.631577E-02
  4.627267E-02
  4.622431E-02
  4.617599E-02
  4.612770E-02
  4.607847E-02
  4.601276E-02
  4.594708E-02
  4.588143E-02
  4.581579E-02
  4.572910E-02
  4.563380E-02
  4.553851E-02
  4.544325E-02
  4.531495E-02
  4.516275E-02
  4.501054E-02
  4.485833E-02
  4.465476E-02
  4.442444E-02
  4.419411E-02
  4.396378E-02
  4.365013E-02
  4.333042E-02
  4.301082E-02
  4.264623E-02
  4.221167E-02
  4.177757E-02
  4.134050E-02
  4.078272E-02
  4.022605E-02
  3.967046E-02
  3.905669E-02
  3.843260E-02
  3.781010E-02
  3.719087E-02
  3.657378E-02
  3.595839E-02
  3.538935E-02
  3.482595E-02
  3.427736E-02
  3.379361E-02
  3.331074E-02
  3.288232E-02
  3.249452E-02
  3.211693E-02
  3.182815E-02
  3.153947E-02
  3.132111E-02
  3.112607E-02
  3.097238E-02
  3.085700E-02
  3.076310E-02
  3.070154E-02
  3.064981E-02
  3.061366E-02
  3.058145E-02
  3.055374E-02
  3.052673E-02
  3.050073E-02
  3.047492E-02
  3.045142E-02
  3.043188E-02
  3.042278E-02
  3.042454E-02
  3.044564E-02
  3.049919E-02
  3.058663E-02
  3.071954E-02
  3.091595E-02
  3.123349E-02
  3.176277E-02
  3.269040E-02
  3.433061E-02
  3.722762E-02
  4.245167E-02
  4.999457E-02
  5.407448E-02
  6.384287E-02
  2.928658E-02
  9.974328E-04
  1.767513E-01
  1.767135E-01
  1.766756E-01
  1.766377E-01
  1.765999E-01
  1.765620E-01
  1.765241E-01
  1.764862E-01
  1.764484E-01
  1.763387E-01
  1.762257E-01
  1.761128E-01
  1.759998E-01
  1.758869E-01
  1.757739E-01
  1.756610E-01
  1.755297E-01
  1.753587E-01
  1.751877E-01
  1.750167E-01
  1.748457E-01
  1.746747E-01
  1.745037E-01
  1.743298E-01
  1.741070E-01
  1.738841E-01
  1.736613E-01
  1.734385E-01
  1.732156E-01
  1.729928E-01
  1.727597E-01
  1.724723E-01
  1.721848E-01
  1.718974E-01
  1.716100E-01
  1.713225E-01
  1.710351E-01
  1.707011E-01
  1.703371E-01
  1.699731E-01
  1.696090E-01
  1.692450E-01
  1.688810E-01
  1.684853E-01
  1.680386E-01
  1.675919E-01
  1.671452E-01
  1.666985E-01
  1.662518E-01
  1.657646E-01
  1.652318E-01
  1.646989E-01
  1.641661E-01
  1.636333E-01
  1.631005E-01
  1.624973E-01
  1.618819E-01
  1.612666E-01
  1.606513E-01
  1.600360E-01
  1.593858E-01
  1.587030E-01
  1.580202E-01
  1.573375E-01
  1.566548E-01
  1.559487E-01
  1.552137E-01
  1.544788E-01
  1.537439E-01
  1.530090E-01
  1.522533E-01
  1.514853E-01
  1.507173E-01
  1.499494E-01
  1.491817E-01
  1.484191E-01
  1.476566E-01
  1.468940E-01
  1.461314E-01
  1.453902E-01
  1.446578E-01
  1.439254E-01
  1.431929E-01
  1.424705E-01
  1.417553E-01
  1.410402E-01
  1.403250E-01
  1.396221E-01
  1.389255E-01
  1.382291E-01
  1.375327E-01
  1.368751E-01
  1.362205E-01
  1.355662E-01
  1.349178E-01
  1.342789E-01
  1.336405E-01
  1.330012E-01
  1.323106E-01
  1.316214E-01
  1.309334E-01
  1.301819E-01
  1.294193E-01
  1.286545E-01
  1.278211E-01
  1.269712E-01
  1.261239E-01
  1.251391E-01
  1.241437E-01
  1.231146E-01
  1.219156E-01
  1.207189E-01
  1.193934E-01
  1.179716E-01
  1.165291E-01
  1.148845E-01
  1.132411E-01
  1.114449E-01
  1.095983E-01
  1.076654E-01
  1.056524E-01
  1.035908E-01
  1.014558E-01
  9.929246E-02
  9.708407E-02
  9.486564E-02
  9.263611E-02
  9.042610E-02
  8.822665E-02
  8.609998E-02
  8.401539E-02
  8.202159E-02
  8.014869E-02
  7.837280E-02
  7.675057E-02
  7.532459E-02
  7.406427E-02
  7.299836E-02
  7.216590E-02
  7.171126E-02
  7.186229E-02
  7.314701E-02
  7.648988E-02
  8.333587E-02
  9.592970E-02
  1.129940E-01
  1.186107E-01
  1.239741E-01
 -8.271830E-03
  4.756910E-08
 -1.872866E-04
 -1.873259E-04
 -1.873651E-04
 -1.874043E-04
 -1.874436E-04
 -1.874828E-04
 -1.875221E-04
 -1.875614E-04
 -1.876006E-04
 -1.877182E-04
 -1.878394E-04
 -1.879606E-04
 -1.880818E-04
 -1.882030E-04
 -1.883242E-04
 -1.884454E-04
 -1.885936E-04
 -1.888004E-04
 -1.890071E-04
 -1.892139E-04
 -1.894207E-04
 -1.896275E-04
 -1.898343E-04
 -1.900464E-04
 -1.903490E-04
 -1.906516E-04
 -1.909543E-04
 -1.912569E-04
 -1.915595E-04
 -1.918622E-04
 -1.921812E-04
 -1.925867E-04
 -1.929922E-04
 -1.933977E-04
 -1.938032E-04
 -1.942088E-04
 -1.946144E-04
 -1.950872E-04
 -1.956037E-04
 -1.961201E-04
 -1.966366E-04
 -1.971531E-04
 -1.976697E-04
 -1.982333E-04
 -1.988726E-04
 -1.995121E-04
 -2.001515E-04
 -2.007910E-04
 -2.014306E-04
 -2.021319E-04
 -2.029028E-04
 -2.036737E-04
 -2.044447E-04
 -2.052158E-04
 -2.059869E-04
 -2.068655E-04
 -2.077628E-04
 -2.086601E-04
 -2.095576E-04
 -2.104552E-04
 -2.114080E-04
 -2.124123E-04
 -2.134169E-04
 -2.144216E-04
 -2.154265E-04
 -2.164669E-04
 -2.175512E-04
 -2.186356E-04
 -2.197202E-04
 -2.208050E-04
 -2.219176E-04
 -2.230465E-04
 -2.241756E-04
 -2.253048E-04
 -2.264340E-04
 -2.275615E-04
 -2.286890E-04
 -2.298168E-04
 -2.309446E-04
 -2.320488E-04
 -2.331434E-04
 -2.342382E-04
 -2.353331E-04
 -2.364108E-04
 -2.374760E-04
 -2.385412E-04
 -2.396065E-04
 -2.406484E-04
 -2.416778E-04
 -2.427065E-04
 -2.437347E-04
 -2.446902E-04
 -2.456386E-04
 -2.465852E-04
 -2.474866E-04
 -2.483174E-04
 -2.491447E-04
 -2.499665E-04
 -2.507078E-04
 -2.514440E-04
 -2.521751E-04
 -2.529015E-04
 -2.536219E-04
 -2.543358E-04
 -2.551449E-04
 -2.559733E-04
 -2.567952E-04
 -2.578704E-04
 -2.589645E-04
 -2.601273E-04
 -2.616394E-04
 -2.631470E-04
 -2.649648E-04
 -2.670151E-04
 -2.691274E-04
 -2.718226E-04
 -2.745170E-04
 -2.777441E-04
 -2.811487E-04
 -2.849099E-04
 -2.890016E-04
 -2.933153E-04
 -2.979613E-04
 -3.027477E-04
 -3.077559E-04
 -3.128660E-04
 -3.180887E-04
 -3.234245E-04
 -3.288187E-04
 -3.344492E-04
 -3.402363E-04
 -3.463659E-04
 -3.531508E-04
 -3.605612E-04
 -3.691241E-04
 -3.797627E-04
 -3.926474E-04
 -4.085526E-04
 -4.285477E-04
 -4.547892E-04
 -4.875105E-04
 -5.265305E-04
 -5.701734E-04
 -6.136656E-04
 -6.471858E-04
 -6.523850E-04
 -6.343041E-04
 -5.062628E-04
  4.336223E-04
  2.669054E-03
  6.463040E-03
  6.462628E-03
  6.462216E-03
  6.461804E-03
  6.461392E-03
  6.460980E-03
  6.460568E-03
  6.460156E-03
  6.459743E-03
  6.458979E-03
  6.458199E-03
  6.457418E-03
  6.456638E-03
  6.455857E-03
  6.455077E-03
  6.454296E-03
  6.453646E-03
  6.453276E-03
  6.452907E-03
  6.452538E-03
  6.452169E-03
  6.451800E-03
  6.451431E-03
  6.451087E-03
  6.451172E-03
  6.451256E-03
  6.451340E-03
  6.451425E-03
  6.451509E-03
  6.451593E-03
  6.451692E-03
  6.451870E-03
  6.452047E-03
  6.452224E-03
  6.452401E-03
  6.452578E-03
  6.452755E-03
  6.452868E-03
  6.452941E-03
  6.453013E-03
  6.453085E-03
  6.453157E-03
  6.453230E-03
  6.453232E-03
  6.453121E-03
  6.453011E-03
  6.452901E-03
  6.452790E-03
  6.452680E-03
  6.452472E-03
  6.452155E-03
  6.451838E-03
  6.451522E-03
  6.451205E-03
  6.450888E-03
  6.450404E-03
  6.449891E-03
  6.449379E-03
  6.448866E-03
  6.448355E-03
  6.447766E-03
  6.447104E-03
  6.446444E-03
  6.445784E-03
  6.445124E-03
  6.444437E-03
  6.443714E-03
  6.442992E-03
  6.442271E-03
  6.441550E-03
  6.440884E-03
  6.440251E-03
  6.439617E-03
  6.438984E-03
  6.438371E-03
  6.438072E-03
  6.437774E-03
  6.437476E-03
  6.437178E-03
  6.437324E-03
  6.437652E-03
  6.437981E-03
  6.438309E-03
  6.439086E-03
  6.440188E-03
  6.441291E-03
  6.442394E-03
  6.444001E-03
  6.445872E-03
  6.447746E-03
  6.449621E-03
  6.452046E-03
  6.454518E-03
  6.456996E-03
  6.459546E-03
  6.462212E-03
  6.464893E-03
  6.467575E-03
  6.469767E-03
  6.471992E-03
  6.474249E-03
  6.475586E-03
  6.476780E-03
  6.478023E-03
  6.478080E-03
  6.477885E-03
  6.477755E-03
  6.476031E-03
  6.474216E-03
  6.472150E-03
  6.468639E-03
  6.465187E-03
  6.460947E-03
  6.456122E-03
  6.451260E-03
  6.445671E-03
  6.440120E-03
  6.434514E-03
  6.428907E-03
  6.423593E-03
  6.418549E-03
  6.413896E-03
  6.409819E-03
  6.406191E-03
  6.403265E-03
  6.400904E-03
  6.399172E-03
  6.398298E-03
  6.397880E-03
  6.399140E-03
  6.401401E-03
  6.405791E-03
  6.413948E-03
  6.425616E-03
  6.443618E-03
  6.472543E-03
  6.512855E-03
  6.568084E-03
  6.642941E-03
  6.746949E-03
  6.881432E-03
  7.047668E-03
  7.242508E-03
  7.450400E-03
  7.635278E-03
  7.731995E-03
  7.728969E-03
  7.679812E-03
  6.656800E-03
  8.001554E-03
 -4.692275E-04
 -4.691896E-04
 -4.691517E-04
 -4.691138E-04
 -4.690759E-04
 -4.690381E-04
 -4.690002E-04
 -4.689623E-04
 -4.689245E-04
 -4.688521E-04
 -4.687781E-04
 -4.687042E-04
 -4.686302E-04
 -4.685563E-04
 -4.684824E-04
 -4.684085E-04
 -4.683339E-04
 -4.682578E-04
 -4.681818E-04
 -4.681057E-04
 -4.680297E-04
 -4.679537E-04
 -4.678777E-04
 -4.678014E-04
 -4.677190E-04
 -4.676367E-04
 -4.675544E-04
 -4.674721E-04
 -4.673898E-04
 -4.673076E-04
 -4.672190E-04
 -4.670974E-04
 -4.669758E-04
 -4.668542E-04
 -4.667326E-04
 -4.666110E-04
 -4.664895E-04
 -4.663237E-04
 -4.661293E-04
 -4.659349E-04
 -4.657405E-04
 -4.655461E-04
 -4.653517E-04
 -4.651132E-04
 -4.648036E-04
 -4.644939E-04
 -4.641844E-04
 -4.638748E-04
 -4.635652E-04
 -4.631772E-04
 -4.627009E-04
 -4.622246E-04
 -4.617484E-04
 -4.612723E-04
 -4.607962E-04
 -4.601588E-04
 -4.594937E-04
 -4.588288E-04
 -4.581640E-04
 -4.574994E-04
 -4.567623E-04
 -4.559575E-04
 -4.551529E-04
 -4.543485E-04
 -4.535443E-04
 -4.527245E-04
 -4.518854E-04
 -4.510464E-04
 -4.502077E-04
 -4.493691E-04
 -4.486012E-04
 -4.478744E-04
 -4.471478E-04
 -4.464211E-04
 -4.457085E-04
 -4.452313E-04
 -4.447540E-04
 -4.442765E-04
 -4.437989E-04
 -4.434447E-04
 -4.431410E-04
 -4.428370E-04
 -4.425329E-04
 -4.420561E-04
 -4.414544E-04
 -4.408527E-04
 -4.402511E-04
 -4.390789E-04
 -4.376100E-04
 -4.361416E-04
 -4.346738E-04
 -4.318721E-04
 -4.289733E-04
 -4.260764E-04
 -4.224200E-04
 -4.175805E-04
 -4.127460E-04
 -4.078548E-04
 -4.007868E-04
 -3.937299E-04
 -3.866837E-04
 -3.781019E-04
 -3.692258E-04
 -3.586373E-04
 -3.489453E-04
 -3.390583E-04
 -3.291925E-04
 -3.190654E-04
 -3.089342E-04
 -2.988763E-04
 -2.890820E-04
 -2.793091E-04
 -2.699761E-04
 -2.609761E-04
 -2.520973E-04
 -2.441652E-04
 -2.362483E-04
 -2.292571E-04
 -2.225802E-04
 -2.165881E-04
 -2.112275E-04
 -2.063985E-04
 -2.023607E-04
 -1.988063E-04
 -1.960147E-04
 -1.937569E-04
 -1.920913E-04
 -1.910913E-04
 -1.904396E-04
 -1.906676E-04
 -1.912338E-04
 -1.941891E-04
 -1.961737E-04
 -1.987274E-04
 -2.021738E-04
 -2.068803E-04
 -2.127677E-04
 -2.201369E-04
 -2.293948E-04
 -2.414135E-04
 -2.561885E-04
 -2.736120E-04
 -2.930119E-04
 -3.124384E-04
 -3.276955E-04
 -3.305335E-04
 -3.190622E-04
 -2.526168E-04
  4.266494E-05
  4.209306E-09
  1.273240E+00
  1.273211E+00
  1.273125E+00
  1.272981E+00
  1.272781E+00
  1.272522E+00
  1.272207E+00
  1.271834E+00
  1.271403E+00
  1.270915E+00
  1.270369E+00
  1.269765E+00
  1.269104E+00
  1.268384E+00
  1.267607E+00
  1.266771E+00
  1.265877E+00
  1.264925E+00
  1.263915E+00
  1.262845E+00
  1.261717E+00
  1.260530E+00
  1.259284E+00
  1.257979E+00
  1.256614E+00
  1.255190E+00
  1.253705E+00
  1.252161E+00
  1.250556E+00
  1.248891E+00
  1.247165E+00
  1.245378E+00
  1.243529E+00
  1.241620E+00
  1.239648E+00
  1.237614E+00
  1.235518E+00
  1.233359E+00
  1.231136E+00
  1.228851E+00
  1.226501E+00
  1.224088E+00
  1.221610E+00
  1.219067E+00
  1.216458E+00
  1.213784E+00
  1.211044E+00
  1.208237E+00
  1.205362E+00
  1.202421E+00
  1.199411E+00
  1.196332E+00
  1.193185E+00
  1.189968E+00
  1.186680E+00
  1.183322E+00
  1.179892E+00
  1.176390E+00
  1.172816E+00
  1.169168E+00
  1.165446E+00
  1.161649E+00
  1.157776E+00
  1.153828E+00
  1.149802E+00
  1.145699E+00
  1.141516E+00
  1.137254E+00
  1.132912E+00
  1.128488E+00
  1.123982E+00
  1.119393E+00
  1.114719E+00
  1.109960E+00
  1.105114E+00
  1.100180E+00
  1.095157E+00
  1.090045E+00
  1.084841E+00
  1.079544E+00
  1.074153E+00
  1.068667E+00
  1.063083E+00
  1.057401E+00
  1.051619E+00
  1.045735E+00
  1.039748E+00
  1.033655E+00
  1.027455E+00
  1.021146E+00
  1.014726E+00
  1.008193E+00
  1.001543E+00
  9.947766E-01
  9.878894E-01
  9.808795E-01
  9.737441E-01
  9.664805E-01
  9.590857E-01
  9.515567E-01
  9.438904E-01
  9.360832E-01
  9.281318E-01
  9.200322E-01
  9.117806E-01
  9.033729E-01
  8.948045E-01
  8.860709E-01
  8.771671E-01
  8.680879E-01
  8.588277E-01
  8.493806E-01
  8.397402E-01
  8.299000E-01
  8.198525E-01
  8.095903E-01
  7.991048E-01
  7.883874E-01
  7.774283E-01
  7.662172E-01
  7.547428E-01
  7.429930E-01
  7.309546E-01
  7.186128E-01
  7.059520E-01
  6.929545E-01
  6.796012E-01
  6.658704E-01
  6.517385E-01
  6.371787E-01
  6.221609E-01
  6.066513E-01
  5.906109E-01
  5.739954E-01
  5.567532E-01
  5.388241E-01
  5.201372E-01
  5.006076E-01
  4.801325E-01
  4.585853E-01
  4.358068E-01
  4.115929E-01
  3.856731E-01
  3.576769E-01
  3.270715E-01
  2.930404E-01
  2.542116E-01
  2.079144E-01
  1.472658E-01
  0.000000E+00
  9.302606E-02
  9.303233E-02
  9.303860E-02
  9.304488E-02
  9.305115E-02
  9.305742E-02
  9.306370E-02
  9.306997E-02
  9.307624E-02
  9.308368E-02
  9.309117E-02
  9.309866E-02
  9.310615E-02
  9.311364E-02
  9.312113E-02
  9.312862E-02
  9.313648E-02
  9.314516E-02
  9.315383E-02
  9.316251E-02
  9.317118E-02
  9.317986E-02
  9.318853E-02
  9.319726E-02
  9.320694E-02
  9.321661E-02
  9.322629E-02
  9.323597E-02
  9.324564E-02
  9.325532E-02
  9.326507E-02
  9.327523E-02
  9.328538E-02
  9.329554E-02
  9.330569E-02
  9.331584E-02
  9.332600E-02
  9.333564E-02
  9.334496E-02
  9.335428E-02
  9.336359E-02
  9.337291E-02
  9.338222E-02
  9.339005E-02
  9.339550E-02
  9.340094E-02
  9.340639E-02
  9.341183E-02
  9.341727E-02
  9.341816E-02
  9.341393E-02
  9.340970E-02
  9.340547E-02
  9.340124E-02
  9.339700E-02
  9.338063E-02
  9.336216E-02
  9.334369E-02
  9.332522E-02
  9.331644E-02
  9.330479E-02
  9.329029E-02
  9.327579E-02
  9.326129E-02
  9.324678E-02
  9.323332E-02
  9.322113E-02
  9.320893E-02
  9.319674E-02
  9.318454E-02
  9.318060E-02
  9.318147E-02
  9.318234E-02
  9.318321E-02
  9.318545E-02
  9.321096E-02
  9.323646E-02
  9.326196E-02
  9.328745E-02
  9.332279E-02
  9.336216E-02
  9.340153E-02
  9.344089E-02
  9.345349E-02
  9.344674E-02
  9.343998E-02
  9.343323E-02
  9.335515E-02
  9.323993E-02
  9.312472E-02
  9.300950E-02
  9.274048E-02
  9.246155E-02
  9.219284E-02
  9.183659E-02
  9.134386E-02
  9.085962E-02
  9.039628E-02
  8.969141E-02
  8.898647E-02
  8.828146E-02
  8.746281E-02
  8.664259E-02
  8.554881E-02
  8.472465E-02
  8.391061E-02
  8.314905E-02
  8.239360E-02
  8.169274E-02
  8.107803E-02
  8.056253E-02
  8.025731E-02
  8.007035E-02
  7.999789E-02
  7.992513E-02
  7.993452E-02
  7.994391E-02
  7.995412E-02
  8.012899E-02
  8.033134E-02
  8.053866E-02
  8.074451E-02
  8.098488E-02
  8.128766E-02
  8.163055E-02
  8.195239E-02
  8.225081E-02
  8.251601E-02
  8.276374E-02
  8.296273E-02
  8.318174E-02
  8.321874E-02
  8.339296E-02
  8.354066E-02
  8.365134E-02
  8.372307E-02
  8.376585E-02
  8.377815E-02
  8.375918E-02
  8.371244E-02
  8.378157E-02
  8.384066E-02
  8.387983E-02
  8.389959E-02
  8.391935E-02
  8.404437E-02
  8.415445E-02
  8.434497E-02
  9.517069E-02
  4.641172E-02
  3.951028E-02
  4.061525E-02
  4.172022E-02
  4.282519E-02
  4.393016E-02
  4.503513E-02
  4.614010E-02
  4.724507E-02
  4.835004E-02
  4.969639E-02
  5.105377E-02
  5.241115E-02
  5.376852E-02
  5.512590E-02
  5.648328E-02
  5.784065E-02
  5.929477E-02
  6.095944E-02
  6.262412E-02
  6.428879E-02
  6.595346E-02
  6.761814E-02
  6.928281E-02
  7.096854E-02
  7.301347E-02
  7.505840E-02
  7.710334E-02
  7.914827E-02
  8.119321E-02
  8.323814E-02
  8.535862E-02
  8.787899E-02
  9.039936E-02
  9.291973E-02
  9.544010E-02
  9.796047E-02
  1.004808E-01
  1.033579E-01
  1.064655E-01
  1.095732E-01
  1.126809E-01
  1.157886E-01
  1.188963E-01
  1.222592E-01
  1.260331E-01
  1.298070E-01
  1.335809E-01
  1.373548E-01
  1.411286E-01
  1.451565E-01
  1.494704E-01
  1.537843E-01
  1.580982E-01
  1.624121E-01
  1.667260E-01
  1.712065E-01
  1.757157E-01
  1.802249E-01
  1.847341E-01
  1.892433E-01
  1.938988E-01
  1.986909E-01
  2.034831E-01
  2.082753E-01
  2.130675E-01
  2.180991E-01
  2.234266E-01
  2.287542E-01
  2.340817E-01
  2.394092E-01
  2.452544E-01
  2.514021E-01
  2.575497E-01
  2.636974E-01
  2.699052E-01
  2.771289E-01
  2.843526E-01
  2.915764E-01
  2.988001E-01
  3.062129E-01
  3.137031E-01
  3.211934E-01
  3.286836E-01
  3.345233E-01
  3.391691E-01
  3.438150E-01
  3.484609E-01
  3.491335E-01
  3.477372E-01
  3.463409E-01
  3.449446E-01
  3.352160E-01
  3.248700E-01
  3.145240E-01
  2.996606E-01
  2.777547E-01
  2.558487E-01
  2.335774E-01
  1.984113E-01
  1.632450E-01
  1.280786E-01
  8.554256E-02
  4.152334E-02
 -6.430665E-02
 -1.096956E-01
 -1.554305E-01
 -2.011652E-01
 -2.431040E-01
 -2.846836E-01
 -3.247889E-01
 -3.579085E-01
 -3.910279E-01
 -4.176861E-01
 -4.395063E-01
 -4.600390E-01
 -4.689270E-01
 -4.778150E-01
 -4.764442E-01
 -4.716698E-01
 -4.599221E-01
 -4.417283E-01
 -4.191731E-01
 -3.900748E-01
 -3.578833E-01
 -3.207771E-01
 -2.809801E-01
 -2.381881E-01
 -1.928240E-01
 -1.461104E-01
 -9.695900E-02
 -4.713519E-02
  6.603737E-02
  1.177921E-01
  1.699520E-01
  2.225111E-01
  2.752362E-01
  3.279718E-01
  3.806392E-01
  4.331413E-01
  4.853388E-01
  5.371895E-01
  5.886460E-01
  6.396573E-01
  6.901823E-01
  7.401903E-01
  7.896021E-01
  8.384317E-01
  8.866953E-01
  9.025272E-01
  2.863699E-01
  9.896664E-01
  9.896664E-01
  9.896664E-01
  9.896665E-01
  9.896665E-01
  9.896665E-01
  9.896665E-01
  9.896665E-01
  9.896665E-01
  9.896665E-01
  9.896666E-01
  9.896666E-01
  9.896666E-01
  9.896666E-01
  9.896667E-01
  9.896667E-01
  9.896667E-01
  9.896667E-01
  9.896668E-01
  9.896668E-01
  9.896668E-01
  9.896669E-01
  9.896669E-01
  9.896669E-01
  9.896670E-01
  9.896670E-01
  9.896671E-01
  9.896671E-01
  9.896672E-01
  9.896672E-01
  9.896673E-01
  9.896673E-01
  9.896674E-01
  9.896675E-01
  9.896675E-01
  9.896676E-01
  9.896677E-01
  9.896678E-01
  9.896679E-01
  9.896680E-01
  9.896681E-01
  9.896682E-01
  9.896683E-01
  9.896684E-01
  9.896686E-01
  9.896687E-01
  9.896689E-01
  9.896690E-01
  9.896692E-01
  9.896694E-01
  9.896695E-01
  9.896697E-01
  9.896699E-01
  9.896702E-01
  9.896704E-01
  9.896706E-01
  9.896708E-01
  9.896711E-01
  9.896713E-01
  9.896716E-01
  9.896718E-01
  9.896721E-01
  9.896724E-01
  9.896727E-01
  9.896730E-01
  9.896733E-01
  9.896737E-01
  9.896741E-01
  9.896744E-01
  9.896748E-01
  9.896752E-01
  9.896757E-01
  9.896762E-01
  9.896767E-01
  9.896772E-01
  9.896778E-01
  9.896784E-01
  9.896790E-01
  9.896796E-01
  9.896803E-01
  9.896810E-01
  9.896817E-01
  9.896825E-01
  9.896830E-01
  9.896835E-01
  9.896840E-01
  9.896845E-01
  9.896846E-01
  9.896844E-01
  9.896843E-01
  9.896841E-01
  9.896831E-01
  9.896821E-01
  9.896811E-01
  9.896797E-01
  9.896778E-01
  9.896760E-01
  9.896744E-01
  9.896721E-01
  9.896702E-01
  9.896686E-01
  9.896673E-01
  9.896664E-01
  9.896668E-01
  9.896680E-01
  9.896698E-01
  9.896723E-01
  9.896751E-01
  9.896784E-01
  9.896821E-01
  9.896855E-01
  9.896892E-01
  9.896925E-01
  9.896953E-01
  9.896981E-01
  9.896993E-01
  9.897006E-01
  9.897004E-01
  9.896997E-01
  9.896981E-01
  9.896956E-01
  9.896927E-01
  9.896891E-01
  9.896855E-01
  9.896817E-01
  9.896781E-01
  9.896747E-01
  9.896718E-01
  9.896694E-01
  9.896676E-01
  9.896665E-01
  9.896668E-01
  9.896683E-01
  9.896705E-01
  9.896736E-01
  9.896776E-01
  9.896824E-01
  9.896880E-01
  9.896945E-01
  9.897017E-01
  9.897097E-01
  9.897184E-01
  9.897279E-01
  9.897380E-01
  9.897488E-01
  9.897602E-01
  9.897721E-01
  9.897847E-01
  8.496240E-01
  4.939215E-06
 -2.139637E+02
 -2.138456E+02
 -2.137274E+02
 -2.136092E+02
 -2.134910E+02
 -2.133728E+02
 -2.132546E+02
 -2.131364E+02
 -2.130182E+02
 -2.126914E+02
 -2.123552E+02
 -2.120189E+02
 -2.116826E+02
 -2.113463E+02
 -2.110099E+02
 -2.106736E+02
 -2.102706E+02
 -2.097226E+02
 -2.091745E+02
 -2.086265E+02
 -2.080784E+02
 -2.075303E+02
 -2.069821E+02
 -2.064221E+02
 -2.056587E+02
 -2.048952E+02
 -2.041318E+02
 -2.033683E+02
 -2.026047E+02
 -2.018412E+02
 -2.010494E+02
 -2.001082E+02
 -1.991670E+02
 -1.982257E+02
 -1.972844E+02
 -1.963431E+02
 -1.954017E+02
 -1.943497E+02
 -1.932263E+02
 -1.921028E+02
 -1.909793E+02
 -1.898557E+02
 -1.887320E+02
 -1.875265E+02
 -1.861892E+02
 -1.848518E+02
 -1.835144E+02
 -1.821768E+02
 -1.808392E+02
 -1.793950E+02
 -1.778310E+02
 -1.762668E+02
 -1.747025E+02
 -1.731380E+02
 -1.715733E+02
 -1.698244E+02
 -1.680436E+02
 -1.662626E+02
 -1.644814E+02
 -1.626999E+02
 -1.608113E+02
 -1.588225E+02
 -1.568333E+02
 -1.548439E+02
 -1.528542E+02
 -1.507884E+02
 -1.486288E+02
 -1.464689E+02
 -1.443086E+02
 -1.421481E+02
 -1.399181E+02
 -1.376475E+02
 -1.353766E+02
 -1.331054E+02
 -1.308295E+02
 -1.284784E+02
 -1.261271E+02
 -1.237755E+02
 -1.214238E+02
 -1.191103E+02
 -1.168124E+02
 -1.145144E+02
 -1.122162E+02
 -1.101241E+02
 -1.081813E+02
 -1.062387E+02
 -1.042963E+02
 -1.027520E+02
 -1.014154E+02
 -1.000790E+02
 -9.874300E+01
 -9.811115E+01
 -9.753074E+01
 -9.694958E+01
 -9.677606E+01
 -9.723602E+01
 -9.769173E+01
 -9.817510E+01
 -9.977721E+01
 -1.013688E+02
 -1.029501E+02
 -1.050333E+02
 -1.072045E+02
 -1.093604E+02
 -1.113445E+02
 -1.132730E+02
 -1.151861E+02
 -1.163634E+02
 -1.174604E+02
 -1.183418E+02
 -1.182464E+02
 -1.181447E+02
 -1.172370E+02
 -1.157279E+02
 -1.140704E+02
 -1.110832E+02
 -1.080976E+02
 -1.040393E+02
 -9.962667E+01
 -9.456073E+01
 -8.888971E+01
 -8.283968E+01
 -7.621867E+01
 -6.936529E+01
 -6.214199E+01
 -5.474383E+01
 -4.714936E+01
 -3.938677E+01
 -3.152884E+01
 -2.345963E+01
 -1.528616E+01
 -6.914387E+00
  1.737510E+00
  1.063440E+01
  1.993725E+01
  2.986374E+01
  4.041236E+01
  5.176646E+01
  6.419024E+01
  7.839452E+01
  9.510095E+01
  1.157505E+02
  1.427206E+02
  1.799889E+02
  2.348535E+02
  3.090488E+02
  3.706102E+02
  4.670924E+02
  2.478387E+02
  3.332993E-04
  1.103535E+04
  1.103382E+04
  1.103230E+04
  1.103077E+04
  1.102925E+04
  1.102773E+04
  1.102620E+04
  1.102468E+04
  1.102315E+04
  1.101849E+04
  1.101368E+04
  1.100887E+04
  1.100406E+04
  1.099925E+04
  1.099444E+04
  1.098963E+04
  1.098386E+04
  1.097599E+04
  1.096812E+04
  1.096025E+04
  1.095238E+04
  1.094451E+04
  1.093664E+04
  1.092862E+04
  1.091795E+04
  1.090727E+04
  1.089660E+04
  1.088593E+04
  1.087526E+04
  1.086459E+04
  1.085344E+04
  1.083975E+04
  1.082606E+04
  1.081237E+04
  1.079868E+04
  1.078499E+04
  1.077130E+04
  1.075562E+04
  1.073867E+04
  1.072172E+04
  1.070477E+04
  1.068782E+04
  1.067087E+04
  1.065262E+04
  1.063230E+04
  1.061198E+04
  1.059166E+04
  1.057134E+04
  1.055102E+04
  1.052907E+04
  1.050529E+04
  1.048151E+04
  1.045773E+04
  1.043395E+04
  1.041018E+04
  1.038338E+04
  1.035607E+04
  1.032876E+04
  1.030144E+04
  1.027414E+04
  1.024500E+04
  1.021416E+04
  1.018333E+04
  1.015249E+04
  1.012166E+04
  1.008924E+04
  1.005486E+04
  1.002048E+04
  9.986109E+03
  9.951736E+03
  9.915066E+03
  9.877054E+03
  9.839044E+03
  9.801035E+03
  9.762823E+03
  9.721136E+03
  9.679451E+03
  9.637767E+03
  9.596083E+03
  9.551774E+03
  9.506390E+03
  9.461006E+03
  9.415624E+03
  9.368049E+03
  9.318888E+03
  9.269729E+03
  9.220573E+03
  9.169020E+03
  9.116223E+03
  9.063429E+03
  9.010640E+03
  8.954707E+03
  8.898548E+03
  8.842398E+03
  8.784884E+03
  8.725246E+03
  8.665625E+03
  8.605923E+03
  8.542802E+03
  8.479716E+03
  8.416665E+03
  8.351362E+03
  8.285651E+03
  8.219994E+03
  8.152348E+03
  8.084247E+03
  8.016210E+03
  7.945095E+03
  7.873749E+03
  7.801721E+03
  7.726208E+03
  7.650757E+03
  7.572633E+03
  7.492517E+03
  7.411952E+03
  7.326911E+03
  7.241912E+03
  7.153180E+03
  7.063229E+03
  6.970829E+03
  6.876163E+03
  6.779727E+03
  6.680622E+03
  6.579955E+03
  6.476793E+03
  6.371965E+03
  6.265278E+03
  6.156570E+03
  6.046805E+03
  5.934485E+03
  5.821272E+03
  5.706325E+03
  5.589782E+03
  5.472136E+03
  5.352946E+03
  5.231978E+03
  5.109545E+03
  4.985480E+03
  4.859696E+03
  4.732862E+03
  4.609278E+03
  4.498189E+03
  4.415014E+03
  4.386802E+03
  4.472970E+03
  4.639015E+03
  4.432131E+03
  4.615303E+03
  1.367414E+03
  2.359232E-03
  4.672767E+00
  4.744158E+00
  4.815548E+00
  4.886939E+00
  4.958330E+00
  5.029721E+00
  5.101112E+00
  5.172503E+00
  5.243895E+00
  5.421659E+00
  5.604283E+00
  5.786908E+00
  5.969534E+00
  6.152160E+00
  6.334786E+00
  6.517413E+00
  6.727507E+00
  6.997389E+00
  7.267272E+00
  7.537156E+00
  7.807041E+00
  8.076927E+00
  8.346813E+00
  8.624550E+00
  9.036199E+00
  9.447850E+00
  9.859503E+00
  1.027116E+01
  1.068281E+01
  1.109447E+01
  1.154326E+01
  1.218856E+01
  1.283386E+01
  1.347917E+01
  1.412448E+01
  1.476979E+01
  1.541511E+01
  1.628772E+01
  1.730732E+01
  1.832694E+01
  1.934656E+01
  2.036619E+01
  2.138583E+01
  2.259539E+01
  2.411061E+01
  2.562585E+01
  2.714110E+01
  2.865637E+01
  3.017166E+01
  3.183911E+01
  3.367791E+01
  3.551674E+01
  3.735559E+01
  3.919446E+01
  4.103336E+01
  4.267761E+01
  4.428838E+01
  4.589916E+01
  4.750997E+01
  4.912081E+01
  5.031067E+01
  5.110691E+01
  5.190316E+01
  5.269942E+01
  5.349568E+01
  5.371392E+01
  5.321781E+01
  5.272167E+01
  5.222550E+01
  5.172930E+01
  5.018477E+01
  4.802767E+01
  4.587046E+01
  4.371316E+01
  4.153801E+01
  3.906355E+01
  3.658892E+01
  3.411411E+01
  3.163913E+01
  3.262217E+01
  3.502126E+01
  3.742022E+01
  3.981906E+01
  4.751509E+01
  5.904207E+01
  7.056863E+01
  8.209479E+01
  9.961167E+01
  1.202464E+02
  1.408791E+02
  1.615098E+02
  1.897173E+02
  2.184809E+02
  2.472388E+02
  2.783699E+02
  3.132000E+02
  3.480189E+02
  3.827399E+02
  4.143732E+02
  4.459925E+02
  4.775984E+02
  4.966305E+02
  5.131270E+02
  5.296167E+02
  5.322855E+02
  5.314415E+02
  5.306012E+02
  5.173386E+02
  5.029121E+02
  4.868303E+02
  4.628642E+02
  4.389129E+02
  4.115400E+02
  3.816091E+02
  3.513690E+02
  3.182151E+02
  2.850731E+02
  2.510883E+02
  2.168286E+02
  1.832576E+02
  1.503208E+02
  1.188209E+02
  8.947263E+01
  6.179535E+01
  3.677190E+01
  1.370780E+01
 -7.175834E+00
 -2.564540E+01
 -4.285022E+01
 -5.712333E+01
 -7.040482E+01
 -8.179239E+01
 -9.153112E+01
 -1.001791E+02
 -1.073785E+02
 -1.131479E+02
 -1.178755E+02
 -1.214992E+02
 -1.239542E+02
 -1.249118E+02
 -1.242243E+02
 -1.213426E+02
 -1.152194E+02
 -1.045475E+02
 -8.926400E+01
 -6.992491E+01
 -4.437133E+01
 -6.073253E+01
  4.576537E+03
  3.622046E-02
