 Title= "ADflow Lift Distribution Data"
Variables = "eta" "CoordinateX" "CoordinateY" "CoordinateZ" "Lift" "Drag" "Moment" "Normalized Lift" "Normalized Drag" "Normalized Moment" "CL" "CD" "CM" "CLp" "CDp" "CMp" "CLv" "CDv" "CMv" "Elliptical" "thickness" "twist" "chord" "fx" "fy" "fz" 
Zone T= "LiftDist_01 allWalls: : z normal"
 I=          150
 DATAPACKING=BLOCK
  0.000000E+00
  6.711405E-03
  1.342281E-02
  2.013422E-02
  2.684563E-02
  3.355704E-02
  4.026845E-02
  4.697986E-02
  5.369127E-02
  6.040268E-02
  6.711409E-02
  7.382550E-02
  8.053691E-02
  8.724832E-02
  9.395973E-02
  1.006711E-01
  1.073825E-01
  1.140940E-01
  1.208054E-01
  1.275168E-01
  1.342282E-01
  1.409396E-01
  1.476510E-01
  1.543624E-01
  1.610738E-01
  1.677852E-01
  1.744966E-01
  1.812081E-01
  1.879195E-01
  1.946309E-01
  2.013423E-01
  2.080537E-01
  2.147651E-01
  2.214765E-01
  2.281879E-01
  2.348993E-01
  2.416107E-01
  2.483221E-01
  2.550336E-01
  2.617450E-01
  2.684564E-01
  2.751678E-01
  2.818792E-01
  2.885906E-01
  2.953020E-01
  3.020134E-01
  3.087248E-01
  3.154362E-01
  3.221476E-01
  3.288591E-01
  3.355705E-01
  3.422819E-01
  3.489933E-01
  3.557047E-01
  3.624161E-01
  3.691275E-01
  3.758389E-01
  3.825503E-01
  3.892617E-01
  3.959732E-01
  4.026846E-01
  4.093960E-01
  4.161074E-01
  4.228188E-01
  4.295302E-01
  4.362416E-01
  4.429530E-01
  4.496644E-01
  4.563758E-01
  4.630872E-01
  4.697987E-01
  4.765101E-01
  4.832215E-01
  4.899329E-01
  4.966443E-01
  5.033557E-01
  5.100671E-01
  5.167785E-01
  5.234899E-01
  5.302013E-01
  5.369128E-01
  5.436242E-01
  5.503356E-01
  5.570470E-01
  5.637584E-01
  5.704698E-01
  5.771812E-01
  5.838926E-01
  5.906040E-01
  5.973154E-01
  6.040268E-01
  6.107383E-01
  6.174497E-01
  6.241611E-01
  6.308725E-01
  6.375839E-01
  6.442953E-01
  6.510067E-01
  6.577181E-01
  6.644295E-01
  6.711409E-01
  6.778524E-01
  6.845638E-01
  6.912752E-01
  6.979866E-01
  7.046980E-01
  7.114094E-01
  7.181208E-01
  7.248322E-01
  7.315436E-01
  7.382550E-01
  7.449664E-01
  7.516779E-01
  7.583893E-01
  7.651007E-01
  7.718121E-01
  7.785235E-01
  7.852349E-01
  7.919463E-01
  7.986577E-01
  8.053691E-01
  8.120805E-01
  8.187919E-01
  8.255034E-01
  8.322148E-01
  8.389262E-01
  8.456376E-01
  8.523490E-01
  8.590604E-01
  8.657718E-01
  8.724832E-01
  8.791946E-01
  8.859060E-01
  8.926175E-01
  8.993289E-01
  9.060403E-01
  9.127517E-01
  9.194631E-01
  9.261745E-01
  9.328859E-01
  9.395973E-01
  9.463087E-01
  9.530201E-01
  9.597315E-01
  9.664430E-01
  9.731544E-01
  9.798658E-01
  9.865772E-01
  9.932886E-01
  1.000000E+00
  0.000000E+00
  0.000000E+00
  0.000000E+00
  0.000000E+00
  0.000000E+00
  0.000000E+00
  0.000000E+00
  0.000000E+00
  0.000000E+00
  0.000000E+00
  0.000000E+00
  0.000000E+00
  0.000000E+00
  0.000000E+00
  0.000000E+00
  0.000000E+00
  0.000000E+00
  0.000000E+00
  0.000000E+00
  0.000000E+00
  0.000000E+00
  0.000000E+00
  0.000000E+00
  0.000000E+00
  0.000000E+00
  0.000000E+00
  0.000000E+00
  0.000000E+00
  0.000000E+00
  0.000000E+00
  0.000000E+00
  0.000000E+00
  0.000000E+00
  0.000000E+00
  0.000000E+00
  0.000000E+00
  0.000000E+00
  0.000000E+00
  0.000000E+00
  0.000000E+00
  0.000000E+00
  0.000000E+00
  0.000000E+00
  0.000000E+00
  0.000000E+00
  0.000000E+00
  0.000000E+00
  0.000000E+00
  0.000000E+00
  0.000000E+00
  0.000000E+00
  0.000000E+00
  0.000000E+00
  0.000000E+00
  0.000000E+00
  0.000000E+00
  0.000000E+00
  0.000000E+00
  0.000000E+00
  0.000000E+00
  0.000000E+00
  0.000000E+00
  0.000000E+00
  0.000000E+00
  0.000000E+00
  0.000000E+00
  0.000000E+00
  0.000000E+00
  0.000000E+00
  0.000000E+00
  0.000000E+00
  0.000000E+00
  0.000000E+00
  0.000000E+00
  0.000000E+00
  0.000000E+00
  0.000000E+00
  0.000000E+00
  0.000000E+00
  0.000000E+00
  0.000000E+00
  0.000000E+00
  0.000000E+00
  0.000000E+00
  0.000000E+00
  0.000000E+00
  0.000000E+00
  0.000000E+00
  0.000000E+00
  0.000000E+00
  0.000000E+00
  0.000000E+00
  0.000000E+00
  0.000000E+00
  0.000000E+00
  0.000000E+00
  0.000000E+00
  0.000000E+00
  0.000000E+00
  0.000000E+00
  0.000000E+00
  0.000000E+00
  0.000000E+00
  0.000000E+00
  0.000000E+00
  0.000000E+00
  0.000000E+00
  0.000000E+00
  0.000000E+00
  0.000000E+00
  0.000000E+00
  0.000000E+00
  0.000000E+00
  0.000000E+00
  0.000000E+00
  0.000000E+00
  0.000000E+00
  0.000000E+00
  0.000000E+00
  0.000000E+00
  0.000000E+00
  0.000000E+00
  0.000000E+00
  0.000000E+00
  0.000000E+00
  0.000000E+00
  0.000000E+00
  0.000000E+00
  0.000000E+00
  0.000000E+00
  0.000000E+00
  0.000000E+00
  0.000000E+00
  0.000000E+00
  0.000000E+00
  0.000000E+00
  0.000000E+00
  0.000000E+00
  0.000000E+00
  0.000000E+00
  0.000000E+00
  0.000000E+00
  0.000000E+00
  0.000000E+00
  0.000000E+00
  0.000000E+00
  0.000000E+00
  0.000000E+00
  0.000000E+00
  0.000000E+00
  0.000000E+00
  0.000000E+00
  0.000000E+00
  0.000000E+00
  0.000000E+00
  0.000000E+00
  0.000000E+00
  0.000000E+00
  0.000000E+00
  0.000000E+00
  0.000000E+00
  0.000000E+00
  0.000000E+00
  0.000000E+00
  0.000000E+00
  0.000000E+00
  0.000000E+00
  0.000000E+00
  0.000000E+00
  0.000000E+00
  0.000000E+00
  0.000000E+00
  0.000000E+00
  0.000000E+00
  0.000000E+00
  0.000000E+00
  0.000000E+00
  0.000000E+00
  0.000000E+00
  0.000000E+00
  0.000000E+00
  0.000000E+00
  0.000000E+00
  0.000000E+00
  0.000000E+00
  0.000000E+00
  0.000000E+00
  0.000000E+00
  0.000000E+00
  0.000000E+00
  0.000000E+00
  0.000000E+00
  0.000000E+00
  0.000000E+00
  0.000000E+00
  0.000000E+00
  0.000000E+00
  0.000000E+00
  0.000000E+00
  0.000000E+00
  0.000000E+00
  0.000000E+00
  0.000000E+00
  0.000000E+00
  0.000000E+00
  0.000000E+00
  0.000000E+00
  0.000000E+00
  0.000000E+00
  0.000000E+00
  0.000000E+00
  0.000000E+00
  0.000000E+00
  0.000000E+00
  0.000000E+00
  0.000000E+00
  0.000000E+00
  0.000000E+00
  0.000000E+00
  0.000000E+00
  0.000000E+00
  0.000000E+00
  0.000000E+00
  0.000000E+00
  0.000000E+00
  0.000000E+00
  0.000000E+00
  0.000000E+00
  0.000000E+00
  0.000000E+00
  0.000000E+00
  0.000000E+00
  0.000000E+00
  0.000000E+00
  0.000000E+00
  0.000000E+00
  0.000000E+00
  0.000000E+00
  0.000000E+00
  0.000000E+00
  0.000000E+00
  0.000000E+00
  0.000000E+00
  0.000000E+00
  0.000000E+00
  0.000000E+00
  0.000000E+00
  0.000000E+00
  0.000000E+00
  0.000000E+00
  0.000000E+00
  0.000000E+00
  0.000000E+00
  0.000000E+00
  0.000000E+00
  0.000000E+00
  0.000000E+00
  0.000000E+00
  0.000000E+00
  0.000000E+00
  0.000000E+00
  0.000000E+00
  0.000000E+00
  0.000000E+00
  0.000000E+00
  0.000000E+00
  0.000000E+00
  0.000000E+00
  0.000000E+00
  0.000000E+00
  0.000000E+00
  0.000000E+00
  0.000000E+00
  0.000000E+00
  0.000000E+00
  0.000000E+00
  0.000000E+00
  0.000000E+00
  0.000000E+00
  0.000000E+00
  0.000000E+00
  0.000000E+00
  0.000000E+00
  0.000000E+00
  0.000000E+00
  0.000000E+00
  0.000000E+00
  0.000000E+00
  0.000000E+00
  0.000000E+00
  0.000000E+00
  0.000000E+00
  0.000000E+00
  0.000000E+00
  0.000000E+00
  0.000000E+00
  0.000000E+00
  0.000000E+00
  0.000000E+00
  0.000000E+00
  1.000000E-08
  1.690972E-02
  3.381945E-02
  5.072917E-02
  6.763890E-02
  8.454862E-02
  1.014583E-01
  1.183681E-01
  1.352778E-01
  1.521875E-01
  1.690972E-01
  1.860070E-01
  2.029167E-01
  2.198264E-01
  2.367361E-01
  2.536459E-01
  2.705556E-01
  2.874653E-01
  3.043750E-01
  3.212848E-01
  3.381945E-01
  3.551042E-01
  3.720139E-01
  3.889237E-01
  4.058334E-01
  4.227431E-01
  4.396528E-01
  4.565626E-01
  4.734723E-01
  4.903820E-01
  5.072917E-01
  5.242015E-01
  5.411112E-01
  5.580209E-01
  5.749306E-01
  5.918404E-01
  6.087501E-01
  6.256598E-01
  6.425695E-01
  6.594792E-01
  6.763890E-01
  6.932987E-01
  7.102084E-01
  7.271181E-01
  7.440279E-01
  7.609376E-01
  7.778473E-01
  7.947570E-01
  8.116668E-01
  8.285765E-01
  8.454862E-01
  8.623959E-01
  8.793057E-01
  8.962154E-01
  9.131251E-01
  9.300348E-01
  9.469446E-01
  9.638543E-01
  9.807640E-01
  9.976737E-01
  1.014583E+00
  1.031493E+00
  1.048403E+00
  1.065313E+00
  1.082222E+00
  1.099132E+00
  1.116042E+00
  1.132952E+00
  1.149861E+00
  1.166771E+00
  1.183681E+00
  1.200590E+00
  1.217500E+00
  1.234410E+00
  1.251320E+00
  1.268229E+00
  1.285139E+00
  1.302049E+00
  1.318958E+00
  1.335868E+00
  1.352778E+00
  1.369688E+00
  1.386597E+00
  1.403507E+00
  1.420417E+00
  1.437327E+00
  1.454236E+00
  1.471146E+00
  1.488056E+00
  1.504965E+00
  1.521875E+00
  1.538785E+00
  1.555695E+00
  1.572604E+00
  1.589514E+00
  1.606424E+00
  1.623334E+00
  1.640243E+00
  1.657153E+00
  1.674063E+00
  1.690972E+00
  1.707882E+00
  1.724792E+00
  1.741702E+00
  1.758611E+00
  1.775521E+00
  1.792431E+00
  1.809341E+00
  1.826250E+00
  1.843160E+00
  1.860070E+00
  1.876979E+00
  1.893889E+00
  1.910799E+00
  1.927709E+00
  1.944618E+00
  1.961528E+00
  1.978438E+00
  1.995347E+00
  2.012257E+00
  2.029167E+00
  2.046077E+00
  2.062986E+00
  2.079896E+00
  2.096806E+00
  2.113716E+00
  2.130625E+00
  2.147535E+00
  2.164445E+00
  2.181354E+00
  2.198264E+00
  2.215174E+00
  2.232084E+00
  2.248993E+00
  2.265903E+00
  2.282813E+00
  2.299723E+00
  2.316632E+00
  2.333542E+00
  2.350452E+00
  2.367361E+00
  2.384271E+00
  2.401181E+00
  2.418091E+00
  2.435000E+00
  2.451910E+00
  2.468820E+00
  2.485729E+00
  2.502639E+00
  2.519549E+00
  1.092117E+04
  1.091952E+04
  1.091788E+04
  1.091624E+04
  1.091460E+04
  1.091296E+04
  1.091131E+04
  1.090968E+04
  1.090804E+04
  1.090478E+04
  1.090146E+04
  1.089813E+04
  1.089480E+04
  1.089148E+04
  1.088815E+04
  1.088483E+04
  1.088118E+04
  1.087684E+04
  1.087249E+04
  1.086815E+04
  1.086380E+04
  1.085946E+04
  1.085512E+04
  1.085062E+04
  1.084355E+04
  1.083649E+04
  1.082942E+04
  1.082235E+04
  1.081529E+04
  1.080822E+04
  1.080065E+04
  1.079044E+04
  1.078023E+04
  1.077001E+04
  1.075980E+04
  1.074958E+04
  1.073937E+04
  1.072730E+04
  1.071403E+04
  1.070076E+04
  1.068749E+04
  1.067421E+04
  1.066094E+04
  1.064646E+04
  1.063002E+04
  1.061358E+04
  1.059714E+04
  1.058070E+04
  1.056426E+04
  1.054620E+04
  1.052632E+04
  1.050644E+04
  1.048656E+04
  1.046668E+04
  1.044680E+04
  1.042373E+04
  1.040011E+04
  1.037649E+04
  1.035287E+04
  1.032925E+04
  1.030355E+04
  1.027590E+04
  1.024826E+04
  1.022061E+04
  1.019296E+04
  1.016335E+04
  1.013133E+04
  1.009930E+04
  1.006727E+04
  1.003524E+04
  1.000021E+04
  9.963418E+03
  9.926632E+03
  9.889846E+03
  9.852784E+03
  9.811039E+03
  9.769297E+03
  9.727558E+03
  9.685821E+03
  9.640567E+03
  9.593877E+03
  9.547191E+03
  9.500510E+03
  9.451053E+03
  9.399592E+03
  9.348136E+03
  9.296685E+03
  9.242422E+03
  9.186698E+03
  9.130979E+03
  9.075264E+03
  9.016204E+03
  8.956902E+03
  8.897608E+03
  8.837047E+03
  8.774516E+03
  8.711999E+03
  8.649408E+03
  8.583716E+03
  8.518058E+03
  8.452433E+03
  8.384342E+03
  8.315801E+03
  8.247314E+03
  8.176253E+03
  8.104588E+03
  8.032988E+03
  7.957590E+03
  7.881894E+03
  7.805391E+03
  7.724823E+03
  7.644314E+03
  7.560801E+03
  7.475047E+03
  7.388801E+03
  7.297698E+03
  7.206637E+03
  7.111702E+03
  7.015505E+03
  6.916917E+03
  6.816118E+03
  6.713669E+03
  6.608728E+03
  6.502359E+03
  6.393702E+03
  6.283577E+03
  6.171814E+03
  6.058354E+03
  5.944012E+03
  5.827608E+03
  5.710505E+03
  5.592043E+03
  5.472335E+03
  5.351751E+03
  5.229916E+03
  5.106589E+03
  4.982048E+03
  4.856221E+03
  4.729192E+03
  4.602146E+03
  4.479778E+03
  4.371716E+03
  4.293609E+03
  4.272450E+03
  4.367688E+03
  4.546510E+03
  4.354594E+03
  4.534251E+03
  1.390279E+03
  2.224017E-03
  6.075791E+02
  6.072425E+02
  6.069062E+02
  6.065701E+02
  6.062342E+02
  6.058985E+02
  6.055630E+02
  6.052278E+02
  6.048927E+02
  6.045076E+02
  6.041204E+02
  6.037334E+02
  6.033468E+02
  6.029604E+02
  6.025742E+02
  6.021884E+02
  6.019375E+02
  6.019801E+02
  6.020229E+02
  6.020659E+02
  6.021091E+02
  6.021525E+02
  6.021961E+02
  6.022457E+02
  6.023957E+02
  6.025459E+02
  6.026962E+02
  6.028466E+02
  6.029973E+02
  6.031481E+02
  6.033004E+02
  6.034598E+02
  6.036194E+02
  6.037791E+02
  6.039389E+02
  6.040989E+02
  6.042590E+02
  6.044270E+02
  6.046000E+02
  6.047732E+02
  6.049464E+02
  6.051197E+02
  6.052932E+02
  6.054670E+02
  6.056412E+02
  6.058155E+02
  6.059899E+02
  6.061644E+02
  6.063388E+02
  6.064933E+02
  6.066252E+02
  6.067572E+02
  6.068892E+02
  6.070212E+02
  6.071532E+02
  6.071870E+02
  6.072038E+02
  6.072207E+02
  6.072375E+02
  6.072544E+02
  6.071673E+02
  6.069831E+02
  6.067988E+02
  6.066144E+02
  6.064299E+02
  6.061078E+02
  6.056155E+02
  6.051230E+02
  6.046303E+02
  6.041374E+02
  6.033795E+02
  6.024666E+02
  6.015534E+02
  6.006400E+02
  5.996996E+02
  5.983099E+02
  5.969201E+02
  5.955300E+02
  5.941398E+02
  5.923732E+02
  5.904525E+02
  5.885320E+02
  5.866115E+02
  5.843096E+02
  5.817321E+02
  5.791548E+02
  5.765778E+02
  5.735157E+02
  5.702015E+02
  5.668881E+02
  5.635754E+02
  5.595679E+02
  5.555111E+02
  5.514564E+02
  5.470620E+02
  5.421388E+02
  5.372211E+02
  5.322831E+02
  5.264434E+02
  5.206147E+02
  5.147970E+02
  5.085443E+02
  5.022172E+02
  4.959052E+02
  4.896467E+02
  4.834136E+02
  4.771958E+02
  4.713797E+02
  4.656129E+02
  4.599703E+02
  4.548692E+02
  4.497764E+02
  4.451402E+02
  4.408454E+02
  4.366379E+02
  4.331817E+02
  4.297278E+02
  4.268659E+02
  4.242010E+02
  4.219129E+02
  4.199734E+02
  4.182551E+02
  4.168685E+02
  4.155874E+02
  4.144738E+02
  4.134102E+02
  4.124033E+02
  4.114360E+02
  4.104935E+02
  4.096311E+02
  4.088299E+02
  4.081537E+02
  4.077022E+02
  4.074579E+02
  4.075718E+02
  4.082564E+02
  4.095255E+02
  4.115720E+02
  4.146885E+02
  4.197306E+02
  4.278048E+02
  4.411301E+02
  4.633522E+02
  5.006721E+02
  5.653454E+02
  6.571881E+02
  7.080880E+02
  8.209152E+02
  3.717075E+02
  4.848961E-04
  1.830826E+03
  1.831240E+03
  1.831654E+03
  1.832069E+03
  1.832484E+03
  1.832900E+03
  1.833316E+03
  1.833732E+03
  1.834149E+03
  1.835614E+03
  1.837128E+03
  1.838642E+03
  1.840156E+03
  1.841671E+03
  1.843186E+03
  1.844701E+03
  1.846392E+03
  1.848465E+03
  1.850537E+03
  1.852610E+03
  1.854684E+03
  1.856757E+03
  1.858831E+03
  1.860884E+03
  1.862580E+03
  1.864277E+03
  1.865974E+03
  1.867672E+03
  1.869369E+03
  1.871067E+03
  1.872667E+03
  1.873745E+03
  1.874824E+03
  1.875903E+03
  1.876982E+03
  1.878062E+03
  1.879142E+03
  1.879829E+03
  1.880263E+03
  1.880696E+03
  1.881130E+03
  1.881565E+03
  1.881999E+03
  1.882144E+03
  1.881822E+03
  1.881501E+03
  1.881180E+03
  1.880859E+03
  1.880538E+03
  1.879804E+03
  1.878603E+03
  1.877403E+03
  1.876202E+03
  1.875002E+03
  1.873801E+03
  1.871767E+03
  1.869588E+03
  1.867410E+03
  1.865232E+03
  1.863054E+03
  1.860313E+03
  1.857045E+03
  1.853777E+03
  1.850509E+03
  1.847242E+03
  1.843409E+03
  1.838878E+03
  1.834347E+03
  1.829816E+03
  1.825285E+03
  1.819866E+03
  1.813926E+03
  1.807987E+03
  1.802048E+03
  1.796034E+03
  1.788750E+03
  1.781467E+03
  1.774184E+03
  1.766901E+03
  1.758776E+03
  1.750307E+03
  1.741840E+03
  1.733373E+03
  1.724275E+03
  1.714720E+03
  1.705167E+03
  1.695616E+03
  1.685538E+03
  1.675187E+03
  1.664839E+03
  1.654493E+03
  1.643812E+03
  1.633110E+03
  1.622412E+03
  1.611578E+03
  1.600534E+03
  1.589497E+03
  1.578445E+03
  1.566621E+03
  1.554811E+03
  1.542986E+03
  1.530306E+03
  1.517468E+03
  1.504651E+03
  1.490733E+03
  1.476554E+03
  1.462401E+03
  1.446340E+03
  1.430123E+03
  1.413459E+03
  1.394578E+03
  1.375719E+03
  1.355211E+03
  1.333469E+03
  1.311459E+03
  1.286877E+03
  1.262307E+03
  1.235783E+03
  1.208615E+03
  1.180403E+03
  1.151225E+03
  1.121582E+03
  1.091238E+03
  1.060770E+03
  1.030103E+03
  9.996417E+02
  9.694107E+02
  9.398948E+02
  9.107653E+02
  8.831651E+02
  8.563090E+02
  8.309845E+02
  8.075407E+02
  7.855173E+02
  7.656641E+02
  7.484598E+02
  7.334685E+02
  7.210811E+02
  7.118513E+02
  7.077704E+02
  7.116739E+02
  7.298612E+02
  7.731075E+02
  8.580492E+02
  1.010754E+03
  1.218370E+03
  1.296968E+03
  1.363526E+03
 -5.233185E+01
  2.785914E-09
  1.226310E+00
  1.226125E+00
  1.225940E+00
  1.225756E+00
  1.225571E+00
  1.225387E+00
  1.225203E+00
  1.225019E+00
  1.224835E+00
  1.224469E+00
  1.224096E+00
  1.223722E+00
  1.223349E+00
  1.222976E+00
  1.222602E+00
  1.222229E+00
  1.221820E+00
  1.221332E+00
  1.220844E+00
  1.220356E+00
  1.219868E+00
  1.219380E+00
  1.218893E+00
  1.218388E+00
  1.217594E+00
  1.216801E+00
  1.216007E+00
  1.215214E+00
  1.214420E+00
  1.213627E+00
  1.212777E+00
  1.211630E+00
  1.210483E+00
  1.209336E+00
  1.208190E+00
  1.207043E+00
  1.205896E+00
  1.204541E+00
  1.203050E+00
  1.201560E+00
  1.200070E+00
  1.198580E+00
  1.197089E+00
  1.195463E+00
  1.193617E+00
  1.191771E+00
  1.189925E+00
  1.188079E+00
  1.186233E+00
  1.184205E+00
  1.181973E+00
  1.179741E+00
  1.177508E+00
  1.175276E+00
  1.173044E+00
  1.170453E+00
  1.167801E+00
  1.165149E+00
  1.162497E+00
  1.159845E+00
  1.156959E+00
  1.153854E+00
  1.150750E+00
  1.147645E+00
  1.144541E+00
  1.141217E+00
  1.137620E+00
  1.134024E+00
  1.130427E+00
  1.126831E+00
  1.122897E+00
  1.118766E+00
  1.114636E+00
  1.110505E+00
  1.106343E+00
  1.101656E+00
  1.096969E+00
  1.092282E+00
  1.087595E+00
  1.082514E+00
  1.077271E+00
  1.072029E+00
  1.066787E+00
  1.061234E+00
  1.055456E+00
  1.049678E+00
  1.043900E+00
  1.037807E+00
  1.031550E+00
  1.025294E+00
  1.019038E+00
  1.012406E+00
  1.005747E+00
  9.990891E-01
  9.922889E-01
  9.852674E-01
  9.782475E-01
  9.712194E-01
  9.638430E-01
  9.564704E-01
  9.491016E-01
  9.414559E-01
  9.337596E-01
  9.260693E-01
  9.180901E-01
  9.100430E-01
  9.020032E-01
  8.935370E-01
  8.850372E-01
  8.764470E-01
  8.674002E-01
  8.583600E-01
  8.489826E-01
  8.393535E-01
  8.296691E-01
  8.194395E-01
  8.092144E-01
  7.985544E-01
  7.877527E-01
  7.766825E-01
  7.653641E-01
  7.538604E-01
  7.420768E-01
  7.301329E-01
  7.179320E-01
  7.055664E-01
  6.930169E-01
  6.802768E-01
  6.674376E-01
  6.543669E-01
  6.412176E-01
  6.279159E-01
  6.144742E-01
  6.009342E-01
  5.872536E-01
  5.734055E-01
  5.594212E-01
  5.452924E-01
  5.310286E-01
  5.167629E-01
  5.030226E-01
  4.908885E-01
  4.821182E-01
  4.797423E-01
  4.904362E-01
  5.105158E-01
  4.889660E-01
  5.091392E-01
  1.561108E-01
  2.497291E-07
  1.108210E+00
  1.107596E+00
  1.106983E+00
  1.106370E+00
  1.105757E+00
  1.105145E+00
  1.104533E+00
  1.103921E+00
  1.103310E+00
  1.102607E+00
  1.101901E+00
  1.101196E+00
  1.100490E+00
  1.099785E+00
  1.099081E+00
  1.098377E+00
  1.097920E+00
  1.097997E+00
  1.098076E+00
  1.098154E+00
  1.098233E+00
  1.098312E+00
  1.098391E+00
  1.098482E+00
  1.098756E+00
  1.099029E+00
  1.099304E+00
  1.099578E+00
  1.099853E+00
  1.100128E+00
  1.100406E+00
  1.100696E+00
  1.100987E+00
  1.101279E+00
  1.101570E+00
  1.101862E+00
  1.102154E+00
  1.102461E+00
  1.102776E+00
  1.103092E+00
  1.103408E+00
  1.103724E+00
  1.104040E+00
  1.104357E+00
  1.104675E+00
  1.104993E+00
  1.105311E+00
  1.105629E+00
  1.105948E+00
  1.106229E+00
  1.106470E+00
  1.106711E+00
  1.106951E+00
  1.107192E+00
  1.107433E+00
  1.107495E+00
  1.107525E+00
  1.107556E+00
  1.107587E+00
  1.107618E+00
  1.107459E+00
  1.107123E+00
  1.106787E+00
  1.106450E+00
  1.106114E+00
  1.105526E+00
  1.104628E+00
  1.103730E+00
  1.102831E+00
  1.101932E+00
  1.100550E+00
  1.098885E+00
  1.097219E+00
  1.095553E+00
  1.093838E+00
  1.091303E+00
  1.088768E+00
  1.086233E+00
  1.083697E+00
  1.080475E+00
  1.076971E+00
  1.073468E+00
  1.069966E+00
  1.065767E+00
  1.061066E+00
  1.056365E+00
  1.051664E+00
  1.046079E+00
  1.040034E+00
  1.033990E+00
  1.027948E+00
  1.020639E+00
  1.013239E+00
  1.005843E+00
  9.978281E-01
  9.888483E-01
  9.798785E-01
  9.708718E-01
  9.602202E-01
  9.495889E-01
  9.389775E-01
  9.275728E-01
  9.160323E-01
  9.045193E-01
  8.931039E-01
  8.817350E-01
  8.703938E-01
  8.597854E-01
  8.492669E-01
  8.389750E-01
  8.296706E-01
  8.203815E-01
  8.119252E-01
  8.040915E-01
  7.964172E-01
  7.901132E-01
  7.838134E-01
  7.785933E-01
  7.737325E-01
  7.695592E-01
  7.660216E-01
  7.628874E-01
  7.603582E-01
  7.580215E-01
  7.559903E-01
  7.540504E-01
  7.522139E-01
  7.504495E-01
  7.487305E-01
  7.471575E-01
  7.456961E-01
  7.444627E-01
  7.436392E-01
  7.431935E-01
  7.434013E-01
  7.446501E-01
  7.469648E-01
  7.506976E-01
  7.563819E-01
  7.655786E-01
  7.803058E-01
  8.046109E-01
  8.451435E-01
  9.132141E-01
  1.031177E+00
  1.198696E+00
  1.291536E+00
  1.497330E+00
  6.779857E-01
  8.844390E-07
  1.166863E+00
  1.167126E+00
  1.167391E+00
  1.167655E+00
  1.167920E+00
  1.168184E+00
  1.168450E+00
  1.168715E+00
  1.168980E+00
  1.169914E+00
  1.170879E+00
  1.171844E+00
  1.172809E+00
  1.173775E+00
  1.174740E+00
  1.175706E+00
  1.176784E+00
  1.178105E+00
  1.179426E+00
  1.180747E+00
  1.182068E+00
  1.183390E+00
  1.184711E+00
  1.186020E+00
  1.187101E+00
  1.188183E+00
  1.189264E+00
  1.190346E+00
  1.191428E+00
  1.192510E+00
  1.193530E+00
  1.194217E+00
  1.194905E+00
  1.195592E+00
  1.196280E+00
  1.196968E+00
  1.197656E+00
  1.198095E+00
  1.198371E+00
  1.198647E+00
  1.198924E+00
  1.199201E+00
  1.199478E+00
  1.199570E+00
  1.199365E+00
  1.199160E+00
  1.198956E+00
  1.198751E+00
  1.198547E+00
  1.198078E+00
  1.197313E+00
  1.196548E+00
  1.195783E+00
  1.195018E+00
  1.194253E+00
  1.192956E+00
  1.191568E+00
  1.190179E+00
  1.188791E+00
  1.187403E+00
  1.185656E+00
  1.183573E+00
  1.181491E+00
  1.179408E+00
  1.177325E+00
  1.174882E+00
  1.171995E+00
  1.169107E+00
  1.166219E+00
  1.163332E+00
  1.159877E+00
  1.156092E+00
  1.152307E+00
  1.148521E+00
  1.144688E+00
  1.140046E+00
  1.135404E+00
  1.130762E+00
  1.126121E+00
  1.120942E+00
  1.115545E+00
  1.110148E+00
  1.104752E+00
  1.098953E+00
  1.092864E+00
  1.086775E+00
  1.080687E+00
  1.074265E+00
  1.067668E+00
  1.061072E+00
  1.054478E+00
  1.047671E+00
  1.040850E+00
  1.034032E+00
  1.027127E+00
  1.020088E+00
  1.013054E+00
  1.006010E+00
  9.984737E-01
  9.909467E-01
  9.834099E-01
  9.753287E-01
  9.671463E-01
  9.589780E-01
  9.501069E-01
  9.410701E-01
  9.320499E-01
  9.218138E-01
  9.114779E-01
  9.008570E-01
  8.888233E-01
  8.768038E-01
  8.637330E-01
  8.498762E-01
  8.358480E-01
  8.201810E-01
  8.045217E-01
  7.876165E-01
  7.703014E-01
  7.523206E-01
  7.337242E-01
  7.148316E-01
  6.954921E-01
  6.760739E-01
  6.565279E-01
  6.371139E-01
  6.178464E-01
  5.990347E-01
  5.804692E-01
  5.628785E-01
  5.457619E-01
  5.296216E-01
  5.146798E-01
  5.006434E-01
  4.879901E-01
  4.770251E-01
  4.674705E-01
  4.595755E-01
  4.536930E-01
  4.510920E-01
  4.535799E-01
  4.651714E-01
  4.927341E-01
  5.468710E-01
  6.441963E-01
  7.765190E-01
  8.266126E-01
  8.690330E-01
 -3.335330E-02
  1.775581E-12
  9.669491E-01
  9.668041E-01
  9.666591E-01
  9.665142E-01
  9.663693E-01
  9.662245E-01
  9.660798E-01
  9.659351E-01
  9.657905E-01
  9.655028E-01
  9.652087E-01
  9.649146E-01
  9.646205E-01
  9.643266E-01
  9.640327E-01
  9.637388E-01
  9.634165E-01
  9.630320E-01
  9.626476E-01
  9.622633E-01
  9.618790E-01
  9.614947E-01
  9.611105E-01
  9.607129E-01
  9.600874E-01
  9.594619E-01
  9.588365E-01
  9.582111E-01
  9.575857E-01
  9.569604E-01
  9.562908E-01
  9.553866E-01
  9.544825E-01
  9.535784E-01
  9.526743E-01
  9.517702E-01
  9.508662E-01
  9.497977E-01
  9.486227E-01
  9.474478E-01
  9.462729E-01
  9.450980E-01
  9.439231E-01
  9.426407E-01
  9.411853E-01
  9.397298E-01
  9.382743E-01
  9.368189E-01
  9.353635E-01
  9.337647E-01
  9.320046E-01
  9.302444E-01
  9.284842E-01
  9.267241E-01
  9.249639E-01
  9.229213E-01
  9.208300E-01
  9.187388E-01
  9.166475E-01
  9.145563E-01
  9.122807E-01
  9.098328E-01
  9.073849E-01
  9.049370E-01
  9.024891E-01
  8.998676E-01
  8.970317E-01
  8.941958E-01
  8.913599E-01
  8.885240E-01
  8.854221E-01
  8.821648E-01
  8.789076E-01
  8.756505E-01
  8.723689E-01
  8.686727E-01
  8.649767E-01
  8.612809E-01
  8.575854E-01
  8.535785E-01
  8.494444E-01
  8.453107E-01
  8.411773E-01
  8.367984E-01
  8.322420E-01
  8.276860E-01
  8.231304E-01
  8.183261E-01
  8.133924E-01
  8.084592E-01
  8.035263E-01
  7.982976E-01
  7.930474E-01
  7.877978E-01
  7.824363E-01
  7.769002E-01
  7.713655E-01
  7.658241E-01
  7.600082E-01
  7.541951E-01
  7.483845E-01
  7.423552E-01
  7.362858E-01
  7.302209E-01
  7.239279E-01
  7.175813E-01
  7.112402E-01
  7.045629E-01
  6.978591E-01
  6.910839E-01
  6.839490E-01
  6.768194E-01
  6.694242E-01
  6.618310E-01
  6.541943E-01
  6.461284E-01
  6.380662E-01
  6.296617E-01
  6.211456E-01
  6.124180E-01
  6.034950E-01
  5.944259E-01
  5.851362E-01
  5.757198E-01
  5.661006E-01
  5.563513E-01
  5.464565E-01
  5.364111E-01
  5.262868E-01
  5.159795E-01
  5.056099E-01
  4.951198E-01
  4.845190E-01
  4.738404E-01
  4.630507E-01
  4.521288E-01
  4.410992E-01
  4.299556E-01
  4.187055E-01
  4.074539E-01
  3.966165E-01
  3.870456E-01
  3.801268E-01
  3.782497E-01
  3.866773E-01
  4.025044E-01
  3.855097E-01
  4.014101E-01
  1.433798E-01
  3.945634E-02
  5.379443E-02
  5.376466E-02
  5.373491E-02
  5.370518E-02
  5.367547E-02
  5.364578E-02
  5.361610E-02
  5.358645E-02
  5.355681E-02
  5.352273E-02
  5.348848E-02
  5.345424E-02
  5.342003E-02
  5.338584E-02
  5.335168E-02
  5.331753E-02
  5.329534E-02
  5.329914E-02
  5.330295E-02
  5.330678E-02
  5.331062E-02
  5.331448E-02
  5.331836E-02
  5.332277E-02
  5.333607E-02
  5.334938E-02
  5.336271E-02
  5.337605E-02
  5.338940E-02
  5.340277E-02
  5.341627E-02
  5.343040E-02
  5.344454E-02
  5.345869E-02
  5.347286E-02
  5.348703E-02
  5.350122E-02
  5.351610E-02
  5.353143E-02
  5.354677E-02
  5.356212E-02
  5.357748E-02
  5.359284E-02
  5.360824E-02
  5.362367E-02
  5.363911E-02
  5.365456E-02
  5.367001E-02
  5.368547E-02
  5.369915E-02
  5.371083E-02
  5.372252E-02
  5.373421E-02
  5.374590E-02
  5.375759E-02
  5.376058E-02
  5.376208E-02
  5.376357E-02
  5.376506E-02
  5.376656E-02
  5.375885E-02
  5.374254E-02
  5.372622E-02
  5.370989E-02
  5.369355E-02
  5.366503E-02
  5.362144E-02
  5.357783E-02
  5.353421E-02
  5.349056E-02
  5.342345E-02
  5.334262E-02
  5.326176E-02
  5.318088E-02
  5.309761E-02
  5.297456E-02
  5.285149E-02
  5.272841E-02
  5.260531E-02
  5.244888E-02
  5.227882E-02
  5.210877E-02
  5.193872E-02
  5.173490E-02
  5.150668E-02
  5.127849E-02
  5.105032E-02
  5.077921E-02
  5.048578E-02
  5.019241E-02
  4.989912E-02
  4.954432E-02
  4.918515E-02
  4.882618E-02
  4.843712E-02
  4.800125E-02
  4.756587E-02
  4.712869E-02
  4.661166E-02
  4.609561E-02
  4.558049E-02
  4.502685E-02
  4.446659E-02
  4.390767E-02
  4.335346E-02
  4.280151E-02
  4.225088E-02
  4.173583E-02
  4.122514E-02
  4.072545E-02
  4.027372E-02
  3.982272E-02
  3.941218E-02
  3.903188E-02
  3.865932E-02
  3.835333E-02
  3.804754E-02
  3.779420E-02
  3.755831E-02
  3.735582E-02
  3.718420E-02
  3.703216E-02
  3.690950E-02
  3.679617E-02
  3.669766E-02
  3.660356E-02
  3.651446E-02
  3.642885E-02
  3.634537E-02
  3.626896E-02
  3.619793E-02
  3.613795E-02
  3.609784E-02
  3.607604E-02
  3.608593E-02
  3.614633E-02
  3.625845E-02
  3.643938E-02
  3.671501E-02
  3.716111E-02
  3.787563E-02
  3.905502E-02
  4.102204E-02
  4.432564E-02
  5.005079E-02
  5.818113E-02
  6.268663E-02
  7.267433E-02
  3.833429E-02
  8.602553E-03
  1.620994E-01
  1.621362E-01
  1.621730E-01
  1.622098E-01
  1.622466E-01
  1.622835E-01
  1.623204E-01
  1.623574E-01
  1.623943E-01
  1.625242E-01
  1.626582E-01
  1.627924E-01
  1.629265E-01
  1.630607E-01
  1.631949E-01
  1.633292E-01
  1.634789E-01
  1.636625E-01
  1.638461E-01
  1.640297E-01
  1.642133E-01
  1.643970E-01
  1.645806E-01
  1.647625E-01
  1.649127E-01
  1.650630E-01
  1.652133E-01
  1.653637E-01
  1.655140E-01
  1.656644E-01
  1.658061E-01
  1.659016E-01
  1.659972E-01
  1.660927E-01
  1.661883E-01
  1.662840E-01
  1.663796E-01
  1.664405E-01
  1.664789E-01
  1.665174E-01
  1.665558E-01
  1.665943E-01
  1.666328E-01
  1.666456E-01
  1.666172E-01
  1.665888E-01
  1.665604E-01
  1.665320E-01
  1.665036E-01
  1.664385E-01
  1.663322E-01
  1.662260E-01
  1.661197E-01
  1.660134E-01
  1.659071E-01
  1.657270E-01
  1.655341E-01
  1.653413E-01
  1.651484E-01
  1.649556E-01
  1.647129E-01
  1.644235E-01
  1.641342E-01
  1.638449E-01
  1.635555E-01
  1.632162E-01
  1.628150E-01
  1.624138E-01
  1.620127E-01
  1.616115E-01
  1.611316E-01
  1.606057E-01
  1.600798E-01
  1.595540E-01
  1.590215E-01
  1.583765E-01
  1.577316E-01
  1.570868E-01
  1.564419E-01
  1.557225E-01
  1.549727E-01
  1.542229E-01
  1.534732E-01
  1.526677E-01
  1.518217E-01
  1.509759E-01
  1.501302E-01
  1.492379E-01
  1.483215E-01
  1.474053E-01
  1.464893E-01
  1.455437E-01
  1.445962E-01
  1.436490E-01
  1.426899E-01
  1.417121E-01
  1.407350E-01
  1.397565E-01
  1.387097E-01
  1.376641E-01
  1.366170E-01
  1.354943E-01
  1.343575E-01
  1.332225E-01
  1.319899E-01
  1.307343E-01
  1.294809E-01
  1.280586E-01
  1.266224E-01
  1.251466E-01
  1.234747E-01
  1.218047E-01
  1.199887E-01
  1.180636E-01
  1.161147E-01
  1.139383E-01
  1.117630E-01
  1.094147E-01
  1.070095E-01
  1.045119E-01
  1.019288E-01
  9.930447E-02
  9.661811E-02
  9.392077E-02
  9.120565E-02
  8.850882E-02
  8.583227E-02
  8.321897E-02
  8.063977E-02
  7.819591E-02
  7.581788E-02
  7.357542E-02
  7.149942E-02
  6.954916E-02
  6.779101E-02
  6.626736E-02
  6.493962E-02
  6.384241E-02
  6.302474E-02
  6.266291E-02
  6.300794E-02
  6.461755E-02
  6.844565E-02
  7.596504E-02
  8.948341E-02
  1.078628E-01
  1.148198E-01
  1.207109E-01
 -5.396997E-03
  4.942496E-08
  9.671482E-01
  9.670031E-01
  9.668580E-01
  9.667129E-01
  9.665679E-01
  9.664230E-01
  9.662782E-01
  9.661334E-01
  9.659887E-01
  9.657008E-01
  9.654064E-01
  9.651121E-01
  9.648179E-01
  9.645237E-01
  9.642296E-01
  9.639355E-01
  9.636130E-01
  9.632285E-01
  9.628440E-01
  9.624595E-01
  9.620751E-01
  9.616907E-01
  9.613064E-01
  9.609088E-01
  9.602833E-01
  9.596579E-01
  9.590325E-01
  9.584072E-01
  9.577819E-01
  9.571566E-01
  9.564871E-01
  9.555831E-01
  9.546791E-01
  9.537752E-01
  9.528713E-01
  9.519674E-01
  9.510636E-01
  9.499953E-01
  9.488206E-01
  9.476459E-01
  9.464713E-01
  9.452967E-01
  9.441221E-01
  9.428400E-01
  9.413849E-01
  9.399298E-01
  9.384747E-01
  9.370197E-01
  9.355646E-01
  9.339662E-01
  9.322065E-01
  9.304468E-01
  9.286871E-01
  9.269273E-01
  9.251676E-01
  9.231255E-01
  9.210347E-01
  9.189440E-01
  9.168532E-01
  9.147625E-01
  9.124874E-01
  9.100401E-01
  9.075927E-01
  9.051454E-01
  9.026981E-01
  9.000772E-01
  8.972418E-01
  8.944065E-01
  8.915712E-01
  8.887359E-01
  8.856346E-01
  8.823780E-01
  8.791214E-01
  8.758649E-01
  8.725840E-01
  8.688884E-01
  8.651931E-01
  8.614980E-01
  8.578031E-01
  8.537969E-01
  8.496635E-01
  8.455305E-01
  8.413978E-01
  8.370197E-01
  8.324641E-01
  8.279089E-01
  8.233541E-01
  8.185507E-01
  8.136179E-01
  8.086856E-01
  8.037537E-01
  7.985260E-01
  7.932769E-01
  7.880284E-01
  7.826679E-01
  7.771331E-01
  7.715995E-01
  7.660593E-01
  7.602447E-01
  7.544329E-01
  7.486236E-01
  7.425957E-01
  7.365278E-01
  7.304644E-01
  7.241730E-01
  7.178281E-01
  7.114887E-01
  7.048134E-01
  6.981116E-01
  6.913385E-01
  6.842061E-01
  6.770789E-01
  6.696865E-01
  6.620962E-01
  6.544625E-01
  6.464002E-01
  6.383415E-01
  6.299410E-01
  6.214291E-01
  6.127061E-01
  6.037879E-01
  5.947238E-01
  5.854394E-01
  5.760284E-01
  5.664148E-01
  5.566711E-01
  5.467820E-01
  5.367423E-01
  5.266237E-01
  5.163223E-01
  5.059587E-01
  4.954748E-01
  4.848809E-01
  4.742097E-01
  4.634286E-01
  4.525173E-01
  4.415006E-01
  4.303727E-01
  4.191423E-01
  4.079164E-01
  3.971106E-01
  3.875770E-01
  3.806992E-01
  3.788618E-01
  3.873174E-01
  4.031418E-01
  3.861169E-01
  4.018755E-01
  1.429143E-01
  3.687846E-02
  4.735408E-02
  4.732453E-02
  4.729500E-02
  4.726549E-02
  4.723600E-02
  4.720653E-02
  4.717707E-02
  4.714763E-02
  4.711821E-02
  4.708445E-02
  4.705052E-02
  4.701661E-02
  4.698272E-02
  4.694886E-02
  4.691502E-02
  4.688120E-02
  4.685918E-02
  4.686281E-02
  4.686647E-02
  4.687014E-02
  4.687383E-02
  4.687753E-02
  4.688125E-02
  4.688548E-02
  4.689811E-02
  4.691076E-02
  4.692342E-02
  4.693609E-02
  4.694878E-02
  4.696148E-02
  4.697430E-02
  4.698766E-02
  4.700103E-02
  4.701441E-02
  4.702781E-02
  4.704122E-02
  4.705463E-02
  4.706883E-02
  4.708353E-02
  4.709824E-02
  4.711296E-02
  4.712768E-02
  4.714242E-02
  4.715727E-02
  4.717232E-02
  4.718736E-02
  4.720241E-02
  4.721747E-02
  4.723253E-02
  4.724593E-02
  4.725747E-02
  4.726901E-02
  4.728054E-02
  4.729209E-02
  4.730363E-02
  4.730665E-02
  4.730821E-02
  4.730976E-02
  4.731131E-02
  4.731287E-02
  4.730530E-02
  4.728921E-02
  4.727311E-02
  4.725700E-02
  4.724088E-02
  4.721262E-02
  4.716934E-02
  4.712604E-02
  4.708272E-02
  4.703939E-02
  4.697257E-02
  4.689203E-02
  4.681146E-02
  4.673086E-02
  4.664787E-02
  4.652492E-02
  4.640194E-02
  4.627895E-02
  4.615594E-02
  4.599933E-02
  4.582896E-02
  4.565860E-02
  4.548824E-02
  4.528381E-02
  4.505475E-02
  4.482572E-02
  4.459671E-02
  4.432440E-02
  4.402959E-02
  4.373484E-02
  4.344015E-02
  4.308358E-02
  4.272261E-02
  4.236183E-02
  4.197093E-02
  4.153315E-02
  4.109585E-02
  4.065675E-02
  4.013819E-02
  3.962057E-02
  3.910387E-02
  3.854931E-02
  3.798825E-02
  3.742847E-02
  3.687430E-02
  3.632256E-02
  3.577210E-02
  3.525843E-02
  3.474919E-02
  3.425114E-02
  3.380215E-02
  3.335386E-02
  3.294663E-02
  3.257011E-02
  3.220136E-02
  3.189979E-02
  3.159839E-02
  3.134955E-02
  3.111817E-02
  3.092004E-02
  3.075263E-02
  3.060456E-02
  3.048549E-02
  3.037542E-02
  3.027962E-02
  3.018775E-02
  3.010031E-02
  3.001550E-02
  2.993237E-02
  2.985444E-02
  2.978079E-02
  2.971578E-02
  2.966652E-02
  2.963183E-02
  2.962220E-02
  2.965201E-02
  2.972228E-02
  2.984673E-02
  3.004683E-02
  3.038920E-02
  3.097032E-02
  3.198489E-02
  3.375812E-02
  3.685358E-02
  4.239135E-02
  5.042058E-02
  5.492848E-02
  6.497715E-02
  3.167095E-02
  6.953522E-04
  1.625666E-01
  1.626034E-01
  1.626402E-01
  1.626770E-01
  1.627138E-01
  1.627507E-01
  1.627876E-01
  1.628246E-01
  1.628615E-01
  1.629913E-01
  1.631253E-01
  1.632594E-01
  1.633935E-01
  1.635276E-01
  1.636618E-01
  1.637960E-01
  1.639457E-01
  1.641292E-01
  1.643128E-01
  1.644964E-01
  1.646800E-01
  1.648636E-01
  1.650472E-01
  1.652290E-01
  1.653793E-01
  1.655296E-01
  1.656799E-01
  1.658303E-01
  1.659806E-01
  1.661310E-01
  1.662727E-01
  1.663682E-01
  1.664638E-01
  1.665594E-01
  1.666550E-01
  1.667506E-01
  1.668463E-01
  1.669071E-01
  1.669455E-01
  1.669839E-01
  1.670224E-01
  1.670608E-01
  1.670993E-01
  1.671121E-01
  1.670836E-01
  1.670551E-01
  1.670266E-01
  1.669982E-01
  1.669697E-01
  1.669046E-01
  1.667982E-01
  1.666918E-01
  1.665854E-01
  1.664790E-01
  1.663726E-01
  1.661923E-01
  1.659993E-01
  1.658063E-01
  1.656133E-01
  1.654203E-01
  1.651774E-01
  1.648878E-01
  1.645982E-01
  1.643087E-01
  1.640191E-01
  1.636795E-01
  1.632780E-01
  1.628765E-01
  1.624751E-01
  1.620736E-01
  1.615933E-01
  1.610670E-01
  1.605408E-01
  1.600145E-01
  1.594816E-01
  1.588361E-01
  1.581907E-01
  1.575453E-01
  1.568999E-01
  1.561798E-01
  1.554292E-01
  1.546787E-01
  1.539283E-01
  1.531216E-01
  1.522743E-01
  1.514272E-01
  1.505802E-01
  1.496861E-01
  1.487675E-01
  1.478491E-01
  1.469308E-01
  1.459819E-01
  1.450310E-01
  1.440804E-01
  1.431172E-01
  1.421345E-01
  1.411524E-01
  1.401689E-01
  1.391153E-01
  1.380630E-01
  1.370075E-01
  1.358769E-01
  1.347319E-01
  1.335888E-01
  1.323474E-01
  1.310828E-01
  1.298205E-01
  1.283890E-01
  1.269436E-01
  1.254587E-01
  1.237776E-01
  1.220986E-01
  1.202739E-01
  1.183402E-01
  1.163829E-01
  1.141986E-01
  1.120155E-01
  1.096600E-01
  1.072478E-01
  1.047437E-01
  1.021545E-01
  9.952466E-02
  9.683337E-02
  9.413153E-02
  9.141260E-02
  8.871245E-02
  8.603317E-02
  8.341780E-02
  8.083860E-02
  7.839395E-02
  7.601547E-02
  7.377327E-02
  7.169834E-02
  6.974973E-02
  6.799417E-02
  6.647439E-02
  6.515170E-02
  6.406102E-02
  6.325172E-02
  6.290088E-02
  6.325947E-02
  6.488498E-02
  6.873057E-02
  7.626695E-02
  8.979753E-02
  1.081758E-01
  1.151155E-01
  1.209348E-01
 -5.452409E-03
  4.540095E-08
 -1.991005E-04
 -1.989863E-04
 -1.988722E-04
 -1.987582E-04
 -1.986443E-04
 -1.985305E-04
 -1.984167E-04
 -1.983030E-04
 -1.981894E-04
 -1.979820E-04
 -1.977705E-04
 -1.975590E-04
 -1.973476E-04
 -1.971363E-04
 -1.969250E-04
 -1.967139E-04
 -1.965379E-04
 -1.964382E-04
 -1.963386E-04
 -1.962390E-04
 -1.961396E-04
 -1.960402E-04
 -1.959409E-04
 -1.958503E-04
 -1.959081E-04
 -1.959660E-04
 -1.960239E-04
 -1.960819E-04
 -1.961400E-04
 -1.961981E-04
 -1.962756E-04
 -1.964556E-04
 -1.966357E-04
 -1.968158E-04
 -1.969960E-04
 -1.971762E-04
 -1.973565E-04
 -1.975958E-04
 -1.978732E-04
 -1.981507E-04
 -1.984282E-04
 -1.987057E-04
 -1.989833E-04
 -1.992939E-04
 -1.996576E-04
 -2.000214E-04
 -2.003852E-04
 -2.007490E-04
 -2.011128E-04
 -2.015128E-04
 -2.019534E-04
 -2.023940E-04
 -2.028346E-04
 -2.032752E-04
 -2.037159E-04
 -2.042101E-04
 -2.047136E-04
 -2.052171E-04
 -2.057206E-04
 -2.062241E-04
 -2.067538E-04
 -2.073079E-04
 -2.078620E-04
 -2.084160E-04
 -2.089701E-04
 -2.095428E-04
 -2.101384E-04
 -2.107340E-04
 -2.113296E-04
 -2.119252E-04
 -2.125425E-04
 -2.131724E-04
 -2.138023E-04
 -2.144322E-04
 -2.150638E-04
 -2.157255E-04
 -2.163870E-04
 -2.170485E-04
 -2.177099E-04
 -2.184054E-04
 -2.191148E-04
 -2.198240E-04
 -2.205330E-04
 -2.212946E-04
 -2.220938E-04
 -2.228923E-04
 -2.236902E-04
 -2.245753E-04
 -2.255048E-04
 -2.264329E-04
 -2.273596E-04
 -2.284165E-04
 -2.294810E-04
 -2.305432E-04
 -2.316520E-04
 -2.328342E-04
 -2.340138E-04
 -2.351942E-04
 -2.364973E-04
 -2.377981E-04
 -2.390965E-04
 -2.405324E-04
 -2.419949E-04
 -2.434558E-04
 -2.451047E-04
 -2.468005E-04
 -2.484949E-04
 -2.504904E-04
 -2.525131E-04
 -2.546088E-04
 -2.570558E-04
 -2.595015E-04
 -2.622395E-04
 -2.651964E-04
 -2.682113E-04
 -2.717567E-04
 -2.753023E-04
 -2.793339E-04
 -2.835276E-04
 -2.880480E-04
 -2.928710E-04
 -2.978869E-04
 -3.031912E-04
 -3.085992E-04
 -3.141702E-04
 -3.197907E-04
 -3.254656E-04
 -3.311779E-04
 -3.369097E-04
 -3.427768E-04
 -3.487673E-04
 -3.550356E-04
 -3.619078E-04
 -3.693746E-04
 -3.779555E-04
 -3.885699E-04
 -4.013801E-04
 -4.171275E-04
 -4.368206E-04
 -4.624390E-04
 -4.940719E-04
 -5.313637E-04
 -5.723855E-04
 -6.120409E-04
 -6.401413E-04
 -6.374066E-04
 -6.072371E-04
 -4.653460E-04
  4.654815E-04
  2.577876E-03
  6.440350E-03
  6.440130E-03
  6.439911E-03
  6.439691E-03
  6.439472E-03
  6.439254E-03
  6.439035E-03
  6.438817E-03
  6.438599E-03
  6.438280E-03
  6.437956E-03
  6.437632E-03
  6.437308E-03
  6.436984E-03
  6.436661E-03
  6.436338E-03
  6.436166E-03
  6.436323E-03
  6.436480E-03
  6.436637E-03
  6.436795E-03
  6.436952E-03
  6.437110E-03
  6.437295E-03
  6.437960E-03
  6.438624E-03
  6.439289E-03
  6.439954E-03
  6.440619E-03
  6.441283E-03
  6.441965E-03
  6.442735E-03
  6.443505E-03
  6.444275E-03
  6.445045E-03
  6.445816E-03
  6.446586E-03
  6.447271E-03
  6.447902E-03
  6.448532E-03
  6.449162E-03
  6.449793E-03
  6.450424E-03
  6.450964E-03
  6.451358E-03
  6.451753E-03
  6.452147E-03
  6.452542E-03
  6.452936E-03
  6.453215E-03
  6.453364E-03
  6.453513E-03
  6.453663E-03
  6.453812E-03
  6.453961E-03
  6.453931E-03
  6.453870E-03
  6.453810E-03
  6.453749E-03
  6.453689E-03
  6.453547E-03
  6.453327E-03
  6.453108E-03
  6.452889E-03
  6.452671E-03
  6.452411E-03
  6.452102E-03
  6.451794E-03
  6.451485E-03
  6.451177E-03
  6.450880E-03
  6.450592E-03
  6.450304E-03
  6.450016E-03
  6.449740E-03
  6.449645E-03
  6.449551E-03
  6.449458E-03
  6.449367E-03
  6.449556E-03
  6.449861E-03
  6.450170E-03
  6.450481E-03
  6.451095E-03
  6.451929E-03
  6.452768E-03
  6.453609E-03
  6.454806E-03
  6.456188E-03
  6.457576E-03
  6.458967E-03
  6.460736E-03
  6.462539E-03
  6.464348E-03
  6.466194E-03
  6.468099E-03
  6.470016E-03
  6.471934E-03
  6.473472E-03
  6.475035E-03
  6.476621E-03
  6.477535E-03
  6.478348E-03
  6.479201E-03
  6.479169E-03
  6.478950E-03
  6.478782E-03
  6.477400E-03
  6.475952E-03
  6.474311E-03
  6.471564E-03
  6.468865E-03
  6.465546E-03
  6.461769E-03
  6.457961E-03
  6.453539E-03
  6.449149E-03
  6.444655E-03
  6.440142E-03
  6.435784E-03
  6.431568E-03
  6.427603E-03
  6.424003E-03
  6.420749E-03
  6.418033E-03
  6.415815E-03
  6.414149E-03
  6.413348E-03
  6.413001E-03
  6.414513E-03
  6.417146E-03
  6.422176E-03
  6.431319E-03
  6.444203E-03
  6.463735E-03
  6.494320E-03
  6.536177E-03
  6.592649E-03
  6.668181E-03
  6.771909E-03
  6.905317E-03
  7.070133E-03
  7.263920E-03
  7.472054E-03
  7.659435E-03
  7.760543E-03
  7.758143E-03
  7.697187E-03
  6.663337E-03
  7.907201E-03
 -4.672257E-04
 -4.672238E-04
 -4.672220E-04
 -4.672202E-04
 -4.672186E-04
 -4.672169E-04
 -4.672153E-04
 -4.672138E-04
 -4.672124E-04
 -4.671587E-04
 -4.671028E-04
 -4.670469E-04
 -4.669912E-04
 -4.669355E-04
 -4.668800E-04
 -4.668246E-04
 -4.667781E-04
 -4.667511E-04
 -4.667242E-04
 -4.666974E-04
 -4.666707E-04
 -4.666442E-04
 -4.666179E-04
 -4.665935E-04
 -4.666004E-04
 -4.666075E-04
 -4.666147E-04
 -4.666221E-04
 -4.666297E-04
 -4.666374E-04
 -4.666443E-04
 -4.666466E-04
 -4.666490E-04
 -4.666515E-04
 -4.666542E-04
 -4.666571E-04
 -4.666600E-04
 -4.666449E-04
 -4.666182E-04
 -4.665915E-04
 -4.665649E-04
 -4.665385E-04
 -4.665121E-04
 -4.664703E-04
 -4.664035E-04
 -4.663367E-04
 -4.662700E-04
 -4.662034E-04
 -4.661368E-04
 -4.660490E-04
 -4.659372E-04
 -4.658254E-04
 -4.657137E-04
 -4.656020E-04
 -4.654903E-04
 -4.653360E-04
 -4.651743E-04
 -4.650126E-04
 -4.648509E-04
 -4.646893E-04
 -4.644941E-04
 -4.642677E-04
 -4.640412E-04
 -4.638148E-04
 -4.635884E-04
 -4.633251E-04
 -4.630163E-04
 -4.627075E-04
 -4.623988E-04
 -4.620902E-04
 -4.617200E-04
 -4.613139E-04
 -4.609080E-04
 -4.605022E-04
 -4.600900E-04
 -4.595650E-04
 -4.590404E-04
 -4.585161E-04
 -4.579923E-04
 -4.573011E-04
 -4.565419E-04
 -4.557833E-04
 -4.550252E-04
 -4.539526E-04
 -4.526526E-04
 -4.513534E-04
 -4.500549E-04
 -4.481684E-04
 -4.459762E-04
 -4.437850E-04
 -4.415946E-04
 -4.382465E-04
 -4.348143E-04
 -4.313839E-04
 -4.273432E-04
 -4.223519E-04
 -4.173648E-04
 -4.123338E-04
 -4.056138E-04
 -3.989027E-04
 -3.904675E-04
 -3.825685E-04
 -3.744408E-04
 -3.663270E-04
 -3.575329E-04
 -3.485792E-04
 -3.396425E-04
 -3.304308E-04
 -3.212097E-04
 -3.120280E-04
 -3.029663E-04
 -2.939217E-04
 -2.851528E-04
 -2.765933E-04
 -2.681167E-04
 -2.602688E-04
 -2.524334E-04
 -2.452383E-04
 -2.382618E-04
 -2.317867E-04
 -2.257742E-04
 -2.201954E-04
 -2.152619E-04
 -2.107611E-04
 -2.069432E-04
 -2.036365E-04
 -2.008970E-04
 -1.988287E-04
 -1.988329E-04
 -1.980339E-04
 -1.975922E-04
 -1.978586E-04
 -1.989166E-04
 -2.005708E-04
 -2.031545E-04
 -2.070245E-04
 -2.120800E-04
 -2.186055E-04
 -2.269763E-04
 -2.379767E-04
 -2.515277E-04
 -2.674363E-04
 -2.849179E-04
 -3.019069E-04
 -3.141154E-04
 -3.129648E-04
 -2.956671E-04
 -2.239349E-04
  5.541275E-05
  4.024017E-09
  1.273240E+00
  1.273211E+00
  1.273125E+00
  1.272981E+00
  1.272781E+00
  1.272522E+00
  1.272207E+00
  1.271834E+00
  1.271403E+00
  1.270915E+00
  1.270369E+00
  1.269765E+00
  1.269104E+00
  1.268384E+00
  1.267607E+00
  1.266771E+00
  1.265877E+00
  1.264925E+00
  1.263915E+00
  1.262845E+00
  1.261717E+00
  1.260530E+00
  1.259284E+00
  1.257979E+00
  1.256614E+00
  1.255190E+00
  1.253705E+00
  1.252161E+00
  1.250556E+00
  1.248891E+00
  1.247165E+00
  1.245378E+00
  1.243529E+00
  1.241620E+00
  1.239648E+00
  1.237614E+00
  1.235518E+00
  1.233359E+00
  1.231136E+00
  1.228851E+00
  1.226501E+00
  1.224088E+00
  1.221610E+00
  1.219067E+00
  1.216458E+00
  1.213784E+00
  1.211044E+00
  1.208237E+00
  1.205362E+00
  1.202421E+00
  1.199411E+00
  1.196332E+00
  1.193185E+00
  1.189968E+00
  1.186680E+00
  1.183322E+00
  1.179892E+00
  1.176390E+00
  1.172816E+00
  1.169168E+00
  1.165446E+00
  1.161649E+00
  1.157776E+00
  1.153828E+00
  1.149802E+00
  1.145699E+00
  1.141516E+00
  1.137254E+00
  1.132912E+00
  1.128488E+00
  1.123982E+00
  1.119393E+00
  1.114719E+00
  1.109960E+00
  1.105114E+00
  1.100180E+00
  1.095157E+00
  1.090045E+00
  1.084841E+00
  1.079544E+00
  1.074153E+00
  1.068667E+00
  1.063083E+00
  1.057401E+00
  1.051619E+00
  1.045735E+00
  1.039748E+00
  1.033655E+00
  1.027455E+00
  1.021146E+00
  1.014726E+00
  1.008193E+00
  1.001543E+00
  9.947766E-01
  9.878894E-01
  9.808795E-01
  9.737441E-01
  9.664805E-01
  9.590857E-01
  9.515567E-01
  9.438904E-01
  9.360832E-01
  9.281318E-01
  9.200322E-01
  9.117806E-01
  9.033729E-01
  8.948045E-01
  8.860709E-01
  8.771671E-01
  8.680879E-01
  8.588277E-01
  8.493806E-01
  8.397402E-01
  8.299000E-01
  8.198525E-01
  8.095903E-01
  7.991048E-01
  7.883874E-01
  7.774283E-01
  7.662172E-01
  7.547428E-01
  7.429930E-01
  7.309546E-01
  7.186128E-01
  7.059520E-01
  6.929545E-01
  6.796012E-01
  6.658704E-01
  6.517385E-01
  6.371787E-01
  6.221609E-01
  6.066513E-01
  5.906109E-01
  5.739954E-01
  5.567532E-01
  5.388241E-01
  5.201372E-01
  5.006076E-01
  4.801325E-01
  4.585853E-01
  4.358068E-01
  4.115929E-01
  3.856731E-01
  3.576769E-01
  3.270715E-01
  2.930404E-01
  2.542116E-01
  2.079144E-01
  1.472658E-01
  0.000000E+00
  9.486792E-02
  9.483915E-02
  9.481038E-02
  9.478161E-02
  9.475283E-02
  9.472406E-02
  9.469528E-02
  9.466650E-02
  9.463772E-02
  9.461015E-02
  9.458263E-02
  9.455511E-02
  9.452759E-02
  9.450006E-02
  9.447254E-02
  9.444501E-02
  9.441799E-02
  9.439206E-02
  9.436613E-02
  9.434019E-02
  9.431426E-02
  9.428833E-02
  9.426239E-02
  9.423657E-02
  9.421271E-02
  9.418884E-02
  9.416498E-02
  9.414112E-02
  9.411725E-02
  9.409338E-02
  9.406995E-02
  9.404884E-02
  9.402773E-02
  9.400662E-02
  9.398551E-02
  9.396440E-02
  9.394328E-02
  9.392442E-02
  9.390701E-02
  9.388960E-02
  9.387219E-02
  9.385478E-02
  9.383737E-02
  9.382181E-02
  9.380921E-02
  9.379661E-02
  9.378401E-02
  9.377142E-02
  9.375882E-02
  9.374870E-02
  9.374136E-02
  9.373403E-02
  9.372670E-02
  9.371937E-02
  9.371204E-02
  9.370921E-02
  9.370717E-02
  9.370512E-02
  9.370307E-02
  9.370103E-02
  9.370421E-02
  9.371228E-02
  9.372036E-02
  9.372843E-02
  9.373650E-02
  9.375236E-02
  9.377785E-02
  9.380333E-02
  9.382882E-02
  9.385431E-02
  9.389585E-02
  9.394678E-02
  9.399772E-02
  9.404865E-02
  9.410139E-02
  9.418478E-02
  9.426817E-02
  9.435156E-02
  9.443494E-02
  9.453061E-02
  9.463131E-02
  9.473201E-02
  9.483271E-02
  9.490773E-02
  9.496416E-02
  9.502748E-02
  9.511381E-02
  9.512550E-02
  9.509832E-02
  9.507115E-02
  9.506157E-02
  9.489460E-02
  9.471587E-02
  9.453712E-02
  9.426961E-02
  9.386369E-02
  9.345775E-02
  9.304439E-02
  9.241188E-02
  9.178303E-02
  9.078856E-02
  8.998839E-02
  8.924811E-02
  8.850777E-02
  8.768498E-02
  8.689414E-02
  8.610324E-02
  8.528746E-02
  8.451235E-02
  8.374961E-02
  8.303302E-02
  8.237092E-02
  8.181195E-02
  8.132529E-02
  8.090249E-02
  8.056764E-02
  8.030022E-02
  8.007875E-02
  7.998262E-02
  7.991038E-02
  7.991838E-02
  7.992689E-02
  7.993484E-02
  7.998937E-02
  8.009053E-02
  8.021758E-02
  8.033430E-02
  8.043811E-02
  8.046354E-02
  8.054285E-02
  8.064913E-02
  8.075558E-02
  8.084811E-02
  8.093112E-02
  8.100115E-02
  8.105792E-02
  8.110499E-02
  8.114198E-02
  8.116878E-02
  8.124585E-02
  8.131715E-02
  8.138089E-02
  8.143733E-02
  8.155281E-02
  8.170606E-02
  8.233917E-02
  8.325922E-02
  8.423790E-02
  9.606944E-02
  4.642101E-02
  3.626440E-01
  3.575886E-01
  3.525332E-01
  3.474778E-01
  3.424224E-01
  3.373670E-01
  3.323116E-01
  3.272562E-01
  3.222008E-01
  3.173575E-01
  3.125238E-01
  3.076902E-01
  3.028565E-01
  2.980229E-01
  2.931892E-01
  2.883556E-01
  2.836103E-01
  2.790576E-01
  2.745048E-01
  2.699520E-01
  2.653992E-01
  2.608464E-01
  2.562937E-01
  2.517611E-01
  2.475728E-01
  2.433845E-01
  2.391962E-01
  2.350079E-01
  2.308196E-01
  2.266313E-01
  2.225199E-01
  2.188157E-01
  2.151116E-01
  2.114074E-01
  2.077032E-01
  2.039990E-01
  2.002948E-01
  1.969855E-01
  1.939315E-01
  1.908776E-01
  1.878237E-01
  1.847698E-01
  1.817158E-01
  1.789855E-01
  1.767760E-01
  1.745664E-01
  1.723569E-01
  1.701474E-01
  1.679378E-01
  1.661627E-01
  1.648768E-01
  1.635909E-01
  1.623050E-01
  1.610191E-01
  1.597332E-01
  1.590940E-01
  1.585661E-01
  1.580382E-01
  1.575103E-01
  1.569824E-01
  1.568648E-01
  1.571308E-01
  1.573967E-01
  1.576627E-01
  1.579287E-01
  1.585867E-01
  1.597292E-01
  1.608717E-01
  1.620143E-01
  1.631568E-01
  1.648668E-01
  1.669085E-01
  1.689501E-01
  1.709917E-01
  1.730799E-01
  1.759534E-01
  1.788269E-01
  1.817004E-01
  1.845738E-01
  1.874982E-01
  1.904434E-01
  1.933886E-01
  1.963338E-01
  1.980552E-01
  1.988914E-01
  1.997276E-01
  2.005639E-01
  1.985569E-01
  1.950695E-01
  1.915822E-01
  1.880948E-01
  1.787080E-01
  1.688841E-01
  1.590602E-01
  1.460543E-01
  1.280875E-01
  1.101208E-01
  9.189912E-02
  6.467804E-02
  3.745692E-02
 -5.172150E-02
 -8.358252E-02
 -1.163723E-01
 -1.491620E-01
 -1.817416E-01
 -2.142676E-01
 -2.467935E-01
 -2.747978E-01
 -3.023744E-01
 -3.285010E-01
 -3.477554E-01
 -3.670099E-01
 -3.802712E-01
 -3.890451E-01
 -3.966590E-01
 -3.937789E-01
 -3.908988E-01
 -3.789323E-01
 -3.639512E-01
 -3.428921E-01
 -3.162145E-01
 -2.859027E-01
 -2.501390E-01
 -2.119762E-01
 -1.700016E-01
 -1.261344E-01
 -8.016074E-02
 -3.262230E-02
  7.783439E-02
  1.273349E-01
  1.770579E-01
  2.271114E-01
  2.771184E-01
  3.270043E-01
  3.765801E-01
  4.256152E-01
  4.741538E-01
  5.221026E-01
  5.693657E-01
  6.157574E-01
  6.613363E-01
  7.060859E-01
  7.499715E-01
  7.929716E-01
  8.350772E-01
  8.761956E-01
  9.163848E-01
  9.556955E-01
  1.050338E+00
 -1.048120E-01
  9.896860E-01
  9.896855E-01
  9.896849E-01
  9.896844E-01
  9.896839E-01
  9.896833E-01
  9.896828E-01
  9.896823E-01
  9.896818E-01
  9.896814E-01
  9.896809E-01
  9.896804E-01
  9.896800E-01
  9.896796E-01
  9.896791E-01
  9.896787E-01
  9.896783E-01
  9.896779E-01
  9.896775E-01
  9.896772E-01
  9.896768E-01
  9.896764E-01
  9.896761E-01
  9.896757E-01
  9.896754E-01
  9.896751E-01
  9.896748E-01
  9.896745E-01
  9.896742E-01
  9.896739E-01
  9.896736E-01
  9.896734E-01
  9.896732E-01
  9.896729E-01
  9.896727E-01
  9.896724E-01
  9.896722E-01
  9.896720E-01
  9.896718E-01
  9.896717E-01
  9.896715E-01
  9.896713E-01
  9.896712E-01
  9.896710E-01
  9.896709E-01
  9.896708E-01
  9.896707E-01
  9.896705E-01
  9.896704E-01
  9.896703E-01
  9.896703E-01
  9.896702E-01
  9.896701E-01
  9.896701E-01
  9.896700E-01
  9.896700E-01
  9.896700E-01
  9.896699E-01
  9.896699E-01
  9.896699E-01
  9.896699E-01
  9.896699E-01
  9.896699E-01
  9.896699E-01
  9.896699E-01
  9.896700E-01
  9.896700E-01
  9.896701E-01
  9.896701E-01
  9.896702E-01
  9.896703E-01
  9.896704E-01
  9.896705E-01
  9.896706E-01
  9.896707E-01
  9.896708E-01
  9.896710E-01
  9.896712E-01
  9.896713E-01
  9.896715E-01
  9.896716E-01
  9.896718E-01
  9.896720E-01
  9.896721E-01
  9.896721E-01
  9.896722E-01
  9.896722E-01
  9.896721E-01
  9.896719E-01
  9.896717E-01
  9.896715E-01
  9.896710E-01
  9.896705E-01
  9.896700E-01
  9.896694E-01
  9.896686E-01
  9.896680E-01
  9.896674E-01
  9.896668E-01
  9.896664E-01
  9.896666E-01
  9.896672E-01
  9.896682E-01
  9.896695E-01
  9.896712E-01
  9.896731E-01
  9.896754E-01
  9.896776E-01
  9.896800E-01
  9.896824E-01
  9.896844E-01
  9.896865E-01
  9.896880E-01
  9.896890E-01
  9.896899E-01
  9.896896E-01
  9.896892E-01
  9.896878E-01
  9.896861E-01
  9.896839E-01
  9.896812E-01
  9.896785E-01
  9.896756E-01
  9.896729E-01
  9.896705E-01
  9.896686E-01
  9.896671E-01
  9.896663E-01
  9.896671E-01
  9.896686E-01
  9.896709E-01
  9.896740E-01
  9.896778E-01
  9.896823E-01
  9.896876E-01
  9.896935E-01
  9.897001E-01
  9.897073E-01
  9.897150E-01
  9.897233E-01
  9.897321E-01
  9.897413E-01
  9.897510E-01
  9.897610E-01
  9.897713E-01
  9.897819E-01
  9.897928E-01
  9.898039E-01
  8.496614E-01
  4.939162E-06
 -1.996384E+02
 -1.998527E+02
 -2.000669E+02
 -2.002809E+02
 -2.004948E+02
 -2.007085E+02
 -2.009221E+02
 -2.011355E+02
 -2.013488E+02
 -2.014928E+02
 -2.016336E+02
 -2.017741E+02
 -2.019143E+02
 -2.020544E+02
 -2.021943E+02
 -2.023340E+02
 -2.023153E+02
 -2.019522E+02
 -2.015890E+02
 -2.012256E+02
 -2.008621E+02
 -2.004984E+02
 -2.001345E+02
 -1.997535E+02
 -1.990826E+02
 -1.984115E+02
 -1.977404E+02
 -1.970690E+02
 -1.963976E+02
 -1.957260E+02
 -1.950161E+02
 -1.941036E+02
 -1.931911E+02
 -1.922784E+02
 -1.913656E+02
 -1.904527E+02
 -1.895398E+02
 -1.884819E+02
 -1.873303E+02
 -1.861787E+02
 -1.850270E+02
 -1.838752E+02
 -1.827234E+02
 -1.814816E+02
 -1.800952E+02
 -1.787087E+02
 -1.773222E+02
 -1.759357E+02
 -1.745491E+02
 -1.730631E+02
 -1.714651E+02
 -1.698671E+02
 -1.682690E+02
 -1.666710E+02
 -1.650729E+02
 -1.633375E+02
 -1.615785E+02
 -1.598195E+02
 -1.580605E+02
 -1.563015E+02
 -1.544925E+02
 -1.526370E+02
 -1.507815E+02
 -1.489261E+02
 -1.470708E+02
 -1.452082E+02
 -1.433366E+02
 -1.414652E+02
 -1.395940E+02
 -1.377232E+02
 -1.358949E+02
 -1.340918E+02
 -1.322890E+02
 -1.304866E+02
 -1.286907E+02
 -1.269974E+02
 -1.253045E+02
 -1.236120E+02
 -1.219199E+02
 -1.203437E+02
 -1.188152E+02
 -1.172869E+02
 -1.157588E+02
 -1.144065E+02
 -1.131812E+02
 -1.119559E+02
 -1.107307E+02
 -1.097820E+02
 -1.089769E+02
 -1.081713E+02
 -1.073654E+02
 -1.070056E+02
 -1.066772E+02
 -1.063472E+02
 -1.062626E+02
 -1.065600E+02
 -1.068529E+02
 -1.071606E+02
 -1.081389E+02
 -1.091087E+02
 -1.100700E+02
 -1.112831E+02
 -1.125373E+02
 -1.137804E+02
 -1.147803E+02
 -1.157102E+02
 -1.166298E+02
 -1.168686E+02
 -1.170362E+02
 -1.170204E+02
 -1.161649E+02
 -1.153053E+02
 -1.137688E+02
 -1.117266E+02
 -1.095609E+02
 -1.062879E+02
 -1.030155E+02
 -9.886710E+01
 -9.442917E+01
 -8.943888E+01
 -8.393803E+01
 -7.809493E+01
 -7.173715E+01
 -6.516880E+01
 -5.826465E+01
 -5.120235E+01
 -4.396271E+01
 -3.655840E+01
 -2.906426E+01
 -2.133820E+01
 -1.349945E+01
 -5.435906E+00
  2.943661E+00
  1.159442E+01
  2.069481E+01
  3.047437E+01
  4.092631E+01
  5.224844E+01
  6.472629E+01
  7.912577E+01
  9.620398E+01
  1.174639E+02
  1.453867E+02
  1.841657E+02
  2.416379E+02
  3.200402E+02
  3.849575E+02
  4.842255E+02
  2.681458E+02
  3.195283E-04
  1.093623E+04
  1.093457E+04
  1.093291E+04
  1.093124E+04
  1.092958E+04
  1.092792E+04
  1.092626E+04
  1.092460E+04
  1.092294E+04
  1.091967E+04
  1.091632E+04
  1.091297E+04
  1.090963E+04
  1.090628E+04
  1.090294E+04
  1.089960E+04
  1.089594E+04
  1.089161E+04
  1.088728E+04
  1.088295E+04
  1.087862E+04
  1.087429E+04
  1.086996E+04
  1.086549E+04
  1.085845E+04
  1.085141E+04
  1.084437E+04
  1.083734E+04
  1.083030E+04
  1.082327E+04
  1.081573E+04
  1.080556E+04
  1.079538E+04
  1.078521E+04
  1.077503E+04
  1.076486E+04
  1.075469E+04
  1.074266E+04
  1.072944E+04
  1.071622E+04
  1.070299E+04
  1.068977E+04
  1.067655E+04
  1.066212E+04
  1.064573E+04
  1.062935E+04
  1.061297E+04
  1.059659E+04
  1.058021E+04
  1.056221E+04
  1.054239E+04
  1.052258E+04
  1.050276E+04
  1.048294E+04
  1.046313E+04
  1.044012E+04
  1.041657E+04
  1.039301E+04
  1.036946E+04
  1.034591E+04
  1.032027E+04
  1.029268E+04
  1.026510E+04
  1.023751E+04
  1.020993E+04
  1.018038E+04
  1.014840E+04
  1.011642E+04
  1.008444E+04
  1.005246E+04
  1.001747E+04
  9.980716E+03
  9.943962E+03
  9.907210E+03
  9.870179E+03
  9.828445E+03
  9.786714E+03
  9.744986E+03
  9.703260E+03
  9.658000E+03
  9.611295E+03
  9.564595E+03
  9.517899E+03
  9.468408E+03
  9.416897E+03
  9.365390E+03
  9.313889E+03
  9.259548E+03
  9.203731E+03
  9.147919E+03
  9.092112E+03
  9.032917E+03
  8.973478E+03
  8.914046E+03
  8.853327E+03
  8.790602E+03
  8.727893E+03
  8.665108E+03
  8.599164E+03
  8.533255E+03
  8.467380E+03
  8.399013E+03
  8.330192E+03
  8.261426E+03
  8.190097E+03
  8.118168E+03
  8.046304E+03
  7.970683E+03
  7.894767E+03
  7.818057E+03
  7.737332E+03
  7.656666E+03
  7.573039E+03
  7.487202E+03
  7.400880E+03
  7.309771E+03
  7.218703E+03
  7.123816E+03
  7.027684E+03
  6.929195E+03
  6.828528E+03
  6.726232E+03
  6.621474E+03
  6.515300E+03
  6.406857E+03
  6.296954E+03
  6.185421E+03
  6.072199E+03
  5.958099E+03
  5.841948E+03
  5.725105E+03
  5.606916E+03
  5.487501E+03
  5.367227E+03
  5.245732E+03
  5.122792E+03
  4.998684E+03
  4.873351E+03
  4.746897E+03
  4.620569E+03
  4.499131E+03
  4.392345E+03
  4.316091E+03
  4.297742E+03
  4.397490E+03
  4.582600E+03
  4.394961E+03
  4.582451E+03
  1.413909E+03
  2.253725E-03
 -1.880847E+01
 -1.876855E+01
 -1.872865E+01
 -1.868874E+01
 -1.864884E+01
 -1.860895E+01
 -1.856906E+01
 -1.852917E+01
 -1.848929E+01
 -1.839624E+01
 -1.830076E+01
 -1.820528E+01
 -1.810982E+01
 -1.801435E+01
 -1.791889E+01
 -1.782344E+01
 -1.771487E+01
 -1.757777E+01
 -1.744068E+01
 -1.730359E+01
 -1.716650E+01
 -1.702941E+01
 -1.689233E+01
 -1.675110E+01
 -1.653903E+01
 -1.632696E+01
 -1.611489E+01
 -1.590283E+01
 -1.569077E+01
 -1.547872E+01
 -1.524965E+01
 -1.493053E+01
 -1.461142E+01
 -1.429230E+01
 -1.397319E+01
 -1.365408E+01
 -1.333498E+01
 -1.293261E+01
 -1.247639E+01
 -1.202017E+01
 -1.156395E+01
 -1.110774E+01
 -1.065153E+01
 -1.015076E+01
 -9.578284E+00
 -9.005804E+00
 -8.433325E+00
 -7.860847E+00
 -7.288370E+00
 -6.679383E+00
 -6.029283E+00
 -5.379183E+00
 -4.729081E+00
 -4.078979E+00
 -3.428875E+00
 -2.371642E+00
 -1.244326E+00
 -1.170087E-01
  1.010311E+00
  2.137634E+00
  3.866014E+00
  6.156379E+00
  8.446747E+00
  1.073712E+01
  1.302749E+01
  1.600542E+01
  1.983304E+01
  2.366065E+01
  2.748826E+01
  3.131586E+01
  3.614880E+01
  4.156909E+01
  4.698935E+01
  5.240958E+01
  5.792288E+01
  6.500681E+01
  7.209068E+01
  7.917450E+01
  8.625829E+01
  9.517774E+01
  1.048489E+02
  1.145201E+02
  1.241912E+02
  1.358881E+02
  1.490500E+02
  1.622118E+02
  1.753734E+02
  1.907476E+02
  2.072733E+02
  2.237982E+02
  2.403224E+02
  2.594900E+02
  2.788515E+02
  2.982109E+02
  3.182219E+02
  3.392486E+02
  3.602715E+02
  3.812068E+02
  3.991702E+02
  4.171296E+02
  4.350850E+02
  4.456124E+02
  4.546446E+02
  4.636760E+02
  4.649108E+02
  4.641650E+02
  4.634227E+02
  4.557614E+02
  4.474520E+02
  4.382338E+02
  4.246846E+02
  4.111432E+02
  3.957292E+02
  3.789150E+02
  3.619245E+02
  3.432793E+02
  3.246402E+02
  3.050950E+02
  2.852518E+02
  2.640966E+02
  2.417280E+02
  2.179847E+02
  1.921766E+02
  1.657103E+02
  1.381961E+02
  1.107806E+02
  8.347375E+01
  5.706790E+01
  3.113355E+01
  7.055343E+00
 -1.622542E+01
 -3.789011E+01
 -5.783612E+01
 -7.656876E+01
 -9.356181E+01
 -1.086531E+02
 -1.222849E+02
 -1.343260E+02
 -1.446452E+02
 -1.527932E+02
 -1.587432E+02
 -1.621058E+02
 -1.621598E+02
 -1.581982E+02
 -1.510866E+02
 -1.407949E+02
 -1.188881E+02
 -1.400750E+02
  4.653453E+03
  3.446204E-02
