 Title= "ADflow Lift Distribution Data"
Variables = "eta" "CoordinateX" "CoordinateY" "CoordinateZ" "Lift" "Drag" "Moment" "Normalized Lift" "Normalized Drag" "Normalized Moment" "CL" "CD" "CM" "CLp" "CDp" "CMp" "CLv" "CDv" "CMv" "Elliptical" "thickness" "twist" "chord" "fx" "fy" "fz" 
Zone T= "LiftDist_01 allWalls: : z normal"
 I=          150
 DATAPACKING=BLOCK
  0.000000E+00
  6.711405E-03
  1.342281E-02
  2.013422E-02
  2.684563E-02
  3.355704E-02
  4.026845E-02
  4.697986E-02
  5.369127E-02
  6.040268E-02
  6.711409E-02
  7.382550E-02
  8.053691E-02
  8.724832E-02
  9.395973E-02
  1.006711E-01
  1.073825E-01
  1.140940E-01
  1.208054E-01
  1.275168E-01
  1.342282E-01
  1.409396E-01
  1.476510E-01
  1.543624E-01
  1.610738E-01
  1.677852E-01
  1.744966E-01
  1.812081E-01
  1.879195E-01
  1.946309E-01
  2.013423E-01
  2.080537E-01
  2.147651E-01
  2.214765E-01
  2.281879E-01
  2.348993E-01
  2.416107E-01
  2.483221E-01
  2.550336E-01
  2.617450E-01
  2.684564E-01
  2.751678E-01
  2.818792E-01
  2.885906E-01
  2.953020E-01
  3.020134E-01
  3.087248E-01
  3.154362E-01
  3.221476E-01
  3.288591E-01
  3.355705E-01
  3.422819E-01
  3.489933E-01
  3.557047E-01
  3.624161E-01
  3.691275E-01
  3.758389E-01
  3.825503E-01
  3.892617E-01
  3.959732E-01
  4.026846E-01
  4.093960E-01
  4.161074E-01
  4.228188E-01
  4.295302E-01
  4.362416E-01
  4.429530E-01
  4.496644E-01
  4.563758E-01
  4.630872E-01
  4.697987E-01
  4.765101E-01
  4.832215E-01
  4.899329E-01
  4.966443E-01
  5.033557E-01
  5.100671E-01
  5.167785E-01
  5.234899E-01
  5.302013E-01
  5.369128E-01
  5.436242E-01
  5.503356E-01
  5.570470E-01
  5.637584E-01
  5.704698E-01
  5.771812E-01
  5.838926E-01
  5.906040E-01
  5.973154E-01
  6.040268E-01
  6.107383E-01
  6.174497E-01
  6.241611E-01
  6.308725E-01
  6.375839E-01
  6.442953E-01
  6.510067E-01
  6.577181E-01
  6.644295E-01
  6.711409E-01
  6.778524E-01
  6.845638E-01
  6.912752E-01
  6.979866E-01
  7.046980E-01
  7.114094E-01
  7.181208E-01
  7.248322E-01
  7.315436E-01
  7.382550E-01
  7.449664E-01
  7.516779E-01
  7.583893E-01
  7.651007E-01
  7.718121E-01
  7.785235E-01
  7.852349E-01
  7.919463E-01
  7.986577E-01
  8.053691E-01
  8.120805E-01
  8.187919E-01
  8.255034E-01
  8.322148E-01
  8.389262E-01
  8.456376E-01
  8.523490E-01
  8.590604E-01
  8.657718E-01
  8.724832E-01
  8.791946E-01
  8.859060E-01
  8.926175E-01
  8.993289E-01
  9.060403E-01
  9.127517E-01
  9.194631E-01
  9.261745E-01
  9.328859E-01
  9.395973E-01
  9.463087E-01
  9.530201E-01
  9.597315E-01
  9.664430E-01
  9.731544E-01
  9.798658E-01
  9.865772E-01
  9.932886E-01
  1.000000E+00
  0.000000E+00
  0.000000E+00
  0.000000E+00
  0.000000E+00
  0.000000E+00
  0.000000E+00
  0.000000E+00
  0.000000E+00
  0.000000E+00
  0.000000E+00
  0.000000E+00
  0.000000E+00
  0.000000E+00
  0.000000E+00
  0.000000E+00
  0.000000E+00
  0.000000E+00
  0.000000E+00
  0.000000E+00
  0.000000E+00
  0.000000E+00
  0.000000E+00
  0.000000E+00
  0.000000E+00
  0.000000E+00
  0.000000E+00
  0.000000E+00
  0.000000E+00
  0.000000E+00
  0.000000E+00
  0.000000E+00
  0.000000E+00
  0.000000E+00
  0.000000E+00
  0.000000E+00
  0.000000E+00
  0.000000E+00
  0.000000E+00
  0.000000E+00
  0.000000E+00
  0.000000E+00
  0.000000E+00
  0.000000E+00
  0.000000E+00
  0.000000E+00
  0.000000E+00
  0.000000E+00
  0.000000E+00
  0.000000E+00
  0.000000E+00
  0.000000E+00
  0.000000E+00
  0.000000E+00
  0.000000E+00
  0.000000E+00
  0.000000E+00
  0.000000E+00
  0.000000E+00
  0.000000E+00
  0.000000E+00
  0.000000E+00
  0.000000E+00
  0.000000E+00
  0.000000E+00
  0.000000E+00
  0.000000E+00
  0.000000E+00
  0.000000E+00
  0.000000E+00
  0.000000E+00
  0.000000E+00
  0.000000E+00
  0.000000E+00
  0.000000E+00
  0.000000E+00
  0.000000E+00
  0.000000E+00
  0.000000E+00
  0.000000E+00
  0.000000E+00
  0.000000E+00
  0.000000E+00
  0.000000E+00
  0.000000E+00
  0.000000E+00
  0.000000E+00
  0.000000E+00
  0.000000E+00
  0.000000E+00
  0.000000E+00
  0.000000E+00
  0.000000E+00
  0.000000E+00
  0.000000E+00
  0.000000E+00
  0.000000E+00
  0.000000E+00
  0.000000E+00
  0.000000E+00
  0.000000E+00
  0.000000E+00
  0.000000E+00
  0.000000E+00
  0.000000E+00
  0.000000E+00
  0.000000E+00
  0.000000E+00
  0.000000E+00
  0.000000E+00
  0.000000E+00
  0.000000E+00
  0.000000E+00
  0.000000E+00
  0.000000E+00
  0.000000E+00
  0.000000E+00
  0.000000E+00
  0.000000E+00
  0.000000E+00
  0.000000E+00
  0.000000E+00
  0.000000E+00
  0.000000E+00
  0.000000E+00
  0.000000E+00
  0.000000E+00
  0.000000E+00
  0.000000E+00
  0.000000E+00
  0.000000E+00
  0.000000E+00
  0.000000E+00
  0.000000E+00
  0.000000E+00
  0.000000E+00
  0.000000E+00
  0.000000E+00
  0.000000E+00
  0.000000E+00
  0.000000E+00
  0.000000E+00
  0.000000E+00
  0.000000E+00
  0.000000E+00
  0.000000E+00
  0.000000E+00
  0.000000E+00
  0.000000E+00
  0.000000E+00
  0.000000E+00
  0.000000E+00
  0.000000E+00
  0.000000E+00
  0.000000E+00
  0.000000E+00
  0.000000E+00
  0.000000E+00
  0.000000E+00
  0.000000E+00
  0.000000E+00
  0.000000E+00
  0.000000E+00
  0.000000E+00
  0.000000E+00
  0.000000E+00
  0.000000E+00
  0.000000E+00
  0.000000E+00
  0.000000E+00
  0.000000E+00
  0.000000E+00
  0.000000E+00
  0.000000E+00
  0.000000E+00
  0.000000E+00
  0.000000E+00
  0.000000E+00
  0.000000E+00
  0.000000E+00
  0.000000E+00
  0.000000E+00
  0.000000E+00
  0.000000E+00
  0.000000E+00
  0.000000E+00
  0.000000E+00
  0.000000E+00
  0.000000E+00
  0.000000E+00
  0.000000E+00
  0.000000E+00
  0.000000E+00
  0.000000E+00
  0.000000E+00
  0.000000E+00
  0.000000E+00
  0.000000E+00
  0.000000E+00
  0.000000E+00
  0.000000E+00
  0.000000E+00
  0.000000E+00
  0.000000E+00
  0.000000E+00
  0.000000E+00
  0.000000E+00
  0.000000E+00
  0.000000E+00
  0.000000E+00
  0.000000E+00
  0.000000E+00
  0.000000E+00
  0.000000E+00
  0.000000E+00
  0.000000E+00
  0.000000E+00
  0.000000E+00
  0.000000E+00
  0.000000E+00
  0.000000E+00
  0.000000E+00
  0.000000E+00
  0.000000E+00
  0.000000E+00
  0.000000E+00
  0.000000E+00
  0.000000E+00
  0.000000E+00
  0.000000E+00
  0.000000E+00
  0.000000E+00
  0.000000E+00
  0.000000E+00
  0.000000E+00
  0.000000E+00
  0.000000E+00
  0.000000E+00
  0.000000E+00
  0.000000E+00
  0.000000E+00
  0.000000E+00
  0.000000E+00
  0.000000E+00
  0.000000E+00
  0.000000E+00
  0.000000E+00
  0.000000E+00
  0.000000E+00
  0.000000E+00
  0.000000E+00
  0.000000E+00
  0.000000E+00
  0.000000E+00
  0.000000E+00
  0.000000E+00
  0.000000E+00
  0.000000E+00
  0.000000E+00
  0.000000E+00
  0.000000E+00
  0.000000E+00
  0.000000E+00
  0.000000E+00
  0.000000E+00
  0.000000E+00
  0.000000E+00
  0.000000E+00
  0.000000E+00
  0.000000E+00
  0.000000E+00
  0.000000E+00
  0.000000E+00
  0.000000E+00
  0.000000E+00
  0.000000E+00
  0.000000E+00
  0.000000E+00
  0.000000E+00
  0.000000E+00
  0.000000E+00
  0.000000E+00
  0.000000E+00
  0.000000E+00
  0.000000E+00
  0.000000E+00
  0.000000E+00
  0.000000E+00
  0.000000E+00
  0.000000E+00
  0.000000E+00
  0.000000E+00
  0.000000E+00
  0.000000E+00
  0.000000E+00
  0.000000E+00
  0.000000E+00
  0.000000E+00
  0.000000E+00
  0.000000E+00
  0.000000E+00
  1.000000E-08
  1.690972E-02
  3.381945E-02
  5.072917E-02
  6.763890E-02
  8.454862E-02
  1.014583E-01
  1.183681E-01
  1.352778E-01
  1.521875E-01
  1.690972E-01
  1.860070E-01
  2.029167E-01
  2.198264E-01
  2.367361E-01
  2.536459E-01
  2.705556E-01
  2.874653E-01
  3.043750E-01
  3.212848E-01
  3.381945E-01
  3.551042E-01
  3.720139E-01
  3.889237E-01
  4.058334E-01
  4.227431E-01
  4.396528E-01
  4.565626E-01
  4.734723E-01
  4.903820E-01
  5.072917E-01
  5.242015E-01
  5.411112E-01
  5.580209E-01
  5.749306E-01
  5.918404E-01
  6.087501E-01
  6.256598E-01
  6.425695E-01
  6.594792E-01
  6.763890E-01
  6.932987E-01
  7.102084E-01
  7.271181E-01
  7.440279E-01
  7.609376E-01
  7.778473E-01
  7.947570E-01
  8.116668E-01
  8.285765E-01
  8.454862E-01
  8.623959E-01
  8.793057E-01
  8.962154E-01
  9.131251E-01
  9.300348E-01
  9.469446E-01
  9.638543E-01
  9.807640E-01
  9.976737E-01
  1.014583E+00
  1.031493E+00
  1.048403E+00
  1.065313E+00
  1.082222E+00
  1.099132E+00
  1.116042E+00
  1.132952E+00
  1.149861E+00
  1.166771E+00
  1.183681E+00
  1.200590E+00
  1.217500E+00
  1.234410E+00
  1.251320E+00
  1.268229E+00
  1.285139E+00
  1.302049E+00
  1.318958E+00
  1.335868E+00
  1.352778E+00
  1.369688E+00
  1.386597E+00
  1.403507E+00
  1.420417E+00
  1.437327E+00
  1.454236E+00
  1.471146E+00
  1.488056E+00
  1.504965E+00
  1.521875E+00
  1.538785E+00
  1.555695E+00
  1.572604E+00
  1.589514E+00
  1.606424E+00
  1.623334E+00
  1.640243E+00
  1.657153E+00
  1.674063E+00
  1.690972E+00
  1.707882E+00
  1.724792E+00
  1.741702E+00
  1.758611E+00
  1.775521E+00
  1.792431E+00
  1.809341E+00
  1.826250E+00
  1.843160E+00
  1.860070E+00
  1.876979E+00
  1.893889E+00
  1.910799E+00
  1.927709E+00
  1.944618E+00
  1.961528E+00
  1.978438E+00
  1.995347E+00
  2.012257E+00
  2.029167E+00
  2.046077E+00
  2.062986E+00
  2.079896E+00
  2.096806E+00
  2.113716E+00
  2.130625E+00
  2.147535E+00
  2.164445E+00
  2.181354E+00
  2.198264E+00
  2.215174E+00
  2.232084E+00
  2.248993E+00
  2.265903E+00
  2.282813E+00
  2.299723E+00
  2.316632E+00
  2.333542E+00
  2.350452E+00
  2.367361E+00
  2.384271E+00
  2.401181E+00
  2.418091E+00
  2.435000E+00
  2.451910E+00
  2.468820E+00
  2.485729E+00
  2.502639E+00
  2.519549E+00
  1.110556E+04
  1.110391E+04
  1.110226E+04
  1.110061E+04
  1.109896E+04
  1.109731E+04
  1.109566E+04
  1.109400E+04
  1.109235E+04
  1.108759E+04
  1.108268E+04
  1.107777E+04
  1.107286E+04
  1.106796E+04
  1.106305E+04
  1.105814E+04
  1.105229E+04
  1.104439E+04
  1.103650E+04
  1.102860E+04
  1.102070E+04
  1.101281E+04
  1.100491E+04
  1.099684E+04
  1.098583E+04
  1.097482E+04
  1.096381E+04
  1.095280E+04
  1.094179E+04
  1.093077E+04
  1.091922E+04
  1.090477E+04
  1.089032E+04
  1.087587E+04
  1.086142E+04
  1.084697E+04
  1.083252E+04
  1.081582E+04
  1.079767E+04
  1.077951E+04
  1.076136E+04
  1.074321E+04
  1.072505E+04
  1.070540E+04
  1.068335E+04
  1.066129E+04
  1.063924E+04
  1.061719E+04
  1.059514E+04
  1.057116E+04
  1.054502E+04
  1.051887E+04
  1.049273E+04
  1.046659E+04
  1.044046E+04
  1.041069E+04
  1.038030E+04
  1.034991E+04
  1.031953E+04
  1.028915E+04
  1.025656E+04
  1.022189E+04
  1.018723E+04
  1.015257E+04
  1.011792E+04
  1.008137E+04
  1.004246E+04
  1.000356E+04
  9.964658E+03
  9.925765E+03
  9.884227E+03
  9.841146E+03
  9.798069E+03
  9.754998E+03
  9.711710E+03
  9.664678E+03
  9.617650E+03
  9.570627E+03
  9.523609E+03
  9.473987E+03
  9.423301E+03
  9.372622E+03
  9.321948E+03
  9.269319E+03
  9.215279E+03
  9.161246E+03
  9.107220E+03
  9.051359E+03
  8.994545E+03
  8.937740E+03
  8.880942E+03
  8.822236E+03
  8.763398E+03
  8.704569E+03
  8.645070E+03
  8.584524E+03
  8.523994E+03
  8.463432E+03
  8.401256E+03
  8.339110E+03
  8.276995E+03
  8.213782E+03
  8.150389E+03
  8.087045E+03
  8.022405E+03
  7.957482E+03
  7.892618E+03
  7.825201E+03
  7.757598E+03
  7.689374E+03
  7.617977E+03
  7.546636E+03
  7.472764E+03
  7.397003E+03
  7.320806E+03
  7.240293E+03
  7.159814E+03
  7.075687E+03
  6.990365E+03
  6.902588E+03
  6.812541E+03
  6.720664E+03
  6.626031E+03
  6.529720E+03
  6.430732E+03
  6.329869E+03
  6.226917E+03
  6.121611E+03
  6.015074E+03
  5.905511E+03
  5.794878E+03
  5.682170E+03
  5.567539E+03
  5.451583E+03
  5.333776E+03
  5.213877E+03
  5.092275E+03
  4.968783E+03
  4.843283E+03
  4.716307E+03
  4.591997E+03
  4.479249E+03
  4.392845E+03
  4.358770E+03
  4.434988E+03
  4.587582E+03
  4.374173E+03
  4.557359E+03
  1.310774E+03
  2.222702E-03
  6.207848E+02
  6.207273E+02
  6.206697E+02
  6.206121E+02
  6.205546E+02
  6.204970E+02
  6.204394E+02
  6.203819E+02
  6.203243E+02
  6.202087E+02
  6.200903E+02
  6.199720E+02
  6.198537E+02
  6.197354E+02
  6.196171E+02
  6.194988E+02
  6.193845E+02
  6.192787E+02
  6.191730E+02
  6.190672E+02
  6.189615E+02
  6.188558E+02
  6.187501E+02
  6.186429E+02
  6.185116E+02
  6.183803E+02
  6.182490E+02
  6.181177E+02
  6.179865E+02
  6.178552E+02
  6.177088E+02
  6.174820E+02
  6.172554E+02
  6.170287E+02
  6.168021E+02
  6.165755E+02
  6.163489E+02
  6.160552E+02
  6.157180E+02
  6.153810E+02
  6.150440E+02
  6.147070E+02
  6.143702E+02
  6.139976E+02
  6.135676E+02
  6.131378E+02
  6.127081E+02
  6.122785E+02
  6.118491E+02
  6.113765E+02
  6.108553E+02
  6.103344E+02
  6.098138E+02
  6.092936E+02
  6.087737E+02
  6.081556E+02
  6.075212E+02
  6.068875E+02
  6.062544E+02
  6.056220E+02
  6.049148E+02
  6.041379E+02
  6.033619E+02
  6.025868E+02
  6.018127E+02
  6.009410E+02
  5.999484E+02
  5.989568E+02
  5.979663E+02
  5.969768E+02
  5.957774E+02
  5.944556E+02
  5.931346E+02
  5.918145E+02
  5.904721E+02
  5.887393E+02
  5.870071E+02
  5.852756E+02
  5.835448E+02
  5.814597E+02
  5.792301E+02
  5.770014E+02
  5.747734E+02
  5.721816E+02
  5.693271E+02
  5.664738E+02
  5.636216E+02
  5.603273E+02
  5.568037E+02
  5.532816E+02
  5.497611E+02
  5.456410E+02
  5.414790E+02
  5.373199E+02
  5.328658E+02
  5.279523E+02
  5.230445E+02
  5.181199E+02
  5.124060E+02
  5.067030E+02
  5.010109E+02
  4.949689E+02
  4.888693E+02
  4.827849E+02
  4.768028E+02
  4.708586E+02
  4.649299E+02
  4.594281E+02
  4.539780E+02
  4.486553E+02
  4.438887E+02
  4.391298E+02
  4.348379E+02
  4.308943E+02
  4.270394E+02
  4.239600E+02
  4.208809E+02
  4.184272E+02
  4.161799E+02
  4.143178E+02
  4.128118E+02
  4.115281E+02
  4.105795E+02
  4.097598E+02
  4.091462E+02
  4.086255E+02
  4.082099E+02
  4.078904E+02
  4.076265E+02
  4.075067E+02
  4.074677E+02
  4.075869E+02
  4.079500E+02
  4.085313E+02
  4.094795E+02
  4.109922E+02
  4.130670E+02
  4.158723E+02
  4.196578E+02
  4.251656E+02
  4.334026E+02
  4.464569E+02
  4.677973E+02
  5.033021E+02
  5.644424E+02
  6.504379E+02
  6.973153E+02
  8.084903E+02
  3.448404E+02
  4.894776E-04
  2.021681E+03
  2.021347E+03
  2.021014E+03
  2.020681E+03
  2.020348E+03
  2.020014E+03
  2.019681E+03
  2.019348E+03
  2.019015E+03
  2.018075E+03
  2.017108E+03
  2.016141E+03
  2.015174E+03
  2.014207E+03
  2.013240E+03
  2.012273E+03
  2.011118E+03
  2.009557E+03
  2.007995E+03
  2.006434E+03
  2.004872E+03
  2.003311E+03
  2.001749E+03
  2.000147E+03
  1.997843E+03
  1.995539E+03
  1.993236E+03
  1.990932E+03
  1.988628E+03
  1.986324E+03
  1.983868E+03
  1.980602E+03
  1.977337E+03
  1.974072E+03
  1.970806E+03
  1.967541E+03
  1.964276E+03
  1.960314E+03
  1.955902E+03
  1.951490E+03
  1.947078E+03
  1.942722E+03
  1.938309E+03
  1.933396E+03
  1.927678E+03
  1.921959E+03
  1.916241E+03
  1.910522E+03
  1.904804E+03
  1.898406E+03
  1.891242E+03
  1.884079E+03
  1.876916E+03
  1.869753E+03
  1.862591E+03
  1.854177E+03
  1.845549E+03
  1.836922E+03
  1.828295E+03
  1.819669E+03
  1.810365E+03
  1.800427E+03
  1.790491E+03
  1.780555E+03
  1.770621E+03
  1.760186E+03
  1.749133E+03
  1.738081E+03
  1.727030E+03
  1.715981E+03
  1.704398E+03
  1.692504E+03
  1.680610E+03
  1.668718E+03
  1.656811E+03
  1.644618E+03
  1.632427E+03
  1.620237E+03
  1.608049E+03
  1.596012E+03
  1.584037E+03
  1.572065E+03
  1.560094E+03
  1.548375E+03
  1.536839E+03
  1.525304E+03
  1.513773E+03
  1.502771E+03
  1.492046E+03
  1.481325E+03
  1.470606E+03
  1.461156E+03
  1.451804E+03
  1.442456E+03
  1.433647E+03
  1.425680E+03
  1.417719E+03
  1.409789E+03
  1.402668E+03
  1.395562E+03
  1.388469E+03
  1.381768E+03
  1.375128E+03
  1.368545E+03
  1.361977E+03
  1.355434E+03
  1.348916E+03
  1.341573E+03
  1.334176E+03
  1.326495E+03
  1.317365E+03
  1.308257E+03
  1.297893E+03
  1.286588E+03
  1.275061E+03
  1.261381E+03
  1.247711E+03
  1.232267E+03
  1.216238E+03
  1.199110E+03
  1.180965E+03
  1.162143E+03
  1.142302E+03
  1.121994E+03
  1.100943E+03
  1.079563E+03
  1.057818E+03
  1.035965E+03
  1.014057E+03
  9.924950E+02
  9.712261E+02
  9.506040E+02
  9.310179E+02
  9.122840E+02
  8.949458E+02
  8.794684E+02
  8.656009E+02
  8.536514E+02
  8.440461E+02
  8.383413E+02
  8.390926E+02
  8.521689E+02
  8.878328E+02
  9.621851E+02
  1.100650E+03
  1.289910E+03
  1.352916E+03
  1.421057E+03
 -7.608678E+01
  2.785653E-09
  1.246895E+00
  1.246709E+00
  1.246524E+00
  1.246339E+00
  1.246154E+00
  1.245968E+00
  1.245783E+00
  1.245598E+00
  1.245412E+00
  1.244877E+00
  1.244326E+00
  1.243775E+00
  1.243224E+00
  1.242673E+00
  1.242122E+00
  1.241571E+00
  1.240914E+00
  1.240027E+00
  1.239141E+00
  1.238254E+00
  1.237368E+00
  1.236481E+00
  1.235594E+00
  1.234688E+00
  1.233452E+00
  1.232216E+00
  1.230980E+00
  1.229743E+00
  1.228507E+00
  1.227271E+00
  1.225973E+00
  1.224351E+00
  1.222729E+00
  1.221106E+00
  1.219484E+00
  1.217862E+00
  1.216240E+00
  1.214365E+00
  1.212326E+00
  1.210288E+00
  1.208249E+00
  1.206211E+00
  1.204173E+00
  1.201967E+00
  1.199490E+00
  1.197014E+00
  1.194538E+00
  1.192062E+00
  1.189586E+00
  1.186894E+00
  1.183959E+00
  1.181024E+00
  1.178089E+00
  1.175154E+00
  1.172219E+00
  1.168877E+00
  1.165465E+00
  1.162054E+00
  1.158642E+00
  1.155231E+00
  1.151572E+00
  1.147680E+00
  1.143788E+00
  1.139897E+00
  1.136006E+00
  1.131902E+00
  1.127534E+00
  1.123166E+00
  1.118798E+00
  1.114432E+00
  1.109768E+00
  1.104931E+00
  1.100094E+00
  1.095258E+00
  1.090398E+00
  1.085118E+00
  1.079837E+00
  1.074558E+00
  1.069279E+00
  1.063707E+00
  1.058017E+00
  1.052327E+00
  1.046637E+00
  1.040728E+00
  1.034661E+00
  1.028594E+00
  1.022528E+00
  1.016256E+00
  1.009877E+00
  1.003499E+00
  9.971224E-01
  9.905311E-01
  9.839249E-01
  9.773198E-01
  9.706394E-01
  9.638416E-01
  9.570454E-01
  9.502458E-01
  9.432648E-01
  9.362873E-01
  9.293132E-01
  9.222159E-01
  9.150983E-01
  9.079862E-01
  9.007287E-01
  8.934394E-01
  8.861567E-01
  8.785873E-01
  8.709971E-01
  8.633372E-01
  8.553209E-01
  8.473110E-01
  8.390168E-01
  8.305107E-01
  8.219556E-01
  8.129158E-01
  8.038799E-01
  7.944344E-01
  7.848547E-01
  7.749995E-01
  7.648892E-01
  7.545736E-01
  7.439485E-01
  7.331350E-01
  7.220210E-01
  7.106965E-01
  6.991374E-01
  6.873140E-01
  6.753524E-01
  6.630510E-01
  6.506295E-01
  6.379750E-01
  6.251046E-01
  6.120855E-01
  5.988585E-01
  5.853966E-01
  5.717436E-01
  5.578783E-01
  5.437875E-01
  5.295311E-01
  5.155741E-01
  5.029150E-01
  4.932139E-01
  4.893880E-01
  4.979455E-01
  5.150783E-01
  4.911175E-01
  5.116850E-01
  1.471693E-01
  2.495575E-07
  1.132472E+00
  1.132367E+00
  1.132262E+00
  1.132157E+00
  1.132052E+00
  1.131947E+00
  1.131842E+00
  1.131737E+00
  1.131632E+00
  1.131421E+00
  1.131205E+00
  1.130989E+00
  1.130773E+00
  1.130558E+00
  1.130342E+00
  1.130126E+00
  1.129917E+00
  1.129724E+00
  1.129532E+00
  1.129339E+00
  1.129146E+00
  1.128953E+00
  1.128760E+00
  1.128565E+00
  1.128325E+00
  1.128085E+00
  1.127846E+00
  1.127606E+00
  1.127367E+00
  1.127128E+00
  1.126860E+00
  1.126447E+00
  1.126033E+00
  1.125620E+00
  1.125206E+00
  1.124793E+00
  1.124380E+00
  1.123844E+00
  1.123229E+00
  1.122614E+00
  1.121999E+00
  1.121384E+00
  1.120770E+00
  1.120090E+00
  1.119306E+00
  1.118522E+00
  1.117738E+00
  1.116954E+00
  1.116171E+00
  1.115309E+00
  1.114358E+00
  1.113408E+00
  1.112458E+00
  1.111509E+00
  1.110560E+00
  1.109433E+00
  1.108276E+00
  1.107120E+00
  1.105965E+00
  1.104811E+00
  1.103521E+00
  1.102104E+00
  1.100688E+00
  1.099274E+00
  1.097862E+00
  1.096272E+00
  1.094461E+00
  1.092652E+00
  1.090845E+00
  1.089040E+00
  1.086852E+00
  1.084441E+00
  1.082031E+00
  1.079623E+00
  1.077174E+00
  1.074013E+00
  1.070853E+00
  1.067694E+00
  1.064536E+00
  1.060733E+00
  1.056665E+00
  1.052600E+00
  1.048535E+00
  1.043807E+00
  1.038600E+00
  1.033395E+00
  1.028191E+00
  1.022182E+00
  1.015754E+00
  1.009329E+00
  1.002906E+00
  9.953901E-01
  9.877977E-01
  9.802103E-01
  9.720849E-01
  9.631214E-01
  9.541683E-01
  9.451846E-01
  9.347609E-01
  9.243572E-01
  9.139733E-01
  9.029511E-01
  8.918240E-01
  8.807245E-01
  8.698115E-01
  8.589678E-01
  8.481523E-01
  8.381155E-01
  8.281731E-01
  8.184632E-01
  8.097676E-01
  8.010863E-01
  7.932567E-01
  7.860625E-01
  7.790302E-01
  7.734127E-01
  7.677954E-01
  7.633193E-01
  7.592197E-01
  7.558227E-01
  7.530754E-01
  7.507337E-01
  7.490032E-01
  7.475078E-01
  7.463884E-01
  7.454385E-01
  7.446803E-01
  7.440974E-01
  7.436161E-01
  7.433975E-01
  7.433264E-01
  7.435438E-01
  7.442061E-01
  7.452666E-01
  7.469965E-01
  7.497559E-01
  7.535409E-01
  7.586586E-01
  7.655642E-01
  7.756120E-01
  7.906383E-01
  8.144528E-01
  8.533831E-01
  9.181530E-01
  1.029689E+00
  1.186567E+00
  1.272083E+00
  1.474895E+00
  6.290780E-01
  8.929336E-07
  1.280572E+00
  1.280361E+00
  1.280150E+00
  1.279939E+00
  1.279728E+00
  1.279517E+00
  1.279306E+00
  1.279095E+00
  1.278884E+00
  1.278289E+00
  1.277676E+00
  1.277064E+00
  1.276451E+00
  1.275838E+00
  1.275226E+00
  1.274613E+00
  1.273882E+00
  1.272893E+00
  1.271904E+00
  1.270915E+00
  1.269926E+00
  1.268937E+00
  1.267948E+00
  1.266933E+00
  1.265473E+00
  1.264014E+00
  1.262555E+00
  1.261096E+00
  1.259636E+00
  1.258177E+00
  1.256621E+00
  1.254553E+00
  1.252484E+00
  1.250416E+00
  1.248348E+00
  1.246279E+00
  1.244211E+00
  1.241702E+00
  1.238907E+00
  1.236112E+00
  1.233317E+00
  1.230558E+00
  1.227764E+00
  1.224652E+00
  1.221029E+00
  1.217407E+00
  1.213785E+00
  1.210163E+00
  1.206541E+00
  1.202488E+00
  1.197950E+00
  1.193413E+00
  1.188876E+00
  1.184339E+00
  1.179802E+00
  1.174473E+00
  1.169007E+00
  1.163543E+00
  1.158078E+00
  1.152615E+00
  1.146721E+00
  1.140426E+00
  1.134132E+00
  1.127839E+00
  1.121546E+00
  1.114936E+00
  1.107935E+00
  1.100935E+00
  1.093935E+00
  1.086936E+00
  1.079599E+00
  1.072065E+00
  1.064532E+00
  1.056999E+00
  1.049457E+00
  1.041734E+00
  1.034012E+00
  1.026290E+00
  1.018570E+00
  1.010945E+00
  1.003361E+00
  9.957771E-01
  9.881947E-01
  9.807714E-01
  9.734639E-01
  9.661580E-01
  9.588535E-01
  9.518846E-01
  9.450915E-01
  9.383002E-01
  9.315109E-01
  9.255250E-01
  9.196012E-01
  9.136801E-01
  9.081006E-01
  9.030538E-01
  8.980114E-01
  8.929879E-01
  8.884779E-01
  8.839765E-01
  8.794837E-01
  8.752391E-01
  8.710334E-01
  8.668634E-01
  8.627033E-01
  8.585586E-01
  8.544302E-01
  8.497791E-01
  8.450938E-01
  8.402281E-01
  8.344447E-01
  8.286759E-01
  8.221108E-01
  8.149504E-01
  8.076491E-01
  7.989835E-01
  7.903251E-01
  7.805425E-01
  7.703889E-01
  7.595399E-01
  7.480468E-01
  7.361244E-01
  7.235566E-01
  7.106931E-01
  6.973591E-01
  6.838168E-01
  6.700431E-01
  6.562005E-01
  6.423239E-01
  6.286660E-01
  6.151938E-01
  6.021313E-01
  5.897251E-01
  5.778587E-01
  5.668763E-01
  5.570727E-01
  5.482887E-01
  5.407197E-01
  5.346355E-01
  5.310220E-01
  5.314978E-01
  5.397806E-01
  5.623709E-01
  6.094671E-01
  6.971733E-01
  8.170547E-01
  8.569640E-01
  9.001256E-01
 -4.819487E-02
  1.764488E-12
  9.832936E-01
  9.831475E-01
  9.830013E-01
  9.828552E-01
  9.827091E-01
  9.825630E-01
  9.824169E-01
  9.822708E-01
  9.821246E-01
  9.817027E-01
  9.812681E-01
  9.808335E-01
  9.803990E-01
  9.799644E-01
  9.795298E-01
  9.790953E-01
  9.785774E-01
  9.778782E-01
  9.771791E-01
  9.764799E-01
  9.757808E-01
  9.750816E-01
  9.743825E-01
  9.736680E-01
  9.726931E-01
  9.717182E-01
  9.707433E-01
  9.697684E-01
  9.687935E-01
  9.678186E-01
  9.667953E-01
  9.655160E-01
  9.642367E-01
  9.629574E-01
  9.616781E-01
  9.603989E-01
  9.591196E-01
  9.576410E-01
  9.560336E-01
  9.544261E-01
  9.528187E-01
  9.512113E-01
  9.496039E-01
  9.478642E-01
  9.459114E-01
  9.439587E-01
  9.420061E-01
  9.400535E-01
  9.381009E-01
  9.359780E-01
  9.336631E-01
  9.313484E-01
  9.290338E-01
  9.267193E-01
  9.244050E-01
  9.217693E-01
  9.190785E-01
  9.163879E-01
  9.136977E-01
  9.110076E-01
  9.081215E-01
  9.050521E-01
  9.019831E-01
  8.989145E-01
  8.958463E-01
  8.926095E-01
  8.891642E-01
  8.857195E-01
  8.822752E-01
  8.788314E-01
  8.751534E-01
  8.713386E-01
  8.675243E-01
  8.637105E-01
  8.598774E-01
  8.557128E-01
  8.515485E-01
  8.473847E-01
  8.432212E-01
  8.388272E-01
  8.343391E-01
  8.298514E-01
  8.253643E-01
  8.207041E-01
  8.159191E-01
  8.111346E-01
  8.063508E-01
  8.014047E-01
  7.963746E-01
  7.913451E-01
  7.863162E-01
  7.811190E-01
  7.759100E-01
  7.707019E-01
  7.654345E-01
  7.600749E-01
  7.547165E-01
  7.493552E-01
  7.438513E-01
  7.383498E-01
  7.328507E-01
  7.272543E-01
  7.216410E-01
  7.160316E-01
  7.103071E-01
  7.045571E-01
  6.988119E-01
  6.928404E-01
  6.868522E-01
  6.808088E-01
  6.744846E-01
  6.681652E-01
  6.616220E-01
  6.549119E-01
  6.481633E-01
  6.410334E-01
  6.339066E-01
  6.264577E-01
  6.189034E-01
  6.111324E-01
  6.031609E-01
  5.950277E-01
  5.866510E-01
  5.781259E-01
  5.693641E-01
  5.604363E-01
  5.513235E-01
  5.420021E-01
  5.325716E-01
  5.228729E-01
  5.130792E-01
  5.031014E-01
  4.929530E-01
  4.826869E-01
  4.722564E-01
  4.616399E-01
  4.508722E-01
  4.399369E-01
  4.288233E-01
  4.175788E-01
  4.065700E-01
  3.965845E-01
  3.889313E-01
  3.859107E-01
  3.926547E-01
  4.061600E-01
  3.872610E-01
  4.034735E-01
  1.351903E-01
  3.943301E-02
  5.496471E-02
  5.495962E-02
  5.495452E-02
  5.494942E-02
  5.494433E-02
  5.493923E-02
  5.493413E-02
  5.492904E-02
  5.492394E-02
  5.491370E-02
  5.490322E-02
  5.489275E-02
  5.488227E-02
  5.487180E-02
  5.486133E-02
  5.485085E-02
  5.484073E-02
  5.483137E-02
  5.482200E-02
  5.481264E-02
  5.480328E-02
  5.479392E-02
  5.478456E-02
  5.477508E-02
  5.476345E-02
  5.475183E-02
  5.474020E-02
  5.472858E-02
  5.471696E-02
  5.470534E-02
  5.469237E-02
  5.467230E-02
  5.465223E-02
  5.463216E-02
  5.461210E-02
  5.459204E-02
  5.457198E-02
  5.454597E-02
  5.451612E-02
  5.448628E-02
  5.445645E-02
  5.442661E-02
  5.439679E-02
  5.436380E-02
  5.432572E-02
  5.428766E-02
  5.424961E-02
  5.421158E-02
  5.417356E-02
  5.413171E-02
  5.408555E-02
  5.403942E-02
  5.399333E-02
  5.394726E-02
  5.390123E-02
  5.384650E-02
  5.379032E-02
  5.373421E-02
  5.367815E-02
  5.362214E-02
  5.355951E-02
  5.349072E-02
  5.342200E-02
  5.335337E-02
  5.328482E-02
  5.320762E-02
  5.311973E-02
  5.303192E-02
  5.294421E-02
  5.285658E-02
  5.275036E-02
  5.263331E-02
  5.251634E-02
  5.239944E-02
  5.228056E-02
  5.212711E-02
  5.197372E-02
  5.182039E-02
  5.166711E-02
  5.148247E-02
  5.128503E-02
  5.108767E-02
  5.089037E-02
  5.066087E-02
  5.040812E-02
  5.015546E-02
  4.990290E-02
  4.961122E-02
  4.929924E-02
  4.898740E-02
  4.867570E-02
  4.831094E-02
  4.794248E-02
  4.757426E-02
  4.717994E-02
  4.674496E-02
  4.631049E-02
  4.587452E-02
  4.536867E-02
  4.486379E-02
  4.435984E-02
  4.382491E-02
  4.328482E-02
  4.274606E-02
  4.221632E-02
  4.168992E-02
  4.116486E-02
  4.067759E-02
  4.019489E-02
  3.972345E-02
  3.930126E-02
  3.887974E-02
  3.849959E-02
  3.815029E-02
  3.780885E-02
  3.753613E-02
  3.726342E-02
  3.704615E-02
  3.684717E-02
  3.668233E-02
  3.654906E-02
  3.643548E-02
  3.635161E-02
  3.627917E-02
  3.622498E-02
  3.617903E-02
  3.614239E-02
  3.611426E-02
  3.609104E-02
  3.608057E-02
  3.607724E-02
  3.608789E-02
  3.612012E-02
  3.617164E-02
  3.625561E-02
  3.638950E-02
  3.657313E-02
  3.682141E-02
  3.715642E-02
  3.764389E-02
  3.837295E-02
  3.952848E-02
  4.141758E-02
  4.456066E-02
  4.997329E-02
  5.758630E-02
  6.173579E-02
  7.157751E-02
  3.556605E-02
  8.683834E-03
  1.790010E-01
  1.789715E-01
  1.789420E-01
  1.789125E-01
  1.788830E-01
  1.788535E-01
  1.788240E-01
  1.787945E-01
  1.787649E-01
  1.786818E-01
  1.785961E-01
  1.785105E-01
  1.784249E-01
  1.783393E-01
  1.782536E-01
  1.781680E-01
  1.780658E-01
  1.779276E-01
  1.777893E-01
  1.776511E-01
  1.775128E-01
  1.773745E-01
  1.772363E-01
  1.770944E-01
  1.768904E-01
  1.766865E-01
  1.764825E-01
  1.762785E-01
  1.760745E-01
  1.758706E-01
  1.756530E-01
  1.753639E-01
  1.750748E-01
  1.747857E-01
  1.744966E-01
  1.742075E-01
  1.739184E-01
  1.735676E-01
  1.731770E-01
  1.727863E-01
  1.723957E-01
  1.720100E-01
  1.716193E-01
  1.711843E-01
  1.706780E-01
  1.701717E-01
  1.696653E-01
  1.691590E-01
  1.686527E-01
  1.680862E-01
  1.674519E-01
  1.668176E-01
  1.661834E-01
  1.655492E-01
  1.649150E-01
  1.641701E-01
  1.634061E-01
  1.626422E-01
  1.618784E-01
  1.611146E-01
  1.602908E-01
  1.594109E-01
  1.585310E-01
  1.576513E-01
  1.567717E-01
  1.558477E-01
  1.548691E-01
  1.538905E-01
  1.529120E-01
  1.519337E-01
  1.509081E-01
  1.498549E-01
  1.488018E-01
  1.477488E-01
  1.466945E-01
  1.456149E-01
  1.445354E-01
  1.434561E-01
  1.423768E-01
  1.413109E-01
  1.402507E-01
  1.391906E-01
  1.381306E-01
  1.370929E-01
  1.360714E-01
  1.350501E-01
  1.340290E-01
  1.330549E-01
  1.321053E-01
  1.311561E-01
  1.302071E-01
  1.293704E-01
  1.285425E-01
  1.277149E-01
  1.269352E-01
  1.262299E-01
  1.255252E-01
  1.248232E-01
  1.241929E-01
  1.235639E-01
  1.229360E-01
  1.223427E-01
  1.217548E-01
  1.211718E-01
  1.205900E-01
  1.200104E-01
  1.194330E-01
  1.187824E-01
  1.181270E-01
  1.174464E-01
  1.166375E-01
  1.158307E-01
  1.149125E-01
  1.139113E-01
  1.128903E-01
  1.116788E-01
  1.104683E-01
  1.091008E-01
  1.076816E-01
  1.061652E-01
  1.045589E-01
  1.028927E-01
  1.011364E-01
  9.933868E-02
  9.747529E-02
  9.558278E-02
  9.365792E-02
  9.172340E-02
  8.978411E-02
  8.787533E-02
  8.599247E-02
  8.416682E-02
  8.243284E-02
  8.077425E-02
  7.923915E-02
  7.786868E-02
  7.664068E-02
  7.558243E-02
  7.473168E-02
  7.422620E-02
  7.429226E-02
  7.544948E-02
  7.860645E-02
  8.518862E-02
  9.744678E-02
  1.142018E-01
  1.197785E-01
  1.258095E-01
 -7.847418E-03
  4.942034E-08
  9.834882E-01
  9.833421E-01
  9.831960E-01
  9.830499E-01
  9.829038E-01
  9.827577E-01
  9.826116E-01
  9.824655E-01
  9.823194E-01
  9.818975E-01
  9.814630E-01
  9.810284E-01
  9.805939E-01
  9.801594E-01
  9.797249E-01
  9.792904E-01
  9.787726E-01
  9.780736E-01
  9.773746E-01
  9.766756E-01
  9.759766E-01
  9.752776E-01
  9.745786E-01
  9.738643E-01
  9.728896E-01
  9.719150E-01
  9.709403E-01
  9.699657E-01
  9.689910E-01
  9.680164E-01
  9.669934E-01
  9.657144E-01
  9.644355E-01
  9.631566E-01
  9.618777E-01
  9.605988E-01
  9.593199E-01
  9.578418E-01
  9.562348E-01
  9.546279E-01
  9.530209E-01
  9.514140E-01
  9.498071E-01
  9.480679E-01
  9.461158E-01
  9.441637E-01
  9.422117E-01
  9.402597E-01
  9.383078E-01
  9.361856E-01
  9.338715E-01
  9.315576E-01
  9.292438E-01
  9.269301E-01
  9.246166E-01
  9.219818E-01
  9.192920E-01
  9.166024E-01
  9.139131E-01
  9.112240E-01
  9.083389E-01
  9.052706E-01
  9.022027E-01
  8.991352E-01
  8.960681E-01
  8.928325E-01
  8.893885E-01
  8.859450E-01
  8.825020E-01
  8.790594E-01
  8.753826E-01
  8.715692E-01
  8.677562E-01
  8.639437E-01
  8.601119E-01
  8.559486E-01
  8.517857E-01
  8.476232E-01
  8.434611E-01
  8.390683E-01
  8.345815E-01
  8.300952E-01
  8.256093E-01
  8.209505E-01
  8.161667E-01
  8.113835E-01
  8.066010E-01
  8.016561E-01
  7.966272E-01
  7.915989E-01
  7.865712E-01
  7.813751E-01
  7.761673E-01
  7.709602E-01
  7.656939E-01
  7.603352E-01
  7.549777E-01
  7.496173E-01
  7.441141E-01
  7.386134E-01
  7.331150E-01
  7.275192E-01
  7.219066E-01
  7.162978E-01
  7.105739E-01
  7.048245E-01
  6.990800E-01
  6.931093E-01
  6.871219E-01
  6.810793E-01
  6.747563E-01
  6.684380E-01
  6.618962E-01
  6.551877E-01
  6.484406E-01
  6.413129E-01
  6.341882E-01
  6.267420E-01
  6.191904E-01
  6.114225E-01
  6.034544E-01
  5.953249E-01
  5.869521E-01
  5.784311E-01
  5.696737E-01
  5.607503E-01
  5.516422E-01
  5.423257E-01
  5.329001E-01
  5.232068E-01
  5.134186E-01
  5.034467E-01
  4.933050E-01
  4.830462E-01
  4.726243E-01
  4.620185E-01
  4.512639E-01
  4.403447E-01
  4.292514E-01
  4.180333E-01
  4.070576E-01
  3.971116E-01
  3.895024E-01
  3.865260E-01
  3.933043E-01
  4.068162E-01
  3.879016E-01
  4.039885E-01
  1.347628E-01
  3.689169E-02
  4.850519E-02
  4.850048E-02
  4.849576E-02
  4.849105E-02
  4.848634E-02
  4.848163E-02
  4.847692E-02
  4.847220E-02
  4.846749E-02
  4.845796E-02
  4.844822E-02
  4.843847E-02
  4.842872E-02
  4.841898E-02
  4.840923E-02
  4.839948E-02
  4.838996E-02
  4.838092E-02
  4.837188E-02
  4.836284E-02
  4.835381E-02
  4.834477E-02
  4.833573E-02
  4.832655E-02
  4.831480E-02
  4.830305E-02
  4.829131E-02
  4.827956E-02
  4.826782E-02
  4.825608E-02
  4.824298E-02
  4.822271E-02
  4.820244E-02
  4.818218E-02
  4.816192E-02
  4.814166E-02
  4.812141E-02
  4.809529E-02
  4.806538E-02
  4.803547E-02
  4.800557E-02
  4.797568E-02
  4.794579E-02
  4.791282E-02
  4.787490E-02
  4.783700E-02
  4.779910E-02
  4.776122E-02
  4.772335E-02
  4.768177E-02
  4.763600E-02
  4.759026E-02
  4.754455E-02
  4.749887E-02
  4.745322E-02
  4.739905E-02
  4.734345E-02
  4.728792E-02
  4.723244E-02
  4.717702E-02
  4.711504E-02
  4.704694E-02
  4.697893E-02
  4.691100E-02
  4.684315E-02
  4.676667E-02
  4.667950E-02
  4.659242E-02
  4.650544E-02
  4.641854E-02
  4.631299E-02
  4.619656E-02
  4.608022E-02
  4.596394E-02
  4.584568E-02
  4.569258E-02
  4.553953E-02
  4.538655E-02
  4.523362E-02
  4.504898E-02
  4.485141E-02
  4.465390E-02
  4.445647E-02
  4.422649E-02
  4.397303E-02
  4.371966E-02
  4.346638E-02
  4.317363E-02
  4.286040E-02
  4.254731E-02
  4.223434E-02
  4.186803E-02
  4.149799E-02
  4.112818E-02
  4.073231E-02
  4.029583E-02
  3.985983E-02
  3.942234E-02
  3.891563E-02
  3.840984E-02
  3.790496E-02
  3.737002E-02
  3.683008E-02
  3.629140E-02
  3.576283E-02
  3.523783E-02
  3.471412E-02
  3.422951E-02
  3.374953E-02
  3.328101E-02
  3.286281E-02
  3.244523E-02
  3.206952E-02
  3.172503E-02
  3.138841E-02
  3.112080E-02
  3.085317E-02
  3.064074E-02
  3.044652E-02
  3.028599E-02
  3.015661E-02
  3.004647E-02
  2.996533E-02
  2.989509E-02
  2.984232E-02
  2.979715E-02
  2.976059E-02
  2.973163E-02
  2.970711E-02
  2.969365E-02
  2.968634E-02
  2.969094E-02
  2.971345E-02
  2.975185E-02
  2.981654E-02
  2.992046E-02
  3.006297E-02
  3.025548E-02
  3.051544E-02
  3.089913E-02
  3.149430E-02
  3.248460E-02
  3.418034E-02
  3.711744E-02
  4.234709E-02
  4.986375E-02
  5.401299E-02
  6.389753E-02
  2.889992E-02
  7.718404E-04
  1.794685E-01
  1.794390E-01
  1.794095E-01
  1.793799E-01
  1.793504E-01
  1.793209E-01
  1.792913E-01
  1.792618E-01
  1.792322E-01
  1.791490E-01
  1.790633E-01
  1.789776E-01
  1.788919E-01
  1.788062E-01
  1.787204E-01
  1.786347E-01
  1.785325E-01
  1.783941E-01
  1.782558E-01
  1.781175E-01
  1.779791E-01
  1.778408E-01
  1.777024E-01
  1.775605E-01
  1.773564E-01
  1.771523E-01
  1.769483E-01
  1.767442E-01
  1.765401E-01
  1.763360E-01
  1.761184E-01
  1.758292E-01
  1.755399E-01
  1.752506E-01
  1.749614E-01
  1.746721E-01
  1.743829E-01
  1.740319E-01
  1.736410E-01
  1.732501E-01
  1.728591E-01
  1.724750E-01
  1.720841E-01
  1.716487E-01
  1.711420E-01
  1.706352E-01
  1.701284E-01
  1.696217E-01
  1.691150E-01
  1.685479E-01
  1.679129E-01
  1.672780E-01
  1.666431E-01
  1.660082E-01
  1.653734E-01
  1.646275E-01
  1.638625E-01
  1.630977E-01
  1.623329E-01
  1.615682E-01
  1.607432E-01
  1.598620E-01
  1.589810E-01
  1.581000E-01
  1.572191E-01
  1.562938E-01
  1.553137E-01
  1.543337E-01
  1.533538E-01
  1.523740E-01
  1.513469E-01
  1.502922E-01
  1.492376E-01
  1.481831E-01
  1.471273E-01
  1.460462E-01
  1.449653E-01
  1.438845E-01
  1.428038E-01
  1.417365E-01
  1.406748E-01
  1.396132E-01
  1.385519E-01
  1.375126E-01
  1.364893E-01
  1.354663E-01
  1.344435E-01
  1.334672E-01
  1.325152E-01
  1.315635E-01
  1.306121E-01
  1.297720E-01
  1.289405E-01
  1.281094E-01
  1.273255E-01
  1.266152E-01
  1.259056E-01
  1.251985E-01
  1.245615E-01
  1.239258E-01
  1.232912E-01
  1.226902E-01
  1.220925E-01
  1.215014E-01
  1.209111E-01
  1.203227E-01
  1.197366E-01
  1.190772E-01
  1.184130E-01
  1.177237E-01
  1.169063E-01
  1.160910E-01
  1.151649E-01
  1.141558E-01
  1.131272E-01
  1.119088E-01
  1.106915E-01
  1.093180E-01
  1.078929E-01
  1.063713E-01
  1.047603E-01
  1.030898E-01
  1.013299E-01
  9.952910E-02
  9.766326E-02
  9.576880E-02
  9.384255E-02
  9.190727E-02
  8.996755E-02
  8.805922E-02
  8.617714E-02
  8.435294E-02
  8.262118E-02
  8.096539E-02
  7.943573E-02
  7.807027E-02
  7.684848E-02
  7.579797E-02
  7.495685E-02
  7.446382E-02
  7.454509E-02
  7.572020E-02
  7.889707E-02
  8.549923E-02
  9.777334E-02
  1.145321E-01
  1.200987E-01
  1.260642E-01
 -7.893634E-03
  4.541803E-08
 -1.946375E-04
 -1.946491E-04
 -1.946606E-04
 -1.946722E-04
 -1.946837E-04
 -1.946953E-04
 -1.947068E-04
 -1.947183E-04
 -1.947299E-04
 -1.947869E-04
 -1.948459E-04
 -1.949049E-04
 -1.949640E-04
 -1.950230E-04
 -1.950821E-04
 -1.951411E-04
 -1.952283E-04
 -1.953767E-04
 -1.955250E-04
 -1.956734E-04
 -1.958218E-04
 -1.959701E-04
 -1.961185E-04
 -1.962729E-04
 -1.965295E-04
 -1.967861E-04
 -1.970427E-04
 -1.972992E-04
 -1.975558E-04
 -1.978124E-04
 -1.980868E-04
 -1.984551E-04
 -1.988234E-04
 -1.991916E-04
 -1.995600E-04
 -1.999283E-04
 -2.002966E-04
 -2.007389E-04
 -2.012290E-04
 -2.017191E-04
 -2.022093E-04
 -2.026994E-04
 -2.031896E-04
 -2.037346E-04
 -2.043679E-04
 -2.050012E-04
 -2.056345E-04
 -2.062679E-04
 -2.069013E-04
 -2.076113E-04
 -2.084077E-04
 -2.092042E-04
 -2.100007E-04
 -2.107974E-04
 -2.115941E-04
 -2.125318E-04
 -2.134939E-04
 -2.144562E-04
 -2.154187E-04
 -2.163815E-04
 -2.174212E-04
 -2.185332E-04
 -2.196454E-04
 -2.207580E-04
 -2.218710E-04
 -2.230371E-04
 -2.242688E-04
 -2.255009E-04
 -2.267335E-04
 -2.279666E-04
 -2.292473E-04
 -2.305561E-04
 -2.318652E-04
 -2.331748E-04
 -2.344860E-04
 -2.358179E-04
 -2.371501E-04
 -2.384825E-04
 -2.398151E-04
 -2.411324E-04
 -2.424433E-04
 -2.437543E-04
 -2.450653E-04
 -2.463531E-04
 -2.476237E-04
 -2.488938E-04
 -2.501634E-04
 -2.513946E-04
 -2.526045E-04
 -2.538130E-04
 -2.550199E-04
 -2.561265E-04
 -2.572227E-04
 -2.583159E-04
 -2.593429E-04
 -2.602672E-04
 -2.611870E-04
 -2.620976E-04
 -2.628432E-04
 -2.635833E-04
 -2.643179E-04
 -2.649637E-04
 -2.655872E-04
 -2.662053E-04
 -2.668377E-04
 -2.674702E-04
 -2.680978E-04
 -2.688867E-04
 -2.696871E-04
 -2.705413E-04
 -2.716665E-04
 -2.727884E-04
 -2.741702E-04
 -2.757466E-04
 -2.773767E-04
 -2.795119E-04
 -2.816458E-04
 -2.842537E-04
 -2.870187E-04
 -2.901136E-04
 -2.935140E-04
 -2.971342E-04
 -3.010843E-04
 -3.051948E-04
 -3.095595E-04
 -3.140700E-04
 -3.187424E-04
 -3.236003E-04
 -3.285543E-04
 -3.338542E-04
 -3.393537E-04
 -3.452825E-04
 -3.519545E-04
 -3.593118E-04
 -3.679044E-04
 -3.786507E-04
 -3.916930E-04
 -4.078016E-04
 -4.280389E-04
 -4.545630E-04
 -4.876127E-04
 -5.270234E-04
 -5.711460E-04
 -6.152539E-04
 -6.496190E-04
 -6.562013E-04
 -6.405276E-04
 -5.149798E-04
  4.274576E-04
  2.541319E-03
  6.459525E-03
  6.459141E-03
  6.458756E-03
  6.458371E-03
  6.457986E-03
  6.457601E-03
  6.457216E-03
  6.456831E-03
  6.456447E-03
  6.455734E-03
  6.455007E-03
  6.454279E-03
  6.453552E-03
  6.452824E-03
  6.452097E-03
  6.451370E-03
  6.450770E-03
  6.450446E-03
  6.450123E-03
  6.449800E-03
  6.449477E-03
  6.449154E-03
  6.448831E-03
  6.448532E-03
  6.448654E-03
  6.448775E-03
  6.448897E-03
  6.449019E-03
  6.449140E-03
  6.449262E-03
  6.449395E-03
  6.449591E-03
  6.449787E-03
  6.449983E-03
  6.450179E-03
  6.450375E-03
  6.450571E-03
  6.450686E-03
  6.450748E-03
  6.450810E-03
  6.450872E-03
  6.450934E-03
  6.450996E-03
  6.450975E-03
  6.450821E-03
  6.450666E-03
  6.450511E-03
  6.450357E-03
  6.450203E-03
  6.449939E-03
  6.449551E-03
  6.449165E-03
  6.448778E-03
  6.448392E-03
  6.448006E-03
  6.447451E-03
  6.446868E-03
  6.446286E-03
  6.445704E-03
  6.445124E-03
  6.444479E-03
  6.443774E-03
  6.443071E-03
  6.442369E-03
  6.441669E-03
  6.440955E-03
  6.440225E-03
  6.439496E-03
  6.438769E-03
  6.438044E-03
  6.437378E-03
  6.436748E-03
  6.436120E-03
  6.435493E-03
  6.434883E-03
  6.434534E-03
  6.434187E-03
  6.433840E-03
  6.433495E-03
  6.433490E-03
  6.433625E-03
  6.433763E-03
  6.433902E-03
  6.434374E-03
  6.435087E-03
  6.435804E-03
  6.436525E-03
  6.437591E-03
  6.438841E-03
  6.440097E-03
  6.441359E-03
  6.442909E-03
  6.444489E-03
  6.446079E-03
  6.447635E-03
  6.449137E-03
  6.450657E-03
  6.452175E-03
  6.453045E-03
  6.453947E-03
  6.454881E-03
  6.454890E-03
  6.454748E-03
  6.454653E-03
  6.453484E-03
  6.452085E-03
  6.450744E-03
  6.448084E-03
  6.445353E-03
  6.442440E-03
  6.438449E-03
  6.434509E-03
  6.430066E-03
  6.425252E-03
  6.420441E-03
  6.415331E-03
  6.410251E-03
  6.405408E-03
  6.400656E-03
  6.396346E-03
  6.392440E-03
  6.389011E-03
  6.386285E-03
  6.384072E-03
  6.382666E-03
  6.381885E-03
  6.381799E-03
  6.382623E-03
  6.383929E-03
  6.386924E-03
  6.390899E-03
  6.396954E-03
  6.406664E-03
  6.419787E-03
  6.439077E-03
  6.469042E-03
  6.510163E-03
  6.565922E-03
  6.640975E-03
  6.744765E-03
  6.878655E-03
  7.043882E-03
  7.237234E-03
  7.443218E-03
  7.626204E-03
  7.722543E-03
  7.722802E-03
  7.679982E-03
  6.666130E-03
  7.911994E-03
 -4.675591E-04
 -4.675254E-04
 -4.674918E-04
 -4.674582E-04
 -4.674246E-04
 -4.673909E-04
 -4.673573E-04
 -4.673237E-04
 -4.672901E-04
 -4.672128E-04
 -4.671335E-04
 -4.670542E-04
 -4.669749E-04
 -4.668957E-04
 -4.668164E-04
 -4.667371E-04
 -4.666562E-04
 -4.665716E-04
 -4.664870E-04
 -4.664024E-04
 -4.663178E-04
 -4.662332E-04
 -4.661486E-04
 -4.660633E-04
 -4.659659E-04
 -4.658684E-04
 -4.657710E-04
 -4.656735E-04
 -4.655761E-04
 -4.654786E-04
 -4.653722E-04
 -4.652187E-04
 -4.650652E-04
 -4.649117E-04
 -4.647582E-04
 -4.646046E-04
 -4.644511E-04
 -4.642342E-04
 -4.639764E-04
 -4.637186E-04
 -4.634608E-04
 -4.649778E-04
 -4.647191E-04
 -4.643956E-04
 -4.639679E-04
 -4.635403E-04
 -4.631127E-04
 -4.626852E-04
 -4.622577E-04
 -4.617132E-04
 -4.610371E-04
 -4.603611E-04
 -4.596852E-04
 -4.590095E-04
 -4.583339E-04
 -4.574050E-04
 -4.564328E-04
 -4.554609E-04
 -4.544894E-04
 -4.535182E-04
 -4.524050E-04
 -4.511591E-04
 -4.499138E-04
 -4.486690E-04
 -4.474248E-04
 -4.460921E-04
 -4.446500E-04
 -4.432086E-04
 -4.417678E-04
 -4.403276E-04
 -4.388401E-04
 -4.373253E-04
 -4.358110E-04
 -4.342973E-04
 -4.327872E-04
 -4.313304E-04
 -4.298741E-04
 -4.284181E-04
 -4.269627E-04
 -4.255302E-04
 -4.241076E-04
 -4.226854E-04
 -4.212638E-04
 -4.196687E-04
 -4.179485E-04
 -4.162291E-04
 -4.145105E-04
 -4.123254E-04
 -4.098983E-04
 -4.074725E-04
 -4.050480E-04
 -4.015827E-04
 -3.980426E-04
 -3.945050E-04
 -3.903872E-04
 -3.853654E-04
 -3.803487E-04
 -3.752903E-04
 -3.685918E-04
 -3.619034E-04
 -3.552250E-04
 -3.474142E-04
 -3.376641E-04
 -3.296534E-04
 -3.210644E-04
 -3.123434E-04
 -3.036415E-04
 -2.948201E-04
 -2.860058E-04
 -2.772662E-04
 -2.688056E-04
 -2.603638E-04
 -2.523119E-04
 -2.445547E-04
 -2.369002E-04
 -2.300472E-04
 -2.232066E-04
 -2.171359E-04
 -2.113259E-04
 -2.060876E-04
 -2.013762E-04
 -1.971237E-04
 -1.935551E-04
 -1.904208E-04
 -1.879732E-04
 -1.860227E-04
 -1.846246E-04
 -1.838660E-04
 -1.834424E-04
 -1.838858E-04
 -1.846684E-04
 -1.861226E-04
 -1.883399E-04
 -1.911390E-04
 -1.965804E-04
 -2.015907E-04
 -2.078079E-04
 -2.155343E-04
 -2.251763E-04
 -2.376111E-04
 -2.528289E-04
 -2.707202E-04
 -2.906215E-04
 -3.106129E-04
 -3.265587E-04
 -3.303553E-04
 -3.202783E-04
 -2.547614E-04
  4.621633E-05
  4.002318E-09
  1.273240E+00
  1.273211E+00
  1.273125E+00
  1.272981E+00
  1.272781E+00
  1.272522E+00
  1.272207E+00
  1.271834E+00
  1.271403E+00
  1.270915E+00
  1.270369E+00
  1.269765E+00
  1.269104E+00
  1.268384E+00
  1.267607E+00
  1.266771E+00
  1.265877E+00
  1.264925E+00
  1.263915E+00
  1.262845E+00
  1.261717E+00
  1.260530E+00
  1.259284E+00
  1.257979E+00
  1.256614E+00
  1.255190E+00
  1.253705E+00
  1.252161E+00
  1.250556E+00
  1.248891E+00
  1.247165E+00
  1.245378E+00
  1.243529E+00
  1.241620E+00
  1.239648E+00
  1.237614E+00
  1.235518E+00
  1.233359E+00
  1.231136E+00
  1.228851E+00
  1.226501E+00
  1.224088E+00
  1.221610E+00
  1.219067E+00
  1.216458E+00
  1.213784E+00
  1.211044E+00
  1.208237E+00
  1.205362E+00
  1.202421E+00
  1.199411E+00
  1.196332E+00
  1.193185E+00
  1.189968E+00
  1.186680E+00
  1.183322E+00
  1.179892E+00
  1.176390E+00
  1.172816E+00
  1.169168E+00
  1.165446E+00
  1.161649E+00
  1.157776E+00
  1.153828E+00
  1.149802E+00
  1.145699E+00
  1.141516E+00
  1.137254E+00
  1.132912E+00
  1.128488E+00
  1.123982E+00
  1.119393E+00
  1.114719E+00
  1.109960E+00
  1.105114E+00
  1.100180E+00
  1.095157E+00
  1.090045E+00
  1.084841E+00
  1.079544E+00
  1.074153E+00
  1.068667E+00
  1.063083E+00
  1.057401E+00
  1.051619E+00
  1.045735E+00
  1.039748E+00
  1.033655E+00
  1.027455E+00
  1.021146E+00
  1.014726E+00
  1.008193E+00
  1.001543E+00
  9.947766E-01
  9.878894E-01
  9.808795E-01
  9.737441E-01
  9.664805E-01
  9.590857E-01
  9.515567E-01
  9.438904E-01
  9.360832E-01
  9.281318E-01
  9.200322E-01
  9.117806E-01
  9.033729E-01
  8.948045E-01
  8.860709E-01
  8.771671E-01
  8.680879E-01
  8.588277E-01
  8.493806E-01
  8.397402E-01
  8.299000E-01
  8.198525E-01
  8.095903E-01
  7.991048E-01
  7.883874E-01
  7.774283E-01
  7.662172E-01
  7.547428E-01
  7.429930E-01
  7.309546E-01
  7.186128E-01
  7.059520E-01
  6.929545E-01
  6.796012E-01
  6.658704E-01
  6.517385E-01
  6.371787E-01
  6.221609E-01
  6.066513E-01
  5.906109E-01
  5.739954E-01
  5.567532E-01
  5.388241E-01
  5.201372E-01
  5.006076E-01
  4.801325E-01
  4.585853E-01
  4.358068E-01
  4.115929E-01
  3.856731E-01
  3.576769E-01
  3.270715E-01
  2.930404E-01
  2.542116E-01
  2.079144E-01
  1.472658E-01
  0.000000E+00
  9.239067E-02
  9.239124E-02
  9.239181E-02
  9.239237E-02
  9.239294E-02
  9.239351E-02
  9.239407E-02
  9.239464E-02
  9.239521E-02
  9.239699E-02
  9.239883E-02
  9.240066E-02
  9.240250E-02
  9.240433E-02
  9.240617E-02
  9.240801E-02
  9.241019E-02
  9.241313E-02
  9.241607E-02
  9.241901E-02
  9.242196E-02
  9.242490E-02
  9.242784E-02
  9.243082E-02
  9.243444E-02
  9.243806E-02
  9.244169E-02
  9.244531E-02
  9.244893E-02
  9.245256E-02
  9.245613E-02
  9.246013E-02
  9.246439E-02
  9.246865E-02
  9.247291E-02
  9.247717E-02
  9.248143E-02
  9.248507E-02
  9.248832E-02
  9.249156E-02
  9.249480E-02
  9.284548E-02
  9.284612E-02
  9.284398E-02
  9.283740E-02
  9.283081E-02
  9.282597E-02
  9.282473E-02
  9.282350E-02
  9.281741E-02
  9.280585E-02
  9.279429E-02
  9.278273E-02
  9.277117E-02
  9.275961E-02
  9.273490E-02
  9.270791E-02
  9.268093E-02
  9.265395E-02
  9.262696E-02
  9.259396E-02
  9.255532E-02
  9.251669E-02
  9.247805E-02
  9.243942E-02
  9.239932E-02
  9.235741E-02
  9.231550E-02
  9.227359E-02
  9.223168E-02
  9.219501E-02
  9.216141E-02
  9.212780E-02
  9.209418E-02
  9.206177E-02
  9.204951E-02
  9.203724E-02
  9.202498E-02
  9.201271E-02
  9.201007E-02
  9.201137E-02
  9.201266E-02
  9.201395E-02
  9.199149E-02
  9.195185E-02
  9.191221E-02
  9.187256E-02
  9.176857E-02
  9.163107E-02
  9.149573E-02
  9.137860E-02
  9.113033E-02
  9.087882E-02
  9.065076E-02
  9.034555E-02
  8.992007E-02
  8.949455E-02
  8.910391E-02
  8.849763E-02
  8.789129E-02
  8.730087E-02
  8.660774E-02
  8.558229E-02
  8.493142E-02
  8.420042E-02
  8.353657E-02
  8.291309E-02
  8.232026E-02
  8.179502E-02
  8.134407E-02
  8.096756E-02
  8.067978E-02
  8.044803E-02
  8.023694E-02
  8.008548E-02
  7.999162E-02
  7.992499E-02
  7.991787E-02
  7.992701E-02
  7.993621E-02
  7.994735E-02
  8.008415E-02
  8.023734E-02
  8.038480E-02
  8.052316E-02
  8.065274E-02
  8.077253E-02
  8.091613E-02
  8.107506E-02
  8.121156E-02
  8.133948E-02
  8.145067E-02
  8.154550E-02
  8.162903E-02
  8.158977E-02
  8.164108E-02
  8.168024E-02
  8.176268E-02
  8.183992E-02
  8.190286E-02
  8.195369E-02
  8.199296E-02
  8.204362E-02
  8.216795E-02
  8.228397E-02
  8.242513E-02
  8.268299E-02
  8.345049E-02
  9.470066E-02
  4.641500E-02
 -7.169871E-02
 -7.158434E-02
 -7.146997E-02
 -7.135560E-02
 -7.124123E-02
 -7.112685E-02
 -7.101248E-02
 -7.089811E-02
 -7.078374E-02
 -7.038812E-02
 -6.997965E-02
 -6.957118E-02
 -6.916271E-02
 -6.875424E-02
 -6.834577E-02
 -6.793730E-02
 -6.741494E-02
 -6.664468E-02
 -6.587443E-02
 -6.510418E-02
 -6.433392E-02
 -6.356367E-02
 -6.279342E-02
 -6.199806E-02
 -6.077432E-02
 -5.955059E-02
 -5.832686E-02
 -5.710313E-02
 -5.587939E-02
 -5.465566E-02
 -5.334029E-02
 -5.153985E-02
 -4.973941E-02
 -4.793898E-02
 -4.613854E-02
 -4.433811E-02
 -4.253767E-02
 -4.029374E-02
 -3.776299E-02
 -3.523225E-02
 -3.270150E-02
  3.357749E-02
  3.607388E-02
  3.889636E-02
  4.224371E-02
  4.559105E-02
  4.893839E-02
  5.228574E-02
  5.563308E-02
  5.934381E-02
  6.346373E-02
  6.758364E-02
  7.170356E-02
  7.582347E-02
  7.994339E-02
  8.442462E-02
  8.896804E-02
  9.351146E-02
  9.805488E-02
  1.025983E-01
  1.073984E-01
  1.124384E-01
  1.174784E-01
  1.225184E-01
  1.275584E-01
  1.329195E-01
  1.386774E-01
  1.444353E-01
  1.501932E-01
  1.559511E-01
  1.623040E-01
  1.690044E-01
  1.757048E-01
  1.824053E-01
  1.891680E-01
  1.969820E-01
  2.047960E-01
  2.126100E-01
  2.204240E-01
  2.284268E-01
  2.365069E-01
  2.445870E-01
  2.526670E-01
  2.591515E-01
  2.644821E-01
  2.698126E-01
  2.751431E-01
  2.766328E-01
  2.761226E-01
  2.756124E-01
  2.751021E-01
  2.665374E-01
  2.573759E-01
  2.482144E-01
  2.346863E-01
  2.143504E-01
  1.940145E-01
  1.733246E-01
  1.401395E-01
  1.069543E-01
  7.376900E-02
  3.316569E-02
 -7.078077E-02
 -1.129000E-01
 -1.569462E-01
 -2.014826E-01
 -2.460187E-01
 -2.878612E-01
 -3.294487E-01
 -3.698293E-01
 -4.044909E-01
 -4.391521E-01
 -4.683331E-01
 -4.934106E-01
 -5.173782E-01
 -5.313073E-01
 -5.452364E-01
 -5.502386E-01
 -5.522791E-01
 -5.481601E-01
 -5.383473E-01
 -5.244056E-01
 -5.042695E-01
 -4.808983E-01
 -4.523870E-01
 -4.207269E-01
 -3.855621E-01
 -3.469671E-01
 -3.065724E-01
 -2.623714E-01
 -2.169529E-01
 -1.692539E-01
 -1.197112E-01
 -6.899129E-02
  4.527028E-02
  9.879583E-02
  1.532052E-01
  2.084725E-01
  2.645312E-01
  3.213701E-01
  3.787873E-01
  4.366982E-01
  4.950410E-01
  5.537545E-01
  6.127814E-01
  6.720925E-01
  7.316213E-01
  7.913184E-01
  7.916864E-01
 -1.033311E-01
  9.896670E-01
  9.896669E-01
  9.896669E-01
  9.896669E-01
  9.896669E-01
  9.896669E-01
  9.896669E-01
  9.896669E-01
  9.896669E-01
  9.896669E-01
  9.896669E-01
  9.896669E-01
  9.896669E-01
  9.896669E-01
  9.896669E-01
  9.896669E-01
  9.896669E-01
  9.896668E-01
  9.896668E-01
  9.896668E-01
  9.896668E-01
  9.896668E-01
  9.896668E-01
  9.896668E-01
  9.896667E-01
  9.896667E-01
  9.896667E-01
  9.896667E-01
  9.896666E-01
  9.896666E-01
  9.896666E-01
  9.896666E-01
  9.896665E-01
  9.896665E-01
  9.896665E-01
  9.896665E-01
  9.896664E-01
  9.896664E-01
  9.896664E-01
  9.896664E-01
  9.896663E-01
  9.896663E-01
  9.896664E-01
  9.896664E-01
  9.896664E-01
  9.896665E-01
  9.896665E-01
  9.896666E-01
  9.896666E-01
  9.896667E-01
  9.896668E-01
  9.896669E-01
  9.896670E-01
  9.896670E-01
  9.896671E-01
  9.896673E-01
  9.896674E-01
  9.896675E-01
  9.896676E-01
  9.896678E-01
  9.896679E-01
  9.896681E-01
  9.896683E-01
  9.896684E-01
  9.896686E-01
  9.896688E-01
  9.896691E-01
  9.896693E-01
  9.896696E-01
  9.896698E-01
  9.896701E-01
  9.896705E-01
  9.896708E-01
  9.896712E-01
  9.896716E-01
  9.896720E-01
  9.896725E-01
  9.896730E-01
  9.896735E-01
  9.896740E-01
  9.896746E-01
  9.896752E-01
  9.896758E-01
  9.896763E-01
  9.896767E-01
  9.896771E-01
  9.896776E-01
  9.896777E-01
  9.896777E-01
  9.896776E-01
  9.896776E-01
  9.896769E-01
  9.896762E-01
  9.896755E-01
  9.896745E-01
  9.896731E-01
  9.896719E-01
  9.896707E-01
  9.896691E-01
  9.896679E-01
  9.896670E-01
  9.896663E-01
  9.896669E-01
  9.896681E-01
  9.896699E-01
  9.896723E-01
  9.896753E-01
  9.896787E-01
  9.896825E-01
  9.896868E-01
  9.896908E-01
  9.896952E-01
  9.896992E-01
  9.897029E-01
  9.897065E-01
  9.897087E-01
  9.897110E-01
  9.897118E-01
  9.897122E-01
  9.897115E-01
  9.897099E-01
  9.897076E-01
  9.897045E-01
  9.897010E-01
  9.896970E-01
  9.896929E-01
  9.896886E-01
  9.896843E-01
  9.896803E-01
  9.896766E-01
  9.896733E-01
  9.896705E-01
  9.896683E-01
  9.896669E-01
  9.896665E-01
  9.896676E-01
  9.896697E-01
  9.896727E-01
  9.896767E-01
  9.896817E-01
  9.896878E-01
  9.896949E-01
  9.897031E-01
  9.897124E-01
  9.897228E-01
  9.897343E-01
  9.897469E-01
  9.897606E-01
  8.495997E-01
  4.939162E-06
 -2.268157E+02
 -2.267474E+02
 -2.266791E+02
 -2.266108E+02
 -2.265425E+02
 -2.264742E+02
 -2.264059E+02
 -2.263376E+02
 -2.262694E+02
 -2.260217E+02
 -2.257659E+02
 -2.255100E+02
 -2.252542E+02
 -2.249983E+02
 -2.247425E+02
 -2.244866E+02
 -2.241552E+02
 -2.236592E+02
 -2.231633E+02
 -2.226673E+02
 -2.221713E+02
 -2.216753E+02
 -2.211793E+02
 -2.206716E+02
 -2.199639E+02
 -2.192562E+02
 -2.185486E+02
 -2.178409E+02
 -2.171331E+02
 -2.164254E+02
 -2.156912E+02
 -2.148168E+02
 -2.139424E+02
 -2.130680E+02
 -2.121936E+02
 -2.113191E+02
 -2.104446E+02
 -2.094657E+02
 -2.084191E+02
 -2.073725E+02
 -2.063259E+02
 -2.052792E+02
 -2.042324E+02
 -2.031075E+02
 -2.018566E+02
 -2.006055E+02
 -1.993544E+02
 -1.981032E+02
 -1.968519E+02
 -1.954971E+02
 -1.940257E+02
 -1.925541E+02
 -1.910823E+02
 -1.896103E+02
 -1.881380E+02
 -1.864872E+02
 -1.848053E+02
 -1.831230E+02
 -1.814402E+02
 -1.797571E+02
 -1.779798E+02
 -1.761144E+02
 -1.742484E+02
 -1.723818E+02
 -1.705146E+02
 -1.685998E+02
 -1.666262E+02
 -1.646520E+02
 -1.626772E+02
 -1.607018E+02
 -1.587342E+02
 -1.567711E+02
 -1.548075E+02
 -1.528435E+02
 -1.508852E+02
 -1.490310E+02
 -1.471765E+02
 -1.453217E+02
 -1.434666E+02
 -1.417664E+02
 -1.401293E+02
 -1.384919E+02
 -1.368541E+02
 -1.354302E+02
 -1.341607E+02
 -1.328905E+02
 -1.316199E+02
 -1.306502E+02
 -1.298367E+02
 -1.290222E+02
 -1.282068E+02
 -1.278439E+02
 -1.275127E+02
 -1.271793E+02
 -1.270890E+02
 -1.273771E+02
 -1.276607E+02
 -1.279586E+02
 -1.289206E+02
 -1.298740E+02
 -1.308189E+02
 -1.320291E+02
 -1.332829E+02
 -1.345253E+02
 -1.355671E+02
 -1.365495E+02
 -1.375210E+02
 -1.378724E+02
 -1.381580E+02
 -1.382694E+02
 -1.375845E+02
 -1.368962E+02
 -1.355496E+02
 -1.337119E+02
 -1.317524E+02
 -1.286909E+02
 -1.256319E+02
 -1.216713E+02
 -1.174139E+02
 -1.125856E+02
 -1.072292E+02
 -1.015119E+02
 -9.525046E+01
 -8.873272E+01
 -8.180566E+01
 -7.464318E+01
 -6.721676E+01
 -5.951528E+01
 -5.166452E+01
 -4.343968E+01
 -3.505275E+01
 -2.635007E+01
 -1.725781E+01
 -7.846973E+00
  2.070682E+00
  1.271042E+01
  2.404038E+01
  3.624272E+01
  4.957524E+01
  6.473759E+01
  8.241802E+01
  1.040213E+02
  1.318802E+02
  1.698771E+02
  2.250350E+02
  2.991592E+02
  3.621537E+02
  4.590543E+02
  2.440105E+02
  3.187753E-04
  1.112058E+04
  1.111893E+04
  1.111728E+04
  1.111563E+04
  1.111398E+04
  1.111233E+04
  1.111068E+04
  1.110903E+04
  1.110738E+04
  1.110262E+04
  1.109772E+04
  1.109282E+04
  1.108791E+04
  1.108301E+04
  1.107811E+04
  1.107320E+04
  1.106736E+04
  1.105948E+04
  1.105160E+04
  1.104372E+04
  1.103584E+04
  1.102795E+04
  1.102007E+04
  1.101202E+04
  1.100103E+04
  1.099004E+04
  1.097905E+04
  1.096806E+04
  1.095707E+04
  1.094608E+04
  1.093455E+04
  1.092012E+04
  1.090570E+04
  1.089128E+04
  1.087685E+04
  1.086243E+04
  1.084800E+04
  1.083133E+04
  1.081320E+04
  1.079507E+04
  1.077695E+04
  1.075882E+04
  1.074069E+04
  1.072107E+04
  1.069905E+04
  1.067703E+04
  1.065500E+04
  1.063298E+04
  1.061096E+04
  1.058702E+04
  1.056091E+04
  1.053481E+04
  1.050870E+04
  1.048260E+04
  1.045650E+04
  1.042677E+04
  1.039642E+04
  1.036607E+04
  1.033573E+04
  1.030539E+04
  1.027284E+04
  1.023821E+04
  1.020359E+04
  1.016898E+04
  1.013437E+04
  1.009786E+04
  1.005898E+04
  1.002012E+04
  9.981258E+03
  9.942403E+03
  9.900894E+03
  9.857837E+03
  9.814785E+03
  9.771739E+03
  9.728474E+03
  9.681446E+03
  9.634423E+03
  9.587405E+03
  9.540392E+03
  9.490754E+03
  9.440047E+03
  9.389345E+03
  9.338648E+03
  9.285975E+03
  9.231875E+03
  9.177781E+03
  9.123694E+03
  9.067744E+03
  9.010828E+03
  8.953919E+03
  8.897018E+03
  8.838169E+03
  8.779185E+03
  8.720210E+03
  8.660544E+03
  8.599800E+03
  8.539072E+03
  8.478311E+03
  8.415880E+03
  8.353481E+03
  8.291112E+03
  8.227623E+03
  8.163950E+03
  8.100326E+03
  8.035418E+03
  7.970231E+03
  7.905104E+03
  7.837463E+03
  7.769642E+03
  7.701211E+03
  7.629658E+03
  7.558162E+03
  7.484177E+03
  7.408336E+03
  7.332067E+03
  7.251553E+03
  7.171073E+03
  7.087004E+03
  7.001758E+03
  6.914095E+03
  6.824195E+03
  6.732487E+03
  6.638056E+03
  6.541962E+03
  6.443215E+03
  6.342606E+03
  6.239921E+03
  6.134897E+03
  6.028649E+03
  5.919395E+03
  5.809080E+03
  5.696709E+03
  5.582438E+03
  5.466863E+03
  5.349471E+03
  5.230035E+03
  5.108944E+03
  4.986025E+03
  4.861177E+03
  4.734989E+03
  4.611668E+03
  4.500242E+03
  4.415714E+03
  4.384441E+03
  4.465095E+03
  4.623795E+03
  4.414577E+03
  4.605697E+03
  1.333230E+03
  2.253525E-03
  5.495682E-01
  6.417247E-01
  7.338811E-01
  8.260374E-01
  9.181937E-01
  1.010350E+00
  1.102506E+00
  1.194662E+00
  1.286818E+00
  1.521558E+00
  1.762811E+00
  2.004065E+00
  2.245318E+00
  2.486571E+00
  2.727825E+00
  2.969078E+00
  3.250441E+00
  3.619110E+00
  3.987779E+00
  4.356448E+00
  4.725116E+00
  5.093785E+00
  5.462453E+00
  5.842651E+00
  6.419562E+00
  6.996474E+00
  7.573385E+00
  8.150296E+00
  8.727207E+00
  9.304118E+00
  9.936370E+00
  1.086155E+01
  1.178673E+01
  1.271191E+01
  1.363708E+01
  1.456226E+01
  1.548744E+01
  1.675823E+01
  1.825252E+01
  1.974682E+01
  2.124112E+01
  2.273541E+01
  2.422971E+01
  2.602248E+01
  2.829567E+01
  3.056885E+01
  3.284203E+01
  3.511522E+01
  3.738840E+01
  3.997503E+01
  4.291461E+01
  4.585419E+01
  4.879377E+01
  5.173336E+01
  5.467295E+01
  5.794978E+01
  6.128465E+01
  6.461951E+01
  6.795435E+01
  7.128918E+01
  7.477190E+01
  7.839284E+01
  8.201369E+01
  8.563448E+01
  8.925520E+01
  9.292251E+01
  9.664730E+01
  1.003719E+02
  1.040963E+02
  1.078205E+02
  1.113873E+02
  1.148619E+02
  1.183361E+02
  1.218099E+02
  1.252848E+02
  1.287839E+02
  1.322824E+02
  1.357802E+02
  1.392775E+02
  1.443450E+02
  1.500551E+02
  1.557645E+02
  1.614731E+02
  1.696051E+02
  1.794894E+02
  1.893725E+02
  1.992544E+02
  2.118634E+02
  2.258907E+02
  2.399159E+02
  2.539390E+02
  2.712905E+02
  2.888848E+02
  3.064751E+02
  3.249383E+02
  3.447626E+02
  3.645807E+02
  3.842955E+02
  4.005699E+02
  4.168380E+02
  4.330999E+02
  4.404474E+02
  4.460004E+02
  4.515522E+02
  4.478753E+02
  4.418550E+02
  4.358397E+02
  4.219214E+02
  4.072645E+02
  3.916354E+02
  3.713651E+02
  3.511056E+02
  3.290876E+02
  3.057554E+02
  2.823100E+02
  2.577572E+02
  2.332129E+02
  2.086084E+02
  1.839876E+02
  1.595661E+02
  1.353275E+02
  1.114335E+02
  8.805324E+01
  6.531050E+01
  4.357900E+01
  2.284984E+01
  3.235532E+00
 -1.491781E+01
 -3.230641E+01
 -4.769246E+01
 -6.234698E+01
 -7.557334E+01
 -8.744201E+01
 -9.837950E+01
 -1.080240E+02
 -1.162930E+02
 -1.235086E+02
 -1.295695E+02
 -1.343605E+02
 -1.374718E+02
 -1.387239E+02
 -1.375174E+02
 -1.327198E+02
 -1.228896E+02
 -1.077752E+02
 -8.736252E+01
 -5.902480E+01
 -7.538161E+01
  4.552876E+03
  3.461079E-02
