 Title= "ADflow Lift Distribution Data"
Variables = "eta" "CoordinateX" "CoordinateY" "CoordinateZ" "Lift" "Drag" "Moment" "Normalized Lift" "Normalized Drag" "Normalized Moment" "CL" "CD" "CM" "CLp" "CDp" "CMp" "CLv" "CDv" "CMv" "Elliptical" "thickness" "twist" "chord" "fx" "fy" "fz" 
Zone T= "LiftDist_01 allWalls: : z normal"
 I=          150
 DATAPACKING=BLOCK
  0.000000E+00
  6.711405E-03
  1.342281E-02
  2.013422E-02
  2.684563E-02
  3.355704E-02
  4.026845E-02
  4.697986E-02
  5.369127E-02
  6.040268E-02
  6.711409E-02
  7.382550E-02
  8.053691E-02
  8.724832E-02
  9.395973E-02
  1.006711E-01
  1.073825E-01
  1.140940E-01
  1.208054E-01
  1.275168E-01
  1.342282E-01
  1.409396E-01
  1.476510E-01
  1.543624E-01
  1.610738E-01
  1.677852E-01
  1.744966E-01
  1.812081E-01
  1.879195E-01
  1.946309E-01
  2.013423E-01
  2.080537E-01
  2.147651E-01
  2.214765E-01
  2.281879E-01
  2.348993E-01
  2.416107E-01
  2.483221E-01
  2.550336E-01
  2.617450E-01
  2.684564E-01
  2.751678E-01
  2.818792E-01
  2.885906E-01
  2.953020E-01
  3.020134E-01
  3.087248E-01
  3.154362E-01
  3.221476E-01
  3.288591E-01
  3.355705E-01
  3.422819E-01
  3.489933E-01
  3.557047E-01
  3.624161E-01
  3.691275E-01
  3.758389E-01
  3.825503E-01
  3.892617E-01
  3.959732E-01
  4.026846E-01
  4.093960E-01
  4.161074E-01
  4.228188E-01
  4.295302E-01
  4.362416E-01
  4.429530E-01
  4.496644E-01
  4.563758E-01
  4.630872E-01
  4.697987E-01
  4.765101E-01
  4.832215E-01
  4.899329E-01
  4.966443E-01
  5.033557E-01
  5.100671E-01
  5.167785E-01
  5.234899E-01
  5.302013E-01
  5.369128E-01
  5.436242E-01
  5.503356E-01
  5.570470E-01
  5.637584E-01
  5.704698E-01
  5.771812E-01
  5.838926E-01
  5.906040E-01
  5.973154E-01
  6.040268E-01
  6.107383E-01
  6.174497E-01
  6.241611E-01
  6.308725E-01
  6.375839E-01
  6.442953E-01
  6.510067E-01
  6.577181E-01
  6.644295E-01
  6.711409E-01
  6.778524E-01
  6.845638E-01
  6.912752E-01
  6.979866E-01
  7.046980E-01
  7.114094E-01
  7.181208E-01
  7.248322E-01
  7.315436E-01
  7.382550E-01
  7.449664E-01
  7.516779E-01
  7.583893E-01
  7.651007E-01
  7.718121E-01
  7.785235E-01
  7.852349E-01
  7.919463E-01
  7.986577E-01
  8.053691E-01
  8.120805E-01
  8.187919E-01
  8.255034E-01
  8.322148E-01
  8.389262E-01
  8.456376E-01
  8.523490E-01
  8.590604E-01
  8.657718E-01
  8.724832E-01
  8.791946E-01
  8.859060E-01
  8.926175E-01
  8.993289E-01
  9.060403E-01
  9.127517E-01
  9.194631E-01
  9.261745E-01
  9.328859E-01
  9.395973E-01
  9.463087E-01
  9.530201E-01
  9.597315E-01
  9.664430E-01
  9.731544E-01
  9.798658E-01
  9.865772E-01
  9.932886E-01
  1.000000E+00
  0.000000E+00
  0.000000E+00
  0.000000E+00
  0.000000E+00
  0.000000E+00
  0.000000E+00
  0.000000E+00
  0.000000E+00
  0.000000E+00
  0.000000E+00
  0.000000E+00
  0.000000E+00
  0.000000E+00
  0.000000E+00
  0.000000E+00
  0.000000E+00
  0.000000E+00
  0.000000E+00
  0.000000E+00
  0.000000E+00
  0.000000E+00
  0.000000E+00
  0.000000E+00
  0.000000E+00
  0.000000E+00
  0.000000E+00
  0.000000E+00
  0.000000E+00
  0.000000E+00
  0.000000E+00
  0.000000E+00
  0.000000E+00
  0.000000E+00
  0.000000E+00
  0.000000E+00
  0.000000E+00
  0.000000E+00
  0.000000E+00
  0.000000E+00
  0.000000E+00
  0.000000E+00
  0.000000E+00
  0.000000E+00
  0.000000E+00
  0.000000E+00
  0.000000E+00
  0.000000E+00
  0.000000E+00
  0.000000E+00
  0.000000E+00
  0.000000E+00
  0.000000E+00
  0.000000E+00
  0.000000E+00
  0.000000E+00
  0.000000E+00
  0.000000E+00
  0.000000E+00
  0.000000E+00
  0.000000E+00
  0.000000E+00
  0.000000E+00
  0.000000E+00
  0.000000E+00
  0.000000E+00
  0.000000E+00
  0.000000E+00
  0.000000E+00
  0.000000E+00
  0.000000E+00
  0.000000E+00
  0.000000E+00
  0.000000E+00
  0.000000E+00
  0.000000E+00
  0.000000E+00
  0.000000E+00
  0.000000E+00
  0.000000E+00
  0.000000E+00
  0.000000E+00
  0.000000E+00
  0.000000E+00
  0.000000E+00
  0.000000E+00
  0.000000E+00
  0.000000E+00
  0.000000E+00
  0.000000E+00
  0.000000E+00
  0.000000E+00
  0.000000E+00
  0.000000E+00
  0.000000E+00
  0.000000E+00
  0.000000E+00
  0.000000E+00
  0.000000E+00
  0.000000E+00
  0.000000E+00
  0.000000E+00
  0.000000E+00
  0.000000E+00
  0.000000E+00
  0.000000E+00
  0.000000E+00
  0.000000E+00
  0.000000E+00
  0.000000E+00
  0.000000E+00
  0.000000E+00
  0.000000E+00
  0.000000E+00
  0.000000E+00
  0.000000E+00
  0.000000E+00
  0.000000E+00
  0.000000E+00
  0.000000E+00
  0.000000E+00
  0.000000E+00
  0.000000E+00
  0.000000E+00
  0.000000E+00
  0.000000E+00
  0.000000E+00
  0.000000E+00
  0.000000E+00
  0.000000E+00
  0.000000E+00
  0.000000E+00
  0.000000E+00
  0.000000E+00
  0.000000E+00
  0.000000E+00
  0.000000E+00
  0.000000E+00
  0.000000E+00
  0.000000E+00
  0.000000E+00
  0.000000E+00
  0.000000E+00
  0.000000E+00
  0.000000E+00
  0.000000E+00
  0.000000E+00
  0.000000E+00
  0.000000E+00
  0.000000E+00
  0.000000E+00
  0.000000E+00
  0.000000E+00
  0.000000E+00
  0.000000E+00
  0.000000E+00
  0.000000E+00
  0.000000E+00
  0.000000E+00
  0.000000E+00
  0.000000E+00
  0.000000E+00
  0.000000E+00
  0.000000E+00
  0.000000E+00
  0.000000E+00
  0.000000E+00
  0.000000E+00
  0.000000E+00
  0.000000E+00
  0.000000E+00
  0.000000E+00
  0.000000E+00
  0.000000E+00
  0.000000E+00
  0.000000E+00
  0.000000E+00
  0.000000E+00
  0.000000E+00
  0.000000E+00
  0.000000E+00
  0.000000E+00
  0.000000E+00
  0.000000E+00
  0.000000E+00
  0.000000E+00
  0.000000E+00
  0.000000E+00
  0.000000E+00
  0.000000E+00
  0.000000E+00
  0.000000E+00
  0.000000E+00
  0.000000E+00
  0.000000E+00
  0.000000E+00
  0.000000E+00
  0.000000E+00
  0.000000E+00
  0.000000E+00
  0.000000E+00
  0.000000E+00
  0.000000E+00
  0.000000E+00
  0.000000E+00
  0.000000E+00
  0.000000E+00
  0.000000E+00
  0.000000E+00
  0.000000E+00
  0.000000E+00
  0.000000E+00
  0.000000E+00
  0.000000E+00
  0.000000E+00
  0.000000E+00
  0.000000E+00
  0.000000E+00
  0.000000E+00
  0.000000E+00
  0.000000E+00
  0.000000E+00
  0.000000E+00
  0.000000E+00
  0.000000E+00
  0.000000E+00
  0.000000E+00
  0.000000E+00
  0.000000E+00
  0.000000E+00
  0.000000E+00
  0.000000E+00
  0.000000E+00
  0.000000E+00
  0.000000E+00
  0.000000E+00
  0.000000E+00
  0.000000E+00
  0.000000E+00
  0.000000E+00
  0.000000E+00
  0.000000E+00
  0.000000E+00
  0.000000E+00
  0.000000E+00
  0.000000E+00
  0.000000E+00
  0.000000E+00
  0.000000E+00
  0.000000E+00
  0.000000E+00
  0.000000E+00
  0.000000E+00
  0.000000E+00
  0.000000E+00
  0.000000E+00
  0.000000E+00
  0.000000E+00
  0.000000E+00
  0.000000E+00
  0.000000E+00
  0.000000E+00
  0.000000E+00
  0.000000E+00
  0.000000E+00
  0.000000E+00
  0.000000E+00
  0.000000E+00
  0.000000E+00
  0.000000E+00
  0.000000E+00
  0.000000E+00
  0.000000E+00
  0.000000E+00
  0.000000E+00
  0.000000E+00
  0.000000E+00
  0.000000E+00
  0.000000E+00
  0.000000E+00
  0.000000E+00
  0.000000E+00
  0.000000E+00
  0.000000E+00
  0.000000E+00
  0.000000E+00
  0.000000E+00
  0.000000E+00
  0.000000E+00
  0.000000E+00
  0.000000E+00
  0.000000E+00
  0.000000E+00
  0.000000E+00
  0.000000E+00
  0.000000E+00
  0.000000E+00
  0.000000E+00
  0.000000E+00
  0.000000E+00
  0.000000E+00
  1.000000E-08
  1.690972E-02
  3.381945E-02
  5.072917E-02
  6.763890E-02
  8.454862E-02
  1.014583E-01
  1.183681E-01
  1.352778E-01
  1.521875E-01
  1.690972E-01
  1.860070E-01
  2.029167E-01
  2.198264E-01
  2.367361E-01
  2.536459E-01
  2.705556E-01
  2.874653E-01
  3.043750E-01
  3.212848E-01
  3.381945E-01
  3.551042E-01
  3.720139E-01
  3.889237E-01
  4.058334E-01
  4.227431E-01
  4.396528E-01
  4.565626E-01
  4.734723E-01
  4.903820E-01
  5.072917E-01
  5.242015E-01
  5.411112E-01
  5.580209E-01
  5.749306E-01
  5.918404E-01
  6.087501E-01
  6.256598E-01
  6.425695E-01
  6.594792E-01
  6.763890E-01
  6.932987E-01
  7.102084E-01
  7.271181E-01
  7.440279E-01
  7.609376E-01
  7.778473E-01
  7.947570E-01
  8.116668E-01
  8.285765E-01
  8.454862E-01
  8.623959E-01
  8.793057E-01
  8.962154E-01
  9.131251E-01
  9.300348E-01
  9.469446E-01
  9.638543E-01
  9.807640E-01
  9.976737E-01
  1.014583E+00
  1.031493E+00
  1.048403E+00
  1.065313E+00
  1.082222E+00
  1.099132E+00
  1.116042E+00
  1.132952E+00
  1.149861E+00
  1.166771E+00
  1.183681E+00
  1.200590E+00
  1.217500E+00
  1.234410E+00
  1.251320E+00
  1.268229E+00
  1.285139E+00
  1.302049E+00
  1.318958E+00
  1.335868E+00
  1.352778E+00
  1.369688E+00
  1.386597E+00
  1.403507E+00
  1.420417E+00
  1.437327E+00
  1.454236E+00
  1.471146E+00
  1.488056E+00
  1.504965E+00
  1.521875E+00
  1.538785E+00
  1.555695E+00
  1.572604E+00
  1.589514E+00
  1.606424E+00
  1.623334E+00
  1.640243E+00
  1.657153E+00
  1.674063E+00
  1.690972E+00
  1.707882E+00
  1.724792E+00
  1.741702E+00
  1.758611E+00
  1.775521E+00
  1.792431E+00
  1.809341E+00
  1.826250E+00
  1.843160E+00
  1.860070E+00
  1.876979E+00
  1.893889E+00
  1.910799E+00
  1.927709E+00
  1.944618E+00
  1.961528E+00
  1.978438E+00
  1.995347E+00
  2.012257E+00
  2.029167E+00
  2.046077E+00
  2.062986E+00
  2.079896E+00
  2.096806E+00
  2.113716E+00
  2.130625E+00
  2.147535E+00
  2.164445E+00
  2.181354E+00
  2.198264E+00
  2.215174E+00
  2.232084E+00
  2.248993E+00
  2.265903E+00
  2.282813E+00
  2.299723E+00
  2.316632E+00
  2.333542E+00
  2.350452E+00
  2.367361E+00
  2.384271E+00
  2.401181E+00
  2.418091E+00
  2.435000E+00
  2.451910E+00
  2.468820E+00
  2.485729E+00
  2.502639E+00
  2.519549E+00
  1.061091E+04
  1.060835E+04
  1.060580E+04
  1.060328E+04
  1.060077E+04
  1.059828E+04
  1.059580E+04
  1.059335E+04
  1.059091E+04
  1.057863E+04
  1.056593E+04
  1.055324E+04
  1.054057E+04
  1.052791E+04
  1.051527E+04
  1.050265E+04
  1.048709E+04
  1.046512E+04
  1.044315E+04
  1.042120E+04
  1.039927E+04
  1.037734E+04
  1.035542E+04
  1.033349E+04
  1.031113E+04
  1.028878E+04
  1.026643E+04
  1.024410E+04
  1.022178E+04
  1.019946E+04
  1.017738E+04
  1.015647E+04
  1.013556E+04
  1.011467E+04
  1.009378E+04
  1.007291E+04
  1.005204E+04
  1.003211E+04
  1.001280E+04
  9.993500E+03
  9.974202E+03
  9.954909E+03
  9.935622E+03
  9.917341E+03
  9.900672E+03
  9.884005E+03
  9.867341E+03
  9.850679E+03
  9.834020E+03
  9.819076E+03
  9.806062E+03
  9.793049E+03
  9.780036E+03
  9.767023E+03
  9.754011E+03
  9.744333E+03
  9.735234E+03
  9.726141E+03
  9.717052E+03
  9.707969E+03
  9.700465E+03
  9.694449E+03
  9.688451E+03
  9.682471E+03
  9.676509E+03
  9.671196E+03
  9.666692E+03
  9.662221E+03
  9.657784E+03
  9.653380E+03
  9.648827E+03
  9.644206E+03
  9.639628E+03
  9.635092E+03
  9.630492E+03
  9.624135E+03
  9.617815E+03
  9.611533E+03
  9.605289E+03
  9.596614E+03
  9.586955E+03
  9.577325E+03
  9.567722E+03
  9.555377E+03
  9.541052E+03
  9.526751E+03
  9.512474E+03
  9.494431E+03
  9.474436E+03
  9.454464E+03
  9.434515E+03
  9.408404E+03
  9.381855E+03
  9.355328E+03
  9.325938E+03
  9.292071E+03
  9.258221E+03
  9.224172E+03
  9.182511E+03
  9.140862E+03
  9.099224E+03
  9.050861E+03
  9.001149E+03
  8.951446E+03
  8.895269E+03
  8.837450E+03
  8.779638E+03
  8.714542E+03
  8.648767E+03
  8.581649E+03
  8.508138E+03
  8.434645E+03
  8.356875E+03
  8.275916E+03
  8.194265E+03
  8.106133E+03
  8.018041E+03
  7.924806E+03
  7.829906E+03
  7.731832E+03
  7.630842E+03
  7.527692E+03
  7.421273E+03
  7.312841E+03
  7.201163E+03
  7.087141E+03
  6.970497E+03
  6.850881E+03
  6.729727E+03
  6.604786E+03
  6.478538E+03
  6.349731E+03
  6.218566E+03
  6.085774E+03
  5.950698E+03
  5.813013E+03
  5.673229E+03
  5.531201E+03
  5.387002E+03
  5.242208E+03
  5.103225E+03
  4.982647E+03
  4.900946E+03
  4.891673E+03
  5.020512E+03
  5.242640E+03
  5.040519E+03
  5.167484E+03
  1.328190E+03
  2.600303E-03
  5.064763E+02
  5.078168E+02
  5.091607E+02
  5.105081E+02
  5.118590E+02
  5.132135E+02
  5.145714E+02
  5.159330E+02
  5.172980E+02
  5.190327E+02
  5.207882E+02
  5.225481E+02
  5.243122E+02
  5.260807E+02
  5.278536E+02
  5.296308E+02
  5.310033E+02
  5.314888E+02
  5.319775E+02
  5.324695E+02
  5.329648E+02
  5.334635E+02
  5.339654E+02
  5.344737E+02
  5.350342E+02
  5.355976E+02
  5.361639E+02
  5.367332E+02
  5.373054E+02
  5.378806E+02
  5.385193E+02
  5.394811E+02
  5.404454E+02
  5.414123E+02
  5.423816E+02
  5.433536E+02
  5.443280E+02
  5.454713E+02
  5.467240E+02
  5.479784E+02
  5.492346E+02
  5.504926E+02
  5.517523E+02
  5.530350E+02
  5.543527E+02
  5.556711E+02
  5.569901E+02
  5.583097E+02
  5.596300E+02
  5.608090E+02
  5.618282E+02
  5.628474E+02
  5.638665E+02
  5.648856E+02
  5.659045E+02
  5.664372E+02
  5.668876E+02
  5.673396E+02
  5.677932E+02
  5.682484E+02
  5.684113E+02
  5.683043E+02
  5.682029E+02
  5.681071E+02
  5.680169E+02
  5.677863E+02
  5.673842E+02
  5.669920E+02
  5.666095E+02
  5.662367E+02
  5.659355E+02
  5.656821E+02
  5.654403E+02
  5.652102E+02
  5.650165E+02
  5.652582E+02
  5.655104E+02
  5.657728E+02
  5.660455E+02
  5.666779E+02
  5.674623E+02
  5.682551E+02
  5.690563E+02
  5.700373E+02
  5.711504E+02
  5.722717E+02
  5.734011E+02
  5.745304E+02
  5.756634E+02
  5.768044E+02
  5.779534E+02
  5.788468E+02
  5.797278E+02
  5.806160E+02
  5.813694E+02
  5.819077E+02
  5.824514E+02
  5.829919E+02
  5.832333E+02
  5.834782E+02
  5.837264E+02
  5.837363E+02
  5.836993E+02
  5.836638E+02
  5.834140E+02
  5.831096E+02
  5.828053E+02
  5.822858E+02
  5.817453E+02
  5.811659E+02
  5.804044E+02
  5.796420E+02
  5.787620E+02
  5.777939E+02
  5.768062E+02
  5.756445E+02
  5.744833E+02
  5.731477E+02
  5.717559E+02
  5.702800E+02
  5.687278E+02
  5.671407E+02
  5.655000E+02
  5.637746E+02
  5.619118E+02
  5.599005E+02
  5.577231E+02
  5.553633E+02
  5.529096E+02
  5.502989E+02
  5.476739E+02
  5.450378E+02
  5.425221E+02
  5.401408E+02
  5.380273E+02
  5.363844E+02
  5.352328E+02
  5.347572E+02
  5.352547E+02
  5.377065E+02
  5.436013E+02
  5.558134E+02
  5.789802E+02
  6.205608E+02
  6.938298E+02
  7.957453E+02
  8.476040E+02
  9.558081E+02
  4.075165E+02
  5.846931E-04
  1.407604E+03
  1.401930E+03
  1.396262E+03
  1.390600E+03
  1.384943E+03
  1.379293E+03
  1.373649E+03
  1.368011E+03
  1.362379E+03
  1.348826E+03
  1.334916E+03
  1.321012E+03
  1.307113E+03
  1.293220E+03
  1.279332E+03
  1.265449E+03
  1.251067E+03
  1.235590E+03
  1.220116E+03
  1.204645E+03
  1.189177E+03
  1.173711E+03
  1.158247E+03
  1.142860E+03
  1.128741E+03
  1.114623E+03
  1.100507E+03
  1.086393E+03
  1.072281E+03
  1.058171E+03
  1.044437E+03
  1.032688E+03
  1.020941E+03
  1.009196E+03
  9.974517E+02
  9.857094E+02
  9.739686E+02
  9.642812E+02
  9.559220E+02
  9.475639E+02
  9.392069E+02
  9.308509E+02
  9.224960E+02
  9.159658E+02
  9.123715E+02
  9.087777E+02
  9.051843E+02
  9.015914E+02
  8.979990E+02
  8.972314E+02
  8.996444E+02
  9.020574E+02
  9.044704E+02
  9.068836E+02
  9.092967E+02
  9.172081E+02
  9.260670E+02
  9.349274E+02
  9.437892E+02
  9.526524E+02
  9.644799E+02
  9.790816E+02
  9.936883E+02
  1.008300E+03
  1.022917E+03
  1.039506E+03
  1.058535E+03
  1.077573E+03
  1.096621E+03
  1.115679E+03
  1.136500E+03
  1.158356E+03
  1.180225E+03
  1.202108E+03
  1.224047E+03
  1.246735E+03
  1.269435E+03
  1.292148E+03
  1.314873E+03
  1.336941E+03
  1.358745E+03
  1.380558E+03
  1.402382E+03
  1.423144E+03
  1.443140E+03
  1.463145E+03
  1.483159E+03
  1.501504E+03
  1.518985E+03
  1.536475E+03
  1.553973E+03
  1.568307E+03
  1.582414E+03
  1.596529E+03
  1.609102E+03
  1.619263E+03
  1.629430E+03
  1.639488E+03
  1.645408E+03
  1.651333E+03
  1.657263E+03
  1.659292E+03
  1.660539E+03
  1.661788E+03
  1.659012E+03
  1.655213E+03
  1.651388E+03
  1.643029E+03
  1.634239E+03
  1.624634E+03
  1.611181E+03
  1.597706E+03
  1.581775E+03
  1.564008E+03
  1.545859E+03
  1.524225E+03
  1.502598E+03
  1.478308E+03
  1.453142E+03
  1.426436E+03
  1.398308E+03
  1.369419E+03
  1.339383E+03
  1.308987E+03
  1.278009E+03
  1.246907E+03
  1.215665E+03
  1.184661E+03
  1.153785E+03
  1.123844E+03
  1.094440E+03
  1.066174E+03
  1.039441E+03
  1.013892E+03
  9.901927E+02
  9.687864E+02
  9.492971E+02
  9.320973E+02
  9.177623E+02
  9.086152E+02
  9.085069E+02
  9.254698E+02
  9.729954E+02
  1.070952E+03
  1.246957E+03
  1.480346E+03
  1.561779E+03
  1.592785E+03
 -1.357489E+02
  3.272553E-09
  1.189639E+00
  1.189352E+00
  1.189066E+00
  1.188783E+00
  1.188502E+00
  1.188222E+00
  1.187945E+00
  1.187669E+00
  1.187396E+00
  1.186020E+00
  1.184596E+00
  1.183173E+00
  1.181752E+00
  1.180333E+00
  1.178916E+00
  1.177501E+00
  1.175757E+00
  1.173293E+00
  1.170831E+00
  1.168370E+00
  1.165910E+00
  1.163452E+00
  1.160995E+00
  1.158536E+00
  1.156029E+00
  1.153523E+00
  1.151018E+00
  1.148514E+00
  1.146011E+00
  1.143509E+00
  1.141033E+00
  1.138689E+00
  1.136345E+00
  1.134003E+00
  1.131661E+00
  1.129321E+00
  1.126981E+00
  1.124747E+00
  1.122582E+00
  1.120418E+00
  1.118254E+00
  1.116091E+00
  1.113929E+00
  1.111879E+00
  1.110011E+00
  1.108142E+00
  1.106274E+00
  1.104406E+00
  1.102538E+00
  1.100862E+00
  1.099403E+00
  1.097944E+00
  1.096486E+00
  1.095027E+00
  1.093568E+00
  1.092483E+00
  1.091463E+00
  1.090443E+00
  1.089424E+00
  1.088406E+00
  1.087564E+00
  1.086890E+00
  1.086217E+00
  1.085547E+00
  1.084879E+00
  1.084283E+00
  1.083778E+00
  1.083277E+00
  1.082779E+00
  1.082286E+00
  1.081775E+00
  1.081257E+00
  1.080744E+00
  1.080235E+00
  1.079719E+00
  1.079007E+00
  1.078298E+00
  1.077594E+00
  1.076894E+00
  1.075921E+00
  1.074838E+00
  1.073759E+00
  1.072682E+00
  1.071298E+00
  1.069692E+00
  1.068089E+00
  1.066488E+00
  1.064465E+00
  1.062223E+00
  1.059984E+00
  1.057748E+00
  1.054820E+00
  1.051844E+00
  1.048869E+00
  1.045574E+00
  1.041777E+00
  1.037982E+00
  1.034165E+00
  1.029494E+00
  1.024825E+00
  1.020156E+00
  1.014734E+00
  1.009161E+00
  1.003588E+00
  9.972901E-01
  9.908078E-01
  9.843262E-01
  9.770280E-01
  9.696536E-01
  9.621287E-01
  9.538871E-01
  9.456474E-01
  9.369283E-01
  9.278516E-01
  9.186973E-01
  9.088164E-01
  8.989400E-01
  8.884871E-01
  8.778473E-01
  8.668518E-01
  8.555293E-01
  8.439647E-01
  8.320336E-01
  8.198767E-01
  8.073560E-01
  7.945725E-01
  7.814949E-01
  7.680843E-01
  7.545011E-01
  7.404934E-01
  7.263392E-01
  7.118980E-01
  6.971925E-01
  6.823046E-01
  6.671605E-01
  6.517240E-01
  6.360521E-01
  6.201288E-01
  6.039620E-01
  5.877284E-01
  5.721463E-01
  5.586278E-01
  5.494679E-01
  5.484283E-01
  5.628731E-01
  5.877769E-01
  5.651161E-01
  5.793507E-01
  1.489096E-01
  2.915321E-07
  9.028200E-01
  9.052094E-01
  9.076051E-01
  9.100069E-01
  9.124150E-01
  9.148293E-01
  9.172500E-01
  9.196770E-01
  9.221103E-01
  9.252023E-01
  9.283317E-01
  9.314687E-01
  9.346134E-01
  9.377659E-01
  9.409261E-01
  9.440941E-01
  9.465406E-01
  9.474060E-01
  9.482772E-01
  9.491542E-01
  9.500371E-01
  9.509260E-01
  9.518208E-01
  9.527267E-01
  9.537259E-01
  9.547302E-01
  9.557397E-01
  9.567545E-01
  9.577745E-01
  9.587998E-01
  9.599383E-01
  9.616528E-01
  9.633717E-01
  9.650952E-01
  9.668231E-01
  9.685556E-01
  9.702926E-01
  9.723306E-01
  9.745636E-01
  9.767997E-01
  9.790389E-01
  9.812813E-01
  9.835268E-01
  9.858132E-01
  9.881621E-01
  9.905122E-01
  9.928634E-01
  9.952157E-01
  9.975692E-01
  9.996708E-01
  1.001488E+00
  1.003304E+00
  1.005121E+00
  1.006938E+00
  1.008754E+00
  1.009703E+00
  1.010506E+00
  1.011312E+00
  1.012121E+00
  1.012932E+00
  1.013222E+00
  1.013032E+00
  1.012851E+00
  1.012680E+00
  1.012519E+00
  1.012108E+00
  1.011391E+00
  1.010692E+00
  1.010011E+00
  1.009346E+00
  1.008809E+00
  1.008357E+00
  1.007926E+00
  1.007516E+00
  1.007171E+00
  1.007602E+00
  1.008051E+00
  1.008519E+00
  1.009005E+00
  1.010133E+00
  1.011531E+00
  1.012944E+00
  1.014372E+00
  1.016121E+00
  1.018105E+00
  1.020104E+00
  1.022117E+00
  1.024130E+00
  1.026150E+00
  1.028183E+00
  1.030232E+00
  1.031824E+00
  1.033395E+00
  1.034978E+00
  1.036321E+00
  1.037280E+00
  1.038249E+00
  1.039213E+00
  1.039643E+00
  1.040080E+00
  1.040522E+00
  1.040540E+00
  1.040474E+00
  1.040411E+00
  1.039965E+00
  1.039423E+00
  1.038880E+00
  1.037954E+00
  1.036991E+00
  1.035958E+00
  1.034601E+00
  1.033242E+00
  1.031673E+00
  1.029947E+00
  1.028187E+00
  1.026116E+00
  1.024046E+00
  1.021665E+00
  1.019184E+00
  1.016553E+00
  1.013787E+00
  1.010957E+00
  1.008033E+00
  1.004957E+00
  1.001637E+00
  9.980515E-01
  9.941701E-01
  9.899635E-01
  9.855898E-01
  9.809361E-01
  9.762568E-01
  9.715578E-01
  9.670735E-01
  9.628287E-01
  9.590613E-01
  9.561327E-01
  9.540800E-01
  9.532321E-01
  9.541190E-01
  9.584894E-01
  9.689973E-01
  9.907660E-01
  1.032062E+00
  1.106182E+00
  1.236787E+00
  1.418457E+00
  1.510898E+00
  1.703777E+00
  7.264190E-01
  1.042246E-06
  1.148925E+00
  1.144294E+00
  1.139667E+00
  1.135045E+00
  1.130429E+00
  1.125817E+00
  1.121210E+00
  1.116608E+00
  1.112011E+00
  1.100949E+00
  1.089595E+00
  1.078246E+00
  1.066902E+00
  1.055561E+00
  1.044226E+00
  1.032894E+00
  1.021155E+00
  1.008523E+00
  9.958925E-01
  9.832645E-01
  9.706387E-01
  9.580150E-01
  9.453933E-01
  9.328341E-01
  9.213090E-01
  9.097857E-01
  8.982640E-01
  8.867438E-01
  8.752252E-01
  8.637080E-01
  8.524981E-01
  8.429084E-01
  8.333201E-01
  8.237331E-01
  8.141475E-01
  8.045630E-01
  7.949799E-01
  7.870727E-01
  7.802497E-01
  7.734276E-01
  7.666064E-01
  7.597860E-01
  7.529665E-01
  7.476364E-01
  7.447027E-01
  7.417693E-01
  7.388363E-01
  7.359037E-01
  7.329714E-01
  7.323449E-01
  7.343144E-01
  7.362840E-01
  7.382536E-01
  7.402232E-01
  7.421929E-01
  7.486504E-01
  7.558813E-01
  7.631134E-01
  7.703466E-01
  7.775810E-01
  7.872349E-01
  7.991533E-01
  8.110756E-01
  8.230020E-01
  8.349325E-01
  8.484732E-01
  8.640052E-01
  8.795448E-01
  8.950924E-01
  9.106479E-01
  9.276421E-01
  9.454820E-01
  9.633323E-01
  9.811933E-01
  9.991008E-01
  1.017619E+00
  1.036148E+00
  1.054686E+00
  1.073235E+00
  1.091248E+00
  1.109045E+00
  1.126850E+00
  1.144662E+00
  1.161609E+00
  1.177930E+00
  1.194259E+00
  1.210595E+00
  1.225569E+00
  1.239837E+00
  1.254113E+00
  1.268396E+00
  1.280095E+00
  1.291610E+00
  1.303131E+00
  1.313393E+00
  1.321687E+00
  1.329986E+00
  1.338195E+00
  1.343027E+00
  1.347863E+00
  1.352703E+00
  1.354360E+00
  1.355377E+00
  1.356397E+00
  1.354131E+00
  1.351031E+00
  1.347908E+00
  1.341085E+00
  1.333911E+00
  1.326071E+00
  1.315090E+00
  1.304091E+00
  1.291088E+00
  1.276586E+00
  1.261773E+00
  1.244114E+00
  1.226461E+00
  1.206635E+00
  1.186095E+00
  1.164296E+00
  1.141337E+00
  1.117758E+00
  1.093241E+00
  1.068431E+00
  1.043146E+00
  1.017760E+00
  9.922592E-01
  9.669529E-01
  9.417509E-01
  9.173124E-01
  8.933121E-01
  8.702404E-01
  8.484202E-01
  8.275661E-01
  8.082224E-01
  7.907500E-01
  7.748423E-01
  7.608034E-01
  7.491028E-01
  7.416367E-01
  7.415482E-01
  7.553938E-01
  7.941855E-01
  8.741402E-01
  1.017801E+00
  1.208299E+00
  1.274766E+00
  1.300075E+00
 -1.108020E-01
  2.671147E-12
  9.394597E-01
  9.392300E-01
  9.390017E-01
  9.387749E-01
  9.385496E-01
  9.383258E-01
  9.381034E-01
  9.378824E-01
  9.376630E-01
  9.365731E-01
  9.354448E-01
  9.343178E-01
  9.331923E-01
  9.320682E-01
  9.309454E-01
  9.298240E-01
  9.284426E-01
  9.264936E-01
  9.245456E-01
  9.225985E-01
  9.206525E-01
  9.187073E-01
  9.167632E-01
  9.148177E-01
  9.128344E-01
  9.108520E-01
  9.088704E-01
  9.068896E-01
  9.049096E-01
  9.029304E-01
  9.009716E-01
  8.991175E-01
  8.972641E-01
  8.954114E-01
  8.935594E-01
  8.917081E-01
  8.898574E-01
  8.880913E-01
  8.863799E-01
  8.846690E-01
  8.829586E-01
  8.812486E-01
  8.795392E-01
  8.779193E-01
  8.764431E-01
  8.749671E-01
  8.734913E-01
  8.720157E-01
  8.705403E-01
  8.692175E-01
  8.680665E-01
  8.669155E-01
  8.657645E-01
  8.646135E-01
  8.634625E-01
  8.626078E-01
  8.618045E-01
  8.610016E-01
  8.601992E-01
  8.593972E-01
  8.587357E-01
  8.582064E-01
  8.576787E-01
  8.571525E-01
  8.566279E-01
  8.561613E-01
  8.557670E-01
  8.553756E-01
  8.549870E-01
  8.546014E-01
  8.542032E-01
  8.537994E-01
  8.533993E-01
  8.530027E-01
  8.526004E-01
  8.520434E-01
  8.514896E-01
  8.509389E-01
  8.503913E-01
  8.496287E-01
  8.487792E-01
  8.479318E-01
  8.470866E-01
  8.459984E-01
  8.447349E-01
  8.434731E-01
  8.422133E-01
  8.406195E-01
  8.388527E-01
  8.370876E-01
  8.353244E-01
  8.330150E-01
  8.306666E-01
  8.283199E-01
  8.257194E-01
  8.227221E-01
  8.197262E-01
  8.167125E-01
  8.130245E-01
  8.093374E-01
  8.056512E-01
  8.013693E-01
  7.969681E-01
  7.925674E-01
  7.875936E-01
  7.824743E-01
  7.773556E-01
  7.715919E-01
  7.657681E-01
  7.598255E-01
  7.533168E-01
  7.468096E-01
  7.399237E-01
  7.327555E-01
  7.255259E-01
  7.177224E-01
  7.099224E-01
  7.016670E-01
  6.932640E-01
  6.845799E-01
  6.756375E-01
  6.665038E-01
  6.570805E-01
  6.474788E-01
  6.375895E-01
  6.274927E-01
  6.171635E-01
  6.065711E-01
  5.958424E-01
  5.847782E-01
  5.735983E-01
  5.621917E-01
  5.505762E-01
  5.388166E-01
  5.268547E-01
  5.146618E-01
  5.022830E-01
  4.897055E-01
  4.769359E-01
  4.641134E-01
  4.518056E-01
  4.411272E-01
  4.338907E-01
  4.330664E-01
  4.444690E-01
  4.641301E-01
  4.462324E-01
  4.574683E-01
  1.369801E-01
  4.611632E-02
  4.484196E-02
  4.496050E-02
  4.507935E-02
  4.519850E-02
  4.531795E-02
  4.543771E-02
  4.555778E-02
  4.567815E-02
  4.579884E-02
  4.595225E-02
  4.610750E-02
  4.626314E-02
  4.641914E-02
  4.657553E-02
  4.673230E-02
  4.688944E-02
  4.701076E-02
  4.705355E-02
  4.709663E-02
  4.714000E-02
  4.718366E-02
  4.722760E-02
  4.727184E-02
  4.731663E-02
  4.736607E-02
  4.741576E-02
  4.746571E-02
  4.751591E-02
  4.756638E-02
  4.761710E-02
  4.767345E-02
  4.775844E-02
  4.784365E-02
  4.792907E-02
  4.801472E-02
  4.810059E-02
  4.818669E-02
  4.828776E-02
  4.839855E-02
  4.850948E-02
  4.862057E-02
  4.873182E-02
  4.884322E-02
  4.895668E-02
  4.907329E-02
  4.918997E-02
  4.930670E-02
  4.942348E-02
  4.954032E-02
  4.964469E-02
  4.973498E-02
  4.982525E-02
  4.991552E-02
  5.000579E-02
  5.009604E-02
  5.014331E-02
  5.018331E-02
  5.022345E-02
  5.026373E-02
  5.030414E-02
  5.031873E-02
  5.030945E-02
  5.030066E-02
  5.029237E-02
  5.028457E-02
  5.026438E-02
  5.022904E-02
  5.019458E-02
  5.016097E-02
  5.012821E-02
  5.010183E-02
  5.007971E-02
  5.005861E-02
  5.003852E-02
  5.002167E-02
  5.004341E-02
  5.006607E-02
  5.008962E-02
  5.011407E-02
  5.017039E-02
  5.024016E-02
  5.031066E-02
  5.038189E-02
  5.046904E-02
  5.056787E-02
  5.066741E-02
  5.076765E-02
  5.086787E-02
  5.096840E-02
  5.106961E-02
  5.117152E-02
  5.125078E-02
  5.132892E-02
  5.140769E-02
  5.147450E-02
  5.152224E-02
  5.157045E-02
  5.161837E-02
  5.163979E-02
  5.166151E-02
  5.168351E-02
  5.168441E-02
  5.168114E-02
  5.167801E-02
  5.165590E-02
  5.162895E-02
  5.160201E-02
  5.155601E-02
  5.150816E-02
  5.145686E-02
  5.138943E-02
  5.132193E-02
  5.124400E-02
  5.115828E-02
  5.107082E-02
  5.096795E-02
  5.086511E-02
  5.074683E-02
  5.062356E-02
  5.049285E-02
  5.035537E-02
  5.021478E-02
  5.006944E-02
  4.991659E-02
  4.975156E-02
  4.957337E-02
  4.938046E-02
  4.917139E-02
  4.895399E-02
  4.872267E-02
  4.849008E-02
  4.825648E-02
  4.803354E-02
  4.782248E-02
  4.763512E-02
  4.748941E-02
  4.738719E-02
  4.734479E-02
  4.738854E-02
  4.760529E-02
  4.812685E-02
  4.920767E-02
  5.125829E-02
  5.493908E-02
  6.142517E-02
  7.044721E-02
  7.503759E-02
  8.461602E-02
  4.202836E-02
  1.036952E-02
  1.246252E-01
  1.241225E-01
  1.236202E-01
  1.231185E-01
  1.226174E-01
  1.221167E-01
  1.216166E-01
  1.211170E-01
  1.206179E-01
  1.194175E-01
  1.181856E-01
  1.169541E-01
  1.157232E-01
  1.144927E-01
  1.132627E-01
  1.120331E-01
  1.107594E-01
  1.093888E-01
  1.080184E-01
  1.066483E-01
  1.052785E-01
  1.039088E-01
  1.025394E-01
  1.011767E-01
  9.992633E-02
  9.867611E-02
  9.742607E-02
  9.617620E-02
  9.492651E-02
  9.367697E-02
  9.246079E-02
  9.142040E-02
  9.038016E-02
  8.934007E-02
  8.830013E-02
  8.726033E-02
  8.622066E-02
  8.536285E-02
  8.462265E-02
  8.388256E-02
  8.314257E-02
  8.240267E-02
  8.166286E-02
  8.108465E-02
  8.076641E-02
  8.044821E-02
  8.013006E-02
  7.981195E-02
  7.949387E-02
  7.942594E-02
  7.963963E-02
  7.985332E-02
  8.006702E-02
  8.028073E-02
  8.049444E-02
  8.119497E-02
  8.197941E-02
  8.276397E-02
  8.354866E-02
  8.433348E-02
  8.538078E-02
  8.667374E-02
  8.796713E-02
  8.926098E-02
  9.055527E-02
  9.202427E-02
  9.370933E-02
  9.539524E-02
  9.708200E-02
  9.876964E-02
  1.006134E-01
  1.025490E-01
  1.044857E-01
  1.064236E-01
  1.083665E-01
  1.103759E-01
  1.123863E-01
  1.143978E-01
  1.164105E-01
  1.183650E-01
  1.202962E-01
  1.222282E-01
  1.241611E-01
  1.260000E-01
  1.277711E-01
  1.295429E-01
  1.313156E-01
  1.329404E-01
  1.344887E-01
  1.360377E-01
  1.375875E-01
  1.388571E-01
  1.401065E-01
  1.413566E-01
  1.424700E-01
  1.433699E-01
  1.442704E-01
  1.451610E-01
  1.456853E-01
  1.462100E-01
  1.467351E-01
  1.469149E-01
  1.470253E-01
  1.471359E-01
  1.468901E-01
  1.465538E-01
  1.462151E-01
  1.454750E-01
  1.446967E-01
  1.438463E-01
  1.426551E-01
  1.414620E-01
  1.400515E-01
  1.384784E-01
  1.368715E-01
  1.349559E-01
  1.330410E-01
  1.308902E-01
  1.286620E-01
  1.262973E-01
  1.238067E-01
  1.212487E-01
  1.185892E-01
  1.158977E-01
  1.131547E-01
  1.104007E-01
  1.076342E-01
  1.048889E-01
  1.021548E-01
  9.950354E-02
  9.689980E-02
  9.439677E-02
  9.202948E-02
  8.976699E-02
  8.766832E-02
  8.577262E-02
  8.404664E-02
  8.252334E-02
  8.125368E-02
  8.044331E-02
  8.043316E-02
  8.193435E-02
  8.614126E-02
  9.481279E-02
  1.103939E-01
  1.310548E-01
  1.382628E-01
  1.410065E-01
 -1.400018E-02
  5.803865E-08
  9.396609E-01
  9.394319E-01
  9.392044E-01
  9.389783E-01
  9.387537E-01
  9.385305E-01
  9.383088E-01
  9.380886E-01
  9.378698E-01
  9.367814E-01
  9.356546E-01
  9.345292E-01
  9.334051E-01
  9.322825E-01
  9.311612E-01
  9.300413E-01
  9.286614E-01
  9.267137E-01
  9.247669E-01
  9.228212E-01
  9.208764E-01
  9.189326E-01
  9.169898E-01
  9.150456E-01
  9.130633E-01
  9.110818E-01
  9.091012E-01
  9.071214E-01
  9.051424E-01
  9.031642E-01
  9.012063E-01
  8.993531E-01
  8.975006E-01
  8.956487E-01
  8.937976E-01
  8.919471E-01
  8.900973E-01
  8.883321E-01
  8.866215E-01
  8.849115E-01
  8.832019E-01
  8.814929E-01
  8.797843E-01
  8.781653E-01
  8.766899E-01
  8.752147E-01
  8.737397E-01
  8.722649E-01
  8.707903E-01
  8.694683E-01
  8.683179E-01
  8.671675E-01
  8.660172E-01
  8.648668E-01
  8.637164E-01
  8.628621E-01
  8.620591E-01
  8.612566E-01
  8.604545E-01
  8.596528E-01
  8.589914E-01
  8.584621E-01
  8.579343E-01
  8.574081E-01
  8.568834E-01
  8.564166E-01
  8.560220E-01
  8.556301E-01
  8.552412E-01
  8.548551E-01
  8.544564E-01
  8.540520E-01
  8.536513E-01
  8.532541E-01
  8.528512E-01
  8.522936E-01
  8.517391E-01
  8.511878E-01
  8.506396E-01
  8.498765E-01
  8.490264E-01
  8.481786E-01
  8.473329E-01
  8.462444E-01
  8.449805E-01
  8.437184E-01
  8.424582E-01
  8.408642E-01
  8.390972E-01
  8.373319E-01
  8.355685E-01
  8.332590E-01
  8.309105E-01
  8.285637E-01
  8.259631E-01
  8.229659E-01
  8.199700E-01
  8.169564E-01
  8.132686E-01
  8.095818E-01
  8.058958E-01
  8.016146E-01
  7.972139E-01
  7.928139E-01
  7.878412E-01
  7.827232E-01
  7.776057E-01
  7.718441E-01
  7.660223E-01
  7.600819E-01
  7.535762E-01
  7.470719E-01
  7.401896E-01
  7.330252E-01
  7.257996E-01
  7.180008E-01
  7.102056E-01
  7.019556E-01
  6.935581E-01
  6.848799E-01
  6.759437E-01
  6.668164E-01
  6.573997E-01
  6.478047E-01
  6.379223E-01
  6.278323E-01
  6.175099E-01
  6.069244E-01
  5.962025E-01
  5.851455E-01
  5.739729E-01
  5.625741E-01
  5.509674E-01
  5.392175E-01
  5.272667E-01
  5.150875E-01
  5.027252E-01
  4.901677E-01
  4.774226E-01
  4.646315E-01
  4.523622E-01
  4.417297E-01
  4.345453E-01
  4.337751E-01
  4.452237E-01
  4.649021E-01
  4.469951E-01
  4.580933E-01
  1.365769E-01
  4.333766E-02
  3.851647E-02
  3.863675E-02
  3.875731E-02
  3.887817E-02
  3.899933E-02
  3.912079E-02
  3.924255E-02
  3.936460E-02
  3.948696E-02
  3.964347E-02
  3.980189E-02
  3.996068E-02
  4.011984E-02
  4.027938E-02
  4.043928E-02
  4.059957E-02
  4.072382E-02
  4.076915E-02
  4.081475E-02
  4.086064E-02
  4.090681E-02
  4.095327E-02
  4.100001E-02
  4.104726E-02
  4.109858E-02
  4.115014E-02
  4.120195E-02
  4.125401E-02
  4.130633E-02
  4.135891E-02
  4.141703E-02
  4.150340E-02
  4.158999E-02
  4.167679E-02
  4.176382E-02
  4.185106E-02
  4.193852E-02
  4.204060E-02
  4.215215E-02
  4.226385E-02
  4.237571E-02
  4.248771E-02
  4.259987E-02
  4.271375E-02
  4.283026E-02
  4.294682E-02
  4.306344E-02
  4.318011E-02
  4.329684E-02
  4.340056E-02
  4.348959E-02
  4.357862E-02
  4.366763E-02
  4.375665E-02
  4.384565E-02
  4.389057E-02
  4.392804E-02
  4.396564E-02
  4.400337E-02
  4.404125E-02
  4.405265E-02
  4.403960E-02
  4.402703E-02
  4.401495E-02
  4.400335E-02
  4.397890E-02
  4.393873E-02
  4.389942E-02
  4.386096E-02
  4.382332E-02
  4.379165E-02
  4.376397E-02
  4.373729E-02
  4.371162E-02
  4.368914E-02
  4.370515E-02
  4.372205E-02
  4.373984E-02
  4.375851E-02
  4.380937E-02
  4.387381E-02
  4.393897E-02
  4.400485E-02
  4.408708E-02
  4.418133E-02
  4.427628E-02
  4.437193E-02
  4.446812E-02
  4.456491E-02
  4.466240E-02
  4.476057E-02
  4.483691E-02
  4.491221E-02
  4.498812E-02
  4.505239E-02
  4.509810E-02
  4.514427E-02
  4.519016E-02
  4.521013E-02
  4.523039E-02
  4.525093E-02
  4.525067E-02
  4.524630E-02
  4.524206E-02
  4.521899E-02
  4.519112E-02
  4.516325E-02
  4.511634E-02
  4.506756E-02
  4.501531E-02
  4.494683E-02
  4.487827E-02
  4.479922E-02
  4.471231E-02
  4.462365E-02
  4.451960E-02
  4.441556E-02
  4.429629E-02
  4.417207E-02
  4.404074E-02
  4.390296E-02
  4.376242E-02
  4.361768E-02
  4.346573E-02
  4.330214E-02
  4.312563E-02
  4.293468E-02
  4.272738E-02
  4.251167E-02
  4.228040E-02
  4.204653E-02
  4.180876E-02
  4.157630E-02
  4.135092E-02
  4.114074E-02
  4.095864E-02
  4.080677E-02
  4.069810E-02
  4.065475E-02
  4.075528E-02
  4.113141E-02
  4.203689E-02
  4.388565E-02
  4.735390E-02
  5.365421E-02
  6.258550E-02
  6.719043E-02
  7.682429E-02
  3.530834E-02
  2.083518E-03
  1.250713E-01
  1.245672E-01
  1.240636E-01
  1.235606E-01
  1.230581E-01
  1.225561E-01
  1.220546E-01
  1.215536E-01
  1.210532E-01
  1.198511E-01
  1.186175E-01
  1.173843E-01
  1.161516E-01
  1.149194E-01
  1.136877E-01
  1.124564E-01
  1.111809E-01
  1.098084E-01
  1.084362E-01
  1.070643E-01
  1.056925E-01
  1.043210E-01
  1.029497E-01
  1.015852E-01
  1.003330E-01
  9.908085E-02
  9.782893E-02
  9.657719E-02
  9.532562E-02
  9.407422E-02
  9.285618E-02
  9.181402E-02
  9.077202E-02
  8.973017E-02
  8.868847E-02
  8.764691E-02
  8.660549E-02
  8.574610E-02
  8.500445E-02
  8.426290E-02
  8.352146E-02
  8.278011E-02
  8.203885E-02
  8.145940E-02
  8.114029E-02
  8.082122E-02
  8.050219E-02
  8.018320E-02
  7.986426E-02
  7.979588E-02
  8.000962E-02
  8.022337E-02
  8.043712E-02
  8.065088E-02
  8.086465E-02
  8.156622E-02
  8.235188E-02
  8.313767E-02
  8.392358E-02
  8.470963E-02
  8.575871E-02
  8.705397E-02
  8.834969E-02
  8.964585E-02
  9.094247E-02
  9.241413E-02
  9.410229E-02
  9.579129E-02
  9.748117E-02
  9.917193E-02
  1.010190E-01
  1.029580E-01
  1.048981E-01
  1.068394E-01
  1.087858E-01
  1.107982E-01
  1.128117E-01
  1.148264E-01
  1.168421E-01
  1.187993E-01
  1.207328E-01
  1.226672E-01
  1.246024E-01
  1.264433E-01
  1.282159E-01
  1.299894E-01
  1.317637E-01
  1.333897E-01
  1.349389E-01
  1.364889E-01
  1.380397E-01
  1.393097E-01
  1.405596E-01
  1.418101E-01
  1.429239E-01
  1.438239E-01
  1.447245E-01
  1.456153E-01
  1.461394E-01
  1.466639E-01
  1.471889E-01
  1.473681E-01
  1.474778E-01
  1.475878E-01
  1.473409E-01
  1.470032E-01
  1.466613E-01
  1.459188E-01
  1.451382E-01
  1.442852E-01
  1.430922E-01
  1.418955E-01
  1.404807E-01
  1.389028E-01
  1.372909E-01
  1.353693E-01
  1.334482E-01
  1.312904E-01
  1.290548E-01
  1.266821E-01
  1.241831E-01
  1.216164E-01
  1.189478E-01
  1.162472E-01
  1.134951E-01
  1.107322E-01
  1.079570E-01
  1.052034E-01
  1.024613E-01
  9.980280E-02
  9.719225E-02
  9.468322E-02
  9.231093E-02
  9.004422E-02
  8.794257E-02
  8.604559E-02
  8.431986E-02
  8.279869E-02
  8.153347E-02
  8.073082E-02
  8.073162E-02
  8.224698E-02
  8.647068E-02
  9.515959E-02
  1.107540E-01
  1.314148E-01
  1.386067E-01
  1.412728E-01
 -1.405082E-02
  5.341132E-08
 -2.012527E-04
 -2.019449E-04
 -2.026387E-04
 -2.033341E-04
 -2.040310E-04
 -2.047295E-04
 -2.054296E-04
 -2.061314E-04
 -2.068347E-04
 -2.083017E-04
 -2.098053E-04
 -2.113108E-04
 -2.128180E-04
 -2.143271E-04
 -2.158380E-04
 -2.173508E-04
 -2.187961E-04
 -2.200923E-04
 -2.213903E-04
 -2.226899E-04
 -2.239911E-04
 -2.252942E-04
 -2.265989E-04
 -2.278868E-04
 -2.288593E-04
 -2.298332E-04
 -2.308086E-04
 -2.317854E-04
 -2.327637E-04
 -2.337434E-04
 -2.347064E-04
 -2.355744E-04
 -2.364435E-04
 -2.373138E-04
 -2.381854E-04
 -2.390581E-04
 -2.399321E-04
 -2.408000E-04
 -2.416643E-04
 -2.425294E-04
 -2.433953E-04
 -2.442621E-04
 -2.451297E-04
 -2.459773E-04
 -2.467919E-04
 -2.476069E-04
 -2.484221E-04
 -2.492377E-04
 -2.500536E-04
 -2.507825E-04
 -2.514132E-04
 -2.520438E-04
 -2.526744E-04
 -2.533049E-04
 -2.539354E-04
 -2.543005E-04
 -2.546205E-04
 -2.549412E-04
 -2.552625E-04
 -2.555844E-04
 -2.557124E-04
 -2.556605E-04
 -2.556110E-04
 -2.555640E-04
 -2.555194E-04
 -2.553164E-04
 -2.549187E-04
 -2.545256E-04
 -2.541369E-04
 -2.537527E-04
 -2.532238E-04
 -2.526132E-04
 -2.520082E-04
 -2.514087E-04
 -2.508123E-04
 -2.501822E-04
 -2.495572E-04
 -2.489372E-04
 -2.483223E-04
 -2.477909E-04
 -2.472959E-04
 -2.468050E-04
 -2.463183E-04
 -2.459216E-04
 -2.455910E-04
 -2.452642E-04
 -2.449412E-04
 -2.446965E-04
 -2.444941E-04
 -2.442954E-04
 -2.441002E-04
 -2.439954E-04
 -2.439003E-04
 -2.438083E-04
 -2.437665E-04
 -2.438007E-04
 -2.438374E-04
 -2.438823E-04
 -2.441321E-04
 -2.443834E-04
 -2.446363E-04
 -2.452101E-04
 -2.458490E-04
 -2.464886E-04
 -2.476171E-04
 -2.488701E-04
 -2.501233E-04
 -2.521127E-04
 -2.541715E-04
 -2.563889E-04
 -2.593582E-04
 -2.623272E-04
 -2.658247E-04
 -2.697179E-04
 -2.736975E-04
 -2.784603E-04
 -2.832234E-04
 -2.885772E-04
 -2.941280E-04
 -3.000222E-04
 -3.062351E-04
 -3.126211E-04
 -3.192665E-04
 -3.259762E-04
 -3.327860E-04
 -3.396009E-04
 -3.464214E-04
 -3.532719E-04
 -3.601408E-04
 -3.672642E-04
 -3.746081E-04
 -3.824395E-04
 -3.912043E-04
 -4.008301E-04
 -4.120008E-04
 -4.257703E-04
 -4.422166E-04
 -4.621571E-04
 -4.866892E-04
 -5.180572E-04
 -5.565802E-04
 -6.024540E-04
 -6.545889E-04
 -7.087082E-04
 -7.547141E-04
 -7.720005E-04
 -7.626685E-04
 -6.249571E-04
  4.031728E-04
  2.778663E-03
  6.325484E-03
  6.323756E-03
  6.322035E-03
  6.320322E-03
  6.318618E-03
  6.316921E-03
  6.315233E-03
  6.313553E-03
  6.311881E-03
  6.308775E-03
  6.305610E-03
  6.302452E-03
  6.299299E-03
  6.296153E-03
  6.293012E-03
  6.289878E-03
  6.286936E-03
  6.284405E-03
  6.281880E-03
  6.279359E-03
  6.276843E-03
  6.274333E-03
  6.271827E-03
  6.269361E-03
  6.267489E-03
  6.265622E-03
  6.263759E-03
  6.261900E-03
  6.260046E-03
  6.258196E-03
  6.256422E-03
  6.255037E-03
  6.253656E-03
  6.252278E-03
  6.250904E-03
  6.249534E-03
  6.248167E-03
  6.247163E-03
  6.246394E-03
  6.245628E-03
  6.244865E-03
  6.244105E-03
  6.243347E-03
  6.242923E-03
  6.243032E-03
  6.243143E-03
  6.243255E-03
  6.243369E-03
  6.243483E-03
  6.244134E-03
  6.245385E-03
  6.246637E-03
  6.247889E-03
  6.249141E-03
  6.250392E-03
  6.252739E-03
  6.255276E-03
  6.257815E-03
  6.260356E-03
  6.262899E-03
  6.266076E-03
  6.269850E-03
  6.273633E-03
  6.277425E-03
  6.281225E-03
  6.285483E-03
  6.290309E-03
  6.295152E-03
  6.300010E-03
  6.304885E-03
  6.310183E-03
  6.315738E-03
  6.321313E-03
  6.326908E-03
  6.332528E-03
  6.338263E-03
  6.344013E-03
  6.349780E-03
  6.355563E-03
  6.361023E-03
  6.366354E-03
  6.371695E-03
  6.377046E-03
  6.381952E-03
  6.386536E-03
  6.391126E-03
  6.395722E-03
  6.399749E-03
  6.403481E-03
  6.407217E-03
  6.410958E-03
  6.413865E-03
  6.416714E-03
  6.419568E-03
  6.422104E-03
  6.424142E-03
  6.426183E-03
  6.428213E-03
  6.429665E-03
  6.431120E-03
  6.432578E-03
  6.433739E-03
  6.434842E-03
  6.435947E-03
  6.436907E-03
  6.437831E-03
  6.438756E-03
  6.439675E-03
  6.440597E-03
  6.441544E-03
  6.442595E-03
  6.443652E-03
  6.444782E-03
  6.445972E-03
  6.447171E-03
  6.448350E-03
  6.449551E-03
  6.450545E-03
  6.451495E-03
  6.452104E-03
  6.452410E-03
  6.452363E-03
  6.451768E-03
  6.450859E-03
  6.449422E-03
  6.447744E-03
  6.445788E-03
  6.444003E-03
  6.442322E-03
  6.442271E-03
  6.443543E-03
  6.447723E-03
  6.457240E-03
  6.471564E-03
  6.494380E-03
  6.530773E-03
  6.580419E-03
  6.646691E-03
  6.733787E-03
  6.850015E-03
  6.995441E-03
  7.170779E-03
  7.372647E-03
  7.585172E-03
  7.770961E-03
  7.861709E-03
  7.847163E-03
  7.791736E-03
  6.720024E-03
  8.286003E-03
 -4.461043E-04
 -4.447516E-04
 -4.434008E-04
 -4.420518E-04
 -4.407047E-04
 -4.393593E-04
 -4.380158E-04
 -4.366741E-04
 -4.353342E-04
 -4.336186E-04
 -4.318889E-04
 -4.301624E-04
 -4.284391E-04
 -4.267190E-04
 -4.250020E-04
 -4.232881E-04
 -4.215264E-04
 -4.196569E-04
 -4.177906E-04
 -4.159276E-04
 -4.140678E-04
 -4.122112E-04
 -4.103579E-04
 -4.085057E-04
 -4.066213E-04
 -4.047397E-04
 -4.028610E-04
 -4.009851E-04
 -3.991120E-04
 -3.972417E-04
 -3.953900E-04
 -3.936242E-04
 -3.918605E-04
 -3.900989E-04
 -3.883393E-04
 -3.865819E-04
 -3.848266E-04
 -3.832534E-04
 -3.817980E-04
 -3.803438E-04
 -3.788906E-04
 -3.774385E-04
 -3.759876E-04
 -3.747576E-04
 -3.738821E-04
 -3.730068E-04
 -3.721316E-04
 -3.712566E-04
 -3.703818E-04
 -3.699433E-04
 -3.699961E-04
 -3.700489E-04
 -3.701018E-04
 -3.701548E-04
 -3.702078E-04
 -3.712550E-04
 -3.724751E-04
 -3.736970E-04
 -3.749208E-04
 -3.761465E-04
 -3.779300E-04
 -3.802379E-04
 -3.825515E-04
 -3.848707E-04
 -3.871956E-04
 -3.898629E-04
 -3.929554E-04
 -3.960580E-04
 -3.991708E-04
 -4.022938E-04
 -4.055836E-04
 -4.089778E-04
 -4.123856E-04
 -4.158069E-04
 -4.192216E-04
 -4.223092E-04
 -4.254107E-04
 -4.285261E-04
 -4.316554E-04
 -4.342314E-04
 -4.365872E-04
 -4.389550E-04
 -4.413347E-04
 -4.432591E-04
 -4.448563E-04
 -4.464638E-04
 -4.480818E-04
 -4.492622E-04
 -4.502187E-04
 -4.511845E-04
 -4.521595E-04
 -4.526486E-04
 -4.531090E-04
 -4.535774E-04
 -4.539053E-04
 -4.540086E-04
 -4.541184E-04
 -4.542266E-04
 -4.540608E-04
 -4.538997E-04
 -4.537432E-04
 -4.531995E-04
 -4.525800E-04
 -4.519636E-04
 -4.507308E-04
 -4.493424E-04
 -4.461926E-04
 -4.438798E-04
 -4.414806E-04
 -4.388795E-04
 -4.370812E-04
 -4.335194E-04
 -4.292420E-04
 -4.244294E-04
 -4.194893E-04
 -4.133841E-04
 -4.072815E-04
 -4.002184E-04
 -3.928398E-04
 -3.848839E-04
 -3.763966E-04
 -3.676785E-04
 -3.586122E-04
 -3.495364E-04
 -3.404410E-04
 -3.315235E-04
 -3.228026E-04
 -3.145197E-04
 -3.064685E-04
 -2.992620E-04
 -2.924503E-04
 -2.864447E-04
 -2.814495E-04
 -2.772333E-04
 -2.742519E-04
 -2.729688E-04
 -2.732215E-04
 -2.753497E-04
 -2.797925E-04
 -2.875056E-04
 -2.984615E-04
 -3.126296E-04
 -3.294175E-04
 -3.467996E-04
 -3.601204E-04
 -3.600073E-04
 -3.439077E-04
 -2.662847E-04
  5.063766E-05
  4.627331E-09
  1.273240E+00
  1.273211E+00
  1.273125E+00
  1.272981E+00
  1.272781E+00
  1.272522E+00
  1.272207E+00
  1.271834E+00
  1.271403E+00
  1.270915E+00
  1.270369E+00
  1.269765E+00
  1.269104E+00
  1.268384E+00
  1.267607E+00
  1.266771E+00
  1.265877E+00
  1.264925E+00
  1.263915E+00
  1.262845E+00
  1.261717E+00
  1.260530E+00
  1.259284E+00
  1.257979E+00
  1.256614E+00
  1.255190E+00
  1.253705E+00
  1.252161E+00
  1.250556E+00
  1.248891E+00
  1.247165E+00
  1.245378E+00
  1.243529E+00
  1.241620E+00
  1.239648E+00
  1.237614E+00
  1.235518E+00
  1.233359E+00
  1.231136E+00
  1.228851E+00
  1.226501E+00
  1.224088E+00
  1.221610E+00
  1.219067E+00
  1.216458E+00
  1.213784E+00
  1.211044E+00
  1.208237E+00
  1.205362E+00
  1.202421E+00
  1.199411E+00
  1.196332E+00
  1.193185E+00
  1.189968E+00
  1.186680E+00
  1.183322E+00
  1.179892E+00
  1.176390E+00
  1.172816E+00
  1.169168E+00
  1.165446E+00
  1.161649E+00
  1.157776E+00
  1.153828E+00
  1.149802E+00
  1.145699E+00
  1.141516E+00
  1.137254E+00
  1.132912E+00
  1.128488E+00
  1.123982E+00
  1.119393E+00
  1.114719E+00
  1.109960E+00
  1.105114E+00
  1.100180E+00
  1.095157E+00
  1.090045E+00
  1.084841E+00
  1.079544E+00
  1.074153E+00
  1.068667E+00
  1.063083E+00
  1.057401E+00
  1.051619E+00
  1.045735E+00
  1.039748E+00
  1.033655E+00
  1.027455E+00
  1.021146E+00
  1.014726E+00
  1.008193E+00
  1.001543E+00
  9.947766E-01
  9.878894E-01
  9.808795E-01
  9.737441E-01
  9.664805E-01
  9.590857E-01
  9.515567E-01
  9.438904E-01
  9.360832E-01
  9.281318E-01
  9.200322E-01
  9.117806E-01
  9.033729E-01
  8.948045E-01
  8.860709E-01
  8.771671E-01
  8.680879E-01
  8.588277E-01
  8.493806E-01
  8.397402E-01
  8.299000E-01
  8.198525E-01
  8.095903E-01
  7.991048E-01
  7.883874E-01
  7.774283E-01
  7.662172E-01
  7.547428E-01
  7.429930E-01
  7.309546E-01
  7.186128E-01
  7.059520E-01
  6.929545E-01
  6.796012E-01
  6.658704E-01
  6.517385E-01
  6.371787E-01
  6.221609E-01
  6.066513E-01
  5.906109E-01
  5.739954E-01
  5.567532E-01
  5.388241E-01
  5.201372E-01
  5.006076E-01
  4.801325E-01
  4.585853E-01
  4.358068E-01
  4.115929E-01
  3.856731E-01
  3.576769E-01
  3.270715E-01
  2.930404E-01
  2.542116E-01
  2.079144E-01
  1.472658E-01
  0.000000E+00
  9.538840E-02
  9.534656E-02
  9.530469E-02
  9.526281E-02
  9.522091E-02
  9.517898E-02
  9.513704E-02
  9.509507E-02
  9.505309E-02
  9.500165E-02
  9.497195E-02
  9.495399E-02
  9.493601E-02
  9.491802E-02
  9.490001E-02
  9.488198E-02
  9.486102E-02
  9.483369E-02
  9.480635E-02
  9.477900E-02
  9.475163E-02
  9.472425E-02
  9.469685E-02
  9.466891E-02
  9.463184E-02
  9.459477E-02
  9.455768E-02
  9.452059E-02
  9.448348E-02
  9.444636E-02
  9.440781E-02
  9.436166E-02
  9.431552E-02
  9.426936E-02
  9.422320E-02
  9.417704E-02
  9.413087E-02
  9.408133E-02
  9.402963E-02
  9.397792E-02
  9.394219E-02
  9.391207E-02
  9.388195E-02
  9.385135E-02
  9.381998E-02
  9.378861E-02
  9.375724E-02
  9.372586E-02
  9.369449E-02
  9.367062E-02
  9.365519E-02
  9.363977E-02
  9.362434E-02
  9.360891E-02
  9.359348E-02
  9.360847E-02
  9.362870E-02
  9.364893E-02
  9.366915E-02
  9.368938E-02
  9.372477E-02
  9.377436E-02
  9.384724E-02
  9.393361E-02
  9.401997E-02
  9.411624E-02
  9.422474E-02
  9.433323E-02
  9.444171E-02
  9.455016E-02
  9.464987E-02
  9.474443E-02
  9.483898E-02
  9.493349E-02
  9.502486E-02
  9.506347E-02
  9.510204E-02
  9.514057E-02
  9.521018E-02
  9.523157E-02
  9.522272E-02
  9.521382E-02
  9.520486E-02
  9.514980E-02
  9.506138E-02
  9.497290E-02
  9.488434E-02
  9.476390E-02
  9.462682E-02
  9.448975E-02
  9.435811E-02
  9.420773E-02
  9.405591E-02
  9.390404E-02
  9.375441E-02
  9.360831E-02
  9.346218E-02
  9.331667E-02
  9.319445E-02
  9.307221E-02
  9.294995E-02
  9.281852E-02
  9.268525E-02
  9.255197E-02
  9.236511E-02
  9.216462E-02
  9.165490E-02
  9.138855E-02
  9.111389E-02
  9.081818E-02
  9.074822E-02
  9.035266E-02
  8.988029E-02
  8.935041E-02
  8.880666E-02
  8.813764E-02
  8.753588E-02
  8.687443E-02
  8.618360E-02
  8.543935E-02
  8.464571E-02
  8.384205E-02
  8.312824E-02
  8.246796E-02
  8.182778E-02
  8.160420E-02
  8.199105E-02
  8.235926E-02
  8.276102E-02
  8.318535E-02
  8.366057E-02
  8.410054E-02
  8.449704E-02
  8.486303E-02
  8.518569E-02
  8.546172E-02
  8.570264E-02
  8.590625E-02
  8.613462E-02
  8.632653E-02
  8.647886E-02
  8.659309E-02
  8.666959E-02
  8.670910E-02
  8.674187E-02
  8.678732E-02
  8.681821E-02
  8.690920E-02
  9.782921E-02
  4.714679E-02
  5.182240E-01
  5.370040E-01
  5.557840E-01
  5.745638E-01
  5.933434E-01
  6.121230E-01
  6.309024E-01
  6.496817E-01
  6.684609E-01
  6.859733E-01
  7.034278E-01
  7.208821E-01
  7.383363E-01
  7.557904E-01
  7.732443E-01
  7.906980E-01
  8.076256E-01
  8.234078E-01
  8.391900E-01
  8.549720E-01
  8.707539E-01
  8.865357E-01
  9.023173E-01
  9.179792E-01
  9.316012E-01
  9.452231E-01
  9.588448E-01
  9.724665E-01
  9.860880E-01
  9.997095E-01
  1.012877E+00
  1.023645E+00
  1.034413E+00
  1.045181E+00
  1.055949E+00
  1.066717E+00
  1.077484E+00
  1.085940E+00
  1.092900E+00
  1.099861E+00
  1.106821E+00
  1.113781E+00
  1.120741E+00
  1.125825E+00
  1.127890E+00
  1.129954E+00
  1.132018E+00
  1.134082E+00
  1.136146E+00
  1.135735E+00
  1.132536E+00
  1.129338E+00
  1.126139E+00
  1.122941E+00
  1.119742E+00
  1.112961E+00
  1.105562E+00
  1.098164E+00
  1.090765E+00
  1.083366E+00
  1.073668E+00
  1.061820E+00
  1.049971E+00
  1.038122E+00
  1.026274E+00
  1.012170E+00
  9.952809E-01
  9.783912E-01
  9.615014E-01
  9.446114E-01
  9.243602E-01
  9.021449E-01
  8.799294E-01
  8.577136E-01
  8.352112E-01
  8.078755E-01
  7.805395E-01
  7.532031E-01
  7.258664E-01
  6.956946E-01
  6.643615E-01
  6.330280E-01
  6.016942E-01
  5.693549E-01
  5.362884E-01
  5.032215E-01
  4.701543E-01
  4.374307E-01
  4.048858E-01
  3.723407E-01
  3.397954E-01
  3.096626E-01
  2.797083E-01
  2.497540E-01
  2.215450E-01
  1.960572E-01
  1.705693E-01
  1.452485E-01
  1.258274E-01
  1.064062E-01
  8.698507E-02
  7.310410E-02
  6.033803E-02
  4.757195E-02
  3.997791E-02
  3.369993E-02
 -3.599809E-02
 -3.675114E-02
 -3.697986E-02
 -3.625334E-02
  3.243418E-02
  3.768226E-02
  4.568907E-02
  5.576154E-02
  6.625081E-02
  8.051030E-02
  9.476977E-02
  1.117306E-01
  1.295876E-01
  1.490365E-01
  1.699570E-01
  1.918852E-01
  2.153251E-01
  2.395354E-01
  2.649695E-01
  2.911345E-01
  3.181128E-01
  3.458660E-01
  3.740255E-01
  4.030203E-01
  4.322757E-01
  4.620158E-01
  4.921342E-01
  5.224903E-01
  5.531407E-01
  5.840428E-01
  6.151060E-01
  6.463211E-01
  6.776701E-01
  7.091429E-01
  7.407002E-01
  7.723239E-01
  8.039997E-01
  8.357141E-01
  8.674548E-01
  8.992120E-01
  9.309742E-01
  9.627336E-01
  9.660905E-01
  1.499338E+00
  9.897067E-01
  9.897096E-01
  9.897127E-01
  9.897159E-01
  9.897192E-01
  9.897227E-01
  9.897262E-01
  9.897298E-01
  9.897335E-01
  9.897371E-01
  9.897408E-01
  9.897445E-01
  9.897484E-01
  9.897523E-01
  9.897563E-01
  9.897604E-01
  9.897645E-01
  9.897684E-01
  9.897723E-01
  9.897764E-01
  9.897805E-01
  9.897847E-01
  9.897889E-01
  9.897932E-01
  9.897970E-01
  9.898009E-01
  9.898048E-01
  9.898087E-01
  9.898128E-01
  9.898168E-01
  9.898208E-01
  9.898241E-01
  9.898275E-01
  9.898309E-01
  9.898343E-01
  9.898377E-01
  9.898412E-01
  9.898440E-01
  9.898462E-01
  9.898485E-01
  9.898509E-01
  9.898532E-01
  9.898555E-01
  9.898573E-01
  9.898580E-01
  9.898587E-01
  9.898594E-01
  9.898601E-01
  9.898608E-01
  9.898606E-01
  9.898595E-01
  9.898585E-01
  9.898574E-01
  9.898563E-01
  9.898552E-01
  9.898529E-01
  9.898504E-01
  9.898480E-01
  9.898455E-01
  9.898431E-01
  9.898400E-01
  9.898361E-01
  9.898324E-01
  9.898286E-01
  9.898250E-01
  9.898206E-01
  9.898155E-01
  9.898105E-01
  9.898055E-01
  9.898007E-01
  9.897950E-01
  9.897889E-01
  9.897829E-01
  9.897771E-01
  9.897713E-01
  9.897646E-01
  9.897580E-01
  9.897517E-01
  9.897456E-01
  9.897391E-01
  9.897327E-01
  9.897266E-01
  9.897208E-01
  9.897150E-01
  9.897095E-01
  9.897043E-01
  9.896995E-01
  9.896950E-01
  9.896909E-01
  9.896871E-01
  9.896836E-01
  9.896806E-01
  9.896780E-01
  9.896756E-01
  9.896736E-01
  9.896720E-01
  9.896706E-01
  9.896694E-01
  9.896686E-01
  9.896679E-01
  9.896673E-01
  9.896670E-01
  9.896667E-01
  9.896665E-01
  9.896664E-01
  9.896663E-01
  9.896664E-01
  9.896664E-01
  9.896664E-01
  9.896664E-01
  9.896663E-01
  9.896664E-01
  9.896665E-01
  9.896666E-01
  9.896668E-01
  9.896672E-01
  9.896675E-01
  9.896681E-01
  9.896687E-01
  9.896695E-01
  9.896705E-01
  9.896717E-01
  9.896732E-01
  9.896748E-01
  9.896768E-01
  9.896790E-01
  9.896814E-01
  9.896842E-01
  9.896873E-01
  9.896907E-01
  9.896943E-01
  9.896984E-01
  9.897027E-01
  9.897073E-01
  9.897123E-01
  9.897176E-01
  9.897232E-01
  9.897291E-01
  9.897354E-01
  9.897420E-01
  9.897489E-01
  9.897561E-01
  9.897636E-01
  9.897715E-01
  9.897796E-01
  9.897881E-01
  9.897968E-01
  9.898059E-01
  8.496394E-01
  4.940845E-06
 -3.223261E+02
 -3.207899E+02
 -3.192517E+02
 -3.177114E+02
 -3.161689E+02
 -3.146243E+02
 -3.130776E+02
 -3.115287E+02
 -3.099776E+02
 -3.072915E+02
 -3.045507E+02
 -3.018070E+02
 -2.990602E+02
 -2.963105E+02
 -2.935576E+02
 -2.908016E+02
 -2.882202E+02
 -2.860231E+02
 -2.838236E+02
 -2.816218E+02
 -2.794176E+02
 -2.772109E+02
 -2.750019E+02
 -2.727854E+02
 -2.704831E+02
 -2.681787E+02
 -2.658721E+02
 -2.635634E+02
 -2.612525E+02
 -2.589393E+02
 -2.565807E+02
 -2.539916E+02
 -2.514007E+02
 -2.488078E+02
 -2.462131E+02
 -2.436164E+02
 -2.410178E+02
 -2.383247E+02
 -2.355705E+02
 -2.328149E+02
 -2.300580E+02
 -2.272997E+02
 -2.245402E+02
 -2.218361E+02
 -2.192228E+02
 -2.166091E+02
 -2.139949E+02
 -2.113803E+02
 -2.087652E+02
 -2.064247E+02
 -2.043940E+02
 -2.023633E+02
 -2.003328E+02
 -1.983023E+02
 -1.962720E+02
 -1.949864E+02
 -1.938280E+02
 -1.926684E+02
 -1.915076E+02
 -1.903457E+02
 -1.895982E+02
 -1.892359E+02
 -1.888693E+02
 -1.884986E+02
 -1.881238E+02
 -1.879395E+02
 -1.879892E+02
 -1.880317E+02
 -1.880670E+02
 -1.880954E+02
 -1.880406E+02
 -1.879331E+02
 -1.878171E+02
 -1.876930E+02
 -1.875274E+02
 -1.867908E+02
 -1.860467E+02
 -1.852953E+02
 -1.845367E+02
 -1.832297E+02
 -1.816948E+02
 -1.801536E+02
 -1.786062E+02
 -1.766657E+02
 -1.744391E+02
 -1.722063E+02
 -1.699673E+02
 -1.674347E+02
 -1.647463E+02
 -1.620517E+02
 -1.593509E+02
 -1.564245E+02
 -1.534763E+02
 -1.505227E+02
 -1.474803E+02
 -1.443032E+02
 -1.411221E+02
 -1.379287E+02
 -1.344400E+02
 -1.309488E+02
 -1.274551E+02
 -1.236746E+02
 -1.198359E+02
 -1.159963E+02
 -1.118656E+02
 -1.076613E+02
 -1.034574E+02
 -9.890028E+01
 -9.431104E+01
 -8.965597E+01
 -8.468407E+01
 -7.971430E+01
 -7.452848E+01
 -6.918179E+01
 -6.380066E+01
 -5.808779E+01
 -5.237758E+01
 -4.644021E+01
 -4.042907E+01
 -3.425432E+01
 -2.792820E+01
 -2.146861E+01
 -1.480754E+01
 -8.073951E+00
 -1.224287E+00
  5.660050E+00
  1.258322E+01
  1.955617E+01
  2.655555E+01
  3.369358E+01
  4.091920E+01
  4.833335E+01
  5.605140E+01
  6.403018E+01
  7.245417E+01
  8.155060E+01
  9.130057E+01
  1.018993E+02
  1.136375E+02
  1.273705E+02
  1.440829E+02
  1.656585E+02
  1.951244E+02
  2.373014E+02
  3.003026E+02
  3.845902E+02
  4.520491E+02
  5.500252E+02
  3.027261E+02
  3.801855E-04
  1.061810E+04
  1.061565E+04
  1.061322E+04
  1.061080E+04
  1.060841E+04
  1.060603E+04
  1.060367E+04
  1.060133E+04
  1.059900E+04
  1.058690E+04
  1.057437E+04
  1.056186E+04
  1.054936E+04
  1.053688E+04
  1.052442E+04
  1.051197E+04
  1.049657E+04
  1.047470E+04
  1.045284E+04
  1.043100E+04
  1.040916E+04
  1.038734E+04
  1.036553E+04
  1.034371E+04
  1.032146E+04
  1.029922E+04
  1.027699E+04
  1.025476E+04
  1.023255E+04
  1.021035E+04
  1.018838E+04
  1.016761E+04
  1.014685E+04
  1.012609E+04
  1.010535E+04
  1.008461E+04
  1.006388E+04
  1.004410E+04
  1.002495E+04
  1.000580E+04
  9.986663E+03
  9.967527E+03
  9.948397E+03
  9.930271E+03
  9.913756E+03
  9.897243E+03
  9.880732E+03
  9.864224E+03
  9.847718E+03
  9.832911E+03
  9.820017E+03
  9.807123E+03
  9.794229E+03
  9.781335E+03
  9.768441E+03
  9.758835E+03
  9.749799E+03
  9.740768E+03
  9.731743E+03
  9.722722E+03
  9.715255E+03
  9.709248E+03
  9.703260E+03
  9.697291E+03
  9.691340E+03
  9.686025E+03
  9.681504E+03
  9.677016E+03
  9.672563E+03
  9.668143E+03
  9.663580E+03
  9.658954E+03
  9.654371E+03
  9.649831E+03
  9.645229E+03
  9.638911E+03
  9.632630E+03
  9.626388E+03
  9.620184E+03
  9.611584E+03
  9.602016E+03
  9.592476E+03
  9.582966E+03
  9.570734E+03
  9.556540E+03
  9.542370E+03
  9.528225E+03
  9.510324E+03
  9.490478E+03
  9.470656E+03
  9.450858E+03
  9.424895E+03
  9.398496E+03
  9.372119E+03
  9.342877E+03
  9.309155E+03
  9.275451E+03
  9.241548E+03
  9.200033E+03
  9.158529E+03
  9.117037E+03
  9.068822E+03
  9.019259E+03
  8.969704E+03
  8.913679E+03
  8.856012E+03
  8.798352E+03
  8.733414E+03
  8.667797E+03
  8.600838E+03
  8.527492E+03
  8.454162E+03
  8.376561E+03
  8.295773E+03
  8.214293E+03
  8.126339E+03
  8.038425E+03
  7.945370E+03
  7.850650E+03
  7.752759E+03
  7.651955E+03
  7.548996E+03
  7.442773E+03
  7.334536E+03
  7.223052E+03
  7.109221E+03
  6.992762E+03
  6.873326E+03
  6.752350E+03
  6.627586E+03
  6.501518E+03
  6.372897E+03
  6.241935E+03
  6.109362E+03
  5.974531E+03
  5.837138E+03
  5.697689E+03
  5.556057E+03
  5.412336E+03
  5.268173E+03
  5.130073E+03
  5.010814E+03
  4.931168E+03
  4.925165E+03
  5.059324E+03
  5.288722E+03
  5.091259E+03
  5.226273E+03
  1.355919E+03
  2.637973E-03
  1.497641E+02
  1.492802E+02
  1.487967E+02
  1.483137E+02
  1.478312E+02
  1.473491E+02
  1.468675E+02
  1.463863E+02
  1.459055E+02
  1.446065E+02
  1.432706E+02
  1.419350E+02
  1.405999E+02
  1.392653E+02
  1.379310E+02
  1.365972E+02
  1.351075E+02
  1.332779E+02
  1.314485E+02
  1.296194E+02
  1.277905E+02
  1.259619E+02
  1.241334E+02
  1.222844E+02
  1.200813E+02
  1.178783E+02
  1.156754E+02
  1.134726E+02
  1.112699E+02
  1.090672E+02
  1.067519E+02
  1.038400E+02
  1.009280E+02
  9.801594E+01
  9.510379E+01
  9.219155E+01
  8.927920E+01
  8.547554E+01
  8.109529E+01
  7.671475E+01
  7.233390E+01
  6.795272E+01
  6.357121E+01
  5.819334E+01
  5.121199E+01
  4.423029E+01
  3.724823E+01
  3.026580E+01
  2.328298E+01
  1.485819E+01
  4.810254E+00
 -5.237342E+00
 -1.528460E+01
 -2.533153E+01
 -3.537812E+01
 -4.688615E+01
 -5.864433E+01
 -7.040098E+01
 -8.215614E+01
 -9.390984E+01
 -1.054860E+02
 -1.168958E+02
 -1.283039E+02
 -1.397104E+02
 -1.511154E+02
 -1.613966E+02
 -1.702903E+02
 -1.791837E+02
 -1.880771E+02
 -1.969704E+02
 -2.024688E+02
 -2.059855E+02
 -2.095043E+02
 -2.130254E+02
 -2.161709E+02
 -2.129457E+02
 -2.097243E+02
 -2.065068E+02
 -2.032929E+02
 -1.974717E+02
 -1.905852E+02
 -1.837026E+02
 -1.768238E+02
 -1.698746E+02
 -1.628754E+02
 -1.558794E+02
 -1.488866E+02
 -1.421007E+02
 -1.354236E+02
 -1.287491E+02
 -1.220770E+02
 -1.155354E+02
 -1.090052E+02
 -1.024767E+02
 -9.584064E+01
 -8.903572E+01
 -8.223182E+01
 -7.534568E+01
 -6.552325E+01
 -5.570148E+01
 -4.588031E+01
 -3.075098E+01
 -1.455414E+01
  1.641888E+00
  2.264884E+01
  4.487867E+01
  6.710696E+01
  9.264266E+01
  1.184886E+02
  1.445597E+02
  1.717069E+02
  1.988503E+02
  2.256504E+02
  2.521917E+02
  2.785315E+02
  3.030841E+02
  3.276322E+02
  3.494188E+02
  3.702868E+02
  3.864377E+02
  3.982292E+02
  4.047140E+02
  4.032398E+02
  3.976749E+02
  3.856103E+02
  3.704854E+02
  3.519540E+02
  3.311690E+02
  3.092020E+02
  2.859473E+02
  2.625723E+02
  2.391416E+02
  2.162327E+02
  1.938076E+02
  1.722568E+02
  1.519002E+02
  1.325540E+02
  1.143768E+02
  9.755142E+01
  8.260568E+01
  6.987213E+01
  6.021315E+01
  5.505293E+01
  5.621496E+01
  6.511110E+01
  7.913800E+01
  8.653503E+01
  6.785089E+01
  5.342611E+03
  4.211519E-02
