 Title= "ADflow Lift Distribution Data"
Variables = "eta" "CoordinateX" "CoordinateY" "CoordinateZ" "Lift" "Drag" "Moment" "Normalized Lift" "Normalized Drag" "Normalized Moment" "CL" "CD" "CM" "CLp" "CDp" "CMp" "CLv" "CDv" "CMv" "Elliptical" "thickness" "twist" "chord" "fx" "fy" "fz" 
Zone T= "LiftDist_01 allWalls: : z normal"
 I=          150
 DATAPACKING=BLOCK
  0.000000E+00
  6.711405E-03
  1.342281E-02
  2.013422E-02
  2.684563E-02
  3.355704E-02
  4.026845E-02
  4.697986E-02
  5.369127E-02
  6.040268E-02
  6.711409E-02
  7.382550E-02
  8.053691E-02
  8.724832E-02
  9.395973E-02
  1.006711E-01
  1.073825E-01
  1.140940E-01
  1.208054E-01
  1.275168E-01
  1.342282E-01
  1.409396E-01
  1.476510E-01
  1.543624E-01
  1.610738E-01
  1.677852E-01
  1.744966E-01
  1.812081E-01
  1.879195E-01
  1.946309E-01
  2.013423E-01
  2.080537E-01
  2.147651E-01
  2.214765E-01
  2.281879E-01
  2.348993E-01
  2.416107E-01
  2.483221E-01
  2.550336E-01
  2.617450E-01
  2.684564E-01
  2.751678E-01
  2.818792E-01
  2.885906E-01
  2.953020E-01
  3.020134E-01
  3.087248E-01
  3.154362E-01
  3.221476E-01
  3.288591E-01
  3.355705E-01
  3.422819E-01
  3.489933E-01
  3.557047E-01
  3.624161E-01
  3.691275E-01
  3.758389E-01
  3.825503E-01
  3.892617E-01
  3.959732E-01
  4.026846E-01
  4.093960E-01
  4.161074E-01
  4.228188E-01
  4.295302E-01
  4.362416E-01
  4.429530E-01
  4.496644E-01
  4.563758E-01
  4.630872E-01
  4.697987E-01
  4.765101E-01
  4.832215E-01
  4.899329E-01
  4.966443E-01
  5.033557E-01
  5.100671E-01
  5.167785E-01
  5.234899E-01
  5.302013E-01
  5.369128E-01
  5.436242E-01
  5.503356E-01
  5.570470E-01
  5.637584E-01
  5.704698E-01
  5.771812E-01
  5.838926E-01
  5.906040E-01
  5.973154E-01
  6.040268E-01
  6.107383E-01
  6.174497E-01
  6.241611E-01
  6.308725E-01
  6.375839E-01
  6.442953E-01
  6.510067E-01
  6.577181E-01
  6.644295E-01
  6.711409E-01
  6.778524E-01
  6.845638E-01
  6.912752E-01
  6.979866E-01
  7.046980E-01
  7.114094E-01
  7.181208E-01
  7.248322E-01
  7.315436E-01
  7.382550E-01
  7.449664E-01
  7.516779E-01
  7.583893E-01
  7.651007E-01
  7.718121E-01
  7.785235E-01
  7.852349E-01
  7.919463E-01
  7.986577E-01
  8.053691E-01
  8.120805E-01
  8.187919E-01
  8.255034E-01
  8.322148E-01
  8.389262E-01
  8.456376E-01
  8.523490E-01
  8.590604E-01
  8.657718E-01
  8.724832E-01
  8.791946E-01
  8.859060E-01
  8.926175E-01
  8.993289E-01
  9.060403E-01
  9.127517E-01
  9.194631E-01
  9.261745E-01
  9.328859E-01
  9.395973E-01
  9.463087E-01
  9.530201E-01
  9.597315E-01
  9.664430E-01
  9.731544E-01
  9.798658E-01
  9.865772E-01
  9.932886E-01
  1.000000E+00
  0.000000E+00
  0.000000E+00
  0.000000E+00
  0.000000E+00
  0.000000E+00
  0.000000E+00
  0.000000E+00
  0.000000E+00
  0.000000E+00
  0.000000E+00
  0.000000E+00
  0.000000E+00
  0.000000E+00
  0.000000E+00
  0.000000E+00
  0.000000E+00
  0.000000E+00
  0.000000E+00
  0.000000E+00
  0.000000E+00
  0.000000E+00
  0.000000E+00
  0.000000E+00
  0.000000E+00
  0.000000E+00
  0.000000E+00
  0.000000E+00
  0.000000E+00
  0.000000E+00
  0.000000E+00
  0.000000E+00
  0.000000E+00
  0.000000E+00
  0.000000E+00
  0.000000E+00
  0.000000E+00
  0.000000E+00
  0.000000E+00
  0.000000E+00
  0.000000E+00
  0.000000E+00
  0.000000E+00
  0.000000E+00
  0.000000E+00
  0.000000E+00
  0.000000E+00
  0.000000E+00
  0.000000E+00
  0.000000E+00
  0.000000E+00
  0.000000E+00
  0.000000E+00
  0.000000E+00
  0.000000E+00
  0.000000E+00
  0.000000E+00
  0.000000E+00
  0.000000E+00
  0.000000E+00
  0.000000E+00
  0.000000E+00
  0.000000E+00
  0.000000E+00
  0.000000E+00
  0.000000E+00
  0.000000E+00
  0.000000E+00
  0.000000E+00
  0.000000E+00
  0.000000E+00
  0.000000E+00
  0.000000E+00
  0.000000E+00
  0.000000E+00
  0.000000E+00
  0.000000E+00
  0.000000E+00
  0.000000E+00
  0.000000E+00
  0.000000E+00
  0.000000E+00
  0.000000E+00
  0.000000E+00
  0.000000E+00
  0.000000E+00
  0.000000E+00
  0.000000E+00
  0.000000E+00
  0.000000E+00
  0.000000E+00
  0.000000E+00
  0.000000E+00
  0.000000E+00
  0.000000E+00
  0.000000E+00
  0.000000E+00
  0.000000E+00
  0.000000E+00
  0.000000E+00
  0.000000E+00
  0.000000E+00
  0.000000E+00
  0.000000E+00
  0.000000E+00
  0.000000E+00
  0.000000E+00
  0.000000E+00
  0.000000E+00
  0.000000E+00
  0.000000E+00
  0.000000E+00
  0.000000E+00
  0.000000E+00
  0.000000E+00
  0.000000E+00
  0.000000E+00
  0.000000E+00
  0.000000E+00
  0.000000E+00
  0.000000E+00
  0.000000E+00
  0.000000E+00
  0.000000E+00
  0.000000E+00
  0.000000E+00
  0.000000E+00
  0.000000E+00
  0.000000E+00
  0.000000E+00
  0.000000E+00
  0.000000E+00
  0.000000E+00
  0.000000E+00
  0.000000E+00
  0.000000E+00
  0.000000E+00
  0.000000E+00
  0.000000E+00
  0.000000E+00
  0.000000E+00
  0.000000E+00
  0.000000E+00
  0.000000E+00
  0.000000E+00
  0.000000E+00
  0.000000E+00
  0.000000E+00
  0.000000E+00
  0.000000E+00
  0.000000E+00
  0.000000E+00
  0.000000E+00
  0.000000E+00
  0.000000E+00
  0.000000E+00
  0.000000E+00
  0.000000E+00
  0.000000E+00
  0.000000E+00
  0.000000E+00
  0.000000E+00
  0.000000E+00
  0.000000E+00
  0.000000E+00
  0.000000E+00
  0.000000E+00
  0.000000E+00
  0.000000E+00
  0.000000E+00
  0.000000E+00
  0.000000E+00
  0.000000E+00
  0.000000E+00
  0.000000E+00
  0.000000E+00
  0.000000E+00
  0.000000E+00
  0.000000E+00
  0.000000E+00
  0.000000E+00
  0.000000E+00
  0.000000E+00
  0.000000E+00
  0.000000E+00
  0.000000E+00
  0.000000E+00
  0.000000E+00
  0.000000E+00
  0.000000E+00
  0.000000E+00
  0.000000E+00
  0.000000E+00
  0.000000E+00
  0.000000E+00
  0.000000E+00
  0.000000E+00
  0.000000E+00
  0.000000E+00
  0.000000E+00
  0.000000E+00
  0.000000E+00
  0.000000E+00
  0.000000E+00
  0.000000E+00
  0.000000E+00
  0.000000E+00
  0.000000E+00
  0.000000E+00
  0.000000E+00
  0.000000E+00
  0.000000E+00
  0.000000E+00
  0.000000E+00
  0.000000E+00
  0.000000E+00
  0.000000E+00
  0.000000E+00
  0.000000E+00
  0.000000E+00
  0.000000E+00
  0.000000E+00
  0.000000E+00
  0.000000E+00
  0.000000E+00
  0.000000E+00
  0.000000E+00
  0.000000E+00
  0.000000E+00
  0.000000E+00
  0.000000E+00
  0.000000E+00
  0.000000E+00
  0.000000E+00
  0.000000E+00
  0.000000E+00
  0.000000E+00
  0.000000E+00
  0.000000E+00
  0.000000E+00
  0.000000E+00
  0.000000E+00
  0.000000E+00
  0.000000E+00
  0.000000E+00
  0.000000E+00
  0.000000E+00
  0.000000E+00
  0.000000E+00
  0.000000E+00
  0.000000E+00
  0.000000E+00
  0.000000E+00
  0.000000E+00
  0.000000E+00
  0.000000E+00
  0.000000E+00
  0.000000E+00
  0.000000E+00
  0.000000E+00
  0.000000E+00
  0.000000E+00
  0.000000E+00
  0.000000E+00
  0.000000E+00
  0.000000E+00
  0.000000E+00
  0.000000E+00
  0.000000E+00
  0.000000E+00
  0.000000E+00
  0.000000E+00
  0.000000E+00
  0.000000E+00
  0.000000E+00
  0.000000E+00
  0.000000E+00
  0.000000E+00
  0.000000E+00
  0.000000E+00
  0.000000E+00
  0.000000E+00
  0.000000E+00
  0.000000E+00
  0.000000E+00
  0.000000E+00
  0.000000E+00
  0.000000E+00
  0.000000E+00
  0.000000E+00
  0.000000E+00
  0.000000E+00
  0.000000E+00
  0.000000E+00
  0.000000E+00
  0.000000E+00
  0.000000E+00
  0.000000E+00
  0.000000E+00
  0.000000E+00
  0.000000E+00
  1.000000E-08
  1.690972E-02
  3.381945E-02
  5.072917E-02
  6.763890E-02
  8.454862E-02
  1.014583E-01
  1.183681E-01
  1.352778E-01
  1.521875E-01
  1.690972E-01
  1.860070E-01
  2.029167E-01
  2.198264E-01
  2.367361E-01
  2.536459E-01
  2.705556E-01
  2.874653E-01
  3.043750E-01
  3.212848E-01
  3.381945E-01
  3.551042E-01
  3.720139E-01
  3.889237E-01
  4.058334E-01
  4.227431E-01
  4.396528E-01
  4.565626E-01
  4.734723E-01
  4.903820E-01
  5.072917E-01
  5.242015E-01
  5.411112E-01
  5.580209E-01
  5.749306E-01
  5.918404E-01
  6.087501E-01
  6.256598E-01
  6.425695E-01
  6.594792E-01
  6.763890E-01
  6.932987E-01
  7.102084E-01
  7.271181E-01
  7.440279E-01
  7.609376E-01
  7.778473E-01
  7.947570E-01
  8.116668E-01
  8.285765E-01
  8.454862E-01
  8.623959E-01
  8.793057E-01
  8.962154E-01
  9.131251E-01
  9.300348E-01
  9.469446E-01
  9.638543E-01
  9.807640E-01
  9.976737E-01
  1.014583E+00
  1.031493E+00
  1.048403E+00
  1.065313E+00
  1.082222E+00
  1.099132E+00
  1.116042E+00
  1.132952E+00
  1.149861E+00
  1.166771E+00
  1.183681E+00
  1.200590E+00
  1.217500E+00
  1.234410E+00
  1.251320E+00
  1.268229E+00
  1.285139E+00
  1.302049E+00
  1.318958E+00
  1.335868E+00
  1.352778E+00
  1.369688E+00
  1.386597E+00
  1.403507E+00
  1.420417E+00
  1.437327E+00
  1.454236E+00
  1.471146E+00
  1.488056E+00
  1.504965E+00
  1.521875E+00
  1.538785E+00
  1.555695E+00
  1.572604E+00
  1.589514E+00
  1.606424E+00
  1.623334E+00
  1.640243E+00
  1.657153E+00
  1.674063E+00
  1.690972E+00
  1.707882E+00
  1.724792E+00
  1.741702E+00
  1.758611E+00
  1.775521E+00
  1.792431E+00
  1.809341E+00
  1.826250E+00
  1.843160E+00
  1.860070E+00
  1.876979E+00
  1.893889E+00
  1.910799E+00
  1.927709E+00
  1.944618E+00
  1.961528E+00
  1.978438E+00
  1.995347E+00
  2.012257E+00
  2.029167E+00
  2.046077E+00
  2.062986E+00
  2.079896E+00
  2.096806E+00
  2.113716E+00
  2.130625E+00
  2.147535E+00
  2.164445E+00
  2.181354E+00
  2.198264E+00
  2.215174E+00
  2.232084E+00
  2.248993E+00
  2.265903E+00
  2.282813E+00
  2.299723E+00
  2.316632E+00
  2.333542E+00
  2.350452E+00
  2.367361E+00
  2.384271E+00
  2.401181E+00
  2.418091E+00
  2.435000E+00
  2.451910E+00
  2.468820E+00
  2.485729E+00
  2.502639E+00
  2.519549E+00
  1.101804E+04
  1.101653E+04
  1.101502E+04
  1.101351E+04
  1.101200E+04
  1.101048E+04
  1.100897E+04
  1.100746E+04
  1.100595E+04
  1.100126E+04
  1.099642E+04
  1.099158E+04
  1.098674E+04
  1.098190E+04
  1.097706E+04
  1.097222E+04
  1.096640E+04
  1.095843E+04
  1.095047E+04
  1.094250E+04
  1.093454E+04
  1.092657E+04
  1.091860E+04
  1.091048E+04
  1.089973E+04
  1.088897E+04
  1.087821E+04
  1.086746E+04
  1.085670E+04
  1.084594E+04
  1.083471E+04
  1.082097E+04
  1.080723E+04
  1.079349E+04
  1.077975E+04
  1.076601E+04
  1.075226E+04
  1.073657E+04
  1.071961E+04
  1.070266E+04
  1.068570E+04
  1.066874E+04
  1.065179E+04
  1.063356E+04
  1.061330E+04
  1.059304E+04
  1.057277E+04
  1.055251E+04
  1.053225E+04
  1.051039E+04
  1.048674E+04
  1.046309E+04
  1.043944E+04
  1.041579E+04
  1.039214E+04
  1.036553E+04
  1.033840E+04
  1.031128E+04
  1.028416E+04
  1.025705E+04
  1.022812E+04
  1.019751E+04
  1.016691E+04
  1.013630E+04
  1.010570E+04
  1.007350E+04
  1.003933E+04
  1.000517E+04
  9.971001E+03
  9.936838E+03
  9.900325E+03
  9.862439E+03
  9.824554E+03
  9.786671E+03
  9.748577E+03
  9.706899E+03
  9.665222E+03
  9.623545E+03
  9.581869E+03
  9.537485E+03
  9.491992E+03
  9.446500E+03
  9.401009E+03
  9.353269E+03
  9.303903E+03
  9.254539E+03
  9.205177E+03
  9.153398E+03
  9.100362E+03
  9.047330E+03
  8.994302E+03
  8.938186E+03
  8.881849E+03
  8.825519E+03
  8.767884E+03
  8.708213E+03
  8.648558E+03
  8.588828E+03
  8.525860E+03
  8.462927E+03
  8.400026E+03
  8.335003E+03
  8.269597E+03
  8.204243E+03
  8.136973E+03
  8.069264E+03
  8.001618E+03
  7.930927E+03
  7.860007E+03
  7.788404E+03
  7.713310E+03
  7.638278E+03
  7.560554E+03
  7.480824E+03
  7.400640E+03
  7.315939E+03
  7.231279E+03
  7.142846E+03
  7.053181E+03
  6.961034E+03
  6.866589E+03
  6.770348E+03
  6.671399E+03
  6.570863E+03
  6.467794E+03
  6.363026E+03
  6.256363E+03
  6.147631E+03
  6.037818E+03
  5.925385E+03
  5.812031E+03
  5.696892E+03
  5.580100E+03
  5.462165E+03
  5.342623E+03
  5.221227E+03
  5.098293E+03
  4.973640E+03
  4.847152E+03
  4.719417E+03
  4.594649E+03
  4.481926E+03
  4.396403E+03
  4.364698E+03
  4.445462E+03
  4.604232E+03
  4.392756E+03
  4.569425E+03
  1.340015E+03
  2.317315E-03
  6.041117E+02
  6.041347E+02
  6.041577E+02
  6.041807E+02
  6.042037E+02
  6.042267E+02
  6.042498E+02
  6.042729E+02
  6.042960E+02
  6.043050E+02
  6.043135E+02
  6.043219E+02
  6.043304E+02
  6.043390E+02
  6.043475E+02
  6.043561E+02
  6.043568E+02
  6.043403E+02
  6.043239E+02
  6.043075E+02
  6.042912E+02
  6.042749E+02
  6.042586E+02
  6.042428E+02
  6.042351E+02
  6.042275E+02
  6.042199E+02
  6.042123E+02
  6.042048E+02
  6.041973E+02
  6.041828E+02
  6.041308E+02
  6.040789E+02
  6.040270E+02
  6.039752E+02
  6.039235E+02
  6.038718E+02
  6.037827E+02
  6.036694E+02
  6.035562E+02
  6.034430E+02
  6.033300E+02
  6.032170E+02
  6.030869E+02
  6.029290E+02
  6.027713E+02
  6.026137E+02
  6.024562E+02
  6.022988E+02
  6.021182E+02
  6.019116E+02
  6.017050E+02
  6.014987E+02
  6.012925E+02
  6.010866E+02
  6.008181E+02
  6.005391E+02
  6.002604E+02
  5.999820E+02
  5.997039E+02
  5.993852E+02
  5.990286E+02
  5.986723E+02
  5.983165E+02
  5.979610E+02
  5.975583E+02
  5.970970E+02
  5.966361E+02
  5.961757E+02
  5.957156E+02
  5.951587E+02
  5.945452E+02
  5.939320E+02
  5.933191E+02
  5.926974E+02
  5.919219E+02
  5.911467E+02
  5.903717E+02
  5.895969E+02
  5.886200E+02
  5.875605E+02
  5.865012E+02
  5.854420E+02
  5.840337E+02
  5.823726E+02
  5.807114E+02
  5.790503E+02
  5.768237E+02
  5.743026E+02
  5.717815E+02
  5.692603E+02
  5.658069E+02
  5.622856E+02
  5.587657E+02
  5.547372E+02
  5.499179E+02
  5.451041E+02
  5.402563E+02
  5.340310E+02
  5.278186E+02
  5.216190E+02
  5.147375E+02
  5.077352E+02
  5.007521E+02
  4.937750E+02
  4.868152E+02
  4.798755E+02
  4.734194E+02
  4.670243E+02
  4.607896E+02
  4.552509E+02
  4.497232E+02
  4.447888E+02
  4.402975E+02
  4.359192E+02
  4.325195E+02
  4.291214E+02
  4.265070E+02
  4.241525E+02
  4.222647E+02
  4.208092E+02
  4.196023E+02
  4.187698E+02
  4.180596E+02
  4.175438E+02
  4.170897E+02
  4.167058E+02
  4.163554E+02
  4.160296E+02
  4.157468E+02
  4.155088E+02
  4.153550E+02
  4.153755E+02
  4.155672E+02
  4.160608E+02
  4.170549E+02
  4.185669E+02
  4.207663E+02
  4.239075E+02
  4.287437E+02
  4.363070E+02
  4.487126E+02
  4.694652E+02
  5.045193E+02
  5.655141E+02
  6.516181E+02
  6.977086E+02
  8.076943E+02
  3.475598E+02
  5.053642E-04
  1.976713E+03
  1.976270E+03
  1.975827E+03
  1.975385E+03
  1.974942E+03
  1.974499E+03
  1.974056E+03
  1.973613E+03
  1.973170E+03
  1.971879E+03
  1.970548E+03
  1.969217E+03
  1.967887E+03
  1.966556E+03
  1.965225E+03
  1.963895E+03
  1.962354E+03
  1.960355E+03
  1.958357E+03
  1.956358E+03
  1.954360E+03
  1.952361E+03
  1.950363E+03
  1.948334E+03
  1.945784E+03
  1.943234E+03
  1.940685E+03
  1.938135E+03
  1.935585E+03
  1.933036E+03
  1.930379E+03
  1.927154E+03
  1.923929E+03
  1.920704E+03
  1.917479E+03
  1.914253E+03
  1.911028E+03
  1.907322E+03
  1.903305E+03
  1.899288E+03
  1.895271E+03
  1.891254E+03
  1.887237E+03
  1.882901E+03
  1.878050E+03
  1.873200E+03
  1.868349E+03
  1.863499E+03
  1.858648E+03
  1.853396E+03
  1.847691E+03
  1.841986E+03
  1.836281E+03
  1.830576E+03
  1.824872E+03
  1.818468E+03
  1.811943E+03
  1.805419E+03
  1.798895E+03
  1.792371E+03
  1.785490E+03
  1.778276E+03
  1.771062E+03
  1.763848E+03
  1.756635E+03
  1.749156E+03
  1.741350E+03
  1.733545E+03
  1.725740E+03
  1.717935E+03
  1.709837E+03
  1.701566E+03
  1.693297E+03
  1.685027E+03
  1.676752E+03
  1.668385E+03
  1.660017E+03
  1.651649E+03
  1.643282E+03
  1.635029E+03
  1.626824E+03
  1.618619E+03
  1.610414E+03
  1.602238E+03
  1.594082E+03
  1.585927E+03
  1.577772E+03
  1.569705E+03
  1.561685E+03
  1.553666E+03
  1.545648E+03
  1.538075E+03
  1.530536E+03
  1.523001E+03
  1.515563E+03
  1.508280E+03
  1.501004E+03
  1.493721E+03
  1.485986E+03
  1.478266E+03
  1.470560E+03
  1.462257E+03
  1.453855E+03
  1.445447E+03
  1.436352E+03
  1.427097E+03
  1.417873E+03
  1.407194E+03
  1.396406E+03
  1.385251E+03
  1.372244E+03
  1.359264E+03
  1.344860E+03
  1.329391E+03
  1.313692E+03
  1.295738E+03
  1.277797E+03
  1.258134E+03
  1.237903E+03
  1.216688E+03
  1.194559E+03
  1.171865E+03
  1.148319E+03
  1.124432E+03
  1.100001E+03
  1.075424E+03
  1.050684E+03
  1.026112E+03
  1.001633E+03
  9.778992E+02
  9.546109E+02
  9.322709E+02
  9.112561E+02
  8.912953E+02
  8.730107E+02
  8.568761E+02
  8.425593E+02
  8.303772E+02
  8.207605E+02
  8.153107E+02
  8.165935E+02
  8.305584E+02
  8.676327E+02
  9.441406E+02
  1.085502E+03
  1.277487E+03
  1.340691E+03
  1.402890E+03
 -8.013913E+01
  2.905042E-09
  1.236729E+00
  1.236560E+00
  1.236390E+00
  1.236220E+00
  1.236051E+00
  1.235881E+00
  1.235712E+00
  1.235542E+00
  1.235373E+00
  1.234846E+00
  1.234303E+00
  1.233759E+00
  1.233216E+00
  1.232673E+00
  1.232130E+00
  1.231587E+00
  1.230933E+00
  1.230039E+00
  1.229145E+00
  1.228251E+00
  1.227356E+00
  1.226462E+00
  1.225568E+00
  1.224656E+00
  1.223449E+00
  1.222242E+00
  1.221034E+00
  1.219827E+00
  1.218620E+00
  1.217412E+00
  1.216152E+00
  1.214609E+00
  1.213067E+00
  1.211524E+00
  1.209982E+00
  1.208440E+00
  1.206897E+00
  1.205136E+00
  1.203232E+00
  1.201329E+00
  1.199426E+00
  1.197522E+00
  1.195619E+00
  1.193574E+00
  1.191299E+00
  1.189025E+00
  1.186750E+00
  1.184476E+00
  1.182201E+00
  1.179748E+00
  1.177093E+00
  1.174439E+00
  1.171784E+00
  1.169129E+00
  1.166475E+00
  1.163487E+00
  1.160443E+00
  1.157399E+00
  1.154355E+00
  1.151311E+00
  1.148064E+00
  1.144629E+00
  1.141193E+00
  1.137758E+00
  1.134323E+00
  1.130709E+00
  1.126874E+00
  1.123038E+00
  1.119204E+00
  1.115369E+00
  1.111271E+00
  1.107018E+00
  1.102766E+00
  1.098513E+00
  1.094237E+00
  1.089559E+00
  1.084881E+00
  1.080203E+00
  1.075525E+00
  1.070543E+00
  1.065437E+00
  1.060331E+00
  1.055224E+00
  1.049866E+00
  1.044325E+00
  1.038784E+00
  1.033243E+00
  1.027431E+00
  1.021478E+00
  1.015525E+00
  1.009573E+00
  1.003274E+00
  9.969508E-01
  9.906280E-01
  9.841587E-01
  9.774609E-01
  9.707649E-01
  9.640604E-01
  9.569925E-01
  9.499285E-01
  9.428682E-01
  9.355696E-01
  9.282281E-01
  9.208923E-01
  9.133415E-01
  9.057414E-01
  8.981485E-01
  8.902137E-01
  8.822533E-01
  8.742161E-01
  8.657872E-01
  8.573651E-01
  8.486409E-01
  8.396915E-01
  8.306912E-01
  8.211838E-01
  8.116811E-01
  8.017549E-01
  7.916904E-01
  7.813472E-01
  7.707462E-01
  7.599436E-01
  7.488369E-01
  7.375522E-01
  7.259831E-01
  7.142233E-01
  7.022509E-01
  6.900462E-01
  6.777201E-01
  6.651000E-01
  6.523764E-01
  6.394525E-01
  6.263432E-01
  6.131054E-01
  5.996873E-01
  5.860611E-01
  5.722623E-01
  5.582705E-01
  5.440728E-01
  5.297351E-01
  5.157303E-01
  5.030776E-01
  4.934780E-01
  4.899193E-01
  4.989848E-01
  5.168059E-01
  4.930687E-01
  5.128991E-01
  1.504112E-01
  2.601090E-07
  1.102067E+00
  1.102109E+00
  1.102151E+00
  1.102193E+00
  1.102235E+00
  1.102277E+00
  1.102319E+00
  1.102361E+00
  1.102403E+00
  1.102419E+00
  1.102435E+00
  1.102450E+00
  1.102466E+00
  1.102481E+00
  1.102497E+00
  1.102513E+00
  1.102514E+00
  1.102484E+00
  1.102454E+00
  1.102424E+00
  1.102394E+00
  1.102364E+00
  1.102335E+00
  1.102306E+00
  1.102292E+00
  1.102278E+00
  1.102264E+00
  1.102250E+00
  1.102236E+00
  1.102223E+00
  1.102196E+00
  1.102102E+00
  1.102007E+00
  1.101912E+00
  1.101818E+00
  1.101723E+00
  1.101629E+00
  1.101466E+00
  1.101260E+00
  1.101053E+00
  1.100847E+00
  1.100641E+00
  1.100435E+00
  1.100197E+00
  1.099909E+00
  1.099621E+00
  1.099334E+00
  1.099047E+00
  1.098760E+00
  1.098430E+00
  1.098053E+00
  1.097676E+00
  1.097300E+00
  1.096924E+00
  1.096548E+00
  1.096058E+00
  1.095549E+00
  1.095041E+00
  1.094533E+00
  1.094026E+00
  1.093444E+00
  1.092794E+00
  1.092144E+00
  1.091495E+00
  1.090846E+00
  1.090111E+00
  1.089270E+00
  1.088429E+00
  1.087589E+00
  1.086750E+00
  1.085734E+00
  1.084615E+00
  1.083496E+00
  1.082378E+00
  1.081244E+00
  1.079829E+00
  1.078415E+00
  1.077001E+00
  1.075588E+00
  1.073806E+00
  1.071873E+00
  1.069940E+00
  1.068008E+00
  1.065439E+00
  1.062408E+00
  1.059378E+00
  1.056348E+00
  1.052286E+00
  1.047687E+00
  1.043087E+00
  1.038488E+00
  1.032188E+00
  1.025764E+00
  1.019343E+00
  1.011994E+00
  1.003202E+00
  9.944205E-01
  9.855768E-01
  9.742201E-01
  9.628870E-01
  9.515771E-01
  9.390235E-01
  9.262494E-01
  9.135102E-01
  9.007821E-01
  8.880854E-01
  8.754255E-01
  8.636478E-01
  8.519814E-01
  8.406076E-01
  8.305034E-01
  8.204194E-01
  8.114178E-01
  8.032242E-01
  7.952371E-01
  7.890351E-01
  7.828360E-01
  7.780667E-01
  7.737714E-01
  7.703276E-01
  7.676723E-01
  7.654706E-01
  7.639518E-01
  7.626562E-01
  7.617153E-01
  7.608870E-01
  7.601865E-01
  7.595472E-01
  7.589530E-01
  7.584370E-01
  7.580030E-01
  7.577224E-01
  7.577597E-01
  7.581094E-01
  7.590099E-01
  7.608234E-01
  7.635818E-01
  7.675940E-01
  7.733244E-01
  7.821470E-01
  7.959446E-01
  8.185757E-01
  8.564342E-01
  9.203826E-01
  1.031654E+00
  1.188732E+00
  1.272813E+00
  1.473458E+00
  6.340452E-01
  9.219240E-07
  1.255366E+00
  1.255084E+00
  1.254803E+00
  1.254522E+00
  1.254240E+00
  1.253959E+00
  1.253678E+00
  1.253397E+00
  1.253116E+00
  1.252295E+00
  1.251450E+00
  1.250605E+00
  1.249760E+00
  1.248915E+00
  1.248070E+00
  1.247225E+00
  1.246246E+00
  1.244977E+00
  1.243708E+00
  1.242438E+00
  1.241169E+00
  1.239900E+00
  1.238631E+00
  1.237342E+00
  1.235723E+00
  1.234104E+00
  1.232485E+00
  1.230865E+00
  1.229246E+00
  1.227627E+00
  1.225940E+00
  1.223891E+00
  1.221843E+00
  1.219795E+00
  1.217747E+00
  1.215699E+00
  1.213651E+00
  1.211297E+00
  1.208746E+00
  1.206195E+00
  1.203644E+00
  1.201092E+00
  1.198541E+00
  1.195787E+00
  1.192707E+00
  1.189626E+00
  1.186546E+00
  1.183466E+00
  1.180385E+00
  1.177050E+00
  1.173426E+00
  1.169803E+00
  1.166180E+00
  1.162557E+00
  1.158935E+00
  1.154867E+00
  1.150724E+00
  1.146580E+00
  1.142437E+00
  1.138294E+00
  1.133924E+00
  1.129342E+00
  1.124761E+00
  1.120180E+00
  1.115599E+00
  1.110849E+00
  1.105892E+00
  1.100935E+00
  1.095978E+00
  1.091021E+00
  1.085878E+00
  1.080626E+00
  1.075374E+00
  1.070122E+00
  1.064867E+00
  1.059553E+00
  1.054239E+00
  1.048925E+00
  1.043611E+00
  1.038370E+00
  1.033159E+00
  1.027948E+00
  1.022738E+00
  1.017545E+00
  1.012365E+00
  1.007186E+00
  1.002007E+00
  9.968840E-01
  9.917908E-01
  9.866981E-01
  9.816060E-01
  9.767961E-01
  9.720087E-01
  9.672230E-01
  9.624996E-01
  9.578744E-01
  9.532534E-01
  9.486283E-01
  9.437158E-01
  9.388128E-01
  9.339194E-01
  9.286462E-01
  9.233099E-01
  9.179705E-01
  9.121942E-01
  9.063171E-01
  9.004588E-01
  8.936770E-01
  8.868257E-01
  8.797415E-01
  8.714810E-01
  8.632376E-01
  8.540898E-01
  8.442662E-01
  8.342960E-01
  8.228935E-01
  8.114996E-01
  7.990120E-01
  7.861642E-01
  7.726906E-01
  7.586371E-01
  7.442245E-01
  7.292710E-01
  7.141009E-01
  6.985856E-01
  6.829771E-01
  6.672654E-01
  6.516606E-01
  6.361145E-01
  6.210415E-01
  6.062516E-01
  5.920640E-01
  5.787180E-01
  5.660414E-01
  5.544292E-01
  5.441825E-01
  5.350902E-01
  5.273536E-01
  5.212463E-01
  5.177852E-01
  5.186000E-01
  5.274687E-01
  5.510137E-01
  5.996022E-01
  6.893774E-01
  8.113029E-01
  8.514420E-01
  8.909433E-01
 -5.089454E-02
  1.844926E-12
  9.755449E-01
  9.754111E-01
  9.752773E-01
  9.751435E-01
  9.750097E-01
  9.748759E-01
  9.747421E-01
  9.746084E-01
  9.744746E-01
  9.740590E-01
  9.736305E-01
  9.732020E-01
  9.727735E-01
  9.723450E-01
  9.719165E-01
  9.714881E-01
  9.709724E-01
  9.702670E-01
  9.695616E-01
  9.688561E-01
  9.681507E-01
  9.674453E-01
  9.667399E-01
  9.660209E-01
  9.650684E-01
  9.641160E-01
  9.631635E-01
  9.622111E-01
  9.612587E-01
  9.603063E-01
  9.593119E-01
  9.580951E-01
  9.568782E-01
  9.556615E-01
  9.544447E-01
  9.532279E-01
  9.520111E-01
  9.506215E-01
  9.491200E-01
  9.476185E-01
  9.461171E-01
  9.446156E-01
  9.431142E-01
  9.415006E-01
  9.397063E-01
  9.379120E-01
  9.361177E-01
  9.343235E-01
  9.325293E-01
  9.305940E-01
  9.284996E-01
  9.264053E-01
  9.243111E-01
  9.222169E-01
  9.201229E-01
  9.177663E-01
  9.153647E-01
  9.129632E-01
  9.105618E-01
  9.081605E-01
  9.055995E-01
  9.028892E-01
  9.001790E-01
  8.974690E-01
  8.947592E-01
  8.919082E-01
  8.888826E-01
  8.858573E-01
  8.828321E-01
  8.798070E-01
  8.765739E-01
  8.732191E-01
  8.698644E-01
  8.665099E-01
  8.631367E-01
  8.594461E-01
  8.557555E-01
  8.520650E-01
  8.483745E-01
  8.444442E-01
  8.404157E-01
  8.363873E-01
  8.323589E-01
  8.281315E-01
  8.237603E-01
  8.193893E-01
  8.150184E-01
  8.104338E-01
  8.057381E-01
  8.010428E-01
  7.963478E-01
  7.913801E-01
  7.863928E-01
  7.814062E-01
  7.763042E-01
  7.710225E-01
  7.657420E-01
  7.604547E-01
  7.548814E-01
  7.493107E-01
  7.437426E-01
  7.379865E-01
  7.321961E-01
  7.264095E-01
  7.204524E-01
  7.144562E-01
  7.084650E-01
  7.022040E-01
  6.959225E-01
  6.895802E-01
  6.829291E-01
  6.762831E-01
  6.693993E-01
  6.623381E-01
  6.552368E-01
  6.477366E-01
  6.402401E-01
  6.324104E-01
  6.244721E-01
  6.163145E-01
  6.079539E-01
  5.994347E-01
  5.906759E-01
  5.817768E-01
  5.726533E-01
  5.633793E-01
  5.539374E-01
  5.443121E-01
  5.345907E-01
  5.246369E-01
  5.146012E-01
  5.044069E-01
  4.940656E-01
  4.836226E-01
  4.730370E-01
  4.622869E-01
  4.514004E-01
  4.403614E-01
  4.291596E-01
  4.178472E-01
  4.067973E-01
  3.968137E-01
  3.892381E-01
  3.864272E-01
  3.935733E-01
  4.076251E-01
  3.888978E-01
  4.045334E-01
  1.382029E-01
  4.111120E-02
  5.348847E-02
  5.349051E-02
  5.349254E-02
  5.349458E-02
  5.349662E-02
  5.349865E-02
  5.350069E-02
  5.350273E-02
  5.350478E-02
  5.350558E-02
  5.350632E-02
  5.350707E-02
  5.350782E-02
  5.350858E-02
  5.350933E-02
  5.351009E-02
  5.351015E-02
  5.350869E-02
  5.350723E-02
  5.350578E-02
  5.350433E-02
  5.350288E-02
  5.350143E-02
  5.350003E-02
  5.349935E-02
  5.349867E-02
  5.349799E-02
  5.349732E-02
  5.349665E-02
  5.349598E-02
  5.349469E-02
  5.349009E-02
  5.348549E-02
  5.348089E-02
  5.347630E-02
  5.347171E-02
  5.346713E-02
  5.345923E-02
  5.344919E-02
  5.343916E-02
  5.342914E-02
  5.341912E-02
  5.340911E-02
  5.339758E-02
  5.338360E-02
  5.336963E-02
  5.335566E-02
  5.334171E-02
  5.332776E-02
  5.331176E-02
  5.329345E-02
  5.327516E-02
  5.325688E-02
  5.323861E-02
  5.322036E-02
  5.319658E-02
  5.317187E-02
  5.314719E-02
  5.312252E-02
  5.309789E-02
  5.306965E-02
  5.303806E-02
  5.300651E-02
  5.297499E-02
  5.294351E-02
  5.290783E-02
  5.286698E-02
  5.282616E-02
  5.278537E-02
  5.274463E-02
  5.269529E-02
  5.264095E-02
  5.258664E-02
  5.253235E-02
  5.247728E-02
  5.240860E-02
  5.233993E-02
  5.227129E-02
  5.220266E-02
  5.211613E-02
  5.202228E-02
  5.192845E-02
  5.183464E-02
  5.170991E-02
  5.156281E-02
  5.141571E-02
  5.126861E-02
  5.107146E-02
  5.084825E-02
  5.062504E-02
  5.040182E-02
  5.009611E-02
  4.978439E-02
  4.947278E-02
  4.911616E-02
  4.868956E-02
  4.826343E-02
  4.783429E-02
  4.728321E-02
  4.673326E-02
  4.618441E-02
  4.557519E-02
  4.495524E-02
  4.433694E-02
  4.371914E-02
  4.310283E-02
  4.248828E-02
  4.191654E-02
  4.135018E-02
  4.079801E-02
  4.030747E-02
  3.981790E-02
  3.938089E-02
  3.898311E-02
  3.859535E-02
  3.829430E-02
  3.799338E-02
  3.776191E-02
  3.755346E-02
  3.738638E-02
  3.725760E-02
  3.715085E-02
  3.707726E-02
  3.701452E-02
  3.696900E-02
  3.692893E-02
  3.689507E-02
  3.686416E-02
  3.683542E-02
  3.681045E-02
  3.678944E-02
  3.677584E-02
  3.677761E-02
  3.679452E-02
  3.683812E-02
  3.692601E-02
  3.705971E-02
  3.725425E-02
  3.753213E-02
  3.796006E-02
  3.862940E-02
  3.972740E-02
  4.156438E-02
  4.466746E-02
  5.006707E-02
  5.768951E-02
  6.176927E-02
  7.150556E-02
  3.584568E-02
  8.965606E-03
  1.750196E-01
  1.749804E-01
  1.749411E-01
  1.749019E-01
  1.748627E-01
  1.748235E-01
  1.747843E-01
  1.747451E-01
  1.747059E-01
  1.745915E-01
  1.744736E-01
  1.743558E-01
  1.742380E-01
  1.741202E-01
  1.740024E-01
  1.738845E-01
  1.737481E-01
  1.735711E-01
  1.733942E-01
  1.732172E-01
  1.730403E-01
  1.728633E-01
  1.726863E-01
  1.725067E-01
  1.722809E-01
  1.720552E-01
  1.718294E-01
  1.716036E-01
  1.713779E-01
  1.711521E-01
  1.709169E-01
  1.706313E-01
  1.703457E-01
  1.700602E-01
  1.697746E-01
  1.694890E-01
  1.692035E-01
  1.688753E-01
  1.685196E-01
  1.681639E-01
  1.678082E-01
  1.674525E-01
  1.670968E-01
  1.667129E-01
  1.662834E-01
  1.658539E-01
  1.654244E-01
  1.649949E-01
  1.645654E-01
  1.641003E-01
  1.635952E-01
  1.630900E-01
  1.625849E-01
  1.620798E-01
  1.615746E-01
  1.610076E-01
  1.604298E-01
  1.598521E-01
  1.592745E-01
  1.586968E-01
  1.580876E-01
  1.574488E-01
  1.568100E-01
  1.561713E-01
  1.555326E-01
  1.548704E-01
  1.541792E-01
  1.534880E-01
  1.527969E-01
  1.521059E-01
  1.513888E-01
  1.506565E-01
  1.499242E-01
  1.491920E-01
  1.484592E-01
  1.477183E-01
  1.469773E-01
  1.462364E-01
  1.454954E-01
  1.447647E-01
  1.440381E-01
  1.433116E-01
  1.425850E-01
  1.418610E-01
  1.411388E-01
  1.404167E-01
  1.396946E-01
  1.389803E-01
  1.382703E-01
  1.375603E-01
  1.368504E-01
  1.361799E-01
  1.355126E-01
  1.348456E-01
  1.341872E-01
  1.335427E-01
  1.328987E-01
  1.322541E-01
  1.315695E-01
  1.308862E-01
  1.302042E-01
  1.294692E-01
  1.287253E-01
  1.279809E-01
  1.271754E-01
  1.263558E-01
  1.255388E-01
  1.245929E-01
  1.236373E-01
  1.226492E-01
  1.214972E-01
  1.203475E-01
  1.190717E-01
  1.177018E-01
  1.163115E-01
  1.147217E-01
  1.131331E-01
  1.113921E-01
  1.096011E-01
  1.077228E-01
  1.057638E-01
  1.037548E-01
  1.016705E-01
  9.955590E-02
  9.739322E-02
  9.521752E-02
  9.302739E-02
  9.085213E-02
  8.868498E-02
  8.658374E-02
  8.452190E-02
  8.254394E-02
  8.068319E-02
  7.891571E-02
  7.729656E-02
  7.586773E-02
  7.459979E-02
  7.352080E-02
  7.266890E-02
  7.218588E-02
  7.229889E-02
  7.353467E-02
  7.681637E-02
  8.358920E-02
  9.610351E-02
  1.130994E-01
  1.186935E-01
  1.241985E-01
 -8.265173E-03
  5.153800E-08
  9.757334E-01
  9.755996E-01
  9.754659E-01
  9.753321E-01
  9.751984E-01
  9.750647E-01
  9.749309E-01
  9.747972E-01
  9.746635E-01
  9.742480E-01
  9.738196E-01
  9.733912E-01
  9.729629E-01
  9.725345E-01
  9.721062E-01
  9.716779E-01
  9.711624E-01
  9.704572E-01
  9.697520E-01
  9.690468E-01
  9.683416E-01
  9.676364E-01
  9.669312E-01
  9.662124E-01
  9.652603E-01
  9.643081E-01
  9.633560E-01
  9.624039E-01
  9.614518E-01
  9.604997E-01
  9.595056E-01
  9.582892E-01
  9.570728E-01
  9.558564E-01
  9.546401E-01
  9.534237E-01
  9.522074E-01
  9.508182E-01
  9.493172E-01
  9.478163E-01
  9.463153E-01
  9.448144E-01
  9.433135E-01
  9.417004E-01
  9.399068E-01
  9.381131E-01
  9.363195E-01
  9.345259E-01
  9.327324E-01
  9.307977E-01
  9.287040E-01
  9.266105E-01
  9.245170E-01
  9.224236E-01
  9.203303E-01
  9.179745E-01
  9.155738E-01
  9.131731E-01
  9.107726E-01
  9.083722E-01
  9.058121E-01
  9.031027E-01
  9.003934E-01
  8.976844E-01
  8.949755E-01
  8.921255E-01
  8.891009E-01
  8.860766E-01
  8.830524E-01
  8.800284E-01
  8.767963E-01
  8.734426E-01
  8.700890E-01
  8.667355E-01
  8.633634E-01
  8.596739E-01
  8.559844E-01
  8.522950E-01
  8.486056E-01
  8.446764E-01
  8.406490E-01
  8.366217E-01
  8.325944E-01
  8.283681E-01
  8.239980E-01
  8.196280E-01
  8.152583E-01
  8.106747E-01
  8.059801E-01
  8.012859E-01
  7.965920E-01
  7.916253E-01
  7.866390E-01
  7.816534E-01
  7.765524E-01
  7.712715E-01
  7.659919E-01
  7.607055E-01
  7.551329E-01
  7.495630E-01
  7.439957E-01
  7.382403E-01
  7.324506E-01
  7.266647E-01
  7.207084E-01
  7.147130E-01
  7.087227E-01
  7.024627E-01
  6.961822E-01
  6.898410E-01
  6.831914E-01
  6.765469E-01
  6.696648E-01
  6.626056E-01
  6.555064E-01
  6.480088E-01
  6.405148E-01
  6.326883E-01
  6.247532E-01
  6.165993E-01
  6.082427E-01
  5.997277E-01
  5.909735E-01
  5.820790E-01
  5.729605E-01
  5.636915E-01
  5.542548E-01
  5.446347E-01
  5.349185E-01
  5.249703E-01
  5.149403E-01
  5.047522E-01
  4.944177E-01
  4.839820E-01
  4.734050E-01
  4.626655E-01
  4.517919E-01
  4.407688E-01
  4.295870E-01
  4.183009E-01
  4.072838E-01
  3.973392E-01
  3.898074E-01
  3.870401E-01
  3.942201E-01
  4.082774E-01
  3.895327E-01
  4.050410E-01
  1.377701E-01
  3.845399E-02
  4.702758E-02
  4.703003E-02
  4.703248E-02
  4.703493E-02
  4.703739E-02
  4.703984E-02
  4.704230E-02
  4.704476E-02
  4.704721E-02
  4.704879E-02
  4.705032E-02
  4.705186E-02
  4.705340E-02
  4.705494E-02
  4.705648E-02
  4.705803E-02
  4.705874E-02
  4.705766E-02
  4.705658E-02
  4.705550E-02
  4.705442E-02
  4.705334E-02
  4.705227E-02
  4.705122E-02
  4.705045E-02
  4.704969E-02
  4.704893E-02
  4.704817E-02
  4.704742E-02
  4.704667E-02
  4.704528E-02
  4.704049E-02
  4.703570E-02
  4.703092E-02
  4.702615E-02
  4.702138E-02
  4.701661E-02
  4.700859E-02
  4.699847E-02
  4.698835E-02
  4.697824E-02
  4.696813E-02
  4.695803E-02
  4.694648E-02
  4.693258E-02
  4.691869E-02
  4.690480E-02
  4.689093E-02
  4.687707E-02
  4.686124E-02
  4.684321E-02
  4.682518E-02
  4.680718E-02
  4.678919E-02
  4.677121E-02
  4.674786E-02
  4.672360E-02
  4.669937E-02
  4.667516E-02
  4.665098E-02
  4.662327E-02
  4.659228E-02
  4.656132E-02
  4.653039E-02
  4.649950E-02
  4.646444E-02
  4.642424E-02
  4.638408E-02
  4.634394E-02
  4.630385E-02
  4.625512E-02
  4.620135E-02
  4.614761E-02
  4.609390E-02
  4.603939E-02
  4.597096E-02
  4.590256E-02
  4.583417E-02
  4.576580E-02
  4.567910E-02
  4.558491E-02
  4.549074E-02
  4.539659E-02
  4.527108E-02
  4.512289E-02
  4.497470E-02
  4.482650E-02
  4.462777E-02
  4.440271E-02
  4.417765E-02
  4.395258E-02
  4.364447E-02
  4.333031E-02
  4.301625E-02
  4.265712E-02
  4.222788E-02
  4.179910E-02
  4.136730E-02
  4.081405E-02
  4.026190E-02
  3.971082E-02
  3.910027E-02
  3.847914E-02
  3.785961E-02
  3.724175E-02
  3.662565E-02
  3.601123E-02
  3.544122E-02
  3.487668E-02
  3.432658E-02
  3.383956E-02
  3.335345E-02
  3.292069E-02
  3.252776E-02
  3.214488E-02
  3.184944E-02
  3.155409E-02
  3.132826E-02
  3.112546E-02
  3.096371E-02
  3.084000E-02
  3.073793E-02
  3.066844E-02
  3.060933E-02
  3.056673E-02
  3.052900E-02
  3.049684E-02
  3.046676E-02
  3.043838E-02
  3.041208E-02
  3.038873E-02
  3.037065E-02
  3.036418E-02
  3.036933E-02
  3.039485E-02
  3.045374E-02
  3.054709E-02
  3.068636E-02
  3.088938E-02
  3.121333E-02
  3.174826E-02
  3.268018E-02
  3.432256E-02
  3.721811E-02
  4.243328E-02
  4.995930E-02
  5.404178E-02
  6.382612E-02
  2.918790E-02
  9.732747E-04
  1.754887E-01
  1.754494E-01
  1.754102E-01
  1.753709E-01
  1.753317E-01
  1.752924E-01
  1.752532E-01
  1.752139E-01
  1.751747E-01
  1.750602E-01
  1.749423E-01
  1.748244E-01
  1.747065E-01
  1.745886E-01
  1.744707E-01
  1.743528E-01
  1.742163E-01
  1.740393E-01
  1.738622E-01
  1.736852E-01
  1.735082E-01
  1.733311E-01
  1.731541E-01
  1.729744E-01
  1.727485E-01
  1.725227E-01
  1.722968E-01
  1.720710E-01
  1.718452E-01
  1.716193E-01
  1.713840E-01
  1.710983E-01
  1.708126E-01
  1.705269E-01
  1.702412E-01
  1.699555E-01
  1.696698E-01
  1.693415E-01
  1.689856E-01
  1.686298E-01
  1.682739E-01
  1.679180E-01
  1.675621E-01
  1.671779E-01
  1.667481E-01
  1.663183E-01
  1.658885E-01
  1.654587E-01
  1.650289E-01
  1.645634E-01
  1.640578E-01
  1.635522E-01
  1.630466E-01
  1.625410E-01
  1.620354E-01
  1.614677E-01
  1.608893E-01
  1.603109E-01
  1.597326E-01
  1.591543E-01
  1.585443E-01
  1.579047E-01
  1.572651E-01
  1.566256E-01
  1.559861E-01
  1.553231E-01
  1.546311E-01
  1.539391E-01
  1.532471E-01
  1.525552E-01
  1.518373E-01
  1.511043E-01
  1.503713E-01
  1.496383E-01
  1.489049E-01
  1.481635E-01
  1.474220E-01
  1.466806E-01
  1.459391E-01
  1.452080E-01
  1.444811E-01
  1.437542E-01
  1.430273E-01
  1.423028E-01
  1.415800E-01
  1.408572E-01
  1.401345E-01
  1.394190E-01
  1.387075E-01
  1.379960E-01
  1.372846E-01
  1.366113E-01
  1.359411E-01
  1.352711E-01
  1.346091E-01
  1.339596E-01
  1.333108E-01
  1.326613E-01
  1.319696E-01
  1.312793E-01
  1.305902E-01
  1.298467E-01
  1.290939E-01
  1.283389E-01
  1.275238E-01
  1.266943E-01
  1.258674E-01
  1.249115E-01
  1.239457E-01
  1.229476E-01
  1.217858E-01
  1.206263E-01
  1.193412E-01
  1.179624E-01
  1.165632E-01
  1.149654E-01
  1.133689E-01
  1.116210E-01
  1.098232E-01
  1.079390E-01
  1.059746E-01
  1.039608E-01
  1.018724E-01
  9.975424E-02
  9.758876E-02
  9.541079E-02
  9.321899E-02
  9.104272E-02
  8.887491E-02
  8.677391E-02
  8.471263E-02
  8.273764E-02
  8.087889E-02
  7.911398E-02
  7.749831E-02
  7.607422E-02
  7.481221E-02
  7.374064E-02
  7.289805E-02
  7.242711E-02
  7.255498E-02
  7.380827E-02
  7.710948E-02
  8.390186E-02
  9.643160E-02
  1.134305E-01
  1.190136E-01
  1.244524E-01
 -8.307947E-03
  4.734863E-08
 -1.884981E-04
 -1.885440E-04
 -1.885900E-04
 -1.886359E-04
 -1.886819E-04
 -1.887278E-04
 -1.887738E-04
 -1.888198E-04
 -1.888658E-04
 -1.889980E-04
 -1.891342E-04
 -1.892704E-04
 -1.894067E-04
 -1.895429E-04
 -1.896792E-04
 -1.898154E-04
 -1.899784E-04
 -1.901997E-04
 -1.904209E-04
 -1.906422E-04
 -1.908635E-04
 -1.910847E-04
 -1.913060E-04
 -1.915325E-04
 -1.918463E-04
 -1.921602E-04
 -1.924741E-04
 -1.927880E-04
 -1.931019E-04
 -1.934159E-04
 -1.937456E-04
 -1.941588E-04
 -1.945720E-04
 -1.949853E-04
 -1.953985E-04
 -1.958118E-04
 -1.962251E-04
 -1.967022E-04
 -1.972205E-04
 -1.977388E-04
 -1.982571E-04
 -1.987755E-04
 -1.992938E-04
 -1.998551E-04
 -2.004852E-04
 -2.011154E-04
 -2.017456E-04
 -2.023759E-04
 -2.030062E-04
 -2.036900E-04
 -2.044342E-04
 -2.051784E-04
 -2.059227E-04
 -2.066671E-04
 -2.074115E-04
 -2.082459E-04
 -2.090959E-04
 -2.099460E-04
 -2.107962E-04
 -2.116465E-04
 -2.125434E-04
 -2.134840E-04
 -2.144247E-04
 -2.153656E-04
 -2.163066E-04
 -2.172808E-04
 -2.182960E-04
 -2.193114E-04
 -2.203269E-04
 -2.213426E-04
 -2.223933E-04
 -2.234646E-04
 -2.245361E-04
 -2.256076E-04
 -2.266808E-04
 -2.277789E-04
 -2.288771E-04
 -2.299755E-04
 -2.310739E-04
 -2.321740E-04
 -2.332750E-04
 -2.343761E-04
 -2.354773E-04
 -2.365785E-04
 -2.376795E-04
 -2.387805E-04
 -2.398816E-04
 -2.409697E-04
 -2.420506E-04
 -2.431309E-04
 -2.442107E-04
 -2.452192E-04
 -2.462209E-04
 -2.472207E-04
 -2.481712E-04
 -2.490446E-04
 -2.499145E-04
 -2.507783E-04
 -2.515428E-04
 -2.523021E-04
 -2.530561E-04
 -2.537867E-04
 -2.545073E-04
 -2.552214E-04
 -2.560134E-04
 -2.568204E-04
 -2.576209E-04
 -2.586574E-04
 -2.597111E-04
 -2.608308E-04
 -2.622863E-04
 -2.637373E-04
 -2.654905E-04
 -2.674701E-04
 -2.695104E-04
 -2.721223E-04
 -2.747332E-04
 -2.778683E-04
 -2.811779E-04
 -2.848399E-04
 -2.888282E-04
 -2.930374E-04
 -2.975772E-04
 -3.022592E-04
 -3.071658E-04
 -3.121793E-04
 -3.173111E-04
 -3.225653E-04
 -3.278829E-04
 -3.334523E-04
 -3.391847E-04
 -3.452722E-04
 -3.520276E-04
 -3.594171E-04
 -3.679712E-04
 -3.786125E-04
 -3.915068E-04
 -4.074280E-04
 -4.274451E-04
 -4.537169E-04
 -4.864811E-04
 -5.255644E-04
 -5.693041E-04
 -6.129474E-04
 -6.467046E-04
 -6.523098E-04
 -6.349246E-04
 -5.076146E-04
  4.327649E-04
  2.657209E-03
  6.460895E-03
  6.460478E-03
  6.460062E-03
  6.459645E-03
  6.459229E-03
  6.458812E-03
  6.458396E-03
  6.457979E-03
  6.457563E-03
  6.456791E-03
  6.456002E-03
  6.455214E-03
  6.454426E-03
  6.453638E-03
  6.452849E-03
  6.452061E-03
  6.451403E-03
  6.451030E-03
  6.450656E-03
  6.450283E-03
  6.449909E-03
  6.449535E-03
  6.449162E-03
  6.448814E-03
  6.448898E-03
  6.448981E-03
  6.449065E-03
  6.449149E-03
  6.449233E-03
  6.449317E-03
  6.449416E-03
  6.449599E-03
  6.449782E-03
  6.449966E-03
  6.450149E-03
  6.450332E-03
  6.450515E-03
  6.450640E-03
  6.450728E-03
  6.450816E-03
  6.450904E-03
  6.450992E-03
  6.451080E-03
  6.451102E-03
  6.451021E-03
  6.450939E-03
  6.450857E-03
  6.450775E-03
  6.450693E-03
  6.450521E-03
  6.450248E-03
  6.449974E-03
  6.449701E-03
  6.449428E-03
  6.449155E-03
  6.448726E-03
  6.448271E-03
  6.447817E-03
  6.447362E-03
  6.446909E-03
  6.446382E-03
  6.445789E-03
  6.445195E-03
  6.444603E-03
  6.444011E-03
  6.443391E-03
  6.442736E-03
  6.442083E-03
  6.441430E-03
  6.440777E-03
  6.440174E-03
  6.439599E-03
  6.439025E-03
  6.438451E-03
  6.437895E-03
  6.437636E-03
  6.437377E-03
  6.437118E-03
  6.436860E-03
  6.437027E-03
  6.437368E-03
  6.437710E-03
  6.438052E-03
  6.438829E-03
  6.439920E-03
  6.441013E-03
  6.442106E-03
  6.443694E-03
  6.445540E-03
  6.447389E-03
  6.449240E-03
  6.451636E-03
  6.454077E-03
  6.456525E-03
  6.459045E-03
  6.461682E-03
  6.464333E-03
  6.466985E-03
  6.469156E-03
  6.471359E-03
  6.473594E-03
  6.474917E-03
  6.476101E-03
  6.477333E-03
  6.477384E-03
  6.477185E-03
  6.477049E-03
  6.475321E-03
  6.473503E-03
  6.471431E-03
  6.467912E-03
  6.464452E-03
  6.460198E-03
  6.455356E-03
  6.450476E-03
  6.444862E-03
  6.439284E-03
  6.433649E-03
  6.428010E-03
  6.422667E-03
  6.417594E-03
  6.412920E-03
  6.408827E-03
  6.405193E-03
  6.402273E-03
  6.399931E-03
  6.398230E-03
  6.397403E-03
  6.397040E-03
  6.398371E-03
  6.400709E-03
  6.405185E-03
  6.413428E-03
  6.425182E-03
  6.443266E-03
  6.472260E-03
  6.512626E-03
  6.567889E-03
  6.642753E-03
  6.746730E-03
  6.881137E-03
  7.047225E-03
  7.241820E-03
  7.449353E-03
  7.633793E-03
  7.730209E-03
  7.727493E-03
  7.679445E-03
  6.657780E-03
  7.992332E-03
 -4.691139E-04
 -4.690751E-04
 -4.690362E-04
 -4.689973E-04
 -4.689585E-04
 -4.689196E-04
 -4.688808E-04
 -4.688420E-04
 -4.688031E-04
 -4.687313E-04
 -4.686579E-04
 -4.685846E-04
 -4.685113E-04
 -4.684380E-04
 -4.683647E-04
 -4.682914E-04
 -4.682174E-04
 -4.681417E-04
 -4.680660E-04
 -4.679903E-04
 -4.679146E-04
 -4.678390E-04
 -4.677634E-04
 -4.676874E-04
 -4.676050E-04
 -4.675226E-04
 -4.674403E-04
 -4.673579E-04
 -4.672756E-04
 -4.671933E-04
 -4.671048E-04
 -4.669836E-04
 -4.668624E-04
 -4.667412E-04
 -4.666200E-04
 -4.664988E-04
 -4.663777E-04
 -4.662130E-04
 -4.660201E-04
 -4.658273E-04
 -4.656345E-04
 -4.654417E-04
 -4.652488E-04
 -4.650124E-04
 -4.647058E-04
 -4.643992E-04
 -4.640926E-04
 -4.637860E-04
 -4.634794E-04
 -4.630951E-04
 -4.626232E-04
 -4.621514E-04
 -4.616797E-04
 -4.612079E-04
 -4.607362E-04
 -4.601039E-04
 -4.594441E-04
 -4.587843E-04
 -4.581247E-04
 -4.574652E-04
 -4.567325E-04
 -4.559314E-04
 -4.551304E-04
 -4.543297E-04
 -4.535291E-04
 -4.527111E-04
 -4.518715E-04
 -4.510320E-04
 -4.501927E-04
 -4.493536E-04
 -4.485808E-04
 -4.478466E-04
 -4.471124E-04
 -4.463783E-04
 -4.456576E-04
 -4.451635E-04
 -4.446692E-04
 -4.441748E-04
 -4.436803E-04
 -4.433023E-04
 -4.429719E-04
 -4.426414E-04
 -4.423107E-04
 -4.418043E-04
 -4.411711E-04
 -4.405379E-04
 -4.399046E-04
 -4.387007E-04
 -4.372001E-04
 -4.356999E-04
 -4.342002E-04
 -4.313711E-04
 -4.284452E-04
 -4.255211E-04
 -4.218412E-04
 -4.169842E-04
 -4.121322E-04
 -4.072236E-04
 -4.001518E-04
 -3.930908E-04
 -3.860405E-04
 -3.774649E-04
 -3.685970E-04
 -3.580163E-04
 -3.483384E-04
 -3.384671E-04
 -3.286169E-04
 -3.185083E-04
 -3.083958E-04
 -2.983565E-04
 -2.885802E-04
 -2.788252E-04
 -2.695079E-04
 -2.605219E-04
 -2.516566E-04
 -2.437323E-04
 -2.358233E-04
 -2.288343E-04
 -2.221578E-04
 -2.161625E-04
 -2.107952E-04
 -2.059578E-04
 -2.019090E-04
 -1.983432E-04
 -1.955398E-04
 -1.932715E-04
 -1.915969E-04
 -1.905910E-04
 -1.899351E-04
 -1.901645E-04
 -1.907348E-04
 -1.936988E-04
 -1.956990E-04
 -1.982730E-04
 -2.017468E-04
 -2.064888E-04
 -2.124181E-04
 -2.198361E-04
 -2.291502E-04
 -2.412352E-04
 -2.560873E-04
 -2.736008E-04
 -2.931080E-04
 -3.126665E-04
 -3.280911E-04
 -3.311644E-04
 -3.200559E-04
 -2.538757E-04
  4.277396E-05
  4.189376E-09
  1.273240E+00
  1.273211E+00
  1.273125E+00
  1.272981E+00
  1.272781E+00
  1.272522E+00
  1.272207E+00
  1.271834E+00
  1.271403E+00
  1.270915E+00
  1.270369E+00
  1.269765E+00
  1.269104E+00
  1.268384E+00
  1.267607E+00
  1.266771E+00
  1.265877E+00
  1.264925E+00
  1.263915E+00
  1.262845E+00
  1.261717E+00
  1.260530E+00
  1.259284E+00
  1.257979E+00
  1.256614E+00
  1.255190E+00
  1.253705E+00
  1.252161E+00
  1.250556E+00
  1.248891E+00
  1.247165E+00
  1.245378E+00
  1.243529E+00
  1.241620E+00
  1.239648E+00
  1.237614E+00
  1.235518E+00
  1.233359E+00
  1.231136E+00
  1.228851E+00
  1.226501E+00
  1.224088E+00
  1.221610E+00
  1.219067E+00
  1.216458E+00
  1.213784E+00
  1.211044E+00
  1.208237E+00
  1.205362E+00
  1.202421E+00
  1.199411E+00
  1.196332E+00
  1.193185E+00
  1.189968E+00
  1.186680E+00
  1.183322E+00
  1.179892E+00
  1.176390E+00
  1.172816E+00
  1.169168E+00
  1.165446E+00
  1.161649E+00
  1.157776E+00
  1.153828E+00
  1.149802E+00
  1.145699E+00
  1.141516E+00
  1.137254E+00
  1.132912E+00
  1.128488E+00
  1.123982E+00
  1.119393E+00
  1.114719E+00
  1.109960E+00
  1.105114E+00
  1.100180E+00
  1.095157E+00
  1.090045E+00
  1.084841E+00
  1.079544E+00
  1.074153E+00
  1.068667E+00
  1.063083E+00
  1.057401E+00
  1.051619E+00
  1.045735E+00
  1.039748E+00
  1.033655E+00
  1.027455E+00
  1.021146E+00
  1.014726E+00
  1.008193E+00
  1.001543E+00
  9.947766E-01
  9.878894E-01
  9.808795E-01
  9.737441E-01
  9.664805E-01
  9.590857E-01
  9.515567E-01
  9.438904E-01
  9.360832E-01
  9.281318E-01
  9.200322E-01
  9.117806E-01
  9.033729E-01
  8.948045E-01
  8.860709E-01
  8.771671E-01
  8.680879E-01
  8.588277E-01
  8.493806E-01
  8.397402E-01
  8.299000E-01
  8.198525E-01
  8.095903E-01
  7.991048E-01
  7.883874E-01
  7.774283E-01
  7.662172E-01
  7.547428E-01
  7.429930E-01
  7.309546E-01
  7.186128E-01
  7.059520E-01
  6.929545E-01
  6.796012E-01
  6.658704E-01
  6.517385E-01
  6.371787E-01
  6.221609E-01
  6.066513E-01
  5.906109E-01
  5.739954E-01
  5.567532E-01
  5.388241E-01
  5.201372E-01
  5.006076E-01
  4.801325E-01
  4.585853E-01
  4.358068E-01
  4.115929E-01
  3.856731E-01
  3.576769E-01
  3.270715E-01
  2.930404E-01
  2.542116E-01
  2.079144E-01
  1.472658E-01
  0.000000E+00
  9.314018E-02
  9.314790E-02
  9.315562E-02
  9.316334E-02
  9.317106E-02
  9.317878E-02
  9.318650E-02
  9.319422E-02
  9.320194E-02
  9.321074E-02
  9.321959E-02
  9.322843E-02
  9.323728E-02
  9.324612E-02
  9.325497E-02
  9.326381E-02
  9.327299E-02
  9.328287E-02
  9.329275E-02
  9.330263E-02
  9.331251E-02
  9.332239E-02
  9.333227E-02
  9.334220E-02
  9.335284E-02
  9.336348E-02
  9.337413E-02
  9.338477E-02
  9.339541E-02
  9.340605E-02
  9.341671E-02
  9.342743E-02
  9.343815E-02
  9.344888E-02
  9.345960E-02
  9.347032E-02
  9.348104E-02
  9.349085E-02
  9.350007E-02
  9.350928E-02
  9.351850E-02
  9.352771E-02
  9.353692E-02
  9.354422E-02
  9.354845E-02
  9.355267E-02
  9.355689E-02
  9.356112E-02
  9.356534E-02
  9.356420E-02
  9.355703E-02
  9.354985E-02
  9.354268E-02
  9.353550E-02
  9.352833E-02
  9.350729E-02
  9.348388E-02
  9.346046E-02
  9.343704E-02
  9.341361E-02
  9.339507E-02
  9.337464E-02
  9.335420E-02
  9.333377E-02
  9.331333E-02
  9.329360E-02
  9.327474E-02
  9.325588E-02
  9.323703E-02
  9.321817E-02
  9.320776E-02
  9.320229E-02
  9.319681E-02
  9.319134E-02
  9.318732E-02
  9.320803E-02
  9.322874E-02
  9.324945E-02
  9.327015E-02
  9.330231E-02
  9.333915E-02
  9.337600E-02
  9.341284E-02
  9.342398E-02
  9.341654E-02
  9.340910E-02
  9.340166E-02
  9.332373E-02
  9.320910E-02
  9.309447E-02
  9.297983E-02
  9.271209E-02
  9.243300E-02
  9.215423E-02
  9.179919E-02
  9.130797E-02
  9.082474E-02
  9.036284E-02
  8.965954E-02
  8.895618E-02
  8.825415E-02
  8.744736E-02
  8.662832E-02
  8.553489E-02
  8.471191E-02
  8.389860E-02
  8.313840E-02
  8.238451E-02
  8.168583E-02
  8.107387E-02
  8.056224E-02
  8.025930E-02
  8.007212E-02
  8.000077E-02
  7.992888E-02
  7.993337E-02
  7.994248E-02
  7.995237E-02
  8.010053E-02
  8.029793E-02
  8.050006E-02
  8.070068E-02
  8.091522E-02
  8.119692E-02
  8.152369E-02
  8.183712E-02
  8.212773E-02
  8.238606E-02
  8.262741E-02
  8.282141E-02
  8.300836E-02
  8.304136E-02
  8.321275E-02
  8.335851E-02
  8.346850E-02
  8.354086E-02
  8.358527E-02
  8.360023E-02
  8.358499E-02
  8.357164E-02
  8.362547E-02
  8.369091E-02
  8.373735E-02
  8.376525E-02
  8.378195E-02
  8.391777E-02
  8.403954E-02
  8.423518E-02
  9.508936E-02
  4.641263E-02
  5.950205E-02
  6.086073E-02
  6.221940E-02
  6.357808E-02
  6.493676E-02
  6.629543E-02
  6.765411E-02
  6.901279E-02
  7.037146E-02
  7.195610E-02
  7.355106E-02
  7.514603E-02
  7.674099E-02
  7.833595E-02
  7.993092E-02
  8.152588E-02
  8.320928E-02
  8.508517E-02
  8.696107E-02
  8.883696E-02
  9.071286E-02
  9.258876E-02
  9.446465E-02
  9.635921E-02
  9.857227E-02
  1.007853E-01
  1.029984E-01
  1.052115E-01
  1.074245E-01
  1.096376E-01
  1.119148E-01
  1.145319E-01
  1.171489E-01
  1.197660E-01
  1.223830E-01
  1.250000E-01
  1.276171E-01
  1.305175E-01
  1.336012E-01
  1.366850E-01
  1.397687E-01
  1.428524E-01
  1.459361E-01
  1.491974E-01
  1.527443E-01
  1.562913E-01
  1.598382E-01
  1.633852E-01
  1.669322E-01
  1.705861E-01
  1.743604E-01
  1.781348E-01
  1.819091E-01
  1.856834E-01
  1.894578E-01
  1.930907E-01
  1.966993E-01
  2.003079E-01
  2.039164E-01
  2.075250E-01
  2.111399E-01
  2.147606E-01
  2.183814E-01
  2.220022E-01
  2.256229E-01
  2.294397E-01
  2.334987E-01
  2.375576E-01
  2.416166E-01
  2.456756E-01
  2.503442E-01
  2.553690E-01
  2.603938E-01
  2.654186E-01
  2.705273E-01
  2.770517E-01
  2.835760E-01
  2.901004E-01
  2.966248E-01
  3.037402E-01
  3.110977E-01
  3.184551E-01
  3.258126E-01
  3.317603E-01
  3.366885E-01
  3.416166E-01
  3.465448E-01
  3.476532E-01
  3.467726E-01
  3.458921E-01
  3.450115E-01
  3.358596E-01
  3.260949E-01
  3.163301E-01
  3.020136E-01
  2.806009E-01
  2.591881E-01
  2.374039E-01
  2.025102E-01
  1.676163E-01
  1.327222E-01
  9.022708E-02
  4.620222E-02
 -5.965282E-02
 -1.052782E-01
 -1.513071E-01
 -1.973358E-01
 -2.398207E-01
 -2.819702E-01
 -3.226904E-01
 -3.566377E-01
 -3.905848E-01
 -4.182047E-01
 -4.410870E-01
 -4.627026E-01
 -4.728618E-01
 -4.830210E-01
 -4.830600E-01
 -4.797412E-01
 -4.695233E-01
 -4.529277E-01
 -4.319739E-01
 -4.044816E-01
 -3.738514E-01
 -3.382355E-01
 -2.998386E-01
 -2.583464E-01
 -2.141316E-01
 -1.684883E-01
 -1.201797E-01
 -7.111022E-02
  4.146166E-02
  9.280865E-02
  1.446820E-01
  1.971248E-01
  2.499137E-01
  3.028470E-01
  3.558537E-01
  4.088405E-01
  4.616868E-01
  5.143257E-01
  5.667035E-01
  6.187674E-01
  6.704728E-01
  7.217847E-01
  7.726310E-01
  8.230135E-01
  8.729383E-01
  8.843964E-01
  2.522658E-01
  9.896667E-01
  9.896667E-01
  9.896668E-01
  9.896668E-01
  9.896668E-01
  9.896668E-01
  9.896669E-01
  9.896669E-01
  9.896669E-01
  9.896670E-01
  9.896670E-01
  9.896670E-01
  9.896671E-01
  9.896671E-01
  9.896671E-01
  9.896672E-01
  9.896672E-01
  9.896673E-01
  9.896673E-01
  9.896674E-01
  9.896674E-01
  9.896675E-01
  9.896675E-01
  9.896676E-01
  9.896676E-01
  9.896677E-01
  9.896678E-01
  9.896678E-01
  9.896679E-01
  9.896680E-01
  9.896681E-01
  9.896682E-01
  9.896682E-01
  9.896683E-01
  9.896684E-01
  9.896685E-01
  9.896686E-01
  9.896687E-01
  9.896689E-01
  9.896690E-01
  9.896691E-01
  9.896693E-01
  9.896694E-01
  9.896695E-01
  9.896697E-01
  9.896699E-01
  9.896700E-01
  9.896702E-01
  9.896704E-01
  9.896706E-01
  9.896708E-01
  9.896710E-01
  9.896712E-01
  9.896714E-01
  9.896716E-01
  9.896718E-01
  9.896720E-01
  9.896722E-01
  9.896724E-01
  9.896727E-01
  9.896729E-01
  9.896731E-01
  9.896734E-01
  9.896736E-01
  9.896738E-01
  9.896741E-01
  9.896744E-01
  9.896747E-01
  9.896750E-01
  9.896753E-01
  9.896756E-01
  9.896760E-01
  9.896764E-01
  9.896768E-01
  9.896772E-01
  9.896777E-01
  9.896783E-01
  9.896789E-01
  9.896794E-01
  9.896801E-01
  9.896808E-01
  9.896815E-01
  9.896822E-01
  9.896828E-01
  9.896833E-01
  9.896838E-01
  9.896843E-01
  9.896844E-01
  9.896843E-01
  9.896842E-01
  9.896841E-01
  9.896832E-01
  9.896822E-01
  9.896813E-01
  9.896799E-01
  9.896780E-01
  9.896763E-01
  9.896747E-01
  9.896724E-01
  9.896704E-01
  9.896688E-01
  9.896674E-01
  9.896665E-01
  9.896667E-01
  9.896678E-01
  9.896696E-01
  9.896720E-01
  9.896748E-01
  9.896782E-01
  9.896819E-01
  9.896853E-01
  9.896892E-01
  9.896925E-01
  9.896955E-01
  9.896984E-01
  9.896999E-01
  9.897013E-01
  9.897014E-01
  9.897009E-01
  9.896994E-01
  9.896971E-01
  9.896943E-01
  9.896908E-01
  9.896872E-01
  9.896834E-01
  9.896797E-01
  9.896762E-01
  9.896731E-01
  9.896705E-01
  9.896684E-01
  9.896669E-01
  9.896664E-01
  9.896675E-01
  9.896693E-01
  9.896720E-01
  9.896756E-01
  9.896800E-01
  9.896853E-01
  9.896914E-01
  9.896983E-01
  9.897061E-01
  9.897146E-01
  9.897239E-01
  9.897339E-01
  9.897447E-01
  9.897562E-01
  9.897683E-01
  9.897811E-01
  8.496198E-01
  4.939201E-06
 -2.152106E+02
 -2.150755E+02
 -2.149405E+02
 -2.148054E+02
 -2.146703E+02
 -2.145352E+02
 -2.144002E+02
 -2.142650E+02
 -2.141299E+02
 -2.137726E+02
 -2.134050E+02
 -2.130374E+02
 -2.126699E+02
 -2.123023E+02
 -2.119346E+02
 -2.115670E+02
 -2.111341E+02
 -2.105593E+02
 -2.099845E+02
 -2.094096E+02
 -2.088347E+02
 -2.082598E+02
 -2.076849E+02
 -2.070980E+02
 -2.063074E+02
 -2.055168E+02
 -2.047261E+02
 -2.039354E+02
 -2.031447E+02
 -2.023540E+02
 -2.015350E+02
 -2.005671E+02
 -1.995990E+02
 -1.986310E+02
 -1.976628E+02
 -1.966947E+02
 -1.957265E+02
 -1.946507E+02
 -1.935053E+02
 -1.923598E+02
 -1.912143E+02
 -1.900687E+02
 -1.889231E+02
 -1.877005E+02
 -1.863541E+02
 -1.850076E+02
 -1.836611E+02
 -1.823144E+02
 -1.809677E+02
 -1.795258E+02
 -1.779767E+02
 -1.764274E+02
 -1.748781E+02
 -1.733286E+02
 -1.717790E+02
 -1.700717E+02
 -1.683371E+02
 -1.666024E+02
 -1.648674E+02
 -1.631323E+02
 -1.613038E+02
 -1.593880E+02
 -1.574718E+02
 -1.555555E+02
 -1.536389E+02
 -1.516511E+02
 -1.495754E+02
 -1.474995E+02
 -1.454233E+02
 -1.433468E+02
 -1.411926E+02
 -1.389929E+02
 -1.367929E+02
 -1.345928E+02
 -1.323858E+02
 -1.300661E+02
 -1.277463E+02
 -1.254263E+02
 -1.231062E+02
 -1.207866E+02
 -1.184671E+02
 -1.161475E+02
 -1.138278E+02
 -1.116895E+02
 -1.096825E+02
 -1.076757E+02
 -1.056691E+02
 -1.040470E+02
 -1.026253E+02
 -1.012039E+02
 -9.978293E+01
 -9.906241E+01
 -9.839313E+01
 -9.772314E+01
 -9.746336E+01
 -9.784109E+01
 -9.821467E+01
 -9.861642E+01
 -1.001517E+02
 -1.016766E+02
 -1.031913E+02
 -1.052284E+02
 -1.073575E+02
 -1.094714E+02
 -1.114370E+02
 -1.133530E+02
 -1.152535E+02
 -1.164457E+02
 -1.175602E+02
 -1.184639E+02
 -1.184147E+02
 -1.183589E+02
 -1.175117E+02
 -1.160739E+02
 -1.144896E+02
 -1.115941E+02
 -1.087002E+02
 -1.047447E+02
 -1.004387E+02
 -9.548289E+01
 -8.992558E+01
 -8.398705E+01
 -7.747420E+01
 -7.072160E+01
 -6.358708E+01
 -5.626500E+01
 -4.873240E+01
 -4.101280E+01
 -3.318834E+01
 -2.512665E+01
 -1.695182E+01
 -8.560643E+00
  1.269320E-01
  9.070193E+00
  1.843372E+01
  2.843400E+01
  3.906481E+01
  5.050869E+01
  6.302798E+01
  7.733018E+01
  9.413179E+01
  1.148684E+02
  1.419105E+02
  1.792208E+02
  2.340538E+02
  3.081381E+02
  3.697952E+02
  4.663669E+02
  2.471580E+02
  3.320011E-04
  1.103249E+04
  1.103098E+04
  1.102948E+04
  1.102797E+04
  1.102647E+04
  1.102496E+04
  1.102346E+04
  1.102195E+04
  1.102045E+04
  1.101577E+04
  1.101094E+04
  1.100612E+04
  1.100129E+04
  1.099647E+04
  1.099164E+04
  1.098682E+04
  1.098101E+04
  1.097307E+04
  1.096512E+04
  1.095717E+04
  1.094923E+04
  1.094128E+04
  1.093334E+04
  1.092524E+04
  1.091451E+04
  1.090378E+04
  1.089306E+04
  1.088233E+04
  1.087160E+04
  1.086088E+04
  1.084967E+04
  1.083597E+04
  1.082226E+04
  1.080855E+04
  1.079484E+04
  1.078114E+04
  1.076743E+04
  1.075177E+04
  1.073485E+04
  1.071793E+04
  1.070102E+04
  1.068410E+04
  1.066718E+04
  1.064900E+04
  1.062878E+04
  1.060856E+04
  1.058834E+04
  1.056812E+04
  1.054791E+04
  1.052610E+04
  1.050249E+04
  1.047889E+04
  1.045529E+04
  1.043169E+04
  1.040809E+04
  1.038153E+04
  1.035446E+04
  1.032740E+04
  1.030033E+04
  1.027327E+04
  1.024440E+04
  1.021385E+04
  1.018330E+04
  1.015275E+04
  1.012221E+04
  1.009007E+04
  1.005596E+04
  1.002185E+04
  9.987749E+03
  9.953647E+03
  9.917193E+03
  9.879366E+03
  9.841540E+03
  9.803716E+03
  9.765681E+03
  9.724060E+03
  9.682440E+03
  9.640821E+03
  9.599202E+03
  9.554868E+03
  9.509422E+03
  9.463977E+03
  9.418533E+03
  9.370819E+03
  9.321466E+03
  9.272115E+03
  9.222766E+03
  9.170964E+03
  9.117888E+03
  9.064815E+03
  9.011746E+03
  8.955529E+03
  8.899085E+03
  8.842650E+03
  8.784874E+03
  8.725010E+03
  8.665163E+03
  8.605238E+03
  8.541982E+03
  8.478761E+03
  8.415574E+03
  8.350219E+03
  8.284474E+03
  8.218782E+03
  8.151179E+03
  8.083140E+03
  8.015166E+03
  7.944190E+03
  7.872992E+03
  7.801123E+03
  7.725826E+03
  7.650590E+03
  7.572714E+03
  7.492871E+03
  7.412583E+03
  7.327863E+03
  7.243184E+03
  7.154801E+03
  7.065209E+03
  6.973176E+03
  6.878883E+03
  6.782819E+03
  6.684080E+03
  6.583769E+03
  6.480946E+03
  6.376433E+03
  6.270036E+03
  6.161578E+03
  6.052043E+03
  5.939899E+03
  5.826840E+03
  5.712007E+03
  5.595539E+03
  5.477943E+03
  5.358767E+03
  5.237779E+03
  5.115297E+03
  4.991151E+03
  4.865245E+03
  4.738221E+03
  4.614358E+03
  4.502867E+03
  4.419120E+03
  4.390103E+03
  4.475172E+03
  4.639893E+03
  4.432421E+03
  4.616765E+03
  1.362113E+03
  2.348428E-03
  5.660571E+00
  5.726856E+00
  5.793142E+00
  5.859428E+00
  5.925714E+00
  5.992000E+00
  6.058286E+00
  6.124573E+00
  6.190859E+00
  6.354805E+00
  6.523214E+00
  6.691622E+00
  6.860032E+00
  7.028441E+00
  7.196851E+00
  7.365262E+00
  7.558262E+00
  7.804783E+00
  8.051304E+00
  8.297827E+00
  8.544351E+00
  8.790876E+00
  9.037402E+00
  9.290954E+00
  9.664372E+00
  1.003779E+01
  1.041121E+01
  1.078464E+01
  1.115806E+01
  1.153149E+01
  1.193798E+01
  1.251947E+01
  1.310096E+01
  1.368245E+01
  1.426395E+01
  1.484545E+01
  1.542696E+01
  1.620930E+01
  1.712152E+01
  1.803374E+01
  1.894598E+01
  1.985823E+01
  2.077049E+01
  2.184808E+01
  2.319178E+01
  2.453550E+01
  2.587924E+01
  2.722300E+01
  2.856677E+01
  3.003805E+01
  3.165290E+01
  3.326778E+01
  3.488268E+01
  3.649762E+01
  3.811258E+01
  3.955284E+01
  4.096305E+01
  4.237329E+01
  4.378355E+01
  4.519384E+01
  4.624302E+01
  4.695456E+01
  4.766610E+01
  4.837765E+01
  4.908921E+01
  4.930536E+01
  4.890925E+01
  4.851312E+01
  4.811695E+01
  4.772075E+01
  4.642413E+01
  4.460136E+01
  4.277850E+01
  4.095554E+01
  3.912531E+01
  3.717400E+01
  3.522252E+01
  3.327089E+01
  3.131911E+01
  3.280642E+01
  3.570206E+01
  3.859759E+01
  4.149301E+01
  4.956639E+01
  6.138447E+01
  7.320215E+01
  8.501944E+01
  1.026833E+02
  1.233899E+02
  1.440945E+02
  1.647972E+02
  1.928840E+02
  2.215125E+02
  2.501356E+02
  2.810581E+02
  3.155648E+02
  3.500604E+02
  3.844562E+02
  4.156892E+02
  4.469085E+02
  4.781144E+02
  4.968184E+02
  5.130013E+02
  5.291773E+02
  5.316463E+02
  5.306314E+02
  5.296200E+02
  5.163062E+02
  5.018397E+02
  4.857382E+02
  4.618485E+02
  4.379734E+02
  4.107345E+02
  3.809807E+02
  3.509260E+02
  3.180338E+02
  2.851535E+02
  2.514735E+02
  2.175331E+02
  1.842681E+02
  1.516251E+02
  1.203758E+02
  9.121310E+01
  6.367867E+01
  3.872994E+01
  1.569947E+01
 -5.196379E+00
 -2.372119E+01
 -4.100387E+01
 -5.539918E+01
 -6.881583E+01
 -8.036205E+01
 -9.027471E+01
 -9.910499E+01
 -1.064948E+02
 -1.124564E+02
 -1.173741E+02
 -1.211829E+02
 -1.238141E+02
 -1.249320E+02
 -1.243841E+02
 -1.216107E+02
 -1.155442E+02
 -1.048418E+02
 -8.938349E+01
 -6.967635E+01
 -4.373907E+01
 -5.995352E+01
  4.573007E+03
  3.605320E-02
