 Title= "ADflow Lift Distribution Data"
Variables = "eta" "CoordinateX" "CoordinateY" "CoordinateZ" "Lift" "Drag" "Moment" "Normalized Lift" "Normalized Drag" "Normalized Moment" "CL" "CD" "CM" "CLp" "CDp" "CMp" "CLv" "CDv" "CMv" "Elliptical" "thickness" "twist" "chord" "fx" "fy" "fz" 
Zone T= "LiftDist_01 allWalls: : z normal"
 I=          150
 DATAPACKING=BLOCK
  0.000000E+00
  6.711405E-03
  1.342281E-02
  2.013422E-02
  2.684563E-02
  3.355704E-02
  4.026845E-02
  4.697986E-02
  5.369127E-02
  6.040268E-02
  6.711409E-02
  7.382550E-02
  8.053691E-02
  8.724832E-02
  9.395973E-02
  1.006711E-01
  1.073825E-01
  1.140940E-01
  1.208054E-01
  1.275168E-01
  1.342282E-01
  1.409396E-01
  1.476510E-01
  1.543624E-01
  1.610738E-01
  1.677852E-01
  1.744966E-01
  1.812081E-01
  1.879195E-01
  1.946309E-01
  2.013423E-01
  2.080537E-01
  2.147651E-01
  2.214765E-01
  2.281879E-01
  2.348993E-01
  2.416107E-01
  2.483221E-01
  2.550336E-01
  2.617450E-01
  2.684564E-01
  2.751678E-01
  2.818792E-01
  2.885906E-01
  2.953020E-01
  3.020134E-01
  3.087248E-01
  3.154362E-01
  3.221476E-01
  3.288591E-01
  3.355705E-01
  3.422819E-01
  3.489933E-01
  3.557047E-01
  3.624161E-01
  3.691275E-01
  3.758389E-01
  3.825503E-01
  3.892617E-01
  3.959732E-01
  4.026846E-01
  4.093960E-01
  4.161074E-01
  4.228188E-01
  4.295302E-01
  4.362416E-01
  4.429530E-01
  4.496644E-01
  4.563758E-01
  4.630872E-01
  4.697987E-01
  4.765101E-01
  4.832215E-01
  4.899329E-01
  4.966443E-01
  5.033557E-01
  5.100671E-01
  5.167785E-01
  5.234899E-01
  5.302013E-01
  5.369128E-01
  5.436242E-01
  5.503356E-01
  5.570470E-01
  5.637584E-01
  5.704698E-01
  5.771812E-01
  5.838926E-01
  5.906040E-01
  5.973154E-01
  6.040268E-01
  6.107383E-01
  6.174497E-01
  6.241611E-01
  6.308725E-01
  6.375839E-01
  6.442953E-01
  6.510067E-01
  6.577181E-01
  6.644295E-01
  6.711409E-01
  6.778524E-01
  6.845638E-01
  6.912752E-01
  6.979866E-01
  7.046980E-01
  7.114094E-01
  7.181208E-01
  7.248322E-01
  7.315436E-01
  7.382550E-01
  7.449664E-01
  7.516779E-01
  7.583893E-01
  7.651007E-01
  7.718121E-01
  7.785235E-01
  7.852349E-01
  7.919463E-01
  7.986577E-01
  8.053691E-01
  8.120805E-01
  8.187919E-01
  8.255034E-01
  8.322148E-01
  8.389262E-01
  8.456376E-01
  8.523490E-01
  8.590604E-01
  8.657718E-01
  8.724832E-01
  8.791946E-01
  8.859060E-01
  8.926175E-01
  8.993289E-01
  9.060403E-01
  9.127517E-01
  9.194631E-01
  9.261745E-01
  9.328859E-01
  9.395973E-01
  9.463087E-01
  9.530201E-01
  9.597315E-01
  9.664430E-01
  9.731544E-01
  9.798658E-01
  9.865772E-01
  9.932886E-01
  1.000000E+00
  0.000000E+00
  0.000000E+00
  0.000000E+00
  0.000000E+00
  0.000000E+00
  0.000000E+00
  0.000000E+00
  0.000000E+00
  0.000000E+00
  0.000000E+00
  0.000000E+00
  0.000000E+00
  0.000000E+00
  0.000000E+00
  0.000000E+00
  0.000000E+00
  0.000000E+00
  0.000000E+00
  0.000000E+00
  0.000000E+00
  0.000000E+00
  0.000000E+00
  0.000000E+00
  0.000000E+00
  0.000000E+00
  0.000000E+00
  0.000000E+00
  0.000000E+00
  0.000000E+00
  0.000000E+00
  0.000000E+00
  0.000000E+00
  0.000000E+00
  0.000000E+00
  0.000000E+00
  0.000000E+00
  0.000000E+00
  0.000000E+00
  0.000000E+00
  0.000000E+00
  0.000000E+00
  0.000000E+00
  0.000000E+00
  0.000000E+00
  0.000000E+00
  0.000000E+00
  0.000000E+00
  0.000000E+00
  0.000000E+00
  0.000000E+00
  0.000000E+00
  0.000000E+00
  0.000000E+00
  0.000000E+00
  0.000000E+00
  0.000000E+00
  0.000000E+00
  0.000000E+00
  0.000000E+00
  0.000000E+00
  0.000000E+00
  0.000000E+00
  0.000000E+00
  0.000000E+00
  0.000000E+00
  0.000000E+00
  0.000000E+00
  0.000000E+00
  0.000000E+00
  0.000000E+00
  0.000000E+00
  0.000000E+00
  0.000000E+00
  0.000000E+00
  0.000000E+00
  0.000000E+00
  0.000000E+00
  0.000000E+00
  0.000000E+00
  0.000000E+00
  0.000000E+00
  0.000000E+00
  0.000000E+00
  0.000000E+00
  0.000000E+00
  0.000000E+00
  0.000000E+00
  0.000000E+00
  0.000000E+00
  0.000000E+00
  0.000000E+00
  0.000000E+00
  0.000000E+00
  0.000000E+00
  0.000000E+00
  0.000000E+00
  0.000000E+00
  0.000000E+00
  0.000000E+00
  0.000000E+00
  0.000000E+00
  0.000000E+00
  0.000000E+00
  0.000000E+00
  0.000000E+00
  0.000000E+00
  0.000000E+00
  0.000000E+00
  0.000000E+00
  0.000000E+00
  0.000000E+00
  0.000000E+00
  0.000000E+00
  0.000000E+00
  0.000000E+00
  0.000000E+00
  0.000000E+00
  0.000000E+00
  0.000000E+00
  0.000000E+00
  0.000000E+00
  0.000000E+00
  0.000000E+00
  0.000000E+00
  0.000000E+00
  0.000000E+00
  0.000000E+00
  0.000000E+00
  0.000000E+00
  0.000000E+00
  0.000000E+00
  0.000000E+00
  0.000000E+00
  0.000000E+00
  0.000000E+00
  0.000000E+00
  0.000000E+00
  0.000000E+00
  0.000000E+00
  0.000000E+00
  0.000000E+00
  0.000000E+00
  0.000000E+00
  0.000000E+00
  0.000000E+00
  0.000000E+00
  0.000000E+00
  0.000000E+00
  0.000000E+00
  0.000000E+00
  0.000000E+00
  0.000000E+00
  0.000000E+00
  0.000000E+00
  0.000000E+00
  0.000000E+00
  0.000000E+00
  0.000000E+00
  0.000000E+00
  0.000000E+00
  0.000000E+00
  0.000000E+00
  0.000000E+00
  0.000000E+00
  0.000000E+00
  0.000000E+00
  0.000000E+00
  0.000000E+00
  0.000000E+00
  0.000000E+00
  0.000000E+00
  0.000000E+00
  0.000000E+00
  0.000000E+00
  0.000000E+00
  0.000000E+00
  0.000000E+00
  0.000000E+00
  0.000000E+00
  0.000000E+00
  0.000000E+00
  0.000000E+00
  0.000000E+00
  0.000000E+00
  0.000000E+00
  0.000000E+00
  0.000000E+00
  0.000000E+00
  0.000000E+00
  0.000000E+00
  0.000000E+00
  0.000000E+00
  0.000000E+00
  0.000000E+00
  0.000000E+00
  0.000000E+00
  0.000000E+00
  0.000000E+00
  0.000000E+00
  0.000000E+00
  0.000000E+00
  0.000000E+00
  0.000000E+00
  0.000000E+00
  0.000000E+00
  0.000000E+00
  0.000000E+00
  0.000000E+00
  0.000000E+00
  0.000000E+00
  0.000000E+00
  0.000000E+00
  0.000000E+00
  0.000000E+00
  0.000000E+00
  0.000000E+00
  0.000000E+00
  0.000000E+00
  0.000000E+00
  0.000000E+00
  0.000000E+00
  0.000000E+00
  0.000000E+00
  0.000000E+00
  0.000000E+00
  0.000000E+00
  0.000000E+00
  0.000000E+00
  0.000000E+00
  0.000000E+00
  0.000000E+00
  0.000000E+00
  0.000000E+00
  0.000000E+00
  0.000000E+00
  0.000000E+00
  0.000000E+00
  0.000000E+00
  0.000000E+00
  0.000000E+00
  0.000000E+00
  0.000000E+00
  0.000000E+00
  0.000000E+00
  0.000000E+00
  0.000000E+00
  0.000000E+00
  0.000000E+00
  0.000000E+00
  0.000000E+00
  0.000000E+00
  0.000000E+00
  0.000000E+00
  0.000000E+00
  0.000000E+00
  0.000000E+00
  0.000000E+00
  0.000000E+00
  0.000000E+00
  0.000000E+00
  0.000000E+00
  0.000000E+00
  0.000000E+00
  0.000000E+00
  0.000000E+00
  0.000000E+00
  0.000000E+00
  0.000000E+00
  0.000000E+00
  0.000000E+00
  0.000000E+00
  0.000000E+00
  0.000000E+00
  0.000000E+00
  0.000000E+00
  0.000000E+00
  0.000000E+00
  0.000000E+00
  0.000000E+00
  0.000000E+00
  0.000000E+00
  0.000000E+00
  0.000000E+00
  0.000000E+00
  0.000000E+00
  0.000000E+00
  0.000000E+00
  0.000000E+00
  0.000000E+00
  0.000000E+00
  0.000000E+00
  0.000000E+00
  0.000000E+00
  0.000000E+00
  0.000000E+00
  0.000000E+00
  0.000000E+00
  0.000000E+00
  0.000000E+00
  0.000000E+00
  1.000000E-08
  1.690972E-02
  3.381945E-02
  5.072917E-02
  6.763890E-02
  8.454862E-02
  1.014583E-01
  1.183681E-01
  1.352778E-01
  1.521875E-01
  1.690972E-01
  1.860070E-01
  2.029167E-01
  2.198264E-01
  2.367361E-01
  2.536459E-01
  2.705556E-01
  2.874653E-01
  3.043750E-01
  3.212848E-01
  3.381945E-01
  3.551042E-01
  3.720139E-01
  3.889237E-01
  4.058334E-01
  4.227431E-01
  4.396528E-01
  4.565626E-01
  4.734723E-01
  4.903820E-01
  5.072917E-01
  5.242015E-01
  5.411112E-01
  5.580209E-01
  5.749306E-01
  5.918404E-01
  6.087501E-01
  6.256598E-01
  6.425695E-01
  6.594792E-01
  6.763890E-01
  6.932987E-01
  7.102084E-01
  7.271181E-01
  7.440279E-01
  7.609376E-01
  7.778473E-01
  7.947570E-01
  8.116668E-01
  8.285765E-01
  8.454862E-01
  8.623959E-01
  8.793057E-01
  8.962154E-01
  9.131251E-01
  9.300348E-01
  9.469446E-01
  9.638543E-01
  9.807640E-01
  9.976737E-01
  1.014583E+00
  1.031493E+00
  1.048403E+00
  1.065313E+00
  1.082222E+00
  1.099132E+00
  1.116042E+00
  1.132952E+00
  1.149861E+00
  1.166771E+00
  1.183681E+00
  1.200590E+00
  1.217500E+00
  1.234410E+00
  1.251320E+00
  1.268229E+00
  1.285139E+00
  1.302049E+00
  1.318958E+00
  1.335868E+00
  1.352778E+00
  1.369688E+00
  1.386597E+00
  1.403507E+00
  1.420417E+00
  1.437327E+00
  1.454236E+00
  1.471146E+00
  1.488056E+00
  1.504965E+00
  1.521875E+00
  1.538785E+00
  1.555695E+00
  1.572604E+00
  1.589514E+00
  1.606424E+00
  1.623334E+00
  1.640243E+00
  1.657153E+00
  1.674063E+00
  1.690972E+00
  1.707882E+00
  1.724792E+00
  1.741702E+00
  1.758611E+00
  1.775521E+00
  1.792431E+00
  1.809341E+00
  1.826250E+00
  1.843160E+00
  1.860070E+00
  1.876979E+00
  1.893889E+00
  1.910799E+00
  1.927709E+00
  1.944618E+00
  1.961528E+00
  1.978438E+00
  1.995347E+00
  2.012257E+00
  2.029167E+00
  2.046077E+00
  2.062986E+00
  2.079896E+00
  2.096806E+00
  2.113716E+00
  2.130625E+00
  2.147535E+00
  2.164445E+00
  2.181354E+00
  2.198264E+00
  2.215174E+00
  2.232084E+00
  2.248993E+00
  2.265903E+00
  2.282813E+00
  2.299723E+00
  2.316632E+00
  2.333542E+00
  2.350452E+00
  2.367361E+00
  2.384271E+00
  2.401181E+00
  2.418091E+00
  2.435000E+00
  2.451910E+00
  2.468820E+00
  2.485729E+00
  2.502639E+00
  2.519549E+00
  1.101975E+04
  1.101812E+04
  1.101648E+04
  1.101484E+04
  1.101321E+04
  1.101157E+04
  1.100994E+04
  1.100830E+04
  1.100666E+04
  1.100207E+04
  1.099733E+04
  1.099260E+04
  1.098787E+04
  1.098314E+04
  1.097841E+04
  1.097367E+04
  1.096808E+04
  1.096059E+04
  1.095310E+04
  1.094561E+04
  1.093813E+04
  1.093064E+04
  1.092315E+04
  1.091550E+04
  1.090504E+04
  1.089459E+04
  1.088413E+04
  1.087367E+04
  1.086321E+04
  1.085276E+04
  1.084178E+04
  1.082807E+04
  1.081436E+04
  1.080064E+04
  1.078693E+04
  1.077322E+04
  1.075950E+04
  1.074372E+04
  1.072661E+04
  1.070949E+04
  1.069237E+04
  1.067526E+04
  1.065814E+04
  1.063971E+04
  1.061915E+04
  1.059860E+04
  1.057804E+04
  1.055749E+04
  1.053694E+04
  1.051474E+04
  1.049070E+04
  1.046666E+04
  1.044261E+04
  1.041857E+04
  1.039454E+04
  1.036747E+04
  1.033989E+04
  1.031231E+04
  1.028473E+04
  1.025715E+04
  1.022779E+04
  1.019675E+04
  1.016571E+04
  1.013467E+04
  1.010364E+04
  1.007107E+04
  1.003661E+04
  1.000214E+04
  9.967682E+03
  9.933223E+03
  9.896522E+03
  9.858512E+03
  9.820503E+03
  9.782496E+03
  9.744287E+03
  9.702645E+03
  9.661005E+03
  9.619365E+03
  9.577726E+03
  9.533480E+03
  9.488167E+03
  9.442854E+03
  9.397543E+03
  9.350055E+03
  9.300995E+03
  9.251936E+03
  9.202879E+03
  9.151447E+03
  9.098781E+03
  9.046119E+03
  8.993460E+03
  8.937685E+03
  8.881686E+03
  8.825696E+03
  8.768362E+03
  8.708934E+03
  8.649523E+03
  8.590034E+03
  8.527187E+03
  8.464376E+03
  8.401600E+03
  8.336585E+03
  8.271166E+03
  8.205800E+03
  8.138412E+03
  8.070560E+03
  8.002771E+03
  7.931847E+03
  7.860687E+03
  7.788831E+03
  7.713436E+03
  7.638101E+03
  7.560056E+03
  7.479989E+03
  7.399468E+03
  7.314414E+03
  7.229403E+03
  7.140618E+03
  7.050601E+03
  6.958109E+03
  6.863325E+03
  6.766757E+03
  6.667494E+03
  6.566658E+03
  6.463309E+03
  6.358282E+03
  6.251382E+03
  6.142442E+03
  6.032435E+03
  5.919849E+03
  5.806355E+03
  5.691106E+03
  5.574232E+03
  5.456230E+03
  5.336646E+03
  5.215231E+03
  5.092296E+03
  4.967660E+03
  4.841212E+03
  4.713547E+03
  4.588884E+03
  4.476304E+03
  4.390962E+03
  4.359482E+03
  4.440536E+03
  4.599724E+03
  4.388804E+03
  4.565791E+03
  1.342363E+03
  2.317393E-03
  6.055739E+02
  6.054951E+02
  6.054163E+02
  6.053376E+02
  6.052588E+02
  6.051800E+02
  6.051013E+02
  6.050225E+02
  6.049437E+02
  6.048100E+02
  6.046738E+02
  6.045376E+02
  6.044014E+02
  6.042651E+02
  6.041289E+02
  6.039927E+02
  6.038764E+02
  6.038036E+02
  6.037308E+02
  6.036580E+02
  6.035852E+02
  6.035125E+02
  6.034397E+02
  6.033684E+02
  6.033224E+02
  6.032765E+02
  6.032305E+02
  6.031846E+02
  6.031387E+02
  6.030929E+02
  6.030428E+02
  6.029705E+02
  6.028983E+02
  6.028261E+02
  6.027540E+02
  6.026819E+02
  6.026099E+02
  6.025242E+02
  6.024298E+02
  6.023354E+02
  6.022412E+02
  6.021471E+02
  6.020531E+02
  6.019610E+02
  6.018719E+02
  6.017831E+02
  6.016945E+02
  6.016061E+02
  6.015178E+02
  6.014236E+02
  6.013226E+02
  6.012219E+02
  6.011216E+02
  6.010215E+02
  6.009217E+02
  6.007629E+02
  6.005942E+02
  6.004259E+02
  6.002580E+02
  6.000905E+02
  5.998755E+02
  5.996162E+02
  5.993573E+02
  5.990989E+02
  5.988410E+02
  5.985286E+02
  5.981490E+02
  5.977698E+02
  5.973911E+02
  5.970127E+02
  5.965205E+02
  5.959618E+02
  5.954034E+02
  5.948454E+02
  5.942762E+02
  5.935138E+02
  5.927516E+02
  5.919897E+02
  5.912279E+02
  5.902320E+02
  5.891401E+02
  5.880484E+02
  5.869568E+02
  5.854975E+02
  5.837721E+02
  5.820465E+02
  5.803208E+02
  5.780183E+02
  5.754154E+02
  5.728124E+02
  5.702094E+02
  5.666635E+02
  5.630491E+02
  5.594363E+02
  5.553126E+02
  5.503947E+02
  5.454826E+02
  5.405371E+02
  5.342184E+02
  5.279133E+02
  5.216214E+02
  5.146598E+02
  5.075801E+02
  5.005200E+02
  4.934808E+02
  4.864627E+02
  4.794648E+02
  4.729698E+02
  4.665375E+02
  4.602694E+02
  4.547152E+02
  4.491718E+02
  4.442331E+02
  4.397459E+02
  4.353732E+02
  4.319943E+02
  4.286168E+02
  4.260336E+02
  4.237137E+02
  4.218657E+02
  4.204550E+02
  4.192934E+02
  4.185067E+02
  4.178395E+02
  4.173616E+02
  4.169395E+02
  4.165810E+02
  4.162471E+02
  4.159334E+02
  4.156501E+02
  4.154074E+02
  4.152400E+02
  4.152387E+02
  4.154031E+02
  4.158619E+02
  4.168140E+02
  4.182788E+02
  4.204261E+02
  4.235109E+02
  4.282872E+02
  4.357881E+02
  4.481282E+02
  4.688105E+02
  5.037900E+02
  5.647182E+02
  6.507824E+02
  6.968220E+02
  8.067170E+02
  3.476559E+02
  5.051331E-04
  1.989077E+03
  1.988741E+03
  1.988405E+03
  1.988069E+03
  1.987733E+03
  1.987397E+03
  1.987061E+03
  1.986724E+03
  1.986388E+03
  1.985460E+03
  1.984504E+03
  1.983549E+03
  1.982593E+03
  1.981638E+03
  1.980682E+03
  1.979726E+03
  1.978583E+03
  1.977031E+03
  1.975479E+03
  1.973928E+03
  1.972376E+03
  1.970824E+03
  1.969272E+03
  1.967677E+03
  1.965351E+03
  1.963024E+03
  1.960698E+03
  1.958371E+03
  1.956045E+03
  1.953718E+03
  1.951239E+03
  1.947955E+03
  1.944671E+03
  1.941386E+03
  1.938102E+03
  1.934817E+03
  1.931533E+03
  1.927607E+03
  1.923265E+03
  1.918924E+03
  1.914583E+03
  1.910241E+03
  1.905900E+03
  1.901150E+03
  1.895741E+03
  1.890332E+03
  1.884923E+03
  1.879515E+03
  1.874106E+03
  1.868221E+03
  1.861800E+03
  1.855378E+03
  1.848957E+03
  1.842536E+03
  1.836116E+03
  1.828954E+03
  1.821664E+03
  1.814376E+03
  1.807087E+03
  1.799799E+03
  1.792188E+03
  1.784277E+03
  1.776366E+03
  1.768455E+03
  1.760545E+03
  1.752441E+03
  1.744097E+03
  1.735754E+03
  1.727412E+03
  1.719069E+03
  1.710566E+03
  1.701970E+03
  1.693373E+03
  1.684777E+03
  1.676187E+03
  1.667712E+03
  1.659237E+03
  1.650762E+03
  1.642287E+03
  1.634070E+03
  1.625958E+03
  1.617846E+03
  1.609734E+03
  1.601745E+03
  1.593845E+03
  1.585946E+03
  1.578046E+03
  1.570295E+03
  1.562620E+03
  1.554946E+03
  1.547274E+03
  1.540040E+03
  1.532842E+03
  1.525647E+03
  1.518519E+03
  1.511498E+03
  1.504484E+03
  1.497460E+03
  1.489868E+03
  1.482292E+03
  1.474731E+03
  1.466458E+03
  1.458063E+03
  1.449664E+03
  1.440472E+03
  1.431094E+03
  1.421746E+03
  1.410847E+03
  1.399830E+03
  1.388434E+03
  1.375125E+03
  1.361843E+03
  1.347110E+03
  1.331293E+03
  1.315242E+03
  1.296915E+03
  1.278601E+03
  1.258561E+03
  1.237953E+03
  1.216365E+03
  1.193870E+03
  1.170819E+03
  1.146930E+03
  1.122713E+03
  1.097971E+03
  1.073101E+03
  1.048089E+03
  1.023271E+03
  9.985600E+02
  9.746313E+02
  9.511626E+02
  9.286695E+02
  9.075286E+02
  8.874598E+02
  8.690917E+02
  8.528987E+02
  8.385419E+02
  8.263396E+02
  8.167240E+02
  8.113026E+02
  8.126410E+02
  8.266895E+02
  8.638754E+02
  9.405235E+02
  1.082063E+03
  1.274297E+03
  1.337773E+03
  1.400043E+03
 -7.940798E+01
  2.905069E-09
  1.236919E+00
  1.236735E+00
  1.236552E+00
  1.236368E+00
  1.236184E+00
  1.236001E+00
  1.235817E+00
  1.235633E+00
  1.235450E+00
  1.234934E+00
  1.234402E+00
  1.233871E+00
  1.233340E+00
  1.232809E+00
  1.232278E+00
  1.231747E+00
  1.231118E+00
  1.230278E+00
  1.229437E+00
  1.228597E+00
  1.227757E+00
  1.226916E+00
  1.226076E+00
  1.225217E+00
  1.224043E+00
  1.222869E+00
  1.221696E+00
  1.220522E+00
  1.219348E+00
  1.218174E+00
  1.216942E+00
  1.215403E+00
  1.213864E+00
  1.212325E+00
  1.210785E+00
  1.209246E+00
  1.207707E+00
  1.205936E+00
  1.204014E+00
  1.202093E+00
  1.200172E+00
  1.198251E+00
  1.196329E+00
  1.194260E+00
  1.191953E+00
  1.189646E+00
  1.187339E+00
  1.185032E+00
  1.182725E+00
  1.180234E+00
  1.177535E+00
  1.174836E+00
  1.172138E+00
  1.169439E+00
  1.166741E+00
  1.163703E+00
  1.160607E+00
  1.157511E+00
  1.154416E+00
  1.151320E+00
  1.148024E+00
  1.144540E+00
  1.141056E+00
  1.137572E+00
  1.134089E+00
  1.130433E+00
  1.126565E+00
  1.122697E+00
  1.118828E+00
  1.114961E+00
  1.110841E+00
  1.106575E+00
  1.102308E+00
  1.098042E+00
  1.093753E+00
  1.089079E+00
  1.084405E+00
  1.079731E+00
  1.075058E+00
  1.070091E+00
  1.065005E+00
  1.059919E+00
  1.054833E+00
  1.049503E+00
  1.043996E+00
  1.038489E+00
  1.032983E+00
  1.027210E+00
  1.021298E+00
  1.015387E+00
  1.009476E+00
  1.003216E+00
  9.969303E-01
  9.906456E-01
  9.842101E-01
  9.775395E-01
  9.708710E-01
  9.641936E-01
  9.571393E-01
  9.500890E-01
  9.430426E-01
  9.357451E-01
  9.284021E-01
  9.210650E-01
  9.135010E-01
  9.058849E-01
  8.982759E-01
  8.903150E-01
  8.823275E-01
  8.742621E-01
  8.657993E-01
  8.573433E-01
  8.485830E-01
  8.395959E-01
  8.305577E-01
  8.210109E-01
  8.114687E-01
  8.015030E-01
  7.913990E-01
  7.810171E-01
  7.703781E-01
  7.595387E-01
  7.483969E-01
  7.370785E-01
  7.254781E-01
  7.136892E-01
  7.016901E-01
  6.894621E-01
  6.771143E-01
  6.644770E-01
  6.517379E-01
  6.388017E-01
  6.256830E-01
  6.124379E-01
  5.990150E-01
  5.853867E-01
  5.715878E-01
  5.575980E-01
  5.434047E-01
  5.290750E-01
  5.150821E-01
  5.024454E-01
  4.928662E-01
  4.893327E-01
  4.984306E-01
  5.162988E-01
  4.926240E-01
  5.124900E-01
  1.506744E-01
  2.601171E-07
  1.104740E+00
  1.104597E+00
  1.104453E+00
  1.104309E+00
  1.104166E+00
  1.104022E+00
  1.103878E+00
  1.103734E+00
  1.103591E+00
  1.103347E+00
  1.103098E+00
  1.102850E+00
  1.102601E+00
  1.102353E+00
  1.102104E+00
  1.101856E+00
  1.101644E+00
  1.101511E+00
  1.101378E+00
  1.101245E+00
  1.101112E+00
  1.100980E+00
  1.100847E+00
  1.100717E+00
  1.100633E+00
  1.100549E+00
  1.100465E+00
  1.100382E+00
  1.100298E+00
  1.100214E+00
  1.100123E+00
  1.099991E+00
  1.099859E+00
  1.099728E+00
  1.099596E+00
  1.099465E+00
  1.099333E+00
  1.099177E+00
  1.099005E+00
  1.098832E+00
  1.098661E+00
  1.098489E+00
  1.098317E+00
  1.098149E+00
  1.097987E+00
  1.097825E+00
  1.097663E+00
  1.097502E+00
  1.097341E+00
  1.097169E+00
  1.096985E+00
  1.096801E+00
  1.096618E+00
  1.096435E+00
  1.096253E+00
  1.095964E+00
  1.095656E+00
  1.095349E+00
  1.095043E+00
  1.094737E+00
  1.094345E+00
  1.093872E+00
  1.093400E+00
  1.092928E+00
  1.092458E+00
  1.091888E+00
  1.091195E+00
  1.090503E+00
  1.089812E+00
  1.089122E+00
  1.088224E+00
  1.087205E+00
  1.086186E+00
  1.085168E+00
  1.084130E+00
  1.082739E+00
  1.081349E+00
  1.079959E+00
  1.078569E+00
  1.076752E+00
  1.074760E+00
  1.072769E+00
  1.070777E+00
  1.068115E+00
  1.064968E+00
  1.061820E+00
  1.058672E+00
  1.054471E+00
  1.049723E+00
  1.044974E+00
  1.040225E+00
  1.033757E+00
  1.027163E+00
  1.020572E+00
  1.013049E+00
  1.004078E+00
  9.951165E-01
  9.860945E-01
  9.745675E-01
  9.630651E-01
  9.515869E-01
  9.388870E-01
  9.259717E-01
  9.130920E-01
  9.002504E-01
  8.874473E-01
  8.746813E-01
  8.628324E-01
  8.510981E-01
  8.396632E-01
  8.295308E-01
  8.194181E-01
  8.104086E-01
  8.022225E-01
  7.942455E-01
  7.880814E-01
  7.819200E-01
  7.772073E-01
  7.729752E-01
  7.696040E-01
  7.670304E-01
  7.649113E-01
  7.634762E-01
  7.622590E-01
  7.613872E-01
  7.606172E-01
  7.599631E-01
  7.593540E-01
  7.587818E-01
  7.582649E-01
  7.578222E-01
  7.575167E-01
  7.575144E-01
  7.578143E-01
  7.586513E-01
  7.603881E-01
  7.630605E-01
  7.669777E-01
  7.726052E-01
  7.813186E-01
  7.950024E-01
  8.175143E-01
  8.552447E-01
  9.190573E-01
  1.030208E+00
  1.187214E+00
  1.271203E+00
  1.471683E+00
  6.342240E-01
  9.215075E-07
  1.257909E+00
  1.257696E+00
  1.257484E+00
  1.257271E+00
  1.257059E+00
  1.256846E+00
  1.256634E+00
  1.256421E+00
  1.256208E+00
  1.255621E+00
  1.255017E+00
  1.254413E+00
  1.253808E+00
  1.253204E+00
  1.252600E+00
  1.251995E+00
  1.251272E+00
  1.250291E+00
  1.249310E+00
  1.248328E+00
  1.247347E+00
  1.246365E+00
  1.245384E+00
  1.244375E+00
  1.242904E+00
  1.241433E+00
  1.239961E+00
  1.238490E+00
  1.237019E+00
  1.235547E+00
  1.233980E+00
  1.231903E+00
  1.229826E+00
  1.227749E+00
  1.225672E+00
  1.223595E+00
  1.221518E+00
  1.219034E+00
  1.216289E+00
  1.213543E+00
  1.210798E+00
  1.208052E+00
  1.205307E+00
  1.202303E+00
  1.198882E+00
  1.195462E+00
  1.192041E+00
  1.188621E+00
  1.185200E+00
  1.181479E+00
  1.177418E+00
  1.173357E+00
  1.169296E+00
  1.165235E+00
  1.161175E+00
  1.156645E+00
  1.152036E+00
  1.147426E+00
  1.142817E+00
  1.138208E+00
  1.133395E+00
  1.128391E+00
  1.123388E+00
  1.118385E+00
  1.113383E+00
  1.108258E+00
  1.102981E+00
  1.097705E+00
  1.092429E+00
  1.087154E+00
  1.081776E+00
  1.076340E+00
  1.070903E+00
  1.065467E+00
  1.060035E+00
  1.054675E+00
  1.049315E+00
  1.043956E+00
  1.038596E+00
  1.033399E+00
  1.028269E+00
  1.023139E+00
  1.018009E+00
  1.012957E+00
  1.007961E+00
  1.002965E+00
  9.979696E-01
  9.930672E-01
  9.882138E-01
  9.833609E-01
  9.785086E-01
  9.739342E-01
  9.693820E-01
  9.648316E-01
  9.603239E-01
  9.558838E-01
  9.514480E-01
  9.470063E-01
  9.422051E-01
  9.374138E-01
  9.326322E-01
  9.274004E-01
  9.220913E-01
  9.167796E-01
  9.109661E-01
  9.050354E-01
  8.991236E-01
  8.922315E-01
  8.852644E-01
  8.780573E-01
  8.696406E-01
  8.612406E-01
  8.519234E-01
  8.419205E-01
  8.317699E-01
  8.201795E-01
  8.085976E-01
  7.959243E-01
  7.828917E-01
  7.692395E-01
  7.550134E-01
  7.404355E-01
  7.253280E-01
  7.100127E-01
  6.943661E-01
  6.786382E-01
  6.628201E-01
  6.471252E-01
  6.314976E-01
  6.163649E-01
  6.015231E-01
  5.872983E-01
  5.739286E-01
  5.612369E-01
  5.496208E-01
  5.393802E-01
  5.303008E-01
  5.225840E-01
  5.165030E-01
  5.130745E-01
  5.139209E-01
  5.228053E-01
  5.463219E-01
  5.947948E-01
  6.843056E-01
  8.058762E-01
  8.460186E-01
  8.853986E-01
 -5.021826E-02
  1.837190E-12
  9.756968E-01
  9.755519E-01
  9.754070E-01
  9.752622E-01
  9.751173E-01
  9.749724E-01
  9.748275E-01
  9.746826E-01
  9.745378E-01
  9.741308E-01
  9.737118E-01
  9.732928E-01
  9.728739E-01
  9.724549E-01
  9.720359E-01
  9.716170E-01
  9.711212E-01
  9.704582E-01
  9.697953E-01
  9.691324E-01
  9.684694E-01
  9.678065E-01
  9.671435E-01
  9.664660E-01
  9.655401E-01
  9.646142E-01
  9.636882E-01
  9.627623E-01
  9.618364E-01
  9.609105E-01
  9.599387E-01
  9.587245E-01
  9.575103E-01
  9.562960E-01
  9.550818E-01
  9.538676E-01
  9.526534E-01
  9.512561E-01
  9.497404E-01
  9.482248E-01
  9.467091E-01
  9.451935E-01
  9.436779E-01
  9.420456E-01
  9.402255E-01
  9.384054E-01
  9.365854E-01
  9.347655E-01
  9.329456E-01
  9.309802E-01
  9.288511E-01
  9.267221E-01
  9.245932E-01
  9.224644E-01
  9.203357E-01
  9.179392E-01
  9.154968E-01
  9.130545E-01
  9.106123E-01
  9.081703E-01
  9.055698E-01
  9.028212E-01
  9.000727E-01
  8.973245E-01
  8.945764E-01
  8.916924E-01
  8.886405E-01
  8.855888E-01
  8.825373E-01
  8.794859E-01
  8.762360E-01
  8.728701E-01
  8.695044E-01
  8.661388E-01
  8.627552E-01
  8.590678E-01
  8.553804E-01
  8.516931E-01
  8.480058E-01
  8.440877E-01
  8.400752E-01
  8.360627E-01
  8.320502E-01
  8.278453E-01
  8.235012E-01
  8.191572E-01
  8.148135E-01
  8.102598E-01
  8.055969E-01
  8.009345E-01
  7.962723E-01
  7.913350E-01
  7.863778E-01
  7.814214E-01
  7.763462E-01
  7.710861E-01
  7.658273E-01
  7.605615E-01
  7.549989E-01
  7.494391E-01
  7.438820E-01
  7.381267E-01
  7.323351E-01
  7.265473E-01
  7.205798E-01
  7.145708E-01
  7.085670E-01
  7.022853E-01
  6.959824E-01
  6.896178E-01
  6.829400E-01
  6.762673E-01
  6.693550E-01
  6.622641E-01
  6.551330E-01
  6.476017E-01
  6.400741E-01
  6.322133E-01
  6.242438E-01
  6.160557E-01
  6.076653E-01
  5.991171E-01
  5.903306E-01
  5.814048E-01
  5.722567E-01
  5.629597E-01
  5.534967E-01
  5.438529E-01
  5.341143E-01
  5.241469E-01
  5.140988E-01
  5.038946E-01
  4.935459E-01
  4.830969E-01
  4.725075E-01
  4.617557E-01
  4.508689E-01
  4.398314E-01
  4.286331E-01
  4.173269E-01
  4.062863E-01
  3.963153E-01
  3.887558E-01
  3.859647E-01
  3.931365E-01
  4.072253E-01
  3.885473E-01
  4.042111E-01
  1.384447E-01
  4.111258E-02
  5.361794E-02
  5.361097E-02
  5.360399E-02
  5.359702E-02
  5.359005E-02
  5.358307E-02
  5.357610E-02
  5.356912E-02
  5.356215E-02
  5.355031E-02
  5.353825E-02
  5.352619E-02
  5.351413E-02
  5.350207E-02
  5.349000E-02
  5.347794E-02
  5.346765E-02
  5.346120E-02
  5.345475E-02
  5.344831E-02
  5.344186E-02
  5.343542E-02
  5.342897E-02
  5.342266E-02
  5.341859E-02
  5.341452E-02
  5.341045E-02
  5.340638E-02
  5.340232E-02
  5.339825E-02
  5.339382E-02
  5.338742E-02
  5.338102E-02
  5.337462E-02
  5.336823E-02
  5.336185E-02
  5.335547E-02
  5.334788E-02
  5.333951E-02
  5.333115E-02
  5.332280E-02
  5.331446E-02
  5.330613E-02
  5.329797E-02
  5.329008E-02
  5.328220E-02
  5.327434E-02
  5.326650E-02
  5.325868E-02
  5.325033E-02
  5.324137E-02
  5.323244E-02
  5.322354E-02
  5.321466E-02
  5.320581E-02
  5.319173E-02
  5.317678E-02
  5.316186E-02
  5.314698E-02
  5.313213E-02
  5.311307E-02
  5.309009E-02
  5.306716E-02
  5.304426E-02
  5.302139E-02
  5.299372E-02
  5.296008E-02
  5.292649E-02
  5.289293E-02
  5.285941E-02
  5.281580E-02
  5.276630E-02
  5.271684E-02
  5.266740E-02
  5.261698E-02
  5.254944E-02
  5.248192E-02
  5.241443E-02
  5.234695E-02
  5.225873E-02
  5.216202E-02
  5.206533E-02
  5.196865E-02
  5.183941E-02
  5.168662E-02
  5.153382E-02
  5.138101E-02
  5.117715E-02
  5.094670E-02
  5.071625E-02
  5.048579E-02
  5.017190E-02
  4.985195E-02
  4.953213E-02
  4.916709E-02
  4.873176E-02
  4.829693E-02
  4.785915E-02
  4.729981E-02
  4.674164E-02
  4.618463E-02
  4.556831E-02
  4.494151E-02
  4.431639E-02
  4.369308E-02
  4.307161E-02
  4.245191E-02
  4.187672E-02
  4.130707E-02
  4.075194E-02
  4.026003E-02
  3.976907E-02
  3.933168E-02
  3.893427E-02
  3.854701E-02
  3.824780E-02
  3.794871E-02
  3.772000E-02
  3.751463E-02
  3.735107E-02
  3.722625E-02
  3.712352E-02
  3.705400E-02
  3.699506E-02
  3.695289E-02
  3.691566E-02
  3.688404E-02
  3.685459E-02
  3.682692E-02
  3.680190E-02
  3.678046E-02
  3.676564E-02
  3.676548E-02
  3.677997E-02
  3.682048E-02
  3.690464E-02
  3.703417E-02
  3.722408E-02
  3.749697E-02
  3.791959E-02
  3.858339E-02
  3.967560E-02
  4.150635E-02
  4.460281E-02
  4.999653E-02
  5.761543E-02
  6.169068E-02
  7.141893E-02
  3.585551E-02
  8.961504E-03
  1.761143E-01
  1.760846E-01
  1.760548E-01
  1.760250E-01
  1.759953E-01
  1.759655E-01
  1.759358E-01
  1.759060E-01
  1.758762E-01
  1.757940E-01
  1.757094E-01
  1.756248E-01
  1.755402E-01
  1.754556E-01
  1.753710E-01
  1.752864E-01
  1.751852E-01
  1.750478E-01
  1.749104E-01
  1.747729E-01
  1.746355E-01
  1.744981E-01
  1.743607E-01
  1.742195E-01
  1.740135E-01
  1.738075E-01
  1.736015E-01
  1.733955E-01
  1.731895E-01
  1.729835E-01
  1.727640E-01
  1.724732E-01
  1.721824E-01
  1.718916E-01
  1.716008E-01
  1.713100E-01
  1.710192E-01
  1.706715E-01
  1.702871E-01
  1.699027E-01
  1.695183E-01
  1.691339E-01
  1.687495E-01
  1.683289E-01
  1.678499E-01
  1.673710E-01
  1.668921E-01
  1.664132E-01
  1.659343E-01
  1.654132E-01
  1.648446E-01
  1.642760E-01
  1.637074E-01
  1.631388E-01
  1.625703E-01
  1.619361E-01
  1.612907E-01
  1.606453E-01
  1.599999E-01
  1.593545E-01
  1.586806E-01
  1.579801E-01
  1.572796E-01
  1.565791E-01
  1.558787E-01
  1.551611E-01
  1.544223E-01
  1.536835E-01
  1.529448E-01
  1.522061E-01
  1.514532E-01
  1.506919E-01
  1.499307E-01
  1.491695E-01
  1.484089E-01
  1.476585E-01
  1.469080E-01
  1.461576E-01
  1.454071E-01
  1.446794E-01
  1.439611E-01
  1.432428E-01
  1.425244E-01
  1.418170E-01
  1.411175E-01
  1.404181E-01
  1.397186E-01
  1.390323E-01
  1.383528E-01
  1.376734E-01
  1.369941E-01
  1.363538E-01
  1.357167E-01
  1.350798E-01
  1.344489E-01
  1.338275E-01
  1.332068E-01
  1.325851E-01
  1.319133E-01
  1.312427E-01
  1.305735E-01
  1.298412E-01
  1.290980E-01
  1.283543E-01
  1.275402E-01
  1.267096E-01
  1.258816E-01
  1.249164E-01
  1.239405E-01
  1.229310E-01
  1.217522E-01
  1.205757E-01
  1.192709E-01
  1.178701E-01
  1.164487E-01
  1.148259E-01
  1.132042E-01
  1.114300E-01
  1.096055E-01
  1.076943E-01
  1.057029E-01
  1.036623E-01
  1.015476E-01
  9.940376E-02
  9.721357E-02
  9.501196E-02
  9.279769E-02
  9.060062E-02
  8.841291E-02
  8.629443E-02
  8.421660E-02
  8.222506E-02
  8.035314E-02
  7.857607E-02
  7.694953E-02
  7.551551E-02
  7.424402E-02
  7.316323E-02
  7.231142E-02
  7.183091E-02
  7.194884E-02
  7.319201E-02
  7.648359E-02
  8.326882E-02
  9.579891E-02
  1.128168E-01
  1.184350E-01
  1.239463E-01
 -8.189747E-03
  5.153848E-08
  9.758846E-01
  9.757397E-01
  9.755948E-01
  9.754499E-01
  9.753050E-01
  9.751602E-01
  9.750153E-01
  9.748704E-01
  9.747255E-01
  9.743186E-01
  9.738997E-01
  9.734807E-01
  9.730618E-01
  9.726429E-01
  9.722240E-01
  9.718051E-01
  9.713094E-01
  9.706466E-01
  9.699838E-01
  9.693210E-01
  9.686582E-01
  9.679954E-01
  9.673326E-01
  9.666552E-01
  9.657296E-01
  9.648039E-01
  9.638783E-01
  9.629526E-01
  9.620270E-01
  9.611013E-01
  9.601299E-01
  9.589161E-01
  9.577023E-01
  9.564884E-01
  9.552746E-01
  9.540608E-01
  9.528471E-01
  9.514503E-01
  9.499351E-01
  9.484200E-01
  9.469049E-01
  9.453899E-01
  9.438748E-01
  9.422431E-01
  9.404237E-01
  9.386044E-01
  9.367850E-01
  9.349658E-01
  9.331466E-01
  9.311820E-01
  9.290538E-01
  9.269256E-01
  9.247975E-01
  9.226696E-01
  9.205417E-01
  9.181461E-01
  9.157047E-01
  9.132633E-01
  9.108221E-01
  9.083810E-01
  9.057815E-01
  9.030339E-01
  9.002865E-01
  8.975393E-01
  8.947922E-01
  8.919093E-01
  8.888585E-01
  8.858079E-01
  8.827574E-01
  8.797071E-01
  8.764583E-01
  8.730935E-01
  8.697289E-01
  8.663644E-01
  8.629820E-01
  8.592957E-01
  8.556094E-01
  8.519232E-01
  8.482370E-01
  8.443200E-01
  8.403085E-01
  8.362971E-01
  8.322857E-01
  8.280819E-01
  8.237388E-01
  8.193960E-01
  8.150532E-01
  8.105006E-01
  8.058388E-01
  8.011773E-01
  7.965162E-01
  7.915798E-01
  7.866236E-01
  7.816681E-01
  7.765938E-01
  7.713345E-01
  7.660766E-01
  7.608115E-01
  7.552497E-01
  7.496906E-01
  7.441342E-01
  7.383796E-01
  7.325887E-01
  7.268016E-01
  7.208349E-01
  7.148267E-01
  7.088237E-01
  7.025431E-01
  6.962413E-01
  6.898778E-01
  6.832014E-01
  6.765302E-01
  6.696196E-01
  6.625308E-01
  6.554017E-01
  6.478730E-01
  6.403480E-01
  6.324905E-01
  6.245243E-01
  6.163399E-01
  6.079535E-01
  5.994095E-01
  5.906276E-01
  5.817066E-01
  5.725633E-01
  5.632714E-01
  5.538136E-01
  5.441750E-01
  5.344418E-01
  5.244800E-01
  5.144376E-01
  5.042396E-01
  4.938976E-01
  4.834561E-01
  4.728752E-01
  4.621340E-01
  4.512602E-01
  4.402385E-01
  4.290602E-01
  4.177803E-01
  4.067723E-01
  3.968404E-01
  3.893245E-01
  3.865769E-01
  3.937822E-01
  4.078763E-01
  3.891805E-01
  4.047166E-01
  1.380108E-01
  3.845271E-02
  4.715503E-02
  4.714844E-02
  4.714185E-02
  4.713526E-02
  4.712867E-02
  4.712208E-02
  4.711549E-02
  4.710890E-02
  4.710231E-02
  4.709119E-02
  4.707987E-02
  4.706854E-02
  4.705721E-02
  4.704589E-02
  4.703456E-02
  4.702323E-02
  4.701355E-02
  4.700745E-02
  4.700135E-02
  4.699525E-02
  4.698915E-02
  4.698305E-02
  4.697695E-02
  4.697096E-02
  4.696680E-02
  4.696264E-02
  4.695848E-02
  4.695433E-02
  4.695017E-02
  4.694602E-02
  4.694149E-02
  4.693492E-02
  4.692836E-02
  4.692181E-02
  4.691526E-02
  4.690871E-02
  4.690217E-02
  4.689450E-02
  4.688610E-02
  4.687771E-02
  4.686933E-02
  4.686096E-02
  4.685260E-02
  4.684448E-02
  4.683676E-02
  4.682906E-02
  4.682137E-02
  4.681371E-02
  4.680605E-02
  4.679797E-02
  4.678940E-02
  4.678086E-02
  4.677234E-02
  4.676384E-02
  4.675538E-02
  4.674184E-02
  4.672746E-02
  4.671310E-02
  4.669879E-02
  4.668450E-02
  4.666607E-02
  4.664379E-02
  4.662154E-02
  4.659933E-02
  4.657716E-02
  4.655019E-02
  4.651728E-02
  4.648441E-02
  4.645158E-02
  4.641879E-02
  4.637583E-02
  4.632694E-02
  4.627809E-02
  4.622926E-02
  4.617943E-02
  4.611215E-02
  4.604488E-02
  4.597763E-02
  4.591041E-02
  4.582198E-02
  4.572489E-02
  4.562780E-02
  4.553072E-02
  4.540065E-02
  4.524669E-02
  4.509272E-02
  4.493873E-02
  4.473320E-02
  4.450082E-02
  4.426843E-02
  4.403603E-02
  4.371966E-02
  4.339718E-02
  4.307483E-02
  4.270719E-02
  4.226915E-02
  4.183160E-02
  4.139109E-02
  4.082953E-02
  4.026911E-02
  3.970982E-02
  3.909214E-02
  3.846413E-02
  3.783775E-02
  3.721437E-02
  3.659308E-02
  3.597350E-02
  3.540003E-02
  3.483218E-02
  3.427911E-02
  3.379070E-02
  3.330319E-02
  3.287002E-02
  3.247742E-02
  3.209500E-02
  3.180135E-02
  3.150778E-02
  3.128464E-02
  3.108483E-02
  3.092654E-02
  3.080672E-02
  3.070858E-02
  3.064309E-02
  3.058773E-02
  3.054843E-02
  3.051351E-02
  3.048358E-02
  3.045497E-02
  3.042768E-02
  3.040138E-02
  3.037767E-02
  3.035847E-02
  3.035017E-02
  3.035302E-02
  3.037559E-02
  3.043090E-02
  3.052022E-02
  3.065505E-02
  3.085325E-02
  3.117207E-02
  3.170166E-02
  3.262796E-02
  3.426424E-02
  3.715327E-02
  4.236256E-02
  4.988503E-02
  5.396313E-02
  6.373994E-02
  2.919848E-02
  9.691421E-04
  1.765836E-01
  1.765538E-01
  1.765240E-01
  1.764942E-01
  1.764644E-01
  1.764346E-01
  1.764048E-01
  1.763750E-01
  1.763452E-01
  1.762629E-01
  1.761783E-01
  1.760936E-01
  1.760089E-01
  1.759242E-01
  1.758395E-01
  1.757548E-01
  1.756535E-01
  1.755160E-01
  1.753786E-01
  1.752411E-01
  1.751036E-01
  1.749661E-01
  1.748286E-01
  1.746873E-01
  1.744812E-01
  1.742752E-01
  1.740691E-01
  1.738630E-01
  1.736569E-01
  1.734508E-01
  1.732313E-01
  1.729404E-01
  1.726494E-01
  1.723585E-01
  1.720676E-01
  1.717767E-01
  1.714857E-01
  1.711379E-01
  1.707533E-01
  1.703687E-01
  1.699842E-01
  1.695996E-01
  1.692150E-01
  1.687941E-01
  1.683149E-01
  1.678357E-01
  1.673565E-01
  1.668773E-01
  1.663981E-01
  1.658766E-01
  1.653076E-01
  1.647386E-01
  1.641696E-01
  1.636006E-01
  1.630316E-01
  1.623968E-01
  1.617508E-01
  1.611048E-01
  1.604588E-01
  1.598128E-01
  1.591382E-01
  1.584369E-01
  1.577357E-01
  1.570345E-01
  1.563333E-01
  1.556150E-01
  1.548754E-01
  1.541359E-01
  1.533964E-01
  1.526569E-01
  1.519033E-01
  1.511414E-01
  1.503795E-01
  1.496176E-01
  1.488563E-01
  1.481054E-01
  1.473545E-01
  1.466036E-01
  1.458526E-01
  1.451246E-01
  1.444059E-01
  1.436872E-01
  1.429685E-01
  1.422606E-01
  1.415604E-01
  1.408603E-01
  1.401602E-01
  1.394726E-01
  1.387916E-01
  1.381106E-01
  1.374297E-01
  1.367866E-01
  1.361464E-01
  1.355065E-01
  1.348719E-01
  1.342456E-01
  1.336199E-01
  1.329933E-01
  1.323143E-01
  1.316366E-01
  1.309603E-01
  1.302193E-01
  1.294672E-01
  1.287129E-01
  1.278891E-01
  1.270486E-01
  1.262107E-01
  1.252353E-01
  1.242493E-01
  1.232297E-01
  1.220411E-01
  1.208549E-01
  1.195407E-01
  1.181309E-01
  1.167006E-01
  1.150699E-01
  1.134403E-01
  1.116591E-01
  1.098279E-01
  1.079108E-01
  1.059140E-01
  1.038685E-01
  1.017498E-01
  9.960239E-02
  9.740941E-02
  9.520554E-02
  9.298959E-02
  9.079152E-02
  8.860315E-02
  8.648489E-02
  8.440762E-02
  8.241904E-02
  8.054910E-02
  7.877458E-02
  7.715149E-02
  7.572219E-02
  7.445659E-02
  7.338318E-02
  7.254064E-02
  7.207216E-02
  7.220488E-02
  7.346550E-02
  7.677650E-02
  8.358119E-02
  9.612659E-02
  1.131474E-01
  1.187543E-01
  1.241992E-01
 -8.232658E-03
  4.734697E-08
 -1.877471E-04
 -1.877509E-04
 -1.877547E-04
 -1.877585E-04
 -1.877623E-04
 -1.877662E-04
 -1.877700E-04
 -1.877738E-04
 -1.877776E-04
 -1.878219E-04
 -1.878679E-04
 -1.879140E-04
 -1.879601E-04
 -1.880062E-04
 -1.880523E-04
 -1.880984E-04
 -1.881766E-04
 -1.883246E-04
 -1.884725E-04
 -1.886205E-04
 -1.887685E-04
 -1.889165E-04
 -1.890644E-04
 -1.892196E-04
 -1.894962E-04
 -1.897729E-04
 -1.900496E-04
 -1.903263E-04
 -1.906030E-04
 -1.908797E-04
 -1.911777E-04
 -1.915887E-04
 -1.919996E-04
 -1.924106E-04
 -1.928216E-04
 -1.932326E-04
 -1.936437E-04
 -1.941408E-04
 -1.946936E-04
 -1.952465E-04
 -1.957994E-04
 -1.963524E-04
 -1.969053E-04
 -1.975150E-04
 -1.982158E-04
 -1.989167E-04
 -1.996177E-04
 -2.003187E-04
 -2.010198E-04
 -2.017858E-04
 -2.026248E-04
 -2.034639E-04
 -2.043031E-04
 -2.051425E-04
 -2.059819E-04
 -2.069148E-04
 -2.078638E-04
 -2.088130E-04
 -2.097624E-04
 -2.107118E-04
 -2.117021E-04
 -2.127304E-04
 -2.137590E-04
 -2.147877E-04
 -2.158166E-04
 -2.168700E-04
 -2.179537E-04
 -2.190375E-04
 -2.201216E-04
 -2.212058E-04
 -2.223088E-04
 -2.234227E-04
 -2.245368E-04
 -2.256510E-04
 -2.267651E-04
 -2.278742E-04
 -2.289834E-04
 -2.300928E-04
 -2.312023E-04
 -2.322911E-04
 -2.333715E-04
 -2.344521E-04
 -2.355328E-04
 -2.365996E-04
 -2.376562E-04
 -2.387128E-04
 -2.397694E-04
 -2.408048E-04
 -2.418285E-04
 -2.428517E-04
 -2.438742E-04
 -2.448238E-04
 -2.457664E-04
 -2.467073E-04
 -2.476019E-04
 -2.484242E-04
 -2.492433E-04
 -2.500569E-04
 -2.507854E-04
 -2.515090E-04
 -2.522276E-04
 -2.529362E-04
 -2.536376E-04
 -2.543327E-04
 -2.551167E-04
 -2.559186E-04
 -2.567140E-04
 -2.577554E-04
 -2.588149E-04
 -2.599419E-04
 -2.614116E-04
 -2.628768E-04
 -2.646476E-04
 -2.666475E-04
 -2.687085E-04
 -2.713451E-04
 -2.739807E-04
 -2.771429E-04
 -2.804806E-04
 -2.841717E-04
 -2.881904E-04
 -2.924305E-04
 -2.970024E-04
 -3.017168E-04
 -3.066563E-04
 -3.117025E-04
 -3.168667E-04
 -3.221521E-04
 -3.275003E-04
 -3.330970E-04
 -3.388549E-04
 -3.449644E-04
 -3.517370E-04
 -3.591400E-04
 -3.677015E-04
 -3.783423E-04
 -3.912294E-04
 -4.071356E-04
 -4.271277E-04
 -4.533591E-04
 -4.860636E-04
 -5.250616E-04
 -5.686828E-04
 -6.121653E-04
 -6.457110E-04
 -6.510304E-04
 -6.332312E-04
 -5.055478E-04
  4.339662E-04
  2.659865E-03
  6.462911E-03
  6.462526E-03
  6.462142E-03
  6.461758E-03
  6.461374E-03
  6.460989E-03
  6.460605E-03
  6.460221E-03
  6.459837E-03
  6.459117E-03
  6.458383E-03
  6.457648E-03
  6.456913E-03
  6.456179E-03
  6.455444E-03
  6.454710E-03
  6.454097E-03
  6.453751E-03
  6.453405E-03
  6.453059E-03
  6.452712E-03
  6.452366E-03
  6.452020E-03
  6.451698E-03
  6.451787E-03
  6.451875E-03
  6.451964E-03
  6.452053E-03
  6.452142E-03
  6.452230E-03
  6.452331E-03
  6.452491E-03
  6.452652E-03
  6.452812E-03
  6.452973E-03
  6.453133E-03
  6.453294E-03
  6.453376E-03
  6.453407E-03
  6.453439E-03
  6.453470E-03
  6.453502E-03
  6.453533E-03
  6.453487E-03
  6.453315E-03
  6.453143E-03
  6.452971E-03
  6.452800E-03
  6.452628E-03
  6.452356E-03
  6.451972E-03
  6.451587E-03
  6.451203E-03
  6.450819E-03
  6.450435E-03
  6.449895E-03
  6.449327E-03
  6.448760E-03
  6.448194E-03
  6.447627E-03
  6.446996E-03
  6.446304E-03
  6.445613E-03
  6.444922E-03
  6.444232E-03
  6.443525E-03
  6.442798E-03
  6.442072E-03
  6.441346E-03
  6.440620E-03
  6.439967E-03
  6.439356E-03
  6.438746E-03
  6.438135E-03
  6.437546E-03
  6.437295E-03
  6.437044E-03
  6.436794E-03
  6.436543E-03
  6.436748E-03
  6.437139E-03
  6.437530E-03
  6.437922E-03
  6.438765E-03
  6.439935E-03
  6.441105E-03
  6.442277E-03
  6.443950E-03
  6.445885E-03
  6.447823E-03
  6.449763E-03
  6.452243E-03
  6.454769E-03
  6.457301E-03
  6.459900E-03
  6.462608E-03
  6.465330E-03
  6.468052E-03
  6.470273E-03
  6.472527E-03
  6.474813E-03
  6.476170E-03
  6.477384E-03
  6.478646E-03
  6.478716E-03
  6.478531E-03
  6.478412E-03
  6.476695E-03
  6.474888E-03
  6.472829E-03
  6.469328E-03
  6.465886E-03
  6.461660E-03
  6.456853E-03
  6.452010E-03
  6.446451E-03
  6.440928E-03
  6.435361E-03
  6.429794E-03
  6.424526E-03
  6.419532E-03
  6.414932E-03
  6.410909E-03
  6.407334E-03
  6.404461E-03
  6.402150E-03
  6.400462E-03
  6.399625E-03
  6.399240E-03
  6.400518E-03
  6.402790E-03
  6.407178E-03
  6.415315E-03
  6.426949E-03
  6.444897E-03
  6.473741E-03
  6.513946E-03
  6.569037E-03
  6.643721E-03
  6.747511E-03
  6.881731E-03
  7.047647E-03
  7.242101E-03
  7.449546E-03
  7.633963E-03
  7.730396E-03
  7.727550E-03
  7.678993E-03
  6.657035E-03
  7.992362E-03
 -4.692466E-04
 -4.692146E-04
 -4.691825E-04
 -4.691505E-04
 -4.691185E-04
 -4.690864E-04
 -4.690544E-04
 -4.690223E-04
 -4.689903E-04
 -4.689131E-04
 -4.688338E-04
 -4.687546E-04
 -4.686753E-04
 -4.685961E-04
 -4.685168E-04
 -4.684376E-04
 -4.683583E-04
 -4.682791E-04
 -4.681999E-04
 -4.681207E-04
 -4.680414E-04
 -4.679622E-04
 -4.678831E-04
 -4.678038E-04
 -4.677239E-04
 -4.676440E-04
 -4.675641E-04
 -4.674842E-04
 -4.674043E-04
 -4.673244E-04
 -4.672390E-04
 -4.671243E-04
 -4.670095E-04
 -4.668948E-04
 -4.667801E-04
 -4.666654E-04
 -4.665507E-04
 -4.663952E-04
 -4.662133E-04
 -4.660315E-04
 -4.658497E-04
 -4.656679E-04
 -4.654861E-04
 -4.652639E-04
 -4.649765E-04
 -4.646892E-04
 -4.644019E-04
 -4.641147E-04
 -4.638275E-04
 -4.634692E-04
 -4.630309E-04
 -4.625927E-04
 -4.621545E-04
 -4.617165E-04
 -4.612785E-04
 -4.606957E-04
 -4.600882E-04
 -4.594807E-04
 -4.588735E-04
 -4.582664E-04
 -4.575928E-04
 -4.568571E-04
 -4.561216E-04
 -4.553862E-04
 -4.546511E-04
 -4.538996E-04
 -4.531279E-04
 -4.523563E-04
 -4.515849E-04
 -4.508137E-04
 -4.501008E-04
 -4.494222E-04
 -4.487435E-04
 -4.480648E-04
 -4.473980E-04
 -4.469306E-04
 -4.464630E-04
 -4.459953E-04
 -4.455274E-04
 -4.451499E-04
 -4.448091E-04
 -4.444682E-04
 -4.441270E-04
 -4.435925E-04
 -4.429181E-04
 -4.422438E-04
 -4.415694E-04
 -4.403111E-04
 -4.387493E-04
 -4.371881E-04
 -4.356273E-04
 -4.327280E-04
 -4.297314E-04
 -4.267368E-04
 -4.229863E-04
 -4.180585E-04
 -4.131360E-04
 -4.081575E-04
 -4.010224E-04
 -3.938985E-04
 -3.867858E-04
 -3.781560E-04
 -3.692359E-04
 -3.586039E-04
 -3.488823E-04
 -3.389695E-04
 -3.290780E-04
 -3.189366E-04
 -3.087923E-04
 -2.987228E-04
 -2.889238E-04
 -2.791461E-04
 -2.698112E-04
 -2.608113E-04
 -2.519329E-04
 -2.440026E-04
 -2.360875E-04
 -2.290976E-04
 -2.224218E-04
 -2.164295E-04
 -2.110676E-04
 -2.062362E-04
 -2.021946E-04
 -1.986355E-04
 -1.958383E-04
 -1.935746E-04
 -1.919027E-04
 -1.908966E-04
 -1.902388E-04
 -1.904615E-04
 -1.910230E-04
 -1.939763E-04
 -1.959593E-04
 -1.985129E-04
 -2.019616E-04
 -2.066734E-04
 -2.125683E-04
 -2.199474E-04
 -2.292174E-04
 -2.412509E-04
 -2.560431E-04
 -2.734868E-04
 -2.929117E-04
 -3.123727E-04
 -3.276824E-04
 -3.306132E-04
 -3.193030E-04
 -2.529790E-04
  4.291078E-05
  4.191517E-09
  1.273240E+00
  1.273211E+00
  1.273125E+00
  1.272981E+00
  1.272781E+00
  1.272522E+00
  1.272207E+00
  1.271834E+00
  1.271403E+00
  1.270915E+00
  1.270369E+00
  1.269765E+00
  1.269104E+00
  1.268384E+00
  1.267607E+00
  1.266771E+00
  1.265877E+00
  1.264925E+00
  1.263915E+00
  1.262845E+00
  1.261717E+00
  1.260530E+00
  1.259284E+00
  1.257979E+00
  1.256614E+00
  1.255190E+00
  1.253705E+00
  1.252161E+00
  1.250556E+00
  1.248891E+00
  1.247165E+00
  1.245378E+00
  1.243529E+00
  1.241620E+00
  1.239648E+00
  1.237614E+00
  1.235518E+00
  1.233359E+00
  1.231136E+00
  1.228851E+00
  1.226501E+00
  1.224088E+00
  1.221610E+00
  1.219067E+00
  1.216458E+00
  1.213784E+00
  1.211044E+00
  1.208237E+00
  1.205362E+00
  1.202421E+00
  1.199411E+00
  1.196332E+00
  1.193185E+00
  1.189968E+00
  1.186680E+00
  1.183322E+00
  1.179892E+00
  1.176390E+00
  1.172816E+00
  1.169168E+00
  1.165446E+00
  1.161649E+00
  1.157776E+00
  1.153828E+00
  1.149802E+00
  1.145699E+00
  1.141516E+00
  1.137254E+00
  1.132912E+00
  1.128488E+00
  1.123982E+00
  1.119393E+00
  1.114719E+00
  1.109960E+00
  1.105114E+00
  1.100180E+00
  1.095157E+00
  1.090045E+00
  1.084841E+00
  1.079544E+00
  1.074153E+00
  1.068667E+00
  1.063083E+00
  1.057401E+00
  1.051619E+00
  1.045735E+00
  1.039748E+00
  1.033655E+00
  1.027455E+00
  1.021146E+00
  1.014726E+00
  1.008193E+00
  1.001543E+00
  9.947766E-01
  9.878894E-01
  9.808795E-01
  9.737441E-01
  9.664805E-01
  9.590857E-01
  9.515567E-01
  9.438904E-01
  9.360832E-01
  9.281318E-01
  9.200322E-01
  9.117806E-01
  9.033729E-01
  8.948045E-01
  8.860709E-01
  8.771671E-01
  8.680879E-01
  8.588277E-01
  8.493806E-01
  8.397402E-01
  8.299000E-01
  8.198525E-01
  8.095903E-01
  7.991048E-01
  7.883874E-01
  7.774283E-01
  7.662172E-01
  7.547428E-01
  7.429930E-01
  7.309546E-01
  7.186128E-01
  7.059520E-01
  6.929545E-01
  6.796012E-01
  6.658704E-01
  6.517385E-01
  6.371787E-01
  6.221609E-01
  6.066513E-01
  5.906109E-01
  5.739954E-01
  5.567532E-01
  5.388241E-01
  5.201372E-01
  5.006076E-01
  4.801325E-01
  4.585853E-01
  4.358068E-01
  4.115929E-01
  3.856731E-01
  3.576769E-01
  3.270715E-01
  2.930404E-01
  2.542116E-01
  2.079144E-01
  1.472658E-01
  0.000000E+00
  9.311138E-02
  9.310998E-02
  9.310858E-02
  9.310718E-02
  9.310578E-02
  9.310438E-02
  9.310299E-02
  9.310159E-02
  9.310019E-02
  9.310144E-02
  9.310282E-02
  9.310419E-02
  9.310557E-02
  9.310695E-02
  9.310832E-02
  9.310970E-02
  9.311204E-02
  9.311650E-02
  9.312096E-02
  9.312541E-02
  9.312987E-02
  9.313433E-02
  9.313878E-02
  9.314343E-02
  9.315124E-02
  9.315905E-02
  9.316686E-02
  9.317467E-02
  9.318248E-02
  9.319028E-02
  9.319864E-02
  9.320987E-02
  9.322110E-02
  9.323233E-02
  9.324355E-02
  9.325478E-02
  9.326601E-02
  9.327894E-02
  9.329297E-02
  9.330700E-02
  9.332103E-02
  9.333506E-02
  9.334909E-02
  9.336322E-02
  9.337752E-02
  9.339183E-02
  9.340613E-02
  9.342043E-02
  9.343473E-02
  9.344607E-02
  9.345409E-02
  9.346211E-02
  9.347012E-02
  9.347814E-02
  9.348615E-02
  9.348273E-02
  9.347735E-02
  9.347196E-02
  9.346657E-02
  9.346118E-02
  9.345093E-02
  9.343614E-02
  9.343067E-02
  9.342592E-02
  9.342117E-02
  9.341646E-02
  9.341180E-02
  9.340714E-02
  9.340248E-02
  9.339782E-02
  9.339908E-02
  9.340380E-02
  9.340851E-02
  9.341322E-02
  9.341902E-02
  9.344329E-02
  9.346755E-02
  9.349180E-02
  9.351606E-02
  9.354636E-02
  9.357913E-02
  9.361191E-02
  9.364468E-02
  9.364858E-02
  9.363160E-02
  9.361461E-02
  9.359763E-02
  9.350816E-02
  9.338095E-02
  9.325374E-02
  9.313564E-02
  9.286324E-02
  9.257918E-02
  9.229510E-02
  9.192423E-02
  9.141805E-02
  9.091938E-02
  9.044290E-02
  8.972836E-02
  8.901375E-02
  8.829906E-02
  8.747196E-02
  8.664731E-02
  8.554918E-02
  8.472281E-02
  8.390744E-02
  8.314437E-02
  8.239013E-02
  8.169098E-02
  8.107848E-02
  8.056691E-02
  8.026295E-02
  8.007327E-02
  8.000194E-02
  7.993007E-02
  7.993383E-02
  7.994306E-02
  7.995310E-02
  8.010292E-02
  8.030097E-02
  8.050377E-02
  8.070506E-02
  8.091914E-02
  8.120227E-02
  8.153748E-02
  8.185208E-02
  8.214375E-02
  8.240296E-02
  8.264509E-02
  8.283961E-02
  8.302575E-02
  8.305884E-02
  8.323030E-02
  8.337600E-02
  8.348574E-02
  8.355767E-02
  8.360150E-02
  8.361573E-02
  8.359960E-02
  8.357714E-02
  8.363008E-02
  8.369505E-02
  8.374096E-02
  8.376828E-02
  8.378533E-02
  8.392040E-02
  8.404136E-02
  8.423866E-02
  9.507590E-02
  4.641125E-02
  5.445543E-02
  5.421586E-02
  5.397628E-02
  5.373671E-02
  5.349714E-02
  5.325756E-02
  5.301799E-02
  5.277841E-02
  5.253884E-02
  5.279650E-02
  5.307688E-02
  5.335725E-02
  5.363763E-02
  5.391801E-02
  5.419839E-02
  5.447876E-02
  5.495637E-02
  5.586328E-02
  5.677019E-02
  5.767710E-02
  5.858400E-02
  5.949091E-02
  6.039782E-02
  6.134710E-02
  6.301921E-02
  6.469132E-02
  6.636343E-02
  6.803554E-02
  6.970765E-02
  7.137976E-02
  7.320121E-02
  7.581312E-02
  7.842502E-02
  8.103693E-02
  8.364883E-02
  8.626074E-02
  8.887265E-02
  9.217061E-02
  9.591227E-02
  9.965393E-02
  1.033956E-01
  1.071372E-01
  1.108789E-01
  1.150872E-01
  1.200467E-01
  1.250061E-01
  1.299655E-01
  1.349250E-01
  1.398844E-01
  1.452410E-01
  1.510449E-01
  1.568487E-01
  1.626525E-01
  1.684563E-01
  1.742601E-01
  1.800601E-01
  1.858595E-01
  1.916588E-01
  1.974581E-01
  2.032575E-01
  2.090195E-01
  2.147465E-01
  2.204736E-01
  2.262007E-01
  2.319278E-01
  2.377122E-01
  2.435676E-01
  2.494230E-01
  2.552784E-01
  2.611337E-01
  2.672318E-01
  2.734718E-01
  2.797117E-01
  2.859516E-01
  2.922279E-01
  2.991188E-01
  3.060096E-01
  3.129005E-01
  3.197913E-01
  3.266196E-01
  3.334222E-01
  3.402248E-01
  3.470273E-01
  3.520484E-01
  3.557810E-01
  3.595135E-01
  3.632461E-01
  3.629410E-01
  3.605336E-01
  3.581261E-01
  3.557186E-01
  3.449974E-01
  3.336602E-01
  3.223230E-01
  3.065183E-01
  2.837486E-01
  2.609789E-01
  2.378497E-01
  2.020332E-01
  1.662165E-01
  1.303998E-01
  8.736640E-02
  4.288072E-02
 -6.340089E-02
 -1.091761E-01
 -1.552776E-01
 -2.013789E-01
 -2.436651E-01
 -2.855902E-01
 -3.260477E-01
 -3.595504E-01
 -3.930528E-01
 -4.201394E-01
 -4.424219E-01
 -4.634276E-01
 -4.728843E-01
 -4.823410E-01
 -4.816306E-01
 -4.775470E-01
 -4.665505E-01
 -4.491636E-01
 -4.274297E-01
 -3.991745E-01
 -3.678094E-01
 -3.315036E-01
 -2.924632E-01
 -2.503795E-01
 -2.056452E-01
 -1.595204E-01
 -1.108351E-01
 -6.142889E-02
  5.145932E-02
  1.029920E-01
  1.549971E-01
  2.074964E-01
  2.602628E-01
  3.131153E-01
  3.659797E-01
  4.187613E-01
  4.713316E-01
  5.236349E-01
  5.756201E-01
  6.272355E-01
  6.784381E-01
  7.291948E-01
  7.794307E-01
  8.291528E-01
  8.783716E-01
  8.923834E-01
  2.545463E-01
  9.896666E-01
  9.896666E-01
  9.896666E-01
  9.896666E-01
  9.896666E-01
  9.896666E-01
  9.896666E-01
  9.896666E-01
  9.896666E-01
  9.896666E-01
  9.896666E-01
  9.896666E-01
  9.896666E-01
  9.896666E-01
  9.896666E-01
  9.896666E-01
  9.896666E-01
  9.896666E-01
  9.896667E-01
  9.896667E-01
  9.896667E-01
  9.896667E-01
  9.896667E-01
  9.896667E-01
  9.896668E-01
  9.896668E-01
  9.896668E-01
  9.896669E-01
  9.896669E-01
  9.896669E-01
  9.896670E-01
  9.896670E-01
  9.896671E-01
  9.896672E-01
  9.896672E-01
  9.896673E-01
  9.896674E-01
  9.896675E-01
  9.896676E-01
  9.896677E-01
  9.896678E-01
  9.896679E-01
  9.896680E-01
  9.896682E-01
  9.896683E-01
  9.896685E-01
  9.896687E-01
  9.896689E-01
  9.896691E-01
  9.896694E-01
  9.896696E-01
  9.896699E-01
  9.896702E-01
  9.896705E-01
  9.896708E-01
  9.896711E-01
  9.896714E-01
  9.896717E-01
  9.896721E-01
  9.896724E-01
  9.896728E-01
  9.896731E-01
  9.896735E-01
  9.896739E-01
  9.896743E-01
  9.896747E-01
  9.896751E-01
  9.896756E-01
  9.896760E-01
  9.896765E-01
  9.896769E-01
  9.896774E-01
  9.896780E-01
  9.896785E-01
  9.896790E-01
  9.896797E-01
  9.896803E-01
  9.896809E-01
  9.896816E-01
  9.896823E-01
  9.896829E-01
  9.896836E-01
  9.896843E-01
  9.896849E-01
  9.896853E-01
  9.896857E-01
  9.896861E-01
  9.896860E-01
  9.896858E-01
  9.896855E-01
  9.896853E-01
  9.896841E-01
  9.896830E-01
  9.896818E-01
  9.896803E-01
  9.896783E-01
  9.896764E-01
  9.896747E-01
  9.896723E-01
  9.896703E-01
  9.896687E-01
  9.896673E-01
  9.896665E-01
  9.896668E-01
  9.896680E-01
  9.896698E-01
  9.896723E-01
  9.896751E-01
  9.896785E-01
  9.896822E-01
  9.896857E-01
  9.896895E-01
  9.896928E-01
  9.896957E-01
  9.896985E-01
  9.896999E-01
  9.897012E-01
  9.897011E-01
  9.897006E-01
  9.896990E-01
  9.896966E-01
  9.896937E-01
  9.896902E-01
  9.896866E-01
  9.896827E-01
  9.896791E-01
  9.896756E-01
  9.896726E-01
  9.896700E-01
  9.896680E-01
  9.896667E-01
  9.896666E-01
  9.896678E-01
  9.896698E-01
  9.896727E-01
  9.896764E-01
  9.896810E-01
  9.896864E-01
  9.896926E-01
  9.896997E-01
  9.897075E-01
  9.897161E-01
  9.897255E-01
  9.897356E-01
  9.897463E-01
  9.897578E-01
  9.897698E-01
  9.897825E-01
  8.496216E-01
  4.939202E-06
 -2.122829E+02
 -2.122403E+02
 -2.121976E+02
 -2.121550E+02
 -2.121123E+02
 -2.120697E+02
 -2.120270E+02
 -2.119844E+02
 -2.119417E+02
 -2.117346E+02
 -2.115200E+02
 -2.113054E+02
 -2.110907E+02
 -2.108761E+02
 -2.106615E+02
 -2.104469E+02
 -2.101481E+02
 -2.096662E+02
 -2.091842E+02
 -2.087022E+02
 -2.082203E+02
 -2.077383E+02
 -2.072563E+02
 -2.067607E+02
 -2.060320E+02
 -2.053033E+02
 -2.045746E+02
 -2.038458E+02
 -2.031170E+02
 -2.023883E+02
 -2.016253E+02
 -2.006817E+02
 -1.997381E+02
 -1.987944E+02
 -1.978506E+02
 -1.969069E+02
 -1.959630E+02
 -1.948797E+02
 -1.937060E+02
 -1.925323E+02
 -1.913585E+02
 -1.901846E+02
 -1.890106E+02
 -1.877371E+02
 -1.863035E+02
 -1.848697E+02
 -1.834357E+02
 -1.820016E+02
 -1.805674E+02
 -1.790175E+02
 -1.773373E+02
 -1.756570E+02
 -1.739764E+02
 -1.722956E+02
 -1.706147E+02
 -1.687686E+02
 -1.668939E+02
 -1.650189E+02
 -1.631436E+02
 -1.612682E+02
 -1.593074E+02
 -1.572670E+02
 -1.552263E+02
 -1.531853E+02
 -1.511440E+02
 -1.490433E+02
 -1.468692E+02
 -1.446948E+02
 -1.425201E+02
 -1.403452E+02
 -1.381178E+02
 -1.358597E+02
 -1.336013E+02
 -1.313428E+02
 -1.290803E+02
 -1.267564E+02
 -1.244324E+02
 -1.221081E+02
 -1.197837E+02
 -1.174998E+02
 -1.152324E+02
 -1.129650E+02
 -1.106975E+02
 -1.086356E+02
 -1.067225E+02
 -1.048098E+02
 -1.028973E+02
 -1.013841E+02
 -1.000791E+02
 -9.877437E+01
 -9.747002E+01
 -9.687510E+01
 -9.633190E+01
 -9.578784E+01
 -9.565368E+01
 -9.615648E+01
 -9.665476E+01
 -9.718050E+01
 -9.882699E+01
 -1.004626E+02
 -1.020876E+02
 -1.042147E+02
 -1.064295E+02
 -1.086288E+02
 -1.106575E+02
 -1.126308E+02
 -1.145886E+02
 -1.158127E+02
 -1.169567E+02
 -1.178856E+02
 -1.178402E+02
 -1.177886E+02
 -1.169331E+02
 -1.154779E+02
 -1.138746E+02
 -1.109446E+02
 -1.080163E+02
 -1.040165E+02
 -9.966274E+01
 -9.465506E+01
 -8.904170E+01
 -8.304763E+01
 -7.648004E+01
 -6.967691E+01
 -6.249883E+01
 -5.514072E+01
 -4.758056E+01
 -3.984476E+01
 -3.200976E+01
 -2.395345E+01
 -1.578944E+01
 -7.420324E+00
  1.234876E+00
  1.013880E+01
  1.945351E+01
  2.939575E+01
  3.996195E+01
  5.133461E+01
  6.377649E+01
  7.799531E+01
  9.470900E+01
  1.153536E+02
  1.423001E+02
  1.795151E+02
  2.342726E+02
  3.083099E+02
  3.698451E+02
  4.663295E+02
  2.472770E+02
  3.321047E-04
  1.103434E+04
  1.103270E+04
  1.103106E+04
  1.102943E+04
  1.102779E+04
  1.102615E+04
  1.102451E+04
  1.102287E+04
  1.102124E+04
  1.101664E+04
  1.101191E+04
  1.100718E+04
  1.100246E+04
  1.099773E+04
  1.099300E+04
  1.098827E+04
  1.098268E+04
  1.097520E+04
  1.096773E+04
  1.096026E+04
  1.095279E+04
  1.094532E+04
  1.093784E+04
  1.093021E+04
  1.091978E+04
  1.090934E+04
  1.089891E+04
  1.088848E+04
  1.087805E+04
  1.086762E+04
  1.085667E+04
  1.084299E+04
  1.082931E+04
  1.081563E+04
  1.080194E+04
  1.078826E+04
  1.077458E+04
  1.075884E+04
  1.074176E+04
  1.072469E+04
  1.070761E+04
  1.069053E+04
  1.067346E+04
  1.065507E+04
  1.063456E+04
  1.061406E+04
  1.059355E+04
  1.057305E+04
  1.055255E+04
  1.053041E+04
  1.050642E+04
  1.048244E+04
  1.045846E+04
  1.043447E+04
  1.041049E+04
  1.038349E+04
  1.035597E+04
  1.032846E+04
  1.030094E+04
  1.027343E+04
  1.024412E+04
  1.021315E+04
  1.018218E+04
  1.015121E+04
  1.012024E+04
  1.008774E+04
  1.005334E+04
  1.001894E+04
  9.984550E+03
  9.950158E+03
  9.913522E+03
  9.875575E+03
  9.837629E+03
  9.799685E+03
  9.761538E+03
  9.719955E+03
  9.678372E+03
  9.636790E+03
  9.595209E+03
  9.551011E+03
  9.505741E+03
  9.460472E+03
  9.415204E+03
  9.367739E+03
  9.318686E+03
  9.269634E+03
  9.220584E+03
  9.169123E+03
  9.116408E+03
  9.063698E+03
  9.010991E+03
  8.955106E+03
  8.898994E+03
  8.842890E+03
  8.785408E+03
  8.725779E+03
  8.666168E+03
  8.606475E+03
  8.543333E+03
  8.480228E+03
  8.417158E+03
  8.351806E+03
  8.286042E+03
  8.220333E+03
  8.152609E+03
  8.084423E+03
  8.016302E+03
  7.945092E+03
  7.873650E+03
  7.801528E+03
  7.725929E+03
  7.650390E+03
  7.572193E+03
  7.492014E+03
  7.411390E+03
  7.326320E+03
  7.241292E+03
  7.152559E+03
  7.062618E+03
  6.970243E+03
  6.875616E+03
  6.779226E+03
  6.680177E+03
  6.579569E+03
  6.476469E+03
  6.371699E+03
  6.265066E+03
  6.156400E+03
  6.046673E+03
  5.934374E+03
  5.821175E+03
  5.706230E+03
  5.589676E+03
  5.472011E+03
  5.352789E+03
  5.231778E+03
  5.109289E+03
  4.985155E+03
  4.859282E+03
  4.732322E+03
  4.608557E+03
  4.497200E+03
  4.413625E+03
  4.384821E+03
  4.470165E+03
  4.635291E+03
  4.428360E+03
  4.613001E+03
  1.364426E+03
  2.348441E-03
 -9.458050E-01
 -8.068725E-01
 -6.679398E-01
 -5.290071E-01
 -3.900742E-01
 -2.511412E-01
 -1.122081E-01
  2.672511E-02
  1.656584E-01
  4.978349E-01
  8.388408E-01
  1.179847E+00
  1.520854E+00
  1.861861E+00
  2.202868E+00
  2.543876E+00
  2.923696E+00
  3.387993E+00
  3.852291E+00
  4.316590E+00
  4.780889E+00
  5.245190E+00
  5.709491E+00
  6.183821E+00
  6.829246E+00
  7.474672E+00
  8.120100E+00
  8.765529E+00
  9.410961E+00
  1.005639E+01
  1.074424E+01
  1.165659E+01
  1.256895E+01
  1.348130E+01
  1.439367E+01
  1.530603E+01
  1.621840E+01
  1.735343E+01
  1.863247E+01
  1.991152E+01
  2.119057E+01
  2.246964E+01
  2.374872E+01
  2.516442E+01
  2.680005E+01
  2.843569E+01
  3.007136E+01
  3.170704E+01
  3.334275E+01
  3.498442E+01
  3.663282E+01
  3.828125E+01
  3.992973E+01
  4.157824E+01
  4.322680E+01
  4.450199E+01
  4.571295E+01
  4.692395E+01
  4.813501E+01
  4.934611E+01
  5.016627E+01
  5.062090E+01
  5.107556E+01
  5.153025E+01
  5.198497E+01
  5.194032E+01
  5.127852E+01
  5.061672E+01
  4.995490E+01
  4.929306E+01
  4.773710E+01
  4.565868E+01
  4.358017E+01
  4.150158E+01
  3.941825E+01
  3.725612E+01
  3.509385E+01
  3.293144E+01
  3.076888E+01
  3.211017E+01
  3.488629E+01
  3.766232E+01
  4.043825E+01
  4.845472E+01
  6.026113E+01
  7.206713E+01
  8.387271E+01
  1.015797E+02
  1.223578E+02
  1.431340E+02
  1.639080E+02
  1.921187E+02
  2.208749E+02
  2.496254E+02
  2.806928E+02
  3.153713E+02
  3.500387E+02
  3.846063E+02
  4.160246E+02
  4.474288E+02
  4.788196E+02
  4.976813E+02
  5.140164E+02
  5.303447E+02
  5.329317E+02
  5.320262E+02
  5.311241E+02
  5.178845E+02
  5.034889E+02
  4.874510E+02
  4.635906E+02
  4.397450E+02
  4.125096E+02
  3.827399E+02
  3.526648E+02
  3.197105E+02
  2.867682E+02
  2.529953E+02
  2.189514E+02
  1.855705E+02
  1.528000E+02
  1.214223E+02
  9.213001E+01
  6.446966E+01
  3.940108E+01
  1.625781E+01
 -4.742910E+00
 -2.336140E+01
 -4.073181E+01
 -5.519907E+01
 -6.868191E+01
 -8.028323E+01
 -9.024121E+01
 -9.911048E+01
 -1.065312E+02
 -1.125170E+02
 -1.174549E+02
 -1.212805E+02
 -1.239262E+02
 -1.250583E+02
 -1.245279E+02
 -1.217815E+02
 -1.157635E+02
 -1.051514E+02
 -8.985775E+01
 -7.038896E+01
 -4.460061E+01
 -6.096437E+01
  4.572175E+03
  3.604490E-02
