 Title= "ADflow Lift Distribution Data"
Variables = "eta" "CoordinateX" "CoordinateY" "CoordinateZ" "Lift" "Drag" "Moment" "Normalized Lift" "Normalized Drag" "Normalized Moment" "CL" "CD" "CM" "CLp" "CDp" "CMp" "CLv" "CDv" "CMv" "Elliptical" "thickness" "twist" "chord" "fx" "fy" "fz" 
Zone T= "LiftDist_01 allWalls: : z normal"
 I=          150
 DATAPACKING=BLOCK
  0.000000E+00
  6.711405E-03
  1.342281E-02
  2.013422E-02
  2.684563E-02
  3.355704E-02
  4.026845E-02
  4.697986E-02
  5.369127E-02
  6.040268E-02
  6.711409E-02
  7.382550E-02
  8.053691E-02
  8.724832E-02
  9.395973E-02
  1.006711E-01
  1.073825E-01
  1.140940E-01
  1.208054E-01
  1.275168E-01
  1.342282E-01
  1.409396E-01
  1.476510E-01
  1.543624E-01
  1.610738E-01
  1.677852E-01
  1.744966E-01
  1.812081E-01
  1.879195E-01
  1.946309E-01
  2.013423E-01
  2.080537E-01
  2.147651E-01
  2.214765E-01
  2.281879E-01
  2.348993E-01
  2.416107E-01
  2.483221E-01
  2.550336E-01
  2.617450E-01
  2.684564E-01
  2.751678E-01
  2.818792E-01
  2.885906E-01
  2.953020E-01
  3.020134E-01
  3.087248E-01
  3.154362E-01
  3.221476E-01
  3.288591E-01
  3.355705E-01
  3.422819E-01
  3.489933E-01
  3.557047E-01
  3.624161E-01
  3.691275E-01
  3.758389E-01
  3.825503E-01
  3.892617E-01
  3.959732E-01
  4.026846E-01
  4.093960E-01
  4.161074E-01
  4.228188E-01
  4.295302E-01
  4.362416E-01
  4.429530E-01
  4.496644E-01
  4.563758E-01
  4.630872E-01
  4.697987E-01
  4.765101E-01
  4.832215E-01
  4.899329E-01
  4.966443E-01
  5.033557E-01
  5.100671E-01
  5.167785E-01
  5.234899E-01
  5.302013E-01
  5.369128E-01
  5.436242E-01
  5.503356E-01
  5.570470E-01
  5.637584E-01
  5.704698E-01
  5.771812E-01
  5.838926E-01
  5.906040E-01
  5.973154E-01
  6.040268E-01
  6.107383E-01
  6.174497E-01
  6.241611E-01
  6.308725E-01
  6.375839E-01
  6.442953E-01
  6.510067E-01
  6.577181E-01
  6.644295E-01
  6.711409E-01
  6.778524E-01
  6.845638E-01
  6.912752E-01
  6.979866E-01
  7.046980E-01
  7.114094E-01
  7.181208E-01
  7.248322E-01
  7.315436E-01
  7.382550E-01
  7.449664E-01
  7.516779E-01
  7.583893E-01
  7.651007E-01
  7.718121E-01
  7.785235E-01
  7.852349E-01
  7.919463E-01
  7.986577E-01
  8.053691E-01
  8.120805E-01
  8.187919E-01
  8.255034E-01
  8.322148E-01
  8.389262E-01
  8.456376E-01
  8.523490E-01
  8.590604E-01
  8.657718E-01
  8.724832E-01
  8.791946E-01
  8.859060E-01
  8.926175E-01
  8.993289E-01
  9.060403E-01
  9.127517E-01
  9.194631E-01
  9.261745E-01
  9.328859E-01
  9.395973E-01
  9.463087E-01
  9.530201E-01
  9.597315E-01
  9.664430E-01
  9.731544E-01
  9.798658E-01
  9.865772E-01
  9.932886E-01
  1.000000E+00
  0.000000E+00
  0.000000E+00
  0.000000E+00
  0.000000E+00
  0.000000E+00
  0.000000E+00
  0.000000E+00
  0.000000E+00
  0.000000E+00
  0.000000E+00
  0.000000E+00
  0.000000E+00
  0.000000E+00
  0.000000E+00
  0.000000E+00
  0.000000E+00
  0.000000E+00
  0.000000E+00
  0.000000E+00
  0.000000E+00
  0.000000E+00
  0.000000E+00
  0.000000E+00
  0.000000E+00
  0.000000E+00
  0.000000E+00
  0.000000E+00
  0.000000E+00
  0.000000E+00
  0.000000E+00
  0.000000E+00
  0.000000E+00
  0.000000E+00
  0.000000E+00
  0.000000E+00
  0.000000E+00
  0.000000E+00
  0.000000E+00
  0.000000E+00
  0.000000E+00
  0.000000E+00
  0.000000E+00
  0.000000E+00
  0.000000E+00
  0.000000E+00
  0.000000E+00
  0.000000E+00
  0.000000E+00
  0.000000E+00
  0.000000E+00
  0.000000E+00
  0.000000E+00
  0.000000E+00
  0.000000E+00
  0.000000E+00
  0.000000E+00
  0.000000E+00
  0.000000E+00
  0.000000E+00
  0.000000E+00
  0.000000E+00
  0.000000E+00
  0.000000E+00
  0.000000E+00
  0.000000E+00
  0.000000E+00
  0.000000E+00
  0.000000E+00
  0.000000E+00
  0.000000E+00
  0.000000E+00
  0.000000E+00
  0.000000E+00
  0.000000E+00
  0.000000E+00
  0.000000E+00
  0.000000E+00
  0.000000E+00
  0.000000E+00
  0.000000E+00
  0.000000E+00
  0.000000E+00
  0.000000E+00
  0.000000E+00
  0.000000E+00
  0.000000E+00
  0.000000E+00
  0.000000E+00
  0.000000E+00
  0.000000E+00
  0.000000E+00
  0.000000E+00
  0.000000E+00
  0.000000E+00
  0.000000E+00
  0.000000E+00
  0.000000E+00
  0.000000E+00
  0.000000E+00
  0.000000E+00
  0.000000E+00
  0.000000E+00
  0.000000E+00
  0.000000E+00
  0.000000E+00
  0.000000E+00
  0.000000E+00
  0.000000E+00
  0.000000E+00
  0.000000E+00
  0.000000E+00
  0.000000E+00
  0.000000E+00
  0.000000E+00
  0.000000E+00
  0.000000E+00
  0.000000E+00
  0.000000E+00
  0.000000E+00
  0.000000E+00
  0.000000E+00
  0.000000E+00
  0.000000E+00
  0.000000E+00
  0.000000E+00
  0.000000E+00
  0.000000E+00
  0.000000E+00
  0.000000E+00
  0.000000E+00
  0.000000E+00
  0.000000E+00
  0.000000E+00
  0.000000E+00
  0.000000E+00
  0.000000E+00
  0.000000E+00
  0.000000E+00
  0.000000E+00
  0.000000E+00
  0.000000E+00
  0.000000E+00
  0.000000E+00
  0.000000E+00
  0.000000E+00
  0.000000E+00
  0.000000E+00
  0.000000E+00
  0.000000E+00
  0.000000E+00
  0.000000E+00
  0.000000E+00
  0.000000E+00
  0.000000E+00
  0.000000E+00
  0.000000E+00
  0.000000E+00
  0.000000E+00
  0.000000E+00
  0.000000E+00
  0.000000E+00
  0.000000E+00
  0.000000E+00
  0.000000E+00
  0.000000E+00
  0.000000E+00
  0.000000E+00
  0.000000E+00
  0.000000E+00
  0.000000E+00
  0.000000E+00
  0.000000E+00
  0.000000E+00
  0.000000E+00
  0.000000E+00
  0.000000E+00
  0.000000E+00
  0.000000E+00
  0.000000E+00
  0.000000E+00
  0.000000E+00
  0.000000E+00
  0.000000E+00
  0.000000E+00
  0.000000E+00
  0.000000E+00
  0.000000E+00
  0.000000E+00
  0.000000E+00
  0.000000E+00
  0.000000E+00
  0.000000E+00
  0.000000E+00
  0.000000E+00
  0.000000E+00
  0.000000E+00
  0.000000E+00
  0.000000E+00
  0.000000E+00
  0.000000E+00
  0.000000E+00
  0.000000E+00
  0.000000E+00
  0.000000E+00
  0.000000E+00
  0.000000E+00
  0.000000E+00
  0.000000E+00
  0.000000E+00
  0.000000E+00
  0.000000E+00
  0.000000E+00
  0.000000E+00
  0.000000E+00
  0.000000E+00
  0.000000E+00
  0.000000E+00
  0.000000E+00
  0.000000E+00
  0.000000E+00
  0.000000E+00
  0.000000E+00
  0.000000E+00
  0.000000E+00
  0.000000E+00
  0.000000E+00
  0.000000E+00
  0.000000E+00
  0.000000E+00
  0.000000E+00
  0.000000E+00
  0.000000E+00
  0.000000E+00
  0.000000E+00
  0.000000E+00
  0.000000E+00
  0.000000E+00
  0.000000E+00
  0.000000E+00
  0.000000E+00
  0.000000E+00
  0.000000E+00
  0.000000E+00
  0.000000E+00
  0.000000E+00
  0.000000E+00
  0.000000E+00
  0.000000E+00
  0.000000E+00
  0.000000E+00
  0.000000E+00
  0.000000E+00
  0.000000E+00
  0.000000E+00
  0.000000E+00
  0.000000E+00
  0.000000E+00
  0.000000E+00
  0.000000E+00
  0.000000E+00
  0.000000E+00
  0.000000E+00
  0.000000E+00
  0.000000E+00
  0.000000E+00
  0.000000E+00
  0.000000E+00
  0.000000E+00
  0.000000E+00
  0.000000E+00
  0.000000E+00
  0.000000E+00
  0.000000E+00
  0.000000E+00
  0.000000E+00
  0.000000E+00
  0.000000E+00
  0.000000E+00
  0.000000E+00
  0.000000E+00
  0.000000E+00
  0.000000E+00
  0.000000E+00
  0.000000E+00
  0.000000E+00
  0.000000E+00
  0.000000E+00
  0.000000E+00
  0.000000E+00
  0.000000E+00
  0.000000E+00
  0.000000E+00
  0.000000E+00
  0.000000E+00
  0.000000E+00
  0.000000E+00
  0.000000E+00
  0.000000E+00
  0.000000E+00
  0.000000E+00
  1.000000E-08
  1.690972E-02
  3.381945E-02
  5.072917E-02
  6.763890E-02
  8.454862E-02
  1.014583E-01
  1.183681E-01
  1.352778E-01
  1.521875E-01
  1.690972E-01
  1.860070E-01
  2.029167E-01
  2.198264E-01
  2.367361E-01
  2.536459E-01
  2.705556E-01
  2.874653E-01
  3.043750E-01
  3.212848E-01
  3.381945E-01
  3.551042E-01
  3.720139E-01
  3.889237E-01
  4.058334E-01
  4.227431E-01
  4.396528E-01
  4.565626E-01
  4.734723E-01
  4.903820E-01
  5.072917E-01
  5.242015E-01
  5.411112E-01
  5.580209E-01
  5.749306E-01
  5.918404E-01
  6.087501E-01
  6.256598E-01
  6.425695E-01
  6.594792E-01
  6.763890E-01
  6.932987E-01
  7.102084E-01
  7.271181E-01
  7.440279E-01
  7.609376E-01
  7.778473E-01
  7.947570E-01
  8.116668E-01
  8.285765E-01
  8.454862E-01
  8.623959E-01
  8.793057E-01
  8.962154E-01
  9.131251E-01
  9.300348E-01
  9.469446E-01
  9.638543E-01
  9.807640E-01
  9.976737E-01
  1.014583E+00
  1.031493E+00
  1.048403E+00
  1.065313E+00
  1.082222E+00
  1.099132E+00
  1.116042E+00
  1.132952E+00
  1.149861E+00
  1.166771E+00
  1.183681E+00
  1.200590E+00
  1.217500E+00
  1.234410E+00
  1.251320E+00
  1.268229E+00
  1.285139E+00
  1.302049E+00
  1.318958E+00
  1.335868E+00
  1.352778E+00
  1.369688E+00
  1.386597E+00
  1.403507E+00
  1.420417E+00
  1.437327E+00
  1.454236E+00
  1.471146E+00
  1.488056E+00
  1.504965E+00
  1.521875E+00
  1.538785E+00
  1.555695E+00
  1.572604E+00
  1.589514E+00
  1.606424E+00
  1.623334E+00
  1.640243E+00
  1.657153E+00
  1.674063E+00
  1.690972E+00
  1.707882E+00
  1.724792E+00
  1.741702E+00
  1.758611E+00
  1.775521E+00
  1.792431E+00
  1.809341E+00
  1.826250E+00
  1.843160E+00
  1.860070E+00
  1.876979E+00
  1.893889E+00
  1.910799E+00
  1.927709E+00
  1.944618E+00
  1.961528E+00
  1.978438E+00
  1.995347E+00
  2.012257E+00
  2.029167E+00
  2.046077E+00
  2.062986E+00
  2.079896E+00
  2.096806E+00
  2.113716E+00
  2.130625E+00
  2.147535E+00
  2.164445E+00
  2.181354E+00
  2.198264E+00
  2.215174E+00
  2.232084E+00
  2.248993E+00
  2.265903E+00
  2.282813E+00
  2.299723E+00
  2.316632E+00
  2.333542E+00
  2.350452E+00
  2.367361E+00
  2.384271E+00
  2.401181E+00
  2.418091E+00
  2.435000E+00
  2.451910E+00
  2.468820E+00
  2.485729E+00
  2.502639E+00
  2.519549E+00
  6.612502E+03
  6.611784E+03
  6.611066E+03
  6.610348E+03
  6.609631E+03
  6.608913E+03
  6.608195E+03
  6.607477E+03
  6.606759E+03
  6.604718E+03
  6.602616E+03
  6.600514E+03
  6.598411E+03
  6.596309E+03
  6.594207E+03
  6.592105E+03
  6.589628E+03
  6.586333E+03
  6.583039E+03
  6.579744E+03
  6.576449E+03
  6.573155E+03
  6.569860E+03
  6.566501E+03
  6.562036E+03
  6.557572E+03
  6.553107E+03
  6.548643E+03
  6.544178E+03
  6.539714E+03
  6.535053E+03
  6.529356E+03
  6.523659E+03
  6.517962E+03
  6.512265E+03
  6.506567E+03
  6.500870E+03
  6.494399E+03
  6.487426E+03
  6.480454E+03
  6.473482E+03
  6.466509E+03
  6.459537E+03
  6.452065E+03
  6.443791E+03
  6.435516E+03
  6.427241E+03
  6.418966E+03
  6.410691E+03
  6.401785E+03
  6.392170E+03
  6.382554E+03
  6.372939E+03
  6.363323E+03
  6.353707E+03
  6.342907E+03
  6.331902E+03
  6.320897E+03
  6.309892E+03
  6.298888E+03
  6.287138E+03
  6.274691E+03
  6.262245E+03
  6.249798E+03
  6.237351E+03
  6.224234E+03
  6.210288E+03
  6.196342E+03
  6.182395E+03
  6.168449E+03
  6.153515E+03
  6.138005E+03
  6.122494E+03
  6.106983E+03
  6.091381E+03
  6.074234E+03
  6.057087E+03
  6.039940E+03
  6.022793E+03
  6.004430E+03
  5.985569E+03
  5.966708E+03
  5.947847E+03
  5.927943E+03
  5.907284E+03
  5.886625E+03
  5.865966E+03
  5.844067E+03
  5.821521E+03
  5.798975E+03
  5.776429E+03
  5.752038E+03
  5.727510E+03
  5.702983E+03
  5.677641E+03
  5.651032E+03
  5.624422E+03
  5.597752E+03
  5.568955E+03
  5.540158E+03
  5.511362E+03
  5.480652E+03
  5.449558E+03
  5.418464E+03
  5.385447E+03
  5.351940E+03
  5.318434E+03
  5.282614E+03
  5.246575E+03
  5.210074E+03
  5.171378E+03
  5.132683E+03
  5.092395E+03
  5.050913E+03
  5.009142E+03
  4.964740E+03
  4.920339E+03
  4.873641E+03
  4.826180E+03
  4.777055E+03
  4.726391E+03
  4.674387E+03
  4.620373E+03
  4.565010E+03
  4.507505E+03
  4.448289E+03
  4.387168E+03
  4.323617E+03
  4.258791E+03
  4.190489E+03
  4.120851E+03
  4.048580E+03
  3.973671E+03
  3.896920E+03
  3.817561E+03
  3.735354E+03
  3.650915E+03
  3.563980E+03
  3.474226E+03
  3.380739E+03
  3.284061E+03
  3.185252E+03
  3.085407E+03
  2.993437E+03
  2.952795E+03
  2.975069E+03
  2.913508E+03
  3.532469E+03
  9.758240E+02
  1.096276E-03
  2.701952E+02
  2.701857E+02
  2.701763E+02
  2.701668E+02
  2.701573E+02
  2.701479E+02
  2.701384E+02
  2.701290E+02
  2.701195E+02
  2.701238E+02
  2.701287E+02
  2.701336E+02
  2.701385E+02
  2.701434E+02
  2.701483E+02
  2.701532E+02
  2.701781E+02
  2.702466E+02
  2.703152E+02
  2.703837E+02
  2.704522E+02
  2.705208E+02
  2.705893E+02
  2.706608E+02
  2.707834E+02
  2.709060E+02
  2.710285E+02
  2.711511E+02
  2.712737E+02
  2.713962E+02
  2.715222E+02
  2.716664E+02
  2.718106E+02
  2.719547E+02
  2.720989E+02
  2.722430E+02
  2.723872E+02
  2.725407E+02
  2.727003E+02
  2.728600E+02
  2.730196E+02
  2.731792E+02
  2.733388E+02
  2.735056E+02
  2.736838E+02
  2.738621E+02
  2.740404E+02
  2.742187E+02
  2.743970E+02
  2.745833E+02
  2.747788E+02
  2.749743E+02
  2.751698E+02
  2.753653E+02
  2.755607E+02
  2.757678E+02
  2.759768E+02
  2.761858E+02
  2.763948E+02
  2.766038E+02
  2.768183E+02
  2.770379E+02
  2.772575E+02
  2.774771E+02
  2.776966E+02
  2.779197E+02
  2.781470E+02
  2.783743E+02
  2.786016E+02
  2.788289E+02
  2.790590E+02
  2.792906E+02
  2.795223E+02
  2.797539E+02
  2.799856E+02
  2.802177E+02
  2.804498E+02
  2.806819E+02
  2.809141E+02
  2.811436E+02
  2.813721E+02
  2.816006E+02
  2.818290E+02
  2.820529E+02
  2.822733E+02
  2.824938E+02
  2.827143E+02
  2.829266E+02
  2.831346E+02
  2.833426E+02
  2.835505E+02
  2.837426E+02
  2.839336E+02
  2.841245E+02
  2.843069E+02
  2.844762E+02
  2.846455E+02
  2.848141E+02
  2.849573E+02
  2.851005E+02
  2.852436E+02
  2.853616E+02
  2.854745E+02
  2.855873E+02
  2.856730E+02
  2.857517E+02
  2.858304E+02
  2.858749E+02
  2.859161E+02
  2.859503E+02
  2.859515E+02
  2.859526E+02
  2.859299E+02
  2.858893E+02
  2.858445E+02
  2.857615E+02
  2.856785E+02
  2.855640E+02
  2.854392E+02
  2.852935E+02
  2.851286E+02
  2.849493E+02
  2.847482E+02
  2.845358E+02
  2.843056E+02
  2.840681E+02
  2.838225E+02
  2.835831E+02
  2.833471E+02
  2.831601E+02
  2.830115E+02
  2.829484E+02
  2.830431E+02
  2.832803E+02
  2.837701E+02
  2.846631E+02
  2.859484E+02
  2.877241E+02
  2.901117E+02
  2.933788E+02
  2.977151E+02
  3.035904E+02
  3.117166E+02
  3.244573E+02
  3.501535E+02
  3.948815E+02
  4.434011E+02
  5.926352E+02
  1.335395E+02
  3.181450E-04
  1.402144E+03
  1.402063E+03
  1.401983E+03
  1.401902E+03
  1.401821E+03
  1.401741E+03
  1.401660E+03
  1.401580E+03
  1.401499E+03
  1.401309E+03
  1.401114E+03
  1.400918E+03
  1.400723E+03
  1.400528E+03
  1.400333E+03
  1.400138E+03
  1.399930E+03
  1.399695E+03
  1.399460E+03
  1.399225E+03
  1.398990E+03
  1.398755E+03
  1.398520E+03
  1.398282E+03
  1.398000E+03
  1.397718E+03
  1.397436E+03
  1.397154E+03
  1.396872E+03
  1.396590E+03
  1.396295E+03
  1.395930E+03
  1.395565E+03
  1.395200E+03
  1.394835E+03
  1.394470E+03
  1.394105E+03
  1.393680E+03
  1.393217E+03
  1.392754E+03
  1.392291E+03
  1.391828E+03
  1.391365E+03
  1.390863E+03
  1.390297E+03
  1.389732E+03
  1.389166E+03
  1.388601E+03
  1.388035E+03
  1.387417E+03
  1.386740E+03
  1.386064E+03
  1.385387E+03
  1.384710E+03
  1.384033E+03
  1.383251E+03
  1.382452E+03
  1.381652E+03
  1.380852E+03
  1.380053E+03
  1.379183E+03
  1.378249E+03
  1.377315E+03
  1.376381E+03
  1.375446E+03
  1.374446E+03
  1.373365E+03
  1.372283E+03
  1.371201E+03
  1.370120E+03
  1.368936E+03
  1.367692E+03
  1.366449E+03
  1.365205E+03
  1.363951E+03
  1.362529E+03
  1.361106E+03
  1.359684E+03
  1.358261E+03
  1.356699E+03
  1.355078E+03
  1.353458E+03
  1.351838E+03
  1.350091E+03
  1.348252E+03
  1.346413E+03
  1.344574E+03
  1.342577E+03
  1.340496E+03
  1.338416E+03
  1.336336E+03
  1.334007E+03
  1.331661E+03
  1.329314E+03
  1.326853E+03
  1.324214E+03
  1.321574E+03
  1.318926E+03
  1.315965E+03
  1.313004E+03
  1.310043E+03
  1.306790E+03
  1.303478E+03
  1.300165E+03
  1.296548E+03
  1.292852E+03
  1.289157E+03
  1.285081E+03
  1.280970E+03
  1.276780E+03
  1.272218E+03
  1.267657E+03
  1.262818E+03
  1.257771E+03
  1.252673E+03
  1.247106E+03
  1.241538E+03
  1.235552E+03
  1.229428E+03
  1.222994E+03
  1.216276E+03
  1.209306E+03
  1.201959E+03
  1.194359E+03
  1.186357E+03
  1.178040E+03
  1.169372E+03
  1.160279E+03
  1.150963E+03
  1.141102E+03
  1.131062E+03
  1.120684E+03
  1.110077E+03
  1.099352E+03
  1.088528E+03
  1.077737E+03
  1.067028E+03
  1.056433E+03
  1.045961E+03
  1.035586E+03
  1.025578E+03
  1.016875E+03
  1.011056E+03
  1.014381E+03
  1.051095E+03
  1.137409E+03
  1.210156E+03
  1.538361E+03
  8.674167E+01
  1.359200E-09
  1.176213E+00
  1.176085E+00
  1.175957E+00
  1.175830E+00
  1.175702E+00
  1.175574E+00
  1.175447E+00
  1.175319E+00
  1.175191E+00
  1.174828E+00
  1.174454E+00
  1.174080E+00
  1.173706E+00
  1.173332E+00
  1.172959E+00
  1.172585E+00
  1.172144E+00
  1.171558E+00
  1.170972E+00
  1.170386E+00
  1.169800E+00
  1.169214E+00
  1.168628E+00
  1.168030E+00
  1.167236E+00
  1.166442E+00
  1.165648E+00
  1.164854E+00
  1.164059E+00
  1.163265E+00
  1.162436E+00
  1.161423E+00
  1.160410E+00
  1.159396E+00
  1.158383E+00
  1.157369E+00
  1.156356E+00
  1.155205E+00
  1.153965E+00
  1.152724E+00
  1.151484E+00
  1.150244E+00
  1.149004E+00
  1.147675E+00
  1.146203E+00
  1.144731E+00
  1.143259E+00
  1.141787E+00
  1.140315E+00
  1.138731E+00
  1.137021E+00
  1.135310E+00
  1.133600E+00
  1.131889E+00
  1.130179E+00
  1.128258E+00
  1.126300E+00
  1.124343E+00
  1.122385E+00
  1.120428E+00
  1.118338E+00
  1.116124E+00
  1.113910E+00
  1.111696E+00
  1.109482E+00
  1.107149E+00
  1.104668E+00
  1.102187E+00
  1.099707E+00
  1.097226E+00
  1.094569E+00
  1.091810E+00
  1.089051E+00
  1.086292E+00
  1.083517E+00
  1.080467E+00
  1.077417E+00
  1.074367E+00
  1.071317E+00
  1.068051E+00
  1.064696E+00
  1.061341E+00
  1.057986E+00
  1.054445E+00
  1.050771E+00
  1.047096E+00
  1.043421E+00
  1.039526E+00
  1.035515E+00
  1.031505E+00
  1.027494E+00
  1.023156E+00
  1.018793E+00
  1.014430E+00
  1.009922E+00
  1.005189E+00
  1.000456E+00
  9.957119E-01
  9.905896E-01
  9.854673E-01
  9.803451E-01
  9.748826E-01
  9.693517E-01
  9.638207E-01
  9.579477E-01
  9.519877E-01
  9.460276E-01
  9.396561E-01
  9.332456E-01
  9.267528E-01
  9.198698E-01
  9.129868E-01
  9.058204E-01
  8.984419E-01
  8.910116E-01
  8.831136E-01
  8.752157E-01
  8.669091E-01
  8.584669E-01
  8.497287E-01
  8.407167E-01
  8.314664E-01
  8.218585E-01
  8.120108E-01
  8.017820E-01
  7.912488E-01
  7.803768E-01
  7.690725E-01
  7.575414E-01
  7.453921E-01
  7.330051E-01
  7.201497E-01
  7.068252E-01
  6.931728E-01
  6.790568E-01
  6.644340E-01
  6.494142E-01
  6.339504E-01
  6.179852E-01
  6.013561E-01
  5.841592E-01
  5.665833E-01
  5.488232E-01
  5.324640E-01
  5.252347E-01
  5.291967E-01
  5.182463E-01
  6.283453E-01
  1.735767E-01
  1.950025E-07
  9.584195E-01
  9.583860E-01
  9.583525E-01
  9.583190E-01
  9.582854E-01
  9.582519E-01
  9.582184E-01
  9.581849E-01
  9.581513E-01
  9.581665E-01
  9.581838E-01
  9.582012E-01
  9.582185E-01
  9.582359E-01
  9.582532E-01
  9.582705E-01
  9.583590E-01
  9.586021E-01
  9.588452E-01
  9.590883E-01
  9.593314E-01
  9.595745E-01
  9.598176E-01
  9.600714E-01
  9.605061E-01
  9.609409E-01
  9.613757E-01
  9.618104E-01
  9.622452E-01
  9.626799E-01
  9.631269E-01
  9.636382E-01
  9.641496E-01
  9.646609E-01
  9.651723E-01
  9.656836E-01
  9.661950E-01
  9.667396E-01
  9.673058E-01
  9.678720E-01
  9.684381E-01
  9.690043E-01
  9.695705E-01
  9.701620E-01
  9.707944E-01
  9.714268E-01
  9.720592E-01
  9.726916E-01
  9.733240E-01
  9.739850E-01
  9.746784E-01
  9.753718E-01
  9.760652E-01
  9.767586E-01
  9.774520E-01
  9.781864E-01
  9.789278E-01
  9.796692E-01
  9.804106E-01
  9.811520E-01
  9.819128E-01
  9.826917E-01
  9.834706E-01
  9.842495E-01
  9.850283E-01
  9.858195E-01
  9.866258E-01
  9.874321E-01
  9.882384E-01
  9.890447E-01
  9.898607E-01
  9.906824E-01
  9.915040E-01
  9.923257E-01
  9.931475E-01
  9.939709E-01
  9.947943E-01
  9.956176E-01
  9.964410E-01
  9.972552E-01
  9.980656E-01
  9.988760E-01
  9.996865E-01
  1.000480E+00
  1.001263E+00
  1.002045E+00
  1.002827E+00
  1.003580E+00
  1.004317E+00
  1.005055E+00
  1.005793E+00
  1.006474E+00
  1.007152E+00
  1.007829E+00
  1.008476E+00
  1.009076E+00
  1.009677E+00
  1.010275E+00
  1.010783E+00
  1.011291E+00
  1.011799E+00
  1.012217E+00
  1.012617E+00
  1.013018E+00
  1.013322E+00
  1.013601E+00
  1.013880E+00
  1.014038E+00
  1.014184E+00
  1.014305E+00
  1.014309E+00
  1.014313E+00
  1.014233E+00
  1.014089E+00
  1.013930E+00
  1.013635E+00
  1.013341E+00
  1.012935E+00
  1.012492E+00
  1.011976E+00
  1.011391E+00
  1.010754E+00
  1.010041E+00
  1.009288E+00
  1.008471E+00
  1.007629E+00
  1.006758E+00
  1.005909E+00
  1.005071E+00
  1.004408E+00
  1.003881E+00
  1.003657E+00
  1.003993E+00
  1.004834E+00
  1.006572E+00
  1.009739E+00
  1.014299E+00
  1.020597E+00
  1.029066E+00
  1.040655E+00
  1.056036E+00
  1.076877E+00
  1.105702E+00
  1.150895E+00
  1.242043E+00
  1.400699E+00
  1.572805E+00
  2.102159E+00
  4.736830E-01
  1.128504E-06
  1.075557E+00
  1.075495E+00
  1.075433E+00
  1.075372E+00
  1.075310E+00
  1.075248E+00
  1.075186E+00
  1.075124E+00
  1.075062E+00
  1.074916E+00
  1.074767E+00
  1.074617E+00
  1.074467E+00
  1.074318E+00
  1.074168E+00
  1.074018E+00
  1.073859E+00
  1.073678E+00
  1.073498E+00
  1.073318E+00
  1.073138E+00
  1.072957E+00
  1.072777E+00
  1.072595E+00
  1.072378E+00
  1.072162E+00
  1.071946E+00
  1.071730E+00
  1.071513E+00
  1.071297E+00
  1.071071E+00
  1.070790E+00
  1.070510E+00
  1.070230E+00
  1.069950E+00
  1.069670E+00
  1.069390E+00
  1.069065E+00
  1.068709E+00
  1.068354E+00
  1.067999E+00
  1.067644E+00
  1.067289E+00
  1.066903E+00
  1.066470E+00
  1.066036E+00
  1.065602E+00
  1.065168E+00
  1.064734E+00
  1.064260E+00
  1.063741E+00
  1.063222E+00
  1.062703E+00
  1.062184E+00
  1.061665E+00
  1.061065E+00
  1.060452E+00
  1.059838E+00
  1.059225E+00
  1.058611E+00
  1.057945E+00
  1.057228E+00
  1.056511E+00
  1.055795E+00
  1.055078E+00
  1.054311E+00
  1.053481E+00
  1.052651E+00
  1.051822E+00
  1.050992E+00
  1.050084E+00
  1.049130E+00
  1.048176E+00
  1.047222E+00
  1.046260E+00
  1.045169E+00
  1.044078E+00
  1.042987E+00
  1.041896E+00
  1.040697E+00
  1.039454E+00
  1.038211E+00
  1.036968E+00
  1.035628E+00
  1.034218E+00
  1.032807E+00
  1.031396E+00
  1.029864E+00
  1.028268E+00
  1.026673E+00
  1.025077E+00
  1.023291E+00
  1.021491E+00
  1.019691E+00
  1.017803E+00
  1.015778E+00
  1.013754E+00
  1.011722E+00
  1.009451E+00
  1.007180E+00
  1.004909E+00
  1.002413E+00
  9.998721E-01
  9.973313E-01
  9.945562E-01
  9.917214E-01
  9.888867E-01
  9.857605E-01
  9.826066E-01
  9.793926E-01
  9.758936E-01
  9.723945E-01
  9.686827E-01
  9.648116E-01
  9.609008E-01
  9.566302E-01
  9.523596E-01
  9.477680E-01
  9.430699E-01
  9.381350E-01
  9.329813E-01
  9.276348E-01
  9.219992E-01
  9.161694E-01
  9.100312E-01
  9.036512E-01
  8.970021E-01
  8.900271E-01
  8.828811E-01
  8.753166E-01
  8.676151E-01
  8.596549E-01
  8.515182E-01
  8.432912E-01
  8.349887E-01
  8.267107E-01
  8.184966E-01
  8.103687E-01
  8.023359E-01
  7.943775E-01
  7.867009E-01
  7.800252E-01
  7.755609E-01
  7.781115E-01
  8.062743E-01
  8.724838E-01
  9.282868E-01
  1.180047E+00
  6.653783E-02
  1.042616E-12
  5.854758E-01
  5.854122E-01
  5.853486E-01
  5.852851E-01
  5.852215E-01
  5.851580E-01
  5.850944E-01
  5.850309E-01
  5.849673E-01
  5.847865E-01
  5.846004E-01
  5.844143E-01
  5.842282E-01
  5.840421E-01
  5.838560E-01
  5.836698E-01
  5.834505E-01
  5.831588E-01
  5.828671E-01
  5.825754E-01
  5.822836E-01
  5.819919E-01
  5.817002E-01
  5.814028E-01
  5.810075E-01
  5.806122E-01
  5.802169E-01
  5.798216E-01
  5.794263E-01
  5.790310E-01
  5.786184E-01
  5.781140E-01
  5.776095E-01
  5.771051E-01
  5.766007E-01
  5.760963E-01
  5.755918E-01
  5.750188E-01
  5.744015E-01
  5.737841E-01
  5.731668E-01
  5.725495E-01
  5.719321E-01
  5.712706E-01
  5.705379E-01
  5.698053E-01
  5.690726E-01
  5.683399E-01
  5.676073E-01
  5.668188E-01
  5.659674E-01
  5.651160E-01
  5.642647E-01
  5.634133E-01
  5.625619E-01
  5.616056E-01
  5.606312E-01
  5.596569E-01
  5.586825E-01
  5.577081E-01
  5.566678E-01
  5.555658E-01
  5.544637E-01
  5.533617E-01
  5.522597E-01
  5.510982E-01
  5.498634E-01
  5.486286E-01
  5.473938E-01
  5.461590E-01
  5.448368E-01
  5.434634E-01
  5.420901E-01
  5.407168E-01
  5.393353E-01
  5.378171E-01
  5.362989E-01
  5.347807E-01
  5.332625E-01
  5.316366E-01
  5.299667E-01
  5.282967E-01
  5.266267E-01
  5.248644E-01
  5.230352E-01
  5.212061E-01
  5.193770E-01
  5.174379E-01
  5.154417E-01
  5.134455E-01
  5.114493E-01
  5.092897E-01
  5.071180E-01
  5.049463E-01
  5.027025E-01
  5.003465E-01
  4.979904E-01
  4.956291E-01
  4.930794E-01
  4.905297E-01
  4.879800E-01
  4.852610E-01
  4.825079E-01
  4.797548E-01
  4.768314E-01
  4.738647E-01
  4.708980E-01
  4.677265E-01
  4.645356E-01
  4.613037E-01
  4.578776E-01
  4.544515E-01
  4.508843E-01
  4.472116E-01
  4.435131E-01
  4.395818E-01
  4.356504E-01
  4.315157E-01
  4.273135E-01
  4.229639E-01
  4.184781E-01
  4.138736E-01
  4.090912E-01
  4.041894E-01
  3.990978E-01
  3.938548E-01
  3.884431E-01
  3.828162E-01
  3.770765E-01
  3.710290E-01
  3.648632E-01
  3.584642E-01
  3.518318E-01
  3.450361E-01
  3.380097E-01
  3.307310E-01
  3.232547E-01
  3.155574E-01
  3.076105E-01
  2.993331E-01
  2.907731E-01
  2.820245E-01
  2.731842E-01
  2.650411E-01
  2.614427E-01
  2.634148E-01
  2.579641E-01
  3.127674E-01
  1.006466E-01
  1.943194E-02
  2.392328E-02
  2.392244E-02
  2.392160E-02
  2.392077E-02
  2.391993E-02
  2.391909E-02
  2.391826E-02
  2.391742E-02
  2.391658E-02
  2.391696E-02
  2.391739E-02
  2.391783E-02
  2.391826E-02
  2.391869E-02
  2.391913E-02
  2.391956E-02
  2.392177E-02
  2.392783E-02
  2.393390E-02
  2.393997E-02
  2.394604E-02
  2.395211E-02
  2.395818E-02
  2.396451E-02
  2.397536E-02
  2.398621E-02
  2.399707E-02
  2.400792E-02
  2.401877E-02
  2.402962E-02
  2.404078E-02
  2.405354E-02
  2.406631E-02
  2.407907E-02
  2.409183E-02
  2.410460E-02
  2.411736E-02
  2.413096E-02
  2.414509E-02
  2.415922E-02
  2.417335E-02
  2.418748E-02
  2.420162E-02
  2.421638E-02
  2.423217E-02
  2.424795E-02
  2.426374E-02
  2.427952E-02
  2.429531E-02
  2.431181E-02
  2.432912E-02
  2.434643E-02
  2.436373E-02
  2.438104E-02
  2.439835E-02
  2.441668E-02
  2.443519E-02
  2.445369E-02
  2.447220E-02
  2.449071E-02
  2.450970E-02
  2.452914E-02
  2.454858E-02
  2.456802E-02
  2.458746E-02
  2.460721E-02
  2.462734E-02
  2.464746E-02
  2.466759E-02
  2.468772E-02
  2.470808E-02
  2.472860E-02
  2.474911E-02
  2.476962E-02
  2.479013E-02
  2.481068E-02
  2.483123E-02
  2.485179E-02
  2.487234E-02
  2.489266E-02
  2.491289E-02
  2.493312E-02
  2.495335E-02
  2.497317E-02
  2.499269E-02
  2.501221E-02
  2.503173E-02
  2.505053E-02
  2.506894E-02
  2.508736E-02
  2.510577E-02
  2.512278E-02
  2.513969E-02
  2.515659E-02
  2.517274E-02
  2.518773E-02
  2.520272E-02
  2.521765E-02
  2.523032E-02
  2.524300E-02
  2.525568E-02
  2.526613E-02
  2.527612E-02
  2.528611E-02
  2.529370E-02
  2.530066E-02
  2.530763E-02
  2.531157E-02
  2.531522E-02
  2.531825E-02
  2.531835E-02
  2.531845E-02
  2.531644E-02
  2.531285E-02
  2.530888E-02
  2.530153E-02
  2.529418E-02
  2.528405E-02
  2.527299E-02
  2.526010E-02
  2.524550E-02
  2.522962E-02
  2.521181E-02
  2.519301E-02
  2.517263E-02
  2.515160E-02
  2.512985E-02
  2.510866E-02
  2.508776E-02
  2.507120E-02
  2.505805E-02
  2.505246E-02
  2.506084E-02
  2.508185E-02
  2.512521E-02
  2.520428E-02
  2.531808E-02
  2.547530E-02
  2.568670E-02
  2.597597E-02
  2.635991E-02
  2.688012E-02
  2.759962E-02
  2.872768E-02
  3.100285E-02
  3.496310E-02
  3.925906E-02
  5.247236E-02
  1.377327E-02
  5.639248E-03
  1.241469E-01
  1.241397E-01
  1.241326E-01
  1.241254E-01
  1.241183E-01
  1.241112E-01
  1.241040E-01
  1.240969E-01
  1.240897E-01
  1.240729E-01
  1.240556E-01
  1.240383E-01
  1.240211E-01
  1.240038E-01
  1.239865E-01
  1.239692E-01
  1.239508E-01
  1.239300E-01
  1.239092E-01
  1.238884E-01
  1.238676E-01
  1.238468E-01
  1.238260E-01
  1.238049E-01
  1.237800E-01
  1.237550E-01
  1.237300E-01
  1.237051E-01
  1.236801E-01
  1.236551E-01
  1.236290E-01
  1.235967E-01
  1.235643E-01
  1.235320E-01
  1.234997E-01
  1.234674E-01
  1.234350E-01
  1.233975E-01
  1.233565E-01
  1.233155E-01
  1.232745E-01
  1.232335E-01
  1.231925E-01
  1.231480E-01
  1.230979E-01
  1.230479E-01
  1.229978E-01
  1.229477E-01
  1.228976E-01
  1.228429E-01
  1.227830E-01
  1.227231E-01
  1.226632E-01
  1.226032E-01
  1.225433E-01
  1.224741E-01
  1.224033E-01
  1.223325E-01
  1.222617E-01
  1.221909E-01
  1.221139E-01
  1.220312E-01
  1.219485E-01
  1.218657E-01
  1.217830E-01
  1.216945E-01
  1.215987E-01
  1.215029E-01
  1.214072E-01
  1.213114E-01
  1.212066E-01
  1.210965E-01
  1.209864E-01
  1.208763E-01
  1.207653E-01
  1.206393E-01
  1.205134E-01
  1.203874E-01
  1.202615E-01
  1.201231E-01
  1.199796E-01
  1.198362E-01
  1.196927E-01
  1.195380E-01
  1.193752E-01
  1.192124E-01
  1.190496E-01
  1.188727E-01
  1.186885E-01
  1.185043E-01
  1.183201E-01
  1.181140E-01
  1.179062E-01
  1.176985E-01
  1.174806E-01
  1.172469E-01
  1.170132E-01
  1.167787E-01
  1.165165E-01
  1.162544E-01
  1.159922E-01
  1.157041E-01
  1.154109E-01
  1.151176E-01
  1.147973E-01
  1.144701E-01
  1.141429E-01
  1.137820E-01
  1.134180E-01
  1.130470E-01
  1.126431E-01
  1.122392E-01
  1.118108E-01
  1.113640E-01
  1.109126E-01
  1.104196E-01
  1.099267E-01
  1.093967E-01
  1.088544E-01
  1.082848E-01
  1.076899E-01
  1.070728E-01
  1.064223E-01
  1.057494E-01
  1.050409E-01
  1.043045E-01
  1.035370E-01
  1.027319E-01
  1.019071E-01
  1.010340E-01
  1.001450E-01
  9.922621E-02
  9.828702E-02
  9.733742E-02
  9.637909E-02
  9.542361E-02
  9.447548E-02
  9.353732E-02
  9.261012E-02
  9.169152E-02
  9.080545E-02
  9.003490E-02
  8.951960E-02
  8.981401E-02
  9.306472E-02
  1.007070E-01
  1.071481E-01
  1.362077E-01
  8.946543E-03
  2.409237E-08
  5.855513E-01
  5.854877E-01
  5.854242E-01
  5.853606E-01
  5.852971E-01
  5.852335E-01
  5.851699E-01
  5.851064E-01
  5.850428E-01
  5.848621E-01
  5.846760E-01
  5.844899E-01
  5.843038E-01
  5.841177E-01
  5.839317E-01
  5.837456E-01
  5.835262E-01
  5.832346E-01
  5.829429E-01
  5.826513E-01
  5.823597E-01
  5.820680E-01
  5.817764E-01
  5.814790E-01
  5.810838E-01
  5.806886E-01
  5.802934E-01
  5.798983E-01
  5.795031E-01
  5.791079E-01
  5.786954E-01
  5.781911E-01
  5.776868E-01
  5.771825E-01
  5.766783E-01
  5.761740E-01
  5.756697E-01
  5.750969E-01
  5.744797E-01
  5.738626E-01
  5.732454E-01
  5.726282E-01
  5.720111E-01
  5.713498E-01
  5.706173E-01
  5.698849E-01
  5.691524E-01
  5.684200E-01
  5.676875E-01
  5.668992E-01
  5.660481E-01
  5.651970E-01
  5.643458E-01
  5.634947E-01
  5.626436E-01
  5.616875E-01
  5.607134E-01
  5.597393E-01
  5.587652E-01
  5.577911E-01
  5.567511E-01
  5.556494E-01
  5.545476E-01
  5.534459E-01
  5.523442E-01
  5.511831E-01
  5.499486E-01
  5.487141E-01
  5.474796E-01
  5.462451E-01
  5.449232E-01
  5.435503E-01
  5.421773E-01
  5.408043E-01
  5.394232E-01
  5.379054E-01
  5.363876E-01
  5.348698E-01
  5.333520E-01
  5.317265E-01
  5.300570E-01
  5.283874E-01
  5.267179E-01
  5.249560E-01
  5.231273E-01
  5.212986E-01
  5.194699E-01
  5.175314E-01
  5.155356E-01
  5.135399E-01
  5.115442E-01
  5.093851E-01
  5.072139E-01
  5.050427E-01
  5.027995E-01
  5.004440E-01
  4.980885E-01
  4.957277E-01
  4.931786E-01
  4.906295E-01
  4.880804E-01
  4.853620E-01
  4.826095E-01
  4.798570E-01
  4.769343E-01
  4.739682E-01
  4.710022E-01
  4.678313E-01
  4.646411E-01
  4.614099E-01
  4.579844E-01
  4.545590E-01
  4.509926E-01
  4.473206E-01
  4.436228E-01
  4.396922E-01
  4.357617E-01
  4.316278E-01
  4.274263E-01
  4.230776E-01
  4.185925E-01
  4.139889E-01
  4.092073E-01
  4.043062E-01
  3.992155E-01
  3.939732E-01
  3.885623E-01
  3.829361E-01
  3.771970E-01
  3.711501E-01
  3.649849E-01
  3.585866E-01
  3.519549E-01
  3.451604E-01
  3.381354E-01
  3.308592E-01
  3.233862E-01
  3.156936E-01
  3.077529E-01
  2.994840E-01
  2.909346E-01
  2.821984E-01
  2.733719E-01
  2.652432E-01
  2.616576E-01
  2.636372E-01
  2.581939E-01
  3.129140E-01
  1.000419E-01
  1.802768E-02
  1.739461E-02
  1.739416E-02
  1.739371E-02
  1.739327E-02
  1.739282E-02
  1.739238E-02
  1.739193E-02
  1.739148E-02
  1.739104E-02
  1.739214E-02
  1.739330E-02
  1.739447E-02
  1.739564E-02
  1.739681E-02
  1.739798E-02
  1.739915E-02
  1.740196E-02
  1.740835E-02
  1.741474E-02
  1.742112E-02
  1.742751E-02
  1.743390E-02
  1.744028E-02
  1.744691E-02
  1.745761E-02
  1.746832E-02
  1.747902E-02
  1.748972E-02
  1.750043E-02
  1.751113E-02
  1.752212E-02
  1.753463E-02
  1.754714E-02
  1.755965E-02
  1.757215E-02
  1.758466E-02
  1.759717E-02
  1.761056E-02
  1.762452E-02
  1.763848E-02
  1.765244E-02
  1.766640E-02
  1.768036E-02
  1.769501E-02
  1.771076E-02
  1.772652E-02
  1.774227E-02
  1.775803E-02
  1.777378E-02
  1.779032E-02
  1.780774E-02
  1.782515E-02
  1.784257E-02
  1.785999E-02
  1.787740E-02
  1.789594E-02
  1.791466E-02
  1.793339E-02
  1.795211E-02
  1.797084E-02
  1.799008E-02
  1.800982E-02
  1.802956E-02
  1.804930E-02
  1.806904E-02
  1.808911E-02
  1.810959E-02
  1.813008E-02
  1.815056E-02
  1.817104E-02
  1.819179E-02
  1.821270E-02
  1.823362E-02
  1.825453E-02
  1.827545E-02
  1.829645E-02
  1.831745E-02
  1.833845E-02
  1.835946E-02
  1.838027E-02
  1.840100E-02
  1.842173E-02
  1.844246E-02
  1.846282E-02
  1.848291E-02
  1.850299E-02
  1.852308E-02
  1.854249E-02
  1.856154E-02
  1.858059E-02
  1.859965E-02
  1.861737E-02
  1.863499E-02
  1.865261E-02
  1.866952E-02
  1.868532E-02
  1.870111E-02
  1.871685E-02
  1.873043E-02
  1.874401E-02
  1.875759E-02
  1.876902E-02
  1.878003E-02
  1.879103E-02
  1.879970E-02
  1.880778E-02
  1.881586E-02
  1.882101E-02
  1.882589E-02
  1.883016E-02
  1.883159E-02
  1.883303E-02
  1.883240E-02
  1.883024E-02
  1.882772E-02
  1.882191E-02
  1.881610E-02
  1.880758E-02
  1.879817E-02
  1.878699E-02
  1.877418E-02
  1.876017E-02
  1.874437E-02
  1.872770E-02
  1.870967E-02
  1.869123E-02
  1.867234E-02
  1.865444E-02
  1.863706E-02
  1.862462E-02
  1.861571E-02
  1.861458E-02
  1.862697E-02
  1.865125E-02
  1.869621E-02
  1.877296E-02
  1.887981E-02
  1.902362E-02
  1.921259E-02
  1.946511E-02
  1.979637E-02
  2.024654E-02
  2.087920E-02
  2.190906E-02
  2.408727E-02
  2.797169E-02
  3.220998E-02
  4.538955E-02
  7.315169E-03
 -1.088362E-03
  1.244543E-01
  1.244472E-01
  1.244400E-01
  1.244328E-01
  1.244257E-01
  1.244185E-01
  1.244114E-01
  1.244042E-01
  1.243970E-01
  1.243802E-01
  1.243628E-01
  1.243455E-01
  1.243282E-01
  1.243109E-01
  1.242935E-01
  1.242762E-01
  1.242578E-01
  1.242369E-01
  1.242161E-01
  1.241953E-01
  1.241744E-01
  1.241536E-01
  1.241327E-01
  1.241116E-01
  1.240867E-01
  1.240617E-01
  1.240367E-01
  1.240117E-01
  1.239867E-01
  1.239617E-01
  1.239355E-01
  1.239032E-01
  1.238708E-01
  1.238385E-01
  1.238061E-01
  1.237738E-01
  1.237414E-01
  1.237038E-01
  1.236628E-01
  1.236217E-01
  1.235807E-01
  1.235397E-01
  1.234986E-01
  1.234541E-01
  1.234040E-01
  1.233539E-01
  1.233037E-01
  1.232536E-01
  1.232035E-01
  1.231487E-01
  1.230887E-01
  1.230287E-01
  1.229688E-01
  1.229088E-01
  1.228488E-01
  1.227795E-01
  1.227086E-01
  1.226377E-01
  1.225668E-01
  1.224959E-01
  1.224189E-01
  1.223361E-01
  1.222532E-01
  1.221704E-01
  1.220876E-01
  1.219989E-01
  1.219031E-01
  1.218072E-01
  1.217113E-01
  1.216155E-01
  1.215105E-01
  1.214003E-01
  1.212901E-01
  1.211798E-01
  1.210687E-01
  1.209426E-01
  1.208165E-01
  1.206904E-01
  1.205644E-01
  1.204258E-01
  1.202822E-01
  1.201386E-01
  1.199950E-01
  1.198402E-01
  1.196772E-01
  1.195142E-01
  1.193512E-01
  1.191742E-01
  1.189898E-01
  1.188054E-01
  1.186211E-01
  1.184147E-01
  1.182068E-01
  1.179988E-01
  1.177807E-01
  1.175468E-01
  1.173129E-01
  1.170782E-01
  1.168158E-01
  1.165534E-01
  1.162910E-01
  1.160027E-01
  1.157091E-01
  1.154156E-01
  1.150950E-01
  1.147675E-01
  1.144400E-01
  1.140789E-01
  1.137145E-01
  1.133433E-01
  1.129390E-01
  1.125348E-01
  1.121061E-01
  1.116589E-01
  1.112071E-01
  1.107138E-01
  1.102205E-01
  1.096901E-01
  1.091474E-01
  1.085774E-01
  1.079821E-01
  1.073645E-01
  1.067135E-01
  1.060401E-01
  1.053310E-01
  1.045940E-01
  1.038258E-01
  1.030200E-01
  1.021944E-01
  1.013204E-01
  1.004306E-01
  9.951090E-02
  9.857088E-02
  9.762055E-02
  9.666171E-02
  9.570621E-02
  9.475862E-02
  9.382170E-02
  9.289670E-02
  9.198166E-02
  9.110051E-02
  9.033616E-02
  8.982811E-02
  9.013013E-02
  9.338739E-02
  1.010323E-01
  1.074728E-01
  1.364777E-01
  8.840677E-03
  2.224179E-08
 -7.549743E-05
 -7.550296E-05
 -7.550848E-05
 -7.551401E-05
 -7.551953E-05
 -7.552506E-05
 -7.553058E-05
 -7.553611E-05
 -7.554163E-05
 -7.556695E-05
 -7.559318E-05
 -7.561940E-05
 -7.564563E-05
 -7.567186E-05
 -7.569808E-05
 -7.572431E-05
 -7.576225E-05
 -7.582571E-05
 -7.588916E-05
 -7.595262E-05
 -7.601608E-05
 -7.607953E-05
 -7.614299E-05
 -7.620890E-05
 -7.631672E-05
 -7.642453E-05
 -7.653234E-05
 -7.664015E-05
 -7.674796E-05
 -7.685577E-05
 -7.697020E-05
 -7.711962E-05
 -7.726904E-05
 -7.741846E-05
 -7.756788E-05
 -7.771730E-05
 -7.786672E-05
 -7.803776E-05
 -7.822280E-05
 -7.840783E-05
 -7.859286E-05
 -7.877789E-05
 -7.896293E-05
 -7.915957E-05
 -7.937489E-05
 -7.959022E-05
 -7.980554E-05
 -8.002087E-05
 -8.023620E-05
 -8.046447E-05
 -8.070732E-05
 -8.095018E-05
 -8.119304E-05
 -8.143589E-05
 -8.167875E-05
 -8.194475E-05
 -8.221474E-05
 -8.248472E-05
 -8.275471E-05
 -8.302470E-05
 -8.330924E-05
 -8.360739E-05
 -8.390553E-05
 -8.420368E-05
 -8.450183E-05
 -8.481329E-05
 -8.514121E-05
 -8.546912E-05
 -8.579704E-05
 -8.612496E-05
 -8.647263E-05
 -8.683183E-05
 -8.719104E-05
 -8.755025E-05
 -8.791125E-05
 -8.830253E-05
 -8.869381E-05
 -8.908508E-05
 -8.947636E-05
 -8.989045E-05
 -9.031388E-05
 -9.073731E-05
 -9.116074E-05
 -9.160272E-05
 -9.205814E-05
 -9.251355E-05
 -9.296896E-05
 -9.344519E-05
 -9.393227E-05
 -9.441934E-05
 -9.490642E-05
 -9.542259E-05
 -9.594093E-05
 -9.645926E-05
 -9.698964E-05
 -9.753880E-05
 -9.808796E-05
 -9.863796E-05
 -9.921755E-05
 -9.979714E-05
 -1.003767E-04
 -1.009814E-04
 -1.015911E-04
 -1.022008E-04
 -1.028344E-04
 -1.034741E-04
 -1.041137E-04
 -1.047810E-04
 -1.054508E-04
 -1.061260E-04
 -1.068266E-04
 -1.075273E-04
 -1.082461E-04
 -1.089785E-04
 -1.097142E-04
 -1.104787E-04
 -1.112432E-04
 -1.120299E-04
 -1.128239E-04
 -1.136287E-04
 -1.144432E-04
 -1.152587E-04
 -1.160753E-04
 -1.168817E-04
 -1.176717E-04
 -1.184335E-04
 -1.191640E-04
 -1.198424E-04
 -1.204935E-04
 -1.210918E-04
 -1.216996E-04
 -1.223405E-04
 -1.231752E-04
 -1.242352E-04
 -1.257548E-04
 -1.281764E-04
 -1.315583E-04
 -1.361869E-04
 -1.424158E-04
 -1.508685E-04
 -1.614208E-04
 -1.738730E-04
 -1.877318E-04
 -2.020793E-04
 -2.149390E-04
 -2.224446E-04
 -2.297761E-04
 -1.466544E-04
  6.046507E-04
  1.404261E-03
  6.528671E-03
  6.528280E-03
  6.527890E-03
  6.527499E-03
  6.527108E-03
  6.526718E-03
  6.526327E-03
  6.525936E-03
  6.525545E-03
  6.524824E-03
  6.524088E-03
  6.523352E-03
  6.522616E-03
  6.521880E-03
  6.521144E-03
  6.520408E-03
  6.519803E-03
  6.519484E-03
  6.519166E-03
  6.518847E-03
  6.518528E-03
  6.518210E-03
  6.517891E-03
  6.517598E-03
  6.517747E-03
  6.517896E-03
  6.518045E-03
  6.518193E-03
  6.518342E-03
  6.518491E-03
  6.518657E-03
  6.518913E-03
  6.519169E-03
  6.519425E-03
  6.519681E-03
  6.519937E-03
  6.520193E-03
  6.520398E-03
  6.520570E-03
  6.520742E-03
  6.520914E-03
  6.521086E-03
  6.521259E-03
  6.521376E-03
  6.521406E-03
  6.521436E-03
  6.521466E-03
  6.521495E-03
  6.521525E-03
  6.521490E-03
  6.521381E-03
  6.521273E-03
  6.521164E-03
  6.521056E-03
  6.520947E-03
  6.520745E-03
  6.520527E-03
  6.520308E-03
  6.520090E-03
  6.519871E-03
  6.519612E-03
  6.519314E-03
  6.519017E-03
  6.518719E-03
  6.518422E-03
  6.518098E-03
  6.517743E-03
  6.517388E-03
  6.517033E-03
  6.516678E-03
  6.516293E-03
  6.515891E-03
  6.515488E-03
  6.515086E-03
  6.514681E-03
  6.514231E-03
  6.513781E-03
  6.513331E-03
  6.512882E-03
  6.512394E-03
  6.511891E-03
  6.511388E-03
  6.510885E-03
  6.510346E-03
  6.509781E-03
  6.509215E-03
  6.508650E-03
  6.508038E-03
  6.507400E-03
  6.506763E-03
  6.506126E-03
  6.505414E-03
  6.504696E-03
  6.503978E-03
  6.503225E-03
  6.502418E-03
  6.501610E-03
  6.500801E-03
  6.499897E-03
  6.498993E-03
  6.498089E-03
  6.497100E-03
  6.496094E-03
  6.495088E-03
  6.493996E-03
  6.492882E-03
  6.491769E-03
  6.490555E-03
  6.489332E-03
  6.488091E-03
  6.486760E-03
  6.485429E-03
  6.484038E-03
  6.482603E-03
  6.481157E-03
  6.479621E-03
  6.478084E-03
  6.476466E-03
  6.474821E-03
  6.473103E-03
  6.471318E-03
  6.469447E-03
  6.467446E-03
  6.465312E-03
  6.462965E-03
  6.460375E-03
  6.457513E-03
  6.454220E-03
  6.450701E-03
  6.446582E-03
  6.442333E-03
  6.437879E-03
  6.433875E-03
  6.430600E-03
  6.429005E-03
  6.431323E-03
  6.438273E-03
  6.451683E-03
  6.474111E-03
  6.510865E-03
  6.563539E-03
  6.633576E-03
  6.720422E-03
  6.818622E-03
  6.915586E-03
  6.991405E-03
  7.049086E-03
  7.082813E-03
  6.458104E-03
  6.727611E-03
 -3.074701E-04
 -3.074501E-04
 -3.074300E-04
 -3.074100E-04
 -3.073899E-04
 -3.073699E-04
 -3.073498E-04
 -3.073298E-04
 -3.073098E-04
 -3.072673E-04
 -3.072239E-04
 -3.071805E-04
 -3.071371E-04
 -3.070936E-04
 -3.070502E-04
 -3.070068E-04
 -3.069659E-04
 -3.069306E-04
 -3.068954E-04
 -3.068601E-04
 -3.068248E-04
 -3.067895E-04
 -3.067542E-04
 -3.067196E-04
 -3.066960E-04
 -3.066723E-04
 -3.066487E-04
 -3.066251E-04
 -3.066014E-04
 -3.065778E-04
 -3.065537E-04
 -3.065270E-04
 -3.065003E-04
 -3.064735E-04
 -3.064468E-04
 -3.064201E-04
 -3.063934E-04
 -3.063597E-04
 -3.063214E-04
 -3.062831E-04
 -3.062449E-04
 -3.062066E-04
 -3.061683E-04
 -3.061244E-04
 -3.060715E-04
 -3.060185E-04
 -3.059656E-04
 -3.059126E-04
 -3.058597E-04
 -3.057997E-04
 -3.057317E-04
 -3.056637E-04
 -3.055957E-04
 -3.055277E-04
 -3.054597E-04
 -3.053796E-04
 -3.052973E-04
 -3.052150E-04
 -3.051327E-04
 -3.050504E-04
 -3.049612E-04
 -3.048655E-04
 -3.047698E-04
 -3.046741E-04
 -3.045784E-04
 -3.044769E-04
 -3.043683E-04
 -3.042598E-04
 -3.041512E-04
 -3.040426E-04
 -3.039258E-04
 -3.038043E-04
 -3.036828E-04
 -3.035613E-04
 -3.034390E-04
 -3.033040E-04
 -3.031691E-04
 -3.030342E-04
 -3.028992E-04
 -3.027542E-04
 -3.026051E-04
 -3.024559E-04
 -3.023068E-04
 -3.021488E-04
 -3.019845E-04
 -3.018201E-04
 -3.016557E-04
 -3.014806E-04
 -3.012998E-04
 -3.011190E-04
 -3.009383E-04
 -3.007412E-04
 -3.005428E-04
 -3.003445E-04
 -3.001388E-04
 -2.999217E-04
 -2.997046E-04
 -2.994869E-04
 -2.992497E-04
 -2.990125E-04
 -2.987753E-04
 -2.985204E-04
 -2.982619E-04
 -2.980034E-04
 -2.977271E-04
 -2.974461E-04
 -2.971652E-04
 -2.968630E-04
 -2.965587E-04
 -2.962503E-04
 -2.959220E-04
 -2.955937E-04
 -2.952513E-04
 -2.948985E-04
 -2.945430E-04
 -2.941643E-04
 -2.937857E-04
 -2.933853E-04
 -2.929777E-04
 -2.925513E-04
 -2.921075E-04
 -2.916439E-04
 -2.911505E-04
 -2.906302E-04
 -2.900671E-04
 -2.894602E-04
 -2.888045E-04
 -2.880779E-04
 -2.873141E-04
 -2.864597E-04
 -2.855874E-04
 -2.846883E-04
 -2.838566E-04
 -2.831257E-04
 -2.826215E-04
 -2.826076E-04
 -2.831364E-04
 -2.843857E-04
 -2.865819E-04
 -2.901433E-04
 -2.950578E-04
 -3.012673E-04
 -3.085045E-04
 -3.161207E-04
 -3.226641E-04
 -3.253016E-04
 -3.247304E-04
 -2.700326E-04
  1.058659E-04
  1.850580E-09
  1.273240E+00
  1.273211E+00
  1.273125E+00
  1.272981E+00
  1.272781E+00
  1.272522E+00
  1.272207E+00
  1.271834E+00
  1.271403E+00
  1.270915E+00
  1.270369E+00
  1.269765E+00
  1.269104E+00
  1.268384E+00
  1.267607E+00
  1.266771E+00
  1.265877E+00
  1.264925E+00
  1.263915E+00
  1.262845E+00
  1.261717E+00
  1.260530E+00
  1.259284E+00
  1.257979E+00
  1.256614E+00
  1.255190E+00
  1.253705E+00
  1.252161E+00
  1.250556E+00
  1.248891E+00
  1.247165E+00
  1.245378E+00
  1.243529E+00
  1.241620E+00
  1.239648E+00
  1.237614E+00
  1.235518E+00
  1.233359E+00
  1.231136E+00
  1.228851E+00
  1.226501E+00
  1.224088E+00
  1.221610E+00
  1.219067E+00
  1.216458E+00
  1.213784E+00
  1.211044E+00
  1.208237E+00
  1.205362E+00
  1.202421E+00
  1.199411E+00
  1.196332E+00
  1.193185E+00
  1.189968E+00
  1.186680E+00
  1.183322E+00
  1.179892E+00
  1.176390E+00
  1.172816E+00
  1.169168E+00
  1.165446E+00
  1.161649E+00
  1.157776E+00
  1.153828E+00
  1.149802E+00
  1.145699E+00
  1.141516E+00
  1.137254E+00
  1.132912E+00
  1.128488E+00
  1.123982E+00
  1.119393E+00
  1.114719E+00
  1.109960E+00
  1.105114E+00
  1.100180E+00
  1.095157E+00
  1.090045E+00
  1.084841E+00
  1.079544E+00
  1.074153E+00
  1.068667E+00
  1.063083E+00
  1.057401E+00
  1.051619E+00
  1.045735E+00
  1.039748E+00
  1.033655E+00
  1.027455E+00
  1.021146E+00
  1.014726E+00
  1.008193E+00
  1.001543E+00
  9.947766E-01
  9.878894E-01
  9.808795E-01
  9.737441E-01
  9.664805E-01
  9.590857E-01
  9.515567E-01
  9.438904E-01
  9.360832E-01
  9.281318E-01
  9.200322E-01
  9.117806E-01
  9.033729E-01
  8.948045E-01
  8.860709E-01
  8.771671E-01
  8.680879E-01
  8.588277E-01
  8.493806E-01
  8.397402E-01
  8.299000E-01
  8.198525E-01
  8.095903E-01
  7.991048E-01
  7.883874E-01
  7.774283E-01
  7.662172E-01
  7.547428E-01
  7.429930E-01
  7.309546E-01
  7.186128E-01
  7.059520E-01
  6.929545E-01
  6.796012E-01
  6.658704E-01
  6.517385E-01
  6.371787E-01
  6.221609E-01
  6.066513E-01
  5.906109E-01
  5.739954E-01
  5.567532E-01
  5.388241E-01
  5.201372E-01
  5.006076E-01
  4.801325E-01
  4.585853E-01
  4.358068E-01
  4.115929E-01
  3.856731E-01
  3.576769E-01
  3.270715E-01
  2.930404E-01
  2.542116E-01
  2.079144E-01
  1.472658E-01
  0.000000E+00
  8.319263E-02
  8.319263E-02
  8.319263E-02
  8.319263E-02
  8.319263E-02
  8.319263E-02
  8.319263E-02
  8.319263E-02
  8.319263E-02
  8.319263E-02
  8.319263E-02
  8.319263E-02
  8.319263E-02
  8.319263E-02
  8.319263E-02
  8.319263E-02
  8.319263E-02
  8.319263E-02
  8.319263E-02
  8.319263E-02
  8.319263E-02
  8.319263E-02
  8.319263E-02
  8.319263E-02
  8.319263E-02
  8.319263E-02
  8.319263E-02
  8.319263E-02
  8.319263E-02
  8.319263E-02
  8.319263E-02
  8.319263E-02
  8.319263E-02
  8.319263E-02
  8.319263E-02
  8.319263E-02
  8.319263E-02
  8.319263E-02
  8.319263E-02
  8.319263E-02
  8.319263E-02
  8.319263E-02
  8.319263E-02
  8.319263E-02
  8.319263E-02
  8.319263E-02
  8.319263E-02
  8.319263E-02
  8.319263E-02
  8.319263E-02
  8.319263E-02
  8.319263E-02
  8.319263E-02
  8.319263E-02
  8.319263E-02
  8.319263E-02
  8.319263E-02
  8.319263E-02
  8.319263E-02
  8.319263E-02
  8.319263E-02
  8.319263E-02
  8.319263E-02
  8.319263E-02
  8.319263E-02
  8.319263E-02
  8.319263E-02
  8.319263E-02
  8.319263E-02
  8.319263E-02
  8.319263E-02
  8.319263E-02
  8.319263E-02
  8.319263E-02
  8.319263E-02
  8.319263E-02
  8.319263E-02
  8.319263E-02
  8.319263E-02
  8.319263E-02
  8.319263E-02
  8.319263E-02
  8.319263E-02
  8.319263E-02
  8.319263E-02
  8.319263E-02
  8.319263E-02
  8.319263E-02
  8.319263E-02
  8.319263E-02
  8.319263E-02
  8.319263E-02
  8.319263E-02
  8.319263E-02
  8.319263E-02
  8.319263E-02
  8.319263E-02
  8.319263E-02
  8.319263E-02
  8.319263E-02
  8.319263E-02
  8.319263E-02
  8.319263E-02
  8.319263E-02
  8.319263E-02
  8.319263E-02
  8.319263E-02
  8.319263E-02
  8.319263E-02
  8.319263E-02
  8.319263E-02
  8.319263E-02
  8.319263E-02
  8.319263E-02
  8.319263E-02
  8.319263E-02
  8.319263E-02
  8.319263E-02
  8.319263E-02
  8.319263E-02
  8.319263E-02
  8.319263E-02
  8.319263E-02
  8.319263E-02
  8.319263E-02
  8.319263E-02
  8.319263E-02
  8.319263E-02
  8.319263E-02
  8.319263E-02
  8.319263E-02
  8.319263E-02
  8.319263E-02
  8.319263E-02
  8.319263E-02
  8.319263E-02
  8.319263E-02
  8.319263E-02
  8.319263E-02
  8.319263E-02
  8.319263E-02
  8.319263E-02
  8.319263E-02
  8.319263E-02
  8.319263E-02
  8.319263E-02
  8.319263E-02
  8.319263E-02
  9.054482E-02
  4.633942E-02
  3.636713E-02
  3.636713E-02
  3.636713E-02
  3.636713E-02
  3.636713E-02
  3.636713E-02
  3.636713E-02
  3.636713E-02
  3.636713E-02
  3.636713E-02
  3.636713E-02
  3.636713E-02
  3.636713E-02
  3.636713E-02
  3.636713E-02
  3.636713E-02
  3.636713E-02
  3.636713E-02
  3.636713E-02
  3.636713E-02
  3.636713E-02
  3.636713E-02
  3.636713E-02
  3.636713E-02
  3.636713E-02
  3.636713E-02
  3.636713E-02
  3.636713E-02
  3.636713E-02
  3.636713E-02
  3.636713E-02
  3.636713E-02
  3.636713E-02
  3.636713E-02
  3.636713E-02
  3.636713E-02
  3.636713E-02
  3.636713E-02
  3.636713E-02
  3.636713E-02
  3.636713E-02
  3.636713E-02
  3.636713E-02
  3.636713E-02
  3.636713E-02
  3.636713E-02
  3.636713E-02
  3.636713E-02
  3.636713E-02
  3.636713E-02
  3.636713E-02
  3.636713E-02
  3.636713E-02
  3.636713E-02
  3.636713E-02
  3.636713E-02
  3.636713E-02
  3.636713E-02
  3.636713E-02
  3.636713E-02
  3.636713E-02
  3.636713E-02
  3.636713E-02
  3.636713E-02
  3.636713E-02
  3.636713E-02
  3.636713E-02
  3.636713E-02
  3.636713E-02
  3.636713E-02
  3.636713E-02
  3.636713E-02
  3.636713E-02
  3.636713E-02
  3.636713E-02
  3.636713E-02
  3.636713E-02
  3.636713E-02
  3.636713E-02
  3.636713E-02
  3.636713E-02
  3.636713E-02
  3.636713E-02
  3.636713E-02
  3.636713E-02
  3.636713E-02
  3.636713E-02
  3.636713E-02
  3.636713E-02
  3.636713E-02
  3.636713E-02
  3.636713E-02
  3.636713E-02
  3.636713E-02
  3.636713E-02
  3.636713E-02
  3.636713E-02
  3.636713E-02
  3.636713E-02
  3.636713E-02
  3.636713E-02
  3.636713E-02
  3.636713E-02
  3.636713E-02
  3.636713E-02
  3.636713E-02
  3.636713E-02
  3.636713E-02
  3.636713E-02
  3.636713E-02
  3.636713E-02
  3.636713E-02
  3.636713E-02
  3.636713E-02
  3.636713E-02
  3.636713E-02
  3.636713E-02
  3.636713E-02
  3.636713E-02
  3.636713E-02
  3.636713E-02
  3.636713E-02
  3.636713E-02
  3.636713E-02
  3.636713E-02
  3.636713E-02
  3.636713E-02
  3.636713E-02
  3.636713E-02
  3.636713E-02
  3.636713E-02
  3.636713E-02
  3.636713E-02
  3.636713E-02
  3.636713E-02
  3.636713E-02
  3.636713E-02
  3.636713E-02
  3.636713E-02
  3.636713E-02
  3.636713E-02
  3.636713E-02
  3.636713E-02
  3.636713E-02
  3.636713E-02
  3.636713E-02
  3.636713E-02
  3.636713E-02
 -6.907376E-01
 -2.406713E+00
  9.896664E-01
  9.896664E-01
  9.896664E-01
  9.896664E-01
  9.896664E-01
  9.896664E-01
  9.896664E-01
  9.896664E-01
  9.896664E-01
  9.896664E-01
  9.896664E-01
  9.896664E-01
  9.896664E-01
  9.896664E-01
  9.896664E-01
  9.896664E-01
  9.896664E-01
  9.896664E-01
  9.896664E-01
  9.896664E-01
  9.896664E-01
  9.896664E-01
  9.896664E-01
  9.896664E-01
  9.896664E-01
  9.896664E-01
  9.896664E-01
  9.896664E-01
  9.896664E-01
  9.896664E-01
  9.896664E-01
  9.896664E-01
  9.896664E-01
  9.896664E-01
  9.896664E-01
  9.896664E-01
  9.896664E-01
  9.896664E-01
  9.896664E-01
  9.896664E-01
  9.896664E-01
  9.896664E-01
  9.896664E-01
  9.896664E-01
  9.896664E-01
  9.896664E-01
  9.896664E-01
  9.896664E-01
  9.896664E-01
  9.896664E-01
  9.896664E-01
  9.896664E-01
  9.896664E-01
  9.896664E-01
  9.896664E-01
  9.896664E-01
  9.896664E-01
  9.896664E-01
  9.896664E-01
  9.896664E-01
  9.896664E-01
  9.896664E-01
  9.896664E-01
  9.896664E-01
  9.896664E-01
  9.896664E-01
  9.896664E-01
  9.896664E-01
  9.896664E-01
  9.896664E-01
  9.896664E-01
  9.896664E-01
  9.896664E-01
  9.896664E-01
  9.896664E-01
  9.896664E-01
  9.896664E-01
  9.896664E-01
  9.896664E-01
  9.896664E-01
  9.896664E-01
  9.896664E-01
  9.896664E-01
  9.896664E-01
  9.896664E-01
  9.896664E-01
  9.896664E-01
  9.896664E-01
  9.896664E-01
  9.896664E-01
  9.896664E-01
  9.896664E-01
  9.896664E-01
  9.896664E-01
  9.896664E-01
  9.896664E-01
  9.896664E-01
  9.896664E-01
  9.896664E-01
  9.896664E-01
  9.896664E-01
  9.896664E-01
  9.896664E-01
  9.896664E-01
  9.896664E-01
  9.896664E-01
  9.896664E-01
  9.896664E-01
  9.896664E-01
  9.896664E-01
  9.896664E-01
  9.896664E-01
  9.896664E-01
  9.896664E-01
  9.896664E-01
  9.896664E-01
  9.896664E-01
  9.896664E-01
  9.896664E-01
  9.896664E-01
  9.896664E-01
  9.896664E-01
  9.896664E-01
  9.896664E-01
  9.896664E-01
  9.896664E-01
  9.896664E-01
  9.896664E-01
  9.896664E-01
  9.896664E-01
  9.896664E-01
  9.896664E-01
  9.896664E-01
  9.896664E-01
  9.896664E-01
  9.896664E-01
  9.896664E-01
  9.896664E-01
  9.896664E-01
  9.896664E-01
  9.896664E-01
  9.896664E-01
  9.896664E-01
  9.896664E-01
  9.896664E-01
  9.896664E-01
  9.896664E-01
  9.896664E-01
  8.495803E-01
  4.943514E-06
  4.903149E+01
  4.904604E+01
  4.906058E+01
  4.907513E+01
  4.908968E+01
  4.910422E+01
  4.911877E+01
  4.913332E+01
  4.914787E+01
  4.922036E+01
  4.929551E+01
  4.937065E+01
  4.944580E+01
  4.952095E+01
  4.959609E+01
  4.967124E+01
  4.977896E+01
  4.995757E+01
  5.013619E+01
  5.031481E+01
  5.049342E+01
  5.067204E+01
  5.085066E+01
  5.103443E+01
  5.130615E+01
  5.157787E+01
  5.184959E+01
  5.212130E+01
  5.239302E+01
  5.266474E+01
  5.294643E+01
  5.328093E+01
  5.361543E+01
  5.394993E+01
  5.428442E+01
  5.461892E+01
  5.495342E+01
  5.532317E+01
  5.571574E+01
  5.610830E+01
  5.650086E+01
  5.689343E+01
  5.728599E+01
  5.770239E+01
  5.815715E+01
  5.861191E+01
  5.906666E+01
  5.952142E+01
  5.997618E+01
  6.046010E+01
  6.097686E+01
  6.149362E+01
  6.201038E+01
  6.252714E+01
  6.304390E+01
  6.361181E+01
  6.418852E+01
  6.476524E+01
  6.534196E+01
  6.591867E+01
  6.652575E+01
  6.716122E+01
  6.779668E+01
  6.843215E+01
  6.906761E+01
  6.972895E+01
  7.042227E+01
  7.111558E+01
  7.180889E+01
  7.250221E+01
  7.323127E+01
  7.398121E+01
  7.473115E+01
  7.548109E+01
  7.623411E+01
  7.703922E+01
  7.784432E+01
  7.864943E+01
  7.945453E+01
  8.029769E+01
  8.115644E+01
  8.201518E+01
  8.287393E+01
  8.376291E+01
  8.467375E+01
  8.558460E+01
  8.649545E+01
  8.743956E+01
  8.840100E+01
  8.936243E+01
  9.032387E+01
  9.133109E+01
  9.234170E+01
  9.335231E+01
  9.438167E+01
  9.544025E+01
  9.649882E+01
  9.755869E+01
  9.866429E+01
  9.976989E+01
  1.008755E+02
  1.020198E+02
  1.031719E+02
  1.043240E+02
  1.055131E+02
  1.067117E+02
  1.079102E+02
  1.091519E+02
  1.103976E+02
  1.116519E+02
  1.129463E+02
  1.142408E+02
  1.155647E+02
  1.169105E+02
  1.182619E+02
  1.196630E+02
  1.210641E+02
  1.225105E+02
  1.239720E+02
  1.254684E+02
  1.269970E+02
  1.285559E+02
  1.301602E+02
  1.317984E+02
  1.334904E+02
  1.352322E+02
  1.370296E+02
  1.389145E+02
  1.408453E+02
  1.429412E+02
  1.451203E+02
  1.474728E+02
  1.500711E+02
  1.528735E+02
  1.560154E+02
  1.596556E+02
  1.637625E+02
  1.684428E+02
  1.738289E+02
  1.802189E+02
  1.877840E+02
  1.969587E+02
  2.084175E+02
  2.242250E+02
  2.512653E+02
  2.952238E+02
  3.457739E+02
  4.742368E+02
  1.008495E+02
  2.813259E-04
  6.617838E+03
  6.617120E+03
  6.616403E+03
  6.615685E+03
  6.614967E+03
  6.614249E+03
  6.613532E+03
  6.612814E+03
  6.612096E+03
  6.610056E+03
  6.607955E+03
  6.605854E+03
  6.603754E+03
  6.601653E+03
  6.599552E+03
  6.597452E+03
  6.594976E+03
  6.591686E+03
  6.588395E+03
  6.585105E+03
  6.581814E+03
  6.578524E+03
  6.575233E+03
  6.571878E+03
  6.567420E+03
  6.562962E+03
  6.558504E+03
  6.554047E+03
  6.549589E+03
  6.545131E+03
  6.540477E+03
  6.534788E+03
  6.529099E+03
  6.523410E+03
  6.517721E+03
  6.512031E+03
  6.506342E+03
  6.499880E+03
  6.492916E+03
  6.485953E+03
  6.478990E+03
  6.472027E+03
  6.465064E+03
  6.457602E+03
  6.449338E+03
  6.441073E+03
  6.432809E+03
  6.424545E+03
  6.416280E+03
  6.407386E+03
  6.397782E+03
  6.388179E+03
  6.378575E+03
  6.368971E+03
  6.359368E+03
  6.348580E+03
  6.337588E+03
  6.326597E+03
  6.315605E+03
  6.304613E+03
  6.292877E+03
  6.280445E+03
  6.268013E+03
  6.255580E+03
  6.243148E+03
  6.230046E+03
  6.216115E+03
  6.202184E+03
  6.188253E+03
  6.174322E+03
  6.159404E+03
  6.143910E+03
  6.128416E+03
  6.112921E+03
  6.097335E+03
  6.080206E+03
  6.063076E+03
  6.045947E+03
  6.028817E+03
  6.010472E+03
  5.991629E+03
  5.972786E+03
  5.953943E+03
  5.934058E+03
  5.913418E+03
  5.892778E+03
  5.872138E+03
  5.850258E+03
  5.827732E+03
  5.805205E+03
  5.782679E+03
  5.758308E+03
  5.733800E+03
  5.709293E+03
  5.683972E+03
  5.657382E+03
  5.630793E+03
  5.604144E+03
  5.575368E+03
  5.546592E+03
  5.517816E+03
  5.487128E+03
  5.456055E+03
  5.424982E+03
  5.391986E+03
  5.358501E+03
  5.325016E+03
  5.289217E+03
  5.253200E+03
  5.216720E+03
  5.178046E+03
  5.139373E+03
  5.099106E+03
  5.057647E+03
  5.015897E+03
  4.971518E+03
  4.927138E+03
  4.880462E+03
  4.833024E+03
  4.783921E+03
  4.733280E+03
  4.681299E+03
  4.627309E+03
  4.571970E+03
  4.514489E+03
  4.455298E+03
  4.394203E+03
  4.330680E+03
  4.265882E+03
  4.197612E+03
  4.128008E+03
  4.055775E+03
  3.980911E+03
  3.904211E+03
  3.824913E+03
  3.742781E+03
  3.658432E+03
  3.571605E+03
  3.481981E+03
  3.388656E+03
  3.292177E+03
  3.193619E+03
  3.094101E+03
  3.002609E+03
  2.962849E+03
  2.986605E+03
  2.926700E+03
  3.550303E+03
  9.797421E+02
  1.106297E-03
 -5.896488E-03
 -6.586574E-03
 -7.276661E-03
 -7.966748E-03
 -8.656835E-03
 -9.346921E-03
 -1.003701E-02
 -1.072709E-02
 -1.141718E-02
 -1.281643E-02
 -1.424808E-02
 -1.567972E-02
 -1.711137E-02
 -1.854302E-02
 -1.997466E-02
 -2.140631E-02
 -2.282259E-02
 -2.420540E-02
 -2.558822E-02
 -2.697103E-02
 -2.835385E-02
 -2.973667E-02
 -3.111948E-02
 -3.250126E-02
 -3.386540E-02
 -3.522953E-02
 -3.659366E-02
 -3.795779E-02
 -3.932192E-02
 -4.068606E-02
 -4.205889E-02
 -4.347778E-02
 -4.489668E-02
 -4.631557E-02
 -4.773446E-02
 -4.915336E-02
 -5.057225E-02
 -5.207043E-02
 -5.361989E-02
 -5.516935E-02
 -5.671881E-02
 -5.826827E-02
 -5.981772E-02
 -6.143839E-02
 -6.317367E-02
 -6.490895E-02
 -6.664423E-02
 -6.837951E-02
 -7.011479E-02
 -7.195359E-02
 -7.390895E-02
 -7.586431E-02
 -7.781967E-02
 -7.977503E-02
 -8.173039E-02
 -8.389167E-02
 -8.608840E-02
 -8.828512E-02
 -9.048185E-02
 -9.267858E-02
 -9.500902E-02
 -9.746449E-02
 -9.991996E-02
 -1.023754E-01
 -1.048309E-01
 -1.074117E-01
 -1.101473E-01
 -1.128830E-01
 -1.156187E-01
 -1.183543E-01
 -1.212862E-01
 -1.243328E-01
 -1.273794E-01
 -1.304260E-01
 -1.334924E-01
 -1.368919E-01
 -1.402914E-01
 -1.436910E-01
 -1.470905E-01
 -1.507778E-01
 -1.545830E-01
 -1.583881E-01
 -1.621933E-01
 -1.662698E-01
 -1.705425E-01
 -1.748152E-01
 -1.790879E-01
 -1.837139E-01
 -1.885239E-01
 -1.933338E-01
 -1.981438E-01
 -2.035252E-01
 -2.089489E-01
 -2.143727E-01
 -2.200689E-01
 -2.261897E-01
 -2.323105E-01
 -2.384530E-01
 -2.453614E-01
 -2.522698E-01
 -2.591782E-01
 -2.668244E-01
 -2.746191E-01
 -2.824138E-01
 -2.910016E-01
 -2.997911E-01
 -3.085806E-01
 -3.183875E-01
 -3.282906E-01
 -3.384100E-01
 -3.495537E-01
 -3.606975E-01
 -3.726233E-01
 -3.851347E-01
 -3.977930E-01
 -4.117807E-01
 -4.257684E-01
 -4.409113E-01
 -4.564376E-01
 -4.727539E-01
 -4.898006E-01
 -5.074073E-01
 -5.258541E-01
 -5.447628E-01
 -5.644054E-01
 -5.845214E-01
 -6.051642E-01
 -6.264609E-01
 -6.481006E-01
 -6.710730E-01
 -6.948730E-01
 -7.204579E-01
 -7.490892E-01
 -7.802802E-01
 -8.157697E-01
 -8.558981E-01
 -8.968458E-01
 -9.335814E-01
 -9.550690E-01
 -9.200467E-01
 -7.574203E-01
 -3.371950E-01
  5.721863E-01
  2.328255E+00
  5.379494E+00
  1.025895E+01
  1.660054E+01
  2.233614E+01
  3.287750E+03
  1.639163E-02
