 Title= "ADflow Lift Distribution Data"
Variables = "eta" "CoordinateX" "CoordinateY" "CoordinateZ" "Lift" "Drag" "Moment" "Normalized Lift" "Normalized Drag" "Normalized Moment" "CL" "CD" "CM" "CLp" "CDp" "CMp" "CLv" "CDv" "CMv" "Elliptical" "thickness" "twist" "chord" "fx" "fy" "fz" 
Zone T= "LiftDist_01 allWalls: : z normal"
 I=          150
 DATAPACKING=BLOCK
  0.000000E+00
  6.711405E-03
  1.342281E-02
  2.013422E-02
  2.684563E-02
  3.355704E-02
  4.026845E-02
  4.697986E-02
  5.369127E-02
  6.040268E-02
  6.711409E-02
  7.382550E-02
  8.053691E-02
  8.724832E-02
  9.395973E-02
  1.006711E-01
  1.073825E-01
  1.140940E-01
  1.208054E-01
  1.275168E-01
  1.342282E-01
  1.409396E-01
  1.476510E-01
  1.543624E-01
  1.610738E-01
  1.677852E-01
  1.744966E-01
  1.812081E-01
  1.879195E-01
  1.946309E-01
  2.013423E-01
  2.080537E-01
  2.147651E-01
  2.214765E-01
  2.281879E-01
  2.348993E-01
  2.416107E-01
  2.483221E-01
  2.550336E-01
  2.617450E-01
  2.684564E-01
  2.751678E-01
  2.818792E-01
  2.885906E-01
  2.953020E-01
  3.020134E-01
  3.087248E-01
  3.154362E-01
  3.221476E-01
  3.288591E-01
  3.355705E-01
  3.422819E-01
  3.489933E-01
  3.557047E-01
  3.624161E-01
  3.691275E-01
  3.758389E-01
  3.825503E-01
  3.892617E-01
  3.959732E-01
  4.026846E-01
  4.093960E-01
  4.161074E-01
  4.228188E-01
  4.295302E-01
  4.362416E-01
  4.429530E-01
  4.496644E-01
  4.563758E-01
  4.630872E-01
  4.697987E-01
  4.765101E-01
  4.832215E-01
  4.899329E-01
  4.966443E-01
  5.033557E-01
  5.100671E-01
  5.167785E-01
  5.234899E-01
  5.302013E-01
  5.369128E-01
  5.436242E-01
  5.503356E-01
  5.570470E-01
  5.637584E-01
  5.704698E-01
  5.771812E-01
  5.838926E-01
  5.906040E-01
  5.973154E-01
  6.040268E-01
  6.107383E-01
  6.174497E-01
  6.241611E-01
  6.308725E-01
  6.375839E-01
  6.442953E-01
  6.510067E-01
  6.577181E-01
  6.644295E-01
  6.711409E-01
  6.778524E-01
  6.845638E-01
  6.912752E-01
  6.979866E-01
  7.046980E-01
  7.114094E-01
  7.181208E-01
  7.248322E-01
  7.315436E-01
  7.382550E-01
  7.449664E-01
  7.516779E-01
  7.583893E-01
  7.651007E-01
  7.718121E-01
  7.785235E-01
  7.852349E-01
  7.919463E-01
  7.986577E-01
  8.053691E-01
  8.120805E-01
  8.187919E-01
  8.255034E-01
  8.322148E-01
  8.389262E-01
  8.456376E-01
  8.523490E-01
  8.590604E-01
  8.657718E-01
  8.724832E-01
  8.791946E-01
  8.859060E-01
  8.926175E-01
  8.993289E-01
  9.060403E-01
  9.127517E-01
  9.194631E-01
  9.261745E-01
  9.328859E-01
  9.395973E-01
  9.463087E-01
  9.530201E-01
  9.597315E-01
  9.664430E-01
  9.731544E-01
  9.798658E-01
  9.865772E-01
  9.932886E-01
  1.000000E+00
  0.000000E+00
  0.000000E+00
  0.000000E+00
  0.000000E+00
  0.000000E+00
  0.000000E+00
  0.000000E+00
  0.000000E+00
  0.000000E+00
  0.000000E+00
  0.000000E+00
  0.000000E+00
  0.000000E+00
  0.000000E+00
  0.000000E+00
  0.000000E+00
  0.000000E+00
  0.000000E+00
  0.000000E+00
  0.000000E+00
  0.000000E+00
  0.000000E+00
  0.000000E+00
  0.000000E+00
  0.000000E+00
  0.000000E+00
  0.000000E+00
  0.000000E+00
  0.000000E+00
  0.000000E+00
  0.000000E+00
  0.000000E+00
  0.000000E+00
  0.000000E+00
  0.000000E+00
  0.000000E+00
  0.000000E+00
  0.000000E+00
  0.000000E+00
  0.000000E+00
  0.000000E+00
  0.000000E+00
  0.000000E+00
  0.000000E+00
  0.000000E+00
  0.000000E+00
  0.000000E+00
  0.000000E+00
  0.000000E+00
  0.000000E+00
  0.000000E+00
  0.000000E+00
  0.000000E+00
  0.000000E+00
  0.000000E+00
  0.000000E+00
  0.000000E+00
  0.000000E+00
  0.000000E+00
  0.000000E+00
  0.000000E+00
  0.000000E+00
  0.000000E+00
  0.000000E+00
  0.000000E+00
  0.000000E+00
  0.000000E+00
  0.000000E+00
  0.000000E+00
  0.000000E+00
  0.000000E+00
  0.000000E+00
  0.000000E+00
  0.000000E+00
  0.000000E+00
  0.000000E+00
  0.000000E+00
  0.000000E+00
  0.000000E+00
  0.000000E+00
  0.000000E+00
  0.000000E+00
  0.000000E+00
  0.000000E+00
  0.000000E+00
  0.000000E+00
  0.000000E+00
  0.000000E+00
  0.000000E+00
  0.000000E+00
  0.000000E+00
  0.000000E+00
  0.000000E+00
  0.000000E+00
  0.000000E+00
  0.000000E+00
  0.000000E+00
  0.000000E+00
  0.000000E+00
  0.000000E+00
  0.000000E+00
  0.000000E+00
  0.000000E+00
  0.000000E+00
  0.000000E+00
  0.000000E+00
  0.000000E+00
  0.000000E+00
  0.000000E+00
  0.000000E+00
  0.000000E+00
  0.000000E+00
  0.000000E+00
  0.000000E+00
  0.000000E+00
  0.000000E+00
  0.000000E+00
  0.000000E+00
  0.000000E+00
  0.000000E+00
  0.000000E+00
  0.000000E+00
  0.000000E+00
  0.000000E+00
  0.000000E+00
  0.000000E+00
  0.000000E+00
  0.000000E+00
  0.000000E+00
  0.000000E+00
  0.000000E+00
  0.000000E+00
  0.000000E+00
  0.000000E+00
  0.000000E+00
  0.000000E+00
  0.000000E+00
  0.000000E+00
  0.000000E+00
  0.000000E+00
  0.000000E+00
  0.000000E+00
  0.000000E+00
  0.000000E+00
  0.000000E+00
  0.000000E+00
  0.000000E+00
  0.000000E+00
  0.000000E+00
  0.000000E+00
  0.000000E+00
  0.000000E+00
  0.000000E+00
  0.000000E+00
  0.000000E+00
  0.000000E+00
  0.000000E+00
  0.000000E+00
  0.000000E+00
  0.000000E+00
  0.000000E+00
  0.000000E+00
  0.000000E+00
  0.000000E+00
  0.000000E+00
  0.000000E+00
  0.000000E+00
  0.000000E+00
  0.000000E+00
  0.000000E+00
  0.000000E+00
  0.000000E+00
  0.000000E+00
  0.000000E+00
  0.000000E+00
  0.000000E+00
  0.000000E+00
  0.000000E+00
  0.000000E+00
  0.000000E+00
  0.000000E+00
  0.000000E+00
  0.000000E+00
  0.000000E+00
  0.000000E+00
  0.000000E+00
  0.000000E+00
  0.000000E+00
  0.000000E+00
  0.000000E+00
  0.000000E+00
  0.000000E+00
  0.000000E+00
  0.000000E+00
  0.000000E+00
  0.000000E+00
  0.000000E+00
  0.000000E+00
  0.000000E+00
  0.000000E+00
  0.000000E+00
  0.000000E+00
  0.000000E+00
  0.000000E+00
  0.000000E+00
  0.000000E+00
  0.000000E+00
  0.000000E+00
  0.000000E+00
  0.000000E+00
  0.000000E+00
  0.000000E+00
  0.000000E+00
  0.000000E+00
  0.000000E+00
  0.000000E+00
  0.000000E+00
  0.000000E+00
  0.000000E+00
  0.000000E+00
  0.000000E+00
  0.000000E+00
  0.000000E+00
  0.000000E+00
  0.000000E+00
  0.000000E+00
  0.000000E+00
  0.000000E+00
  0.000000E+00
  0.000000E+00
  0.000000E+00
  0.000000E+00
  0.000000E+00
  0.000000E+00
  0.000000E+00
  0.000000E+00
  0.000000E+00
  0.000000E+00
  0.000000E+00
  0.000000E+00
  0.000000E+00
  0.000000E+00
  0.000000E+00
  0.000000E+00
  0.000000E+00
  0.000000E+00
  0.000000E+00
  0.000000E+00
  0.000000E+00
  0.000000E+00
  0.000000E+00
  0.000000E+00
  0.000000E+00
  0.000000E+00
  0.000000E+00
  0.000000E+00
  0.000000E+00
  0.000000E+00
  0.000000E+00
  0.000000E+00
  0.000000E+00
  0.000000E+00
  0.000000E+00
  0.000000E+00
  0.000000E+00
  0.000000E+00
  0.000000E+00
  0.000000E+00
  0.000000E+00
  0.000000E+00
  0.000000E+00
  0.000000E+00
  0.000000E+00
  0.000000E+00
  0.000000E+00
  0.000000E+00
  0.000000E+00
  0.000000E+00
  0.000000E+00
  0.000000E+00
  0.000000E+00
  0.000000E+00
  0.000000E+00
  0.000000E+00
  0.000000E+00
  0.000000E+00
  0.000000E+00
  0.000000E+00
  0.000000E+00
  0.000000E+00
  0.000000E+00
  0.000000E+00
  0.000000E+00
  0.000000E+00
  0.000000E+00
  0.000000E+00
  0.000000E+00
  0.000000E+00
  0.000000E+00
  0.000000E+00
  1.000000E-08
  1.690972E-02
  3.381945E-02
  5.072917E-02
  6.763890E-02
  8.454862E-02
  1.014583E-01
  1.183681E-01
  1.352778E-01
  1.521875E-01
  1.690972E-01
  1.860070E-01
  2.029167E-01
  2.198264E-01
  2.367361E-01
  2.536459E-01
  2.705556E-01
  2.874653E-01
  3.043750E-01
  3.212848E-01
  3.381945E-01
  3.551042E-01
  3.720139E-01
  3.889237E-01
  4.058334E-01
  4.227431E-01
  4.396528E-01
  4.565626E-01
  4.734723E-01
  4.903820E-01
  5.072917E-01
  5.242015E-01
  5.411112E-01
  5.580209E-01
  5.749306E-01
  5.918404E-01
  6.087501E-01
  6.256598E-01
  6.425695E-01
  6.594792E-01
  6.763890E-01
  6.932987E-01
  7.102084E-01
  7.271181E-01
  7.440279E-01
  7.609376E-01
  7.778473E-01
  7.947570E-01
  8.116668E-01
  8.285765E-01
  8.454862E-01
  8.623959E-01
  8.793057E-01
  8.962154E-01
  9.131251E-01
  9.300348E-01
  9.469446E-01
  9.638543E-01
  9.807640E-01
  9.976737E-01
  1.014583E+00
  1.031493E+00
  1.048403E+00
  1.065313E+00
  1.082222E+00
  1.099132E+00
  1.116042E+00
  1.132952E+00
  1.149861E+00
  1.166771E+00
  1.183681E+00
  1.200590E+00
  1.217500E+00
  1.234410E+00
  1.251320E+00
  1.268229E+00
  1.285139E+00
  1.302049E+00
  1.318958E+00
  1.335868E+00
  1.352778E+00
  1.369688E+00
  1.386597E+00
  1.403507E+00
  1.420417E+00
  1.437327E+00
  1.454236E+00
  1.471146E+00
  1.488056E+00
  1.504965E+00
  1.521875E+00
  1.538785E+00
  1.555695E+00
  1.572604E+00
  1.589514E+00
  1.606424E+00
  1.623334E+00
  1.640243E+00
  1.657153E+00
  1.674063E+00
  1.690972E+00
  1.707882E+00
  1.724792E+00
  1.741702E+00
  1.758611E+00
  1.775521E+00
  1.792431E+00
  1.809341E+00
  1.826250E+00
  1.843160E+00
  1.860070E+00
  1.876979E+00
  1.893889E+00
  1.910799E+00
  1.927709E+00
  1.944618E+00
  1.961528E+00
  1.978438E+00
  1.995347E+00
  2.012257E+00
  2.029167E+00
  2.046077E+00
  2.062986E+00
  2.079896E+00
  2.096806E+00
  2.113716E+00
  2.130625E+00
  2.147535E+00
  2.164445E+00
  2.181354E+00
  2.198264E+00
  2.215174E+00
  2.232084E+00
  2.248993E+00
  2.265903E+00
  2.282813E+00
  2.299723E+00
  2.316632E+00
  2.333542E+00
  2.350452E+00
  2.367361E+00
  2.384271E+00
  2.401181E+00
  2.418091E+00
  2.435000E+00
  2.451910E+00
  2.468820E+00
  2.485729E+00
  2.502639E+00
  2.519549E+00
  1.101277E+04
  1.101118E+04
  1.100959E+04
  1.100800E+04
  1.100640E+04
  1.100481E+04
  1.100322E+04
  1.100163E+04
  1.100004E+04
  1.099562E+04
  1.099108E+04
  1.098653E+04
  1.098198E+04
  1.097744E+04
  1.097289E+04
  1.096834E+04
  1.096296E+04
  1.095578E+04
  1.094859E+04
  1.094140E+04
  1.093421E+04
  1.092703E+04
  1.091984E+04
  1.091249E+04
  1.090235E+04
  1.089221E+04
  1.088208E+04
  1.087194E+04
  1.086180E+04
  1.085166E+04
  1.084101E+04
  1.082761E+04
  1.081421E+04
  1.080081E+04
  1.078742E+04
  1.077402E+04
  1.076062E+04
  1.074513E+04
  1.072829E+04
  1.071145E+04
  1.069461E+04
  1.067777E+04
  1.066093E+04
  1.064273E+04
  1.062233E+04
  1.060193E+04
  1.058153E+04
  1.056113E+04
  1.054073E+04
  1.051859E+04
  1.049451E+04
  1.047043E+04
  1.044634E+04
  1.042226E+04
  1.039818E+04
  1.037088E+04
  1.034302E+04
  1.031517E+04
  1.028732E+04
  1.025947E+04
  1.022969E+04
  1.019810E+04
  1.016651E+04
  1.013492E+04
  1.010334E+04
  1.007011E+04
  1.003485E+04
  9.999591E+03
  9.964335E+03
  9.929081E+03
  9.891518E+03
  9.852607E+03
  9.813698E+03
  9.774792E+03
  9.735685E+03
  9.693163E+03
  9.650644E+03
  9.608127E+03
  9.565611E+03
  9.520562E+03
  9.474477E+03
  9.428394E+03
  9.382314E+03
  9.334188E+03
  9.284585E+03
  9.234985E+03
  9.185389E+03
  9.133613E+03
  9.080706E+03
  9.027803E+03
  8.974905E+03
  8.919196E+03
  8.863286E+03
  8.807383E+03
  8.750317E+03
  8.691440E+03
  8.632577E+03
  8.573645E+03
  8.511740E+03
  8.449865E+03
  8.388020E+03
  8.323815E+03
  8.259176E+03
  8.194583E+03
  8.127581E+03
  8.060011E+03
  7.992498E+03
  7.921523E+03
  7.850273E+03
  7.778299E+03
  7.702670E+03
  7.627095E+03
  7.548829E+03
  7.468557E+03
  7.387842E+03
  7.302772E+03
  7.217737E+03
  7.129150E+03
  7.039402E+03
  6.947328E+03
  6.853101E+03
  6.757164E+03
  6.658645E+03
  6.558554E+03
  6.455951E+03
  6.351585E+03
  6.245254E+03
  6.136718E+03
  6.027031E+03
  5.914528E+03
  5.801038E+03
  5.685630E+03
  5.568445E+03
  5.450030E+03
  5.329883E+03
  5.207741E+03
  5.083956E+03
  4.958345E+03
  4.830807E+03
  4.701975E+03
  4.576149E+03
  4.462457E+03
  4.376011E+03
  4.343346E+03
  4.423411E+03
  4.582162E+03
  4.373202E+03
  4.565560E+03
  1.310295E+03
  2.249695E-03
  6.077105E+02
  6.076328E+02
  6.075552E+02
  6.074776E+02
  6.074000E+02
  6.073224E+02
  6.072447E+02
  6.071671E+02
  6.070895E+02
  6.069723E+02
  6.068533E+02
  6.067343E+02
  6.066153E+02
  6.064963E+02
  6.063773E+02
  6.062583E+02
  6.061637E+02
  6.061221E+02
  6.060806E+02
  6.060390E+02
  6.059975E+02
  6.059559E+02
  6.059144E+02
  6.058737E+02
  6.058476E+02
  6.058215E+02
  6.057954E+02
  6.057693E+02
  6.057433E+02
  6.057172E+02
  6.056833E+02
  6.056083E+02
  6.055332E+02
  6.054582E+02
  6.053831E+02
  6.053081E+02
  6.052331E+02
  6.051250E+02
  6.049954E+02
  6.048659E+02
  6.047365E+02
  6.046071E+02
  6.044777E+02
  6.043352E+02
  6.041717E+02
  6.040082E+02
  6.038448E+02
  6.036815E+02
  6.035183E+02
  6.033367E+02
  6.031346E+02
  6.029326E+02
  6.027308E+02
  6.025292E+02
  6.023278E+02
  6.020590E+02
  6.017789E+02
  6.014991E+02
  6.012197E+02
  6.009406E+02
  6.005958E+02
  6.001896E+02
  5.997839E+02
  5.993785E+02
  5.989736E+02
  5.984730E+02
  5.978540E+02
  5.972353E+02
  5.966170E+02
  5.959991E+02
  5.951670E+02
  5.942099E+02
  5.932530E+02
  5.922962E+02
  5.913157E+02
  5.899318E+02
  5.885477E+02
  5.871636E+02
  5.857793E+02
  5.840369E+02
  5.821477E+02
  5.802582E+02
  5.783687E+02
  5.761304E+02
  5.736401E+02
  5.711496E+02
  5.686589E+02
  5.657627E+02
  5.626556E+02
  5.595486E+02
  5.564417E+02
  5.527961E+02
  5.491118E+02
  5.454286E+02
  5.414819E+02
  5.371254E+02
  5.327726E+02
  5.284032E+02
  5.233245E+02
  5.182538E+02
  5.131910E+02
  5.077838E+02
  5.023170E+02
  4.968616E+02
  4.914258E+02
  4.860042E+02
  4.805944E+02
  4.754530E+02
  4.703460E+02
  4.653280E+02
  4.606941E+02
  4.560669E+02
  4.517800E+02
  4.477474E+02
  4.437826E+02
  4.404029E+02
  4.370243E+02
  4.341298E+02
  4.313955E+02
  4.289722E+02
  4.268362E+02
  4.248861E+02
  4.232157E+02
  4.216526E+02
  4.202611E+02
  4.189481E+02
  4.177234E+02
  4.165874E+02
  4.155007E+02
  4.145659E+02
  4.137168E+02
  4.130430E+02
  4.126380E+02
  4.124668E+02
  4.126880E+02
  4.134993E+02
  4.148877E+02
  4.170219E+02
  4.201516E+02
  4.250284E+02
  4.326679E+02
  4.451716E+02
  4.660221E+02
  5.011344E+02
  5.620565E+02
  6.478892E+02
  6.945738E+02
  8.062906E+02
  3.466185E+02
  5.009079E-04
  1.969558E+03
  1.969325E+03
  1.969091E+03
  1.968857E+03
  1.968623E+03
  1.968390E+03
  1.968156E+03
  1.967922E+03
  1.967689E+03
  1.967063E+03
  1.966419E+03
  1.965775E+03
  1.965132E+03
  1.964488E+03
  1.963844E+03
  1.963201E+03
  1.962418E+03
  1.961335E+03
  1.960252E+03
  1.959168E+03
  1.958085E+03
  1.957001E+03
  1.955918E+03
  1.954797E+03
  1.953042E+03
  1.951287E+03
  1.949532E+03
  1.947777E+03
  1.946022E+03
  1.944267E+03
  1.942373E+03
  1.939748E+03
  1.937123E+03
  1.934497E+03
  1.931872E+03
  1.929247E+03
  1.926621E+03
  1.923390E+03
  1.919767E+03
  1.916144E+03
  1.912520E+03
  1.908897E+03
  1.905274E+03
  1.901235E+03
  1.896527E+03
  1.891820E+03
  1.887112E+03
  1.882404E+03
  1.877697E+03
  1.872459E+03
  1.866623E+03
  1.860788E+03
  1.854952E+03
  1.849117E+03
  1.843282E+03
  1.836542E+03
  1.829647E+03
  1.822752E+03
  1.815858E+03
  1.808963E+03
  1.801629E+03
  1.793883E+03
  1.786137E+03
  1.778393E+03
  1.770648E+03
  1.762622E+03
  1.754248E+03
  1.745874E+03
  1.737501E+03
  1.729128E+03
  1.720514E+03
  1.711759E+03
  1.703004E+03
  1.694250E+03
  1.685497E+03
  1.676757E+03
  1.668018E+03
  1.659279E+03
  1.650541E+03
  1.641990E+03
  1.633517E+03
  1.625044E+03
  1.616572E+03
  1.608188E+03
  1.599868E+03
  1.591549E+03
  1.583231E+03
  1.574997E+03
  1.566808E+03
  1.558621E+03
  1.550435E+03
  1.542520E+03
  1.534627E+03
  1.526737E+03
  1.518873E+03
  1.511048E+03
  1.503228E+03
  1.495400E+03
  1.487067E+03
  1.478746E+03
  1.470436E+03
  1.461480E+03
  1.452378E+03
  1.443325E+03
  1.433488E+03
  1.423469E+03
  1.413473E+03
  1.402058E+03
  1.390530E+03
  1.378660E+03
  1.365082E+03
  1.351524E+03
  1.336676E+03
  1.320863E+03
  1.304840E+03
  1.286780E+03
  1.268731E+03
  1.249093E+03
  1.228932E+03
  1.207845E+03
  1.185900E+03
  1.163443E+03
  1.140213E+03
  1.116692E+03
  1.092706E+03
  1.068604E+03
  1.044373E+03
  1.020311E+03
  9.963412E+02
  9.730836E+02
  9.502486E+02
  9.283122E+02
  9.076344E+02
  8.879475E+02
  8.698390E+02
  8.537492E+02
  8.393680E+02
  8.270038E+02
  8.170874E+02
  8.112391E+02
  8.120995E+02
  8.256833E+02
  8.624638E+02
  9.388460E+02
  1.080686E+03
  1.274785E+03
  1.342459E+03
  1.414079E+03
 -7.889810E+01
  2.821972E-09
  1.237088E+00
  1.236910E+00
  1.236731E+00
  1.236552E+00
  1.236373E+00
  1.236195E+00
  1.236016E+00
  1.235837E+00
  1.235659E+00
  1.235162E+00
  1.234652E+00
  1.234141E+00
  1.233630E+00
  1.233119E+00
  1.232609E+00
  1.232098E+00
  1.231494E+00
  1.230686E+00
  1.229879E+00
  1.229072E+00
  1.228264E+00
  1.227457E+00
  1.226649E+00
  1.225824E+00
  1.224685E+00
  1.223546E+00
  1.222407E+00
  1.221269E+00
  1.220130E+00
  1.218991E+00
  1.217794E+00
  1.216289E+00
  1.214784E+00
  1.213279E+00
  1.211774E+00
  1.210269E+00
  1.208764E+00
  1.207024E+00
  1.205133E+00
  1.203241E+00
  1.201349E+00
  1.199457E+00
  1.197566E+00
  1.195521E+00
  1.193229E+00
  1.190938E+00
  1.188646E+00
  1.186354E+00
  1.184063E+00
  1.181577E+00
  1.178871E+00
  1.176166E+00
  1.173461E+00
  1.170755E+00
  1.168050E+00
  1.164984E+00
  1.161855E+00
  1.158726E+00
  1.155597E+00
  1.152469E+00
  1.149123E+00
  1.145575E+00
  1.142026E+00
  1.138478E+00
  1.134930E+00
  1.131198E+00
  1.127237E+00
  1.123276E+00
  1.119316E+00
  1.115355E+00
  1.111136E+00
  1.106765E+00
  1.102394E+00
  1.098024E+00
  1.093631E+00
  1.088854E+00
  1.084078E+00
  1.079302E+00
  1.074526E+00
  1.069466E+00
  1.064289E+00
  1.059112E+00
  1.053936E+00
  1.048530E+00
  1.042958E+00
  1.037386E+00
  1.031815E+00
  1.025999E+00
  1.020056E+00
  1.014113E+00
  1.008171E+00
  1.001913E+00
  9.956323E-01
  9.893526E-01
  9.829423E-01
  9.763285E-01
  9.697163E-01
  9.630963E-01
  9.561424E-01
  9.491918E-01
  9.422446E-01
  9.350324E-01
  9.277713E-01
  9.205154E-01
  9.129890E-01
  9.053987E-01
  8.978148E-01
  8.898420E-01
  8.818384E-01
  8.737533E-01
  8.652578E-01
  8.567683E-01
  8.479765E-01
  8.389593E-01
  8.298925E-01
  8.203363E-01
  8.107842E-01
  8.008330E-01
  7.907515E-01
  7.804085E-01
  7.698239E-01
  7.590470E-01
  7.479802E-01
  7.367367E-01
  7.252111E-01
  7.134875E-01
  7.015431E-01
  6.893510E-01
  6.770295E-01
  6.643919E-01
  6.516433E-01
  6.386792E-01
  6.255156E-01
  6.122138E-01
  5.987174E-01
  5.849969E-01
  5.710919E-01
  5.569818E-01
  5.426551E-01
  5.281832E-01
  5.140489E-01
  5.012776E-01
  4.915669E-01
  4.878975E-01
  4.968914E-01
  5.147243E-01
  4.912513E-01
  5.128594E-01
  1.471883E-01
  2.527132E-07
  1.109991E+00
  1.109849E+00
  1.109707E+00
  1.109566E+00
  1.109424E+00
  1.109282E+00
  1.109140E+00
  1.108999E+00
  1.108857E+00
  1.108643E+00
  1.108425E+00
  1.108208E+00
  1.107991E+00
  1.107773E+00
  1.107556E+00
  1.107339E+00
  1.107166E+00
  1.107090E+00
  1.107014E+00
  1.106938E+00
  1.106862E+00
  1.106786E+00
  1.106710E+00
  1.106636E+00
  1.106588E+00
  1.106541E+00
  1.106493E+00
  1.106445E+00
  1.106398E+00
  1.106350E+00
  1.106288E+00
  1.106151E+00
  1.106014E+00
  1.105877E+00
  1.105740E+00
  1.105603E+00
  1.105466E+00
  1.105269E+00
  1.105032E+00
  1.104795E+00
  1.104559E+00
  1.104323E+00
  1.104086E+00
  1.103826E+00
  1.103527E+00
  1.103229E+00
  1.102930E+00
  1.102632E+00
  1.102334E+00
  1.102002E+00
  1.101633E+00
  1.101264E+00
  1.100895E+00
  1.100527E+00
  1.100159E+00
  1.099668E+00
  1.099157E+00
  1.098646E+00
  1.098136E+00
  1.097626E+00
  1.096996E+00
  1.096254E+00
  1.095513E+00
  1.094773E+00
  1.094033E+00
  1.093119E+00
  1.091988E+00
  1.090858E+00
  1.089729E+00
  1.088600E+00
  1.087080E+00
  1.085332E+00
  1.083584E+00
  1.081837E+00
  1.080046E+00
  1.077518E+00
  1.074990E+00
  1.072462E+00
  1.069933E+00
  1.066751E+00
  1.063300E+00
  1.059849E+00
  1.056398E+00
  1.052310E+00
  1.047761E+00
  1.043212E+00
  1.038663E+00
  1.033373E+00
  1.027698E+00
  1.022023E+00
  1.016348E+00
  1.009689E+00
  1.002960E+00
  9.962324E-01
  9.890237E-01
  9.810664E-01
  9.731159E-01
  9.651352E-01
  9.558589E-01
  9.465972E-01
  9.373500E-01
  9.274735E-01
  9.174884E-01
  9.075241E-01
  8.975955E-01
  8.876929E-01
  8.778119E-01
  8.684210E-01
  8.590930E-01
  8.499276E-01
  8.414637E-01
  8.330121E-01
  8.251820E-01
  8.178163E-01
  8.105747E-01
  8.044015E-01
  7.982305E-01
  7.929437E-01
  7.879494E-01
  7.835233E-01
  7.796218E-01
  7.760599E-01
  7.730088E-01
  7.701539E-01
  7.676123E-01
  7.652140E-01
  7.629771E-01
  7.609023E-01
  7.589174E-01
  7.572100E-01
  7.556590E-01
  7.544284E-01
  7.536886E-01
  7.533758E-01
  7.537799E-01
  7.552618E-01
  7.577978E-01
  7.616959E-01
  7.674123E-01
  7.763199E-01
  7.902735E-01
  8.131117E-01
  8.511953E-01
  9.153284E-01
  1.026603E+00
  1.183378E+00
  1.268648E+00
  1.472700E+00
  6.331031E-01
  9.149147E-07
  1.247672E+00
  1.247524E+00
  1.247376E+00
  1.247227E+00
  1.247079E+00
  1.246931E+00
  1.246783E+00
  1.246635E+00
  1.246487E+00
  1.246091E+00
  1.245683E+00
  1.245275E+00
  1.244867E+00
  1.244460E+00
  1.244052E+00
  1.243644E+00
  1.243149E+00
  1.242462E+00
  1.241776E+00
  1.241090E+00
  1.240403E+00
  1.239717E+00
  1.239031E+00
  1.238321E+00
  1.237209E+00
  1.236097E+00
  1.234986E+00
  1.233874E+00
  1.232762E+00
  1.231650E+00
  1.230451E+00
  1.228788E+00
  1.227124E+00
  1.225461E+00
  1.223798E+00
  1.222135E+00
  1.220472E+00
  1.218425E+00
  1.216130E+00
  1.213835E+00
  1.211539E+00
  1.209244E+00
  1.206949E+00
  1.204390E+00
  1.201408E+00
  1.198426E+00
  1.195444E+00
  1.192462E+00
  1.189479E+00
  1.186161E+00
  1.182464E+00
  1.178768E+00
  1.175071E+00
  1.171375E+00
  1.167678E+00
  1.163409E+00
  1.159041E+00
  1.154673E+00
  1.150306E+00
  1.145938E+00
  1.141292E+00
  1.136385E+00
  1.131479E+00
  1.126572E+00
  1.121666E+00
  1.116582E+00
  1.111277E+00
  1.105973E+00
  1.100668E+00
  1.095364E+00
  1.089908E+00
  1.084361E+00
  1.078815E+00
  1.073270E+00
  1.067725E+00
  1.062189E+00
  1.056653E+00
  1.051117E+00
  1.045581E+00
  1.040165E+00
  1.034797E+00
  1.029430E+00
  1.024062E+00
  1.018751E+00
  1.013481E+00
  1.008211E+00
  1.002942E+00
  9.977258E-01
  9.925383E-01
  9.873517E-01
  9.821661E-01
  9.771520E-01
  9.721523E-01
  9.671543E-01
  9.621722E-01
  9.572153E-01
  9.522619E-01
  9.473029E-01
  9.420241E-01
  9.367528E-01
  9.314889E-01
  9.258150E-01
  9.200495E-01
  9.143147E-01
  9.080831E-01
  9.017363E-01
  8.954036E-01
  8.881726E-01
  8.808699E-01
  8.733504E-01
  8.647491E-01
  8.561607E-01
  8.467547E-01
  8.367377E-01
  8.265870E-01
  8.151465E-01
  8.037130E-01
  7.912728E-01
  7.785011E-01
  7.651429E-01
  7.512415E-01
  7.370152E-01
  7.222996E-01
  7.073995E-01
  6.922051E-01
  6.769370E-01
  6.615869E-01
  6.463445E-01
  6.311601E-01
  6.164270E-01
  6.019615E-01
  5.880652E-01
  5.749663E-01
  5.624951E-01
  5.510238E-01
  5.408312E-01
  5.317210E-01
  5.238886E-01
  5.176068E-01
  5.139020E-01
  5.144471E-01
  5.230521E-01
  5.463517E-01
  5.947381E-01
  6.845910E-01
  8.075481E-01
  8.504178E-01
  8.957879E-01
 -4.998020E-02
  1.787657E-12
  9.750776E-01
  9.749367E-01
  9.747959E-01
  9.746550E-01
  9.745141E-01
  9.743733E-01
  9.742324E-01
  9.740916E-01
  9.739507E-01
  9.735596E-01
  9.731570E-01
  9.727545E-01
  9.723519E-01
  9.719494E-01
  9.715468E-01
  9.711442E-01
  9.706680E-01
  9.700316E-01
  9.693952E-01
  9.687588E-01
  9.681224E-01
  9.674860E-01
  9.668496E-01
  9.661988E-01
  9.653012E-01
  9.644036E-01
  9.635060E-01
  9.626084E-01
  9.617108E-01
  9.608133E-01
  9.598698E-01
  9.586835E-01
  9.574971E-01
  9.563108E-01
  9.551245E-01
  9.539382E-01
  9.527519E-01
  9.513805E-01
  9.498894E-01
  9.483983E-01
  9.469072E-01
  9.454161E-01
  9.439251E-01
  9.423131E-01
  9.405067E-01
  9.387003E-01
  9.368939E-01
  9.350876E-01
  9.332813E-01
  9.313215E-01
  9.291889E-01
  9.270564E-01
  9.249239E-01
  9.227916E-01
  9.206593E-01
  9.182418E-01
  9.157753E-01
  9.133090E-01
  9.108429E-01
  9.083768E-01
  9.057396E-01
  9.029424E-01
  9.001454E-01
  8.973485E-01
  8.945519E-01
  8.916096E-01
  8.884873E-01
  8.853653E-01
  8.822434E-01
  8.791218E-01
  8.757957E-01
  8.723502E-01
  8.689050E-01
  8.654599E-01
  8.619972E-01
  8.582321E-01
  8.544671E-01
  8.507024E-01
  8.469378E-01
  8.429489E-01
  8.388683E-01
  8.347879E-01
  8.307078E-01
  8.264466E-01
  8.220547E-01
  8.176631E-01
  8.132719E-01
  8.086878E-01
  8.040037E-01
  7.993200E-01
  7.946367E-01
  7.897048E-01
  7.847552E-01
  7.798061E-01
  7.747543E-01
  7.695421E-01
  7.643313E-01
  7.591141E-01
  7.536339E-01
  7.481562E-01
  7.426809E-01
  7.369966E-01
  7.312733E-01
  7.255536E-01
  7.196205E-01
  7.136368E-01
  7.076578E-01
  7.013723E-01
  6.950623E-01
  6.886880E-01
  6.819903E-01
  6.752973E-01
  6.683663E-01
  6.612578E-01
  6.541103E-01
  6.465776E-01
  6.390482E-01
  6.312048E-01
  6.232589E-01
  6.151073E-01
  6.067654E-01
  5.982723E-01
  5.895509E-01
  5.806902E-01
  5.716073E-01
  5.623682E-01
  5.529551E-01
  5.433465E-01
  5.336358E-01
  5.236756E-01
  5.136278E-01
  5.034098E-01
  4.930339E-01
  4.825487E-01
  4.719099E-01
  4.610941E-01
  4.501325E-01
  4.390091E-01
  4.277147E-01
  4.163057E-01
  4.051625E-01
  3.950934E-01
  3.874364E-01
  3.845407E-01
  3.916253E-01
  4.056758E-01
  3.871710E-01
  4.041958E-01
  1.351390E-01
  3.991147E-02
  5.380707E-02
  5.380020E-02
  5.379333E-02
  5.378646E-02
  5.377959E-02
  5.377272E-02
  5.376584E-02
  5.375897E-02
  5.375210E-02
  5.374173E-02
  5.373119E-02
  5.372065E-02
  5.371011E-02
  5.369958E-02
  5.368904E-02
  5.367850E-02
  5.367013E-02
  5.366645E-02
  5.366277E-02
  5.365909E-02
  5.365541E-02
  5.365173E-02
  5.364805E-02
  5.364445E-02
  5.364214E-02
  5.363983E-02
  5.363752E-02
  5.363521E-02
  5.363290E-02
  5.363059E-02
  5.362759E-02
  5.362094E-02
  5.361429E-02
  5.360764E-02
  5.360100E-02
  5.359435E-02
  5.358771E-02
  5.357813E-02
  5.356666E-02
  5.355519E-02
  5.354372E-02
  5.353226E-02
  5.352080E-02
  5.350818E-02
  5.349369E-02
  5.347921E-02
  5.346474E-02
  5.345028E-02
  5.343582E-02
  5.341974E-02
  5.340183E-02
  5.338393E-02
  5.336605E-02
  5.334820E-02
  5.333035E-02
  5.330654E-02
  5.328173E-02
  5.325695E-02
  5.323220E-02
  5.320748E-02
  5.317693E-02
  5.314096E-02
  5.310502E-02
  5.306912E-02
  5.303326E-02
  5.298892E-02
  5.293409E-02
  5.287930E-02
  5.282454E-02
  5.276981E-02
  5.269613E-02
  5.261137E-02
  5.252663E-02
  5.244190E-02
  5.235507E-02
  5.223252E-02
  5.210996E-02
  5.198739E-02
  5.186482E-02
  5.171053E-02
  5.154324E-02
  5.137594E-02
  5.120862E-02
  5.101044E-02
  5.078994E-02
  5.056943E-02
  5.034891E-02
  5.009249E-02
  4.981740E-02
  4.954232E-02
  4.926726E-02
  4.894452E-02
  4.861835E-02
  4.829228E-02
  4.794288E-02
  4.755721E-02
  4.717186E-02
  4.678504E-02
  4.633542E-02
  4.588651E-02
  4.543828E-02
  4.495954E-02
  4.447550E-02
  4.399245E-02
  4.351111E-02
  4.303102E-02
  4.255196E-02
  4.209665E-02
  4.164438E-02
  4.119999E-02
  4.078961E-02
  4.037982E-02
  4.000018E-02
  3.964306E-02
  3.929196E-02
  3.899268E-02
  3.869351E-02
  3.843724E-02
  3.819516E-02
  3.798064E-02
  3.779157E-02
  3.761898E-02
  3.747116E-02
  3.733286E-02
  3.720975E-02
  3.709358E-02
  3.698524E-02
  3.688475E-02
  3.678861E-02
  3.670590E-02
  3.663076E-02
  3.657113E-02
  3.653525E-02
  3.652004E-02
  3.653955E-02
  3.661129E-02
  3.673409E-02
  3.692289E-02
  3.719980E-02
  3.763137E-02
  3.830749E-02
  3.941424E-02
  4.125993E-02
  4.436823E-02
  4.976149E-02
  5.736002E-02
  6.149244E-02
  7.138210E-02
  3.574895E-02
  8.886523E-03
  1.743860E-01
  1.743653E-01
  1.743446E-01
  1.743239E-01
  1.743032E-01
  1.742825E-01
  1.742618E-01
  1.742411E-01
  1.742204E-01
  1.741650E-01
  1.741080E-01
  1.740510E-01
  1.739940E-01
  1.739370E-01
  1.738801E-01
  1.738231E-01
  1.737538E-01
  1.736579E-01
  1.735620E-01
  1.734660E-01
  1.733701E-01
  1.732742E-01
  1.731783E-01
  1.730790E-01
  1.729236E-01
  1.727682E-01
  1.726128E-01
  1.724574E-01
  1.723020E-01
  1.721466E-01
  1.719790E-01
  1.717465E-01
  1.715141E-01
  1.712816E-01
  1.710491E-01
  1.708167E-01
  1.705842E-01
  1.702981E-01
  1.699773E-01
  1.696565E-01
  1.693357E-01
  1.690149E-01
  1.686941E-01
  1.683364E-01
  1.679196E-01
  1.675028E-01
  1.670859E-01
  1.666691E-01
  1.662522E-01
  1.657884E-01
  1.652717E-01
  1.647550E-01
  1.642383E-01
  1.637216E-01
  1.632050E-01
  1.626082E-01
  1.619977E-01
  1.613871E-01
  1.607767E-01
  1.601662E-01
  1.595168E-01
  1.588309E-01
  1.581451E-01
  1.574593E-01
  1.567736E-01
  1.560629E-01
  1.553214E-01
  1.545799E-01
  1.538385E-01
  1.530972E-01
  1.523344E-01
  1.515592E-01
  1.507840E-01
  1.500089E-01
  1.492338E-01
  1.484600E-01
  1.476862E-01
  1.469124E-01
  1.461387E-01
  1.453815E-01
  1.446313E-01
  1.438811E-01
  1.431309E-01
  1.423885E-01
  1.416519E-01
  1.409153E-01
  1.401788E-01
  1.394499E-01
  1.387249E-01
  1.380000E-01
  1.372752E-01
  1.365746E-01
  1.358759E-01
  1.351774E-01
  1.344812E-01
  1.337885E-01
  1.330963E-01
  1.324033E-01
  1.316657E-01
  1.309291E-01
  1.301934E-01
  1.294005E-01
  1.285946E-01
  1.277930E-01
  1.269218E-01
  1.260346E-01
  1.251492E-01
  1.241383E-01
  1.231174E-01
  1.220661E-01
  1.208636E-01
  1.196629E-01
  1.183480E-01
  1.169478E-01
  1.155289E-01
  1.139298E-01
  1.123316E-01
  1.105929E-01
  1.088079E-01
  1.069410E-01
  1.049982E-01
  1.030100E-01
  1.009535E-01
  9.887119E-02
  9.674775E-02
  9.461400E-02
  9.246879E-02
  9.033858E-02
  8.821647E-02
  8.615738E-02
  8.413565E-02
  8.219344E-02
  8.036257E-02
  7.861937E-02
  7.701588E-02
  7.559107E-02
  7.431749E-02
  7.322245E-02
  7.234410E-02
  7.182587E-02
  7.190156E-02
  7.310367E-02
  7.635946E-02
  8.312129E-02
  9.567824E-02
  1.128614E-01
  1.188514E-01
  1.251905E-01
 -8.137259E-03
  5.006414E-08
  9.752684E-01
  9.751275E-01
  9.749866E-01
  9.748458E-01
  9.747049E-01
  9.745641E-01
  9.744232E-01
  9.742824E-01
  9.741415E-01
  9.737504E-01
  9.733479E-01
  9.729453E-01
  9.725428E-01
  9.721402E-01
  9.717377E-01
  9.713352E-01
  9.708591E-01
  9.702228E-01
  9.695865E-01
  9.689502E-01
  9.683139E-01
  9.676777E-01
  9.670414E-01
  9.663906E-01
  9.654933E-01
  9.645959E-01
  9.636986E-01
  9.628013E-01
  9.619039E-01
  9.610066E-01
  9.600634E-01
  9.588774E-01
  9.576914E-01
  9.565055E-01
  9.553195E-01
  9.541336E-01
  9.529477E-01
  9.515767E-01
  9.500860E-01
  9.485954E-01
  9.471048E-01
  9.456142E-01
  9.441236E-01
  9.425123E-01
  9.407065E-01
  9.389007E-01
  9.370949E-01
  9.352892E-01
  9.334835E-01
  9.315244E-01
  9.293926E-01
  9.272609E-01
  9.251292E-01
  9.229976E-01
  9.208660E-01
  9.184494E-01
  9.159839E-01
  9.135185E-01
  9.110532E-01
  9.085881E-01
  9.059518E-01
  9.031556E-01
  9.003596E-01
  8.975637E-01
  8.947681E-01
  8.918268E-01
  8.887056E-01
  8.855846E-01
  8.824638E-01
  8.793432E-01
  8.760182E-01
  8.725737E-01
  8.691295E-01
  8.656855E-01
  8.622238E-01
  8.584597E-01
  8.546957E-01
  8.509319E-01
  8.471683E-01
  8.431803E-01
  8.391006E-01
  8.350211E-01
  8.309419E-01
  8.266816E-01
  8.222905E-01
  8.178998E-01
  8.135093E-01
  8.089262E-01
  8.042429E-01
  7.995600E-01
  7.948776E-01
  7.899466E-01
  7.849978E-01
  7.800497E-01
  7.749987E-01
  7.697876E-01
  7.645776E-01
  7.593614E-01
  7.538822E-01
  7.484055E-01
  7.429313E-01
  7.372481E-01
  7.315259E-01
  7.258074E-01
  7.198755E-01
  7.138931E-01
  7.079154E-01
  7.016314E-01
  6.953230E-01
  6.889503E-01
  6.822545E-01
  6.755633E-01
  6.686344E-01
  6.615282E-01
  6.543830E-01
  6.468531E-01
  6.393264E-01
  6.314862E-01
  6.235435E-01
  6.153954E-01
  6.070574E-01
  5.985681E-01
  5.898509E-01
  5.809946E-01
  5.719161E-01
  5.626817E-01
  5.532733E-01
  5.436696E-01
  5.339638E-01
  5.240089E-01
  5.139665E-01
  5.037544E-01
  4.933850E-01
  4.829071E-01
  4.722768E-01
  4.614716E-01
  4.505231E-01
  4.394157E-01
  4.281414E-01
  4.167586E-01
  4.056480E-01
  3.956176E-01
  3.880038E-01
  3.851511E-01
  3.922690E-01
  4.063252E-01
  3.878037E-01
  4.047009E-01
  1.347065E-01
  3.736980E-02
  4.734721E-02
  4.734071E-02
  4.733420E-02
  4.732770E-02
  4.732120E-02
  4.731469E-02
  4.730819E-02
  4.730168E-02
  4.729518E-02
  4.728548E-02
  4.727564E-02
  4.726579E-02
  4.725594E-02
  4.724610E-02
  4.723625E-02
  4.722641E-02
  4.721859E-02
  4.721520E-02
  4.721180E-02
  4.720841E-02
  4.720502E-02
  4.720162E-02
  4.719823E-02
  4.719489E-02
  4.719241E-02
  4.718994E-02
  4.718746E-02
  4.718499E-02
  4.718252E-02
  4.718004E-02
  4.717687E-02
  4.716997E-02
  4.716307E-02
  4.715618E-02
  4.714928E-02
  4.714239E-02
  4.713550E-02
  4.712575E-02
  4.711415E-02
  4.710255E-02
  4.709096E-02
  4.707937E-02
  4.706778E-02
  4.705511E-02
  4.704068E-02
  4.702627E-02
  4.701186E-02
  4.699747E-02
  4.698308E-02
  4.696715E-02
  4.694951E-02
  4.693188E-02
  4.691427E-02
  4.689668E-02
  4.687911E-02
  4.685571E-02
  4.683133E-02
  4.680698E-02
  4.678265E-02
  4.675836E-02
  4.672830E-02
  4.669285E-02
  4.665744E-02
  4.662206E-02
  4.658672E-02
  4.654291E-02
  4.648862E-02
  4.643436E-02
  4.638013E-02
  4.632593E-02
  4.625271E-02
  4.616837E-02
  4.608404E-02
  4.599972E-02
  4.591329E-02
  4.579085E-02
  4.566841E-02
  4.554596E-02
  4.542350E-02
  4.526897E-02
  4.510130E-02
  4.493361E-02
  4.476591E-02
  4.456701E-02
  4.434555E-02
  4.412407E-02
  4.390257E-02
  4.364483E-02
  4.336822E-02
  4.309162E-02
  4.281503E-02
  4.249041E-02
  4.216233E-02
  4.183435E-02
  4.148301E-02
  4.109537E-02
  4.070803E-02
  4.031923E-02
  3.986806E-02
  3.941756E-02
  3.896773E-02
  3.848811E-02
  3.800331E-02
  3.751945E-02
  3.703819E-02
  3.655838E-02
  3.607955E-02
  3.562565E-02
  3.517486E-02
  3.473212E-02
  3.432445E-02
  3.391733E-02
  3.354094E-02
  3.318750E-02
  3.284011E-02
  3.254514E-02
  3.225024E-02
  3.199835E-02
  3.176068E-02
  3.155043E-02
  3.136549E-02
  3.119680E-02
  3.105253E-02
  3.091746E-02
  3.079709E-02
  3.068322E-02
  3.057667E-02
  3.047719E-02
  3.038166E-02
  3.029785E-02
  3.022057E-02
  3.015655E-02
  3.011232E-02
  3.008511E-02
  3.008606E-02
  3.012813E-02
  3.020982E-02
  3.034264E-02
  3.054416E-02
  3.087174E-02
  3.141420E-02
  3.235653E-02
  3.401034E-02
  3.691482E-02
  4.212788E-02
  4.963333E-02
  5.376925E-02
  6.370639E-02
  2.908864E-02
  9.395500E-04
  1.748551E-01
  1.748343E-01
  1.748136E-01
  1.747929E-01
  1.747722E-01
  1.747515E-01
  1.747307E-01
  1.747100E-01
  1.746893E-01
  1.746338E-01
  1.745768E-01
  1.745197E-01
  1.744626E-01
  1.744055E-01
  1.743485E-01
  1.742914E-01
  1.742221E-01
  1.741261E-01
  1.740301E-01
  1.739341E-01
  1.738381E-01
  1.737421E-01
  1.736461E-01
  1.735468E-01
  1.733913E-01
  1.732358E-01
  1.730803E-01
  1.729249E-01
  1.727694E-01
  1.726139E-01
  1.724462E-01
  1.722136E-01
  1.719810E-01
  1.717484E-01
  1.715159E-01
  1.712833E-01
  1.710507E-01
  1.707644E-01
  1.704434E-01
  1.701224E-01
  1.698014E-01
  1.694804E-01
  1.691594E-01
  1.688016E-01
  1.683844E-01
  1.679672E-01
  1.675501E-01
  1.671329E-01
  1.667158E-01
  1.662516E-01
  1.657344E-01
  1.652172E-01
  1.647000E-01
  1.641828E-01
  1.636657E-01
  1.630682E-01
  1.624570E-01
  1.618458E-01
  1.612346E-01
  1.606235E-01
  1.599733E-01
  1.592865E-01
  1.585998E-01
  1.579132E-01
  1.572266E-01
  1.565150E-01
  1.557725E-01
  1.550301E-01
  1.542877E-01
  1.535454E-01
  1.527816E-01
  1.520054E-01
  1.512292E-01
  1.504531E-01
  1.496771E-01
  1.489023E-01
  1.481276E-01
  1.473530E-01
  1.465783E-01
  1.458204E-01
  1.450692E-01
  1.443182E-01
  1.435671E-01
  1.428238E-01
  1.420860E-01
  1.413483E-01
  1.406106E-01
  1.398800E-01
  1.391532E-01
  1.384264E-01
  1.376998E-01
  1.369962E-01
  1.362946E-01
  1.355931E-01
  1.348933E-01
  1.341962E-01
  1.334995E-01
  1.328020E-01
  1.320582E-01
  1.313154E-01
  1.305736E-01
  1.297733E-01
  1.289581E-01
  1.281489E-01
  1.272695E-01
  1.263738E-01
  1.254801E-01
  1.244604E-01
  1.234308E-01
  1.223708E-01
  1.211598E-01
  1.199506E-01
  1.186274E-01
  1.172190E-01
  1.157921E-01
  1.141856E-01
  1.125801E-01
  1.108346E-01
  1.090430E-01
  1.071700E-01
  1.052216E-01
  1.032282E-01
  1.011670E-01
  9.908051E-02
  9.695349E-02
  9.481662E-02
  9.266882E-02
  9.053666E-02
  8.841291E-02
  8.635306E-02
  8.433092E-02
  8.238898E-02
  8.056087E-02
  7.881932E-02
  7.721842E-02
  7.579751E-02
  7.452906E-02
  7.344066E-02
  7.257086E-02
  7.206394E-02
  7.215365E-02
  7.337237E-02
  7.664665E-02
  8.342691E-02
  9.599813E-02
  1.131834E-01
  1.191613E-01
  1.254331E-01
 -8.190874E-03
  4.600828E-08
 -1.907878E-04
 -1.907844E-04
 -1.907811E-04
 -1.907778E-04
 -1.907745E-04
 -1.907712E-04
 -1.907679E-04
 -1.907646E-04
 -1.907613E-04
 -1.907871E-04
 -1.908143E-04
 -1.908415E-04
 -1.908687E-04
 -1.908958E-04
 -1.909230E-04
 -1.909502E-04
 -1.910072E-04
 -1.911292E-04
 -1.912511E-04
 -1.913731E-04
 -1.914951E-04
 -1.916170E-04
 -1.917390E-04
 -1.918675E-04
 -1.921084E-04
 -1.923492E-04
 -1.925901E-04
 -1.928309E-04
 -1.930718E-04
 -1.933126E-04
 -1.935725E-04
 -1.939326E-04
 -1.942927E-04
 -1.946528E-04
 -1.950130E-04
 -1.953731E-04
 -1.957332E-04
 -1.961692E-04
 -1.966544E-04
 -1.971395E-04
 -1.976246E-04
 -1.981098E-04
 -1.985949E-04
 -1.991329E-04
 -1.997560E-04
 -2.003791E-04
 -2.010022E-04
 -2.016253E-04
 -2.022484E-04
 -2.029395E-04
 -2.037072E-04
 -2.044749E-04
 -2.052426E-04
 -2.060104E-04
 -2.067783E-04
 -2.076580E-04
 -2.085571E-04
 -2.094562E-04
 -2.103555E-04
 -2.112549E-04
 -2.122053E-04
 -2.132034E-04
 -2.142017E-04
 -2.152002E-04
 -2.161989E-04
 -2.172204E-04
 -2.182703E-04
 -2.193203E-04
 -2.203706E-04
 -2.214210E-04
 -2.224658E-04
 -2.235073E-04
 -2.245490E-04
 -2.255908E-04
 -2.266289E-04
 -2.276026E-04
 -2.285763E-04
 -2.295499E-04
 -2.305236E-04
 -2.314355E-04
 -2.323221E-04
 -2.332085E-04
 -2.340948E-04
 -2.349552E-04
 -2.357966E-04
 -2.366375E-04
 -2.374780E-04
 -2.383288E-04
 -2.391843E-04
 -2.400386E-04
 -2.408919E-04
 -2.417867E-04
 -2.426828E-04
 -2.435771E-04
 -2.444907E-04
 -2.454353E-04
 -2.463774E-04
 -2.473190E-04
 -2.483362E-04
 -2.493505E-04
 -2.503621E-04
 -2.514723E-04
 -2.526002E-04
 -2.537254E-04
 -2.549904E-04
 -2.562892E-04
 -2.575854E-04
 -2.591116E-04
 -2.606573E-04
 -2.622589E-04
 -2.641349E-04
 -2.660087E-04
 -2.681140E-04
 -2.703926E-04
 -2.727165E-04
 -2.754645E-04
 -2.782116E-04
 -2.813467E-04
 -2.846106E-04
 -2.881400E-04
 -2.919153E-04
 -2.958612E-04
 -3.000631E-04
 -3.043827E-04
 -3.088885E-04
 -3.134975E-04
 -3.182208E-04
 -3.230860E-04
 -3.280251E-04
 -3.332682E-04
 -3.387015E-04
 -3.445460E-04
 -3.511282E-04
 -3.583964E-04
 -3.669056E-04
 -3.775788E-04
 -3.905474E-04
 -4.065671E-04
 -4.266695E-04
 -4.529276E-04
 -4.855153E-04
 -5.242287E-04
 -5.674210E-04
 -6.104475E-04
 -6.437483E-04
 -6.494296E-04
 -6.326683E-04
 -5.051403E-04
  4.324465E-04
  2.541669E-03
  6.459860E-03
  6.459492E-03
  6.459125E-03
  6.458758E-03
  6.458390E-03
  6.458023E-03
  6.457656E-03
  6.457288E-03
  6.456921E-03
  6.456244E-03
  6.455553E-03
  6.454862E-03
  6.454171E-03
  6.453480E-03
  6.452789E-03
  6.452098E-03
  6.451535E-03
  6.451249E-03
  6.450963E-03
  6.450677E-03
  6.450391E-03
  6.450105E-03
  6.449819E-03
  6.449558E-03
  6.449722E-03
  6.449886E-03
  6.450051E-03
  6.450215E-03
  6.450379E-03
  6.450543E-03
  6.450721E-03
  6.450969E-03
  6.451217E-03
  6.451465E-03
  6.451713E-03
  6.451961E-03
  6.452209E-03
  6.452384E-03
  6.452512E-03
  6.452640E-03
  6.452767E-03
  6.452895E-03
  6.453023E-03
  6.453076E-03
  6.453010E-03
  6.452943E-03
  6.452877E-03
  6.452810E-03
  6.452744E-03
  6.452583E-03
  6.452315E-03
  6.452047E-03
  6.451780E-03
  6.451513E-03
  6.451246E-03
  6.450838E-03
  6.450407E-03
  6.449977E-03
  6.449546E-03
  6.449116E-03
  6.448637E-03
  6.448110E-03
  6.447585E-03
  6.447060E-03
  6.446536E-03
  6.446008E-03
  6.445475E-03
  6.444943E-03
  6.444412E-03
  6.443881E-03
  6.443424E-03
  6.443008E-03
  6.442594E-03
  6.442179E-03
  6.441782E-03
  6.441666E-03
  6.441550E-03
  6.441434E-03
  6.441319E-03
  6.441556E-03
  6.441939E-03
  6.442323E-03
  6.442708E-03
  6.443430E-03
  6.444396E-03
  6.445365E-03
  6.446337E-03
  6.447665E-03
  6.449182E-03
  6.450703E-03
  6.452227E-03
  6.454104E-03
  6.456013E-03
  6.457929E-03
  6.459866E-03
  6.461840E-03
  6.463826E-03
  6.465811E-03
  6.467365E-03
  6.468943E-03
  6.470546E-03
  6.471429E-03
  6.472197E-03
  6.473002E-03
  6.472914E-03
  6.472634E-03
  6.472402E-03
  6.470996E-03
  6.469525E-03
  6.467871E-03
  6.465161E-03
  6.462498E-03
  6.459247E-03
  6.455562E-03
  6.451847E-03
  6.447545E-03
  6.443275E-03
  6.438888E-03
  6.434478E-03
  6.430211E-03
  6.426075E-03
  6.422179E-03
  6.418631E-03
  6.415399E-03
  6.412659E-03
  6.410367E-03
  6.408572E-03
  6.407556E-03
  6.406952E-03
  6.408049E-03
  6.410192E-03
  6.414583E-03
  6.422930E-03
  6.434931E-03
  6.453489E-03
  6.483159E-03
  6.524266E-03
  6.580244E-03
  6.655639E-03
  6.759622E-03
  6.893287E-03
  7.057712E-03
  7.249589E-03
  7.453410E-03
  7.633615E-03
  7.726691E-03
  7.723186E-03
  7.675709E-03
  6.660312E-03
  7.946973E-03
 -4.691038E-04
 -4.690748E-04
 -4.690457E-04
 -4.690166E-04
 -4.689875E-04
 -4.689584E-04
 -4.689294E-04
 -4.689003E-04
 -4.688712E-04
 -4.687971E-04
 -4.687210E-04
 -4.686449E-04
 -4.685687E-04
 -4.684926E-04
 -4.684165E-04
 -4.683403E-04
 -4.682645E-04
 -4.681893E-04
 -4.681141E-04
 -4.680389E-04
 -4.679637E-04
 -4.678885E-04
 -4.678133E-04
 -4.677380E-04
 -4.676608E-04
 -4.675835E-04
 -4.675063E-04
 -4.674291E-04
 -4.673518E-04
 -4.672746E-04
 -4.671910E-04
 -4.670738E-04
 -4.669567E-04
 -4.668395E-04
 -4.667223E-04
 -4.666051E-04
 -4.664879E-04
 -4.663239E-04
 -4.661297E-04
 -4.659354E-04
 -4.657412E-04
 -4.655469E-04
 -4.653527E-04
 -4.651120E-04
 -4.647966E-04
 -4.644812E-04
 -4.641657E-04
 -4.638503E-04
 -4.635349E-04
 -4.631377E-04
 -4.626485E-04
 -4.621593E-04
 -4.616702E-04
 -4.611810E-04
 -4.606920E-04
 -4.600304E-04
 -4.593392E-04
 -4.586481E-04
 -4.579572E-04
 -4.572664E-04
 -4.564838E-04
 -4.556155E-04
 -4.547474E-04
 -4.538796E-04
 -4.530119E-04
 -4.520948E-04
 -4.511166E-04
 -4.501386E-04
 -4.491608E-04
 -4.481833E-04
 -4.471997E-04
 -4.462126E-04
 -4.452256E-04
 -4.442388E-04
 -4.432573E-04
 -4.423625E-04
 -4.414677E-04
 -4.405731E-04
 -4.396786E-04
 -4.388142E-04
 -4.379623E-04
 -4.371107E-04
 -4.362592E-04
 -4.352336E-04
 -4.340822E-04
 -4.329313E-04
 -4.317809E-04
 -4.301617E-04
 -4.282992E-04
 -4.264375E-04
 -4.245768E-04
 -4.216717E-04
 -4.186911E-04
 -4.157125E-04
 -4.121504E-04
 -4.076792E-04
 -4.032122E-04
 -3.987019E-04
 -3.925242E-04
 -3.863547E-04
 -3.801934E-04
 -3.728348E-04
 -3.635109E-04
 -3.559337E-04
 -3.476679E-04
 -3.392392E-04
 -3.308263E-04
 -3.221258E-04
 -3.134135E-04
 -3.047369E-04
 -2.961670E-04
 -2.876131E-04
 -2.793245E-04
 -2.712372E-04
 -2.632301E-04
 -2.558326E-04
 -2.484470E-04
 -2.416794E-04
 -2.351225E-04
 -2.290445E-04
 -2.234079E-04
 -2.181775E-04
 -2.135514E-04
 -2.093272E-04
 -2.057375E-04
 -2.026232E-04
 -2.000364E-04
 -1.980771E-04
 -1.964461E-04
 -1.956846E-04
 -1.952672E-04
 -1.955339E-04
 -1.983073E-04
 -1.999550E-04
 -2.025411E-04
 -2.064421E-04
 -2.115638E-04
 -2.182044E-04
 -2.267598E-04
 -2.380723E-04
 -2.520981E-04
 -2.686986E-04
 -2.871840E-04
 -3.056236E-04
 -3.198993E-04
 -3.219327E-04
 -3.099338E-04
 -2.426072E-04
  5.361468E-05
  4.055863E-09
  1.273240E+00
  1.273211E+00
  1.273125E+00
  1.272981E+00
  1.272781E+00
  1.272522E+00
  1.272207E+00
  1.271834E+00
  1.271403E+00
  1.270915E+00
  1.270369E+00
  1.269765E+00
  1.269104E+00
  1.268384E+00
  1.267607E+00
  1.266771E+00
  1.265877E+00
  1.264925E+00
  1.263915E+00
  1.262845E+00
  1.261717E+00
  1.260530E+00
  1.259284E+00
  1.257979E+00
  1.256614E+00
  1.255190E+00
  1.253705E+00
  1.252161E+00
  1.250556E+00
  1.248891E+00
  1.247165E+00
  1.245378E+00
  1.243529E+00
  1.241620E+00
  1.239648E+00
  1.237614E+00
  1.235518E+00
  1.233359E+00
  1.231136E+00
  1.228851E+00
  1.226501E+00
  1.224088E+00
  1.221610E+00
  1.219067E+00
  1.216458E+00
  1.213784E+00
  1.211044E+00
  1.208237E+00
  1.205362E+00
  1.202421E+00
  1.199411E+00
  1.196332E+00
  1.193185E+00
  1.189968E+00
  1.186680E+00
  1.183322E+00
  1.179892E+00
  1.176390E+00
  1.172816E+00
  1.169168E+00
  1.165446E+00
  1.161649E+00
  1.157776E+00
  1.153828E+00
  1.149802E+00
  1.145699E+00
  1.141516E+00
  1.137254E+00
  1.132912E+00
  1.128488E+00
  1.123982E+00
  1.119393E+00
  1.114719E+00
  1.109960E+00
  1.105114E+00
  1.100180E+00
  1.095157E+00
  1.090045E+00
  1.084841E+00
  1.079544E+00
  1.074153E+00
  1.068667E+00
  1.063083E+00
  1.057401E+00
  1.051619E+00
  1.045735E+00
  1.039748E+00
  1.033655E+00
  1.027455E+00
  1.021146E+00
  1.014726E+00
  1.008193E+00
  1.001543E+00
  9.947766E-01
  9.878894E-01
  9.808795E-01
  9.737441E-01
  9.664805E-01
  9.590857E-01
  9.515567E-01
  9.438904E-01
  9.360832E-01
  9.281318E-01
  9.200322E-01
  9.117806E-01
  9.033729E-01
  8.948045E-01
  8.860709E-01
  8.771671E-01
  8.680879E-01
  8.588277E-01
  8.493806E-01
  8.397402E-01
  8.299000E-01
  8.198525E-01
  8.095903E-01
  7.991048E-01
  7.883874E-01
  7.774283E-01
  7.662172E-01
  7.547428E-01
  7.429930E-01
  7.309546E-01
  7.186128E-01
  7.059520E-01
  6.929545E-01
  6.796012E-01
  6.658704E-01
  6.517385E-01
  6.371787E-01
  6.221609E-01
  6.066513E-01
  5.906109E-01
  5.739954E-01
  5.567532E-01
  5.388241E-01
  5.201372E-01
  5.006076E-01
  4.801325E-01
  4.585853E-01
  4.358068E-01
  4.115929E-01
  3.856731E-01
  3.576769E-01
  3.270715E-01
  2.930404E-01
  2.542116E-01
  2.079144E-01
  1.472658E-01
  0.000000E+00
  9.331029E-02
  9.330760E-02
  9.330491E-02
  9.330222E-02
  9.329953E-02
  9.329684E-02
  9.329415E-02
  9.329145E-02
  9.328876E-02
  9.328769E-02
  9.328668E-02
  9.328568E-02
  9.328468E-02
  9.328367E-02
  9.328267E-02
  9.328167E-02
  9.328121E-02
  9.328196E-02
  9.328271E-02
  9.328345E-02
  9.328420E-02
  9.328495E-02
  9.328569E-02
  9.328653E-02
  9.328897E-02
  9.329141E-02
  9.329385E-02
  9.329629E-02
  9.329873E-02
  9.330117E-02
  9.330382E-02
  9.330759E-02
  9.331135E-02
  9.331512E-02
  9.331888E-02
  9.332265E-02
  9.332641E-02
  9.333028E-02
  9.333422E-02
  9.333816E-02
  9.334210E-02
  9.334604E-02
  9.334998E-02
  9.335286E-02
  9.335401E-02
  9.335517E-02
  9.335632E-02
  9.335748E-02
  9.335863E-02
  9.335558E-02
  9.334780E-02
  9.334002E-02
  9.333223E-02
  9.332445E-02
  9.331666E-02
  9.329658E-02
  9.327439E-02
  9.325708E-02
  9.324545E-02
  9.323381E-02
  9.321841E-02
  9.319949E-02
  9.318057E-02
  9.316165E-02
  9.314272E-02
  9.312348E-02
  9.310383E-02
  9.308418E-02
  9.306453E-02
  9.304488E-02
  9.303038E-02
  9.301888E-02
  9.300738E-02
  9.299588E-02
  9.298539E-02
  9.299187E-02
  9.299834E-02
  9.300481E-02
  9.301128E-02
  9.302417E-02
  9.303968E-02
  9.305519E-02
  9.307070E-02
  9.306198E-02
  9.303573E-02
  9.302067E-02
  9.302042E-02
  9.295682E-02
  9.286022E-02
  9.276362E-02
  9.266702E-02
  9.242941E-02
  9.218827E-02
  9.196360E-02
  9.166371E-02
  9.124655E-02
  9.082937E-02
  9.040589E-02
  8.976067E-02
  8.913087E-02
  8.853037E-02
  8.777982E-02
  8.666992E-02
  8.595421E-02
  8.519696E-02
  8.443785E-02
  8.372588E-02
  8.298131E-02
  8.228728E-02
  8.161568E-02
  8.100116E-02
  8.045871E-02
  8.014760E-02
  8.003543E-02
  7.996314E-02
  7.995654E-02
  7.996279E-02
  7.996766E-02
  8.003884E-02
  8.019162E-02
  8.034040E-02
  8.048409E-02
  8.062015E-02
  8.077392E-02
  8.095169E-02
  8.111948E-02
  8.127615E-02
  8.141908E-02
  8.155477E-02
  8.167191E-02
  8.178220E-02
  8.187924E-02
  8.185648E-02
  8.193232E-02
  8.199642E-02
  8.207819E-02
  8.217426E-02
  8.226182E-02
  8.234080E-02
  8.241030E-02
  8.247188E-02
  8.252600E-02
  8.257285E-02
  8.270699E-02
  8.283741E-02
  8.296359E-02
  8.314157E-02
  8.340532E-02
  9.409540E-02
  4.657782E-02
  8.930719E-02
  8.884452E-02
  8.838185E-02
  8.791918E-02
  8.745651E-02
  8.699384E-02
  8.653117E-02
  8.606850E-02
  8.560583E-02
  8.546952E-02
  8.534811E-02
  8.522671E-02
  8.510530E-02
  8.498389E-02
  8.486249E-02
  8.474108E-02
  8.475073E-02
  8.504564E-02
  8.534055E-02
  8.563546E-02
  8.593038E-02
  8.622529E-02
  8.652020E-02
  8.684370E-02
  8.765509E-02
  8.846648E-02
  8.927786E-02
  9.008925E-02
  9.090064E-02
  9.171202E-02
  9.262637E-02
  9.408570E-02
  9.554502E-02
  9.700435E-02
  9.846367E-02
  9.992299E-02
  1.013823E-01
  1.033302E-01
  1.055939E-01
  1.078577E-01
  1.101215E-01
  1.123852E-01
  1.146490E-01
  1.172656E-01
  1.204501E-01
  1.236347E-01
  1.268192E-01
  1.300037E-01
  1.331883E-01
  1.367325E-01
  1.406819E-01
  1.446312E-01
  1.485806E-01
  1.525300E-01
  1.564793E-01
  1.606446E-01
  1.648469E-01
  1.690493E-01
  1.732517E-01
  1.774541E-01
  1.817068E-01
  1.860066E-01
  1.903064E-01
  1.946062E-01
  1.989060E-01
  2.032186E-01
  2.075469E-01
  2.118753E-01
  2.162036E-01
  2.205319E-01
  2.248181E-01
  2.290797E-01
  2.333413E-01
  2.376028E-01
  2.418545E-01
  2.459392E-01
  2.500238E-01
  2.541085E-01
  2.581931E-01
  2.616857E-01
  2.649358E-01
  2.681859E-01
  2.714360E-01
  2.730897E-01
  2.735887E-01
  2.740877E-01
  2.745867E-01
  2.719962E-01
  2.677970E-01
  2.635978E-01
  2.593986E-01
  2.491815E-01
  2.385186E-01
  2.278557E-01
  2.140495E-01
  1.953430E-01
  1.766365E-01
  1.576814E-01
  1.299546E-01
  1.022278E-01
  7.450084E-02
  4.190391E-02
 -5.374105E-02
 -8.734405E-02
 -1.216162E-01
 -1.560585E-01
 -1.905007E-01
 -2.219721E-01
 -2.531624E-01
 -2.832650E-01
 -3.082132E-01
 -3.331612E-01
 -3.534201E-01
 -3.701681E-01
 -3.859891E-01
 -3.934254E-01
 -4.008618E-01
 -4.009457E-01
 -3.985903E-01
 -3.912039E-01
 -3.791666E-01
 -3.637600E-01
 -3.432984E-01
 -3.201932E-01
 -2.928878E-01
 -2.630057E-01
 -2.302558E-01
 -1.946950E-01
 -1.576594E-01
 -1.175001E-01
 -7.634069E-02
 -3.330670E-02
  7.334324E-02
  1.188436E-01
  1.655731E-01
  2.134037E-01
  2.619662E-01
  3.112400E-01
  3.611713E-01
  4.117523E-01
  4.628164E-01
  5.142941E-01
  5.661346E-01
  6.182880E-01
  6.707070E-01
  7.233685E-01
  7.762172E-01
  8.292119E-01
  8.466661E-01
  2.855827E-01
  9.896674E-01
  9.896674E-01
  9.896674E-01
  9.896673E-01
  9.896673E-01
  9.896673E-01
  9.896673E-01
  9.896673E-01
  9.896673E-01
  9.896673E-01
  9.896673E-01
  9.896673E-01
  9.896673E-01
  9.896673E-01
  9.896673E-01
  9.896673E-01
  9.896673E-01
  9.896673E-01
  9.896673E-01
  9.896673E-01
  9.896673E-01
  9.896673E-01
  9.896673E-01
  9.896673E-01
  9.896673E-01
  9.896674E-01
  9.896674E-01
  9.896674E-01
  9.896674E-01
  9.896674E-01
  9.896675E-01
  9.896675E-01
  9.896676E-01
  9.896676E-01
  9.896676E-01
  9.896677E-01
  9.896677E-01
  9.896678E-01
  9.896679E-01
  9.896679E-01
  9.896680E-01
  9.896681E-01
  9.896682E-01
  9.896682E-01
  9.896684E-01
  9.896685E-01
  9.896686E-01
  9.896687E-01
  9.896689E-01
  9.896690E-01
  9.896692E-01
  9.896693E-01
  9.896695E-01
  9.896697E-01
  9.896699E-01
  9.896701E-01
  9.896703E-01
  9.896705E-01
  9.896707E-01
  9.896709E-01
  9.896712E-01
  9.896714E-01
  9.896716E-01
  9.896719E-01
  9.896721E-01
  9.896724E-01
  9.896727E-01
  9.896729E-01
  9.896732E-01
  9.896735E-01
  9.896738E-01
  9.896741E-01
  9.896744E-01
  9.896747E-01
  9.896750E-01
  9.896753E-01
  9.896756E-01
  9.896759E-01
  9.896762E-01
  9.896765E-01
  9.896768E-01
  9.896770E-01
  9.896773E-01
  9.896774E-01
  9.896775E-01
  9.896775E-01
  9.896775E-01
  9.896773E-01
  9.896770E-01
  9.896767E-01
  9.896763E-01
  9.896755E-01
  9.896748E-01
  9.896740E-01
  9.896731E-01
  9.896719E-01
  9.896709E-01
  9.896699E-01
  9.896687E-01
  9.896678E-01
  9.896670E-01
  9.896664E-01
  9.896666E-01
  9.896673E-01
  9.896684E-01
  9.896698E-01
  9.896716E-01
  9.896736E-01
  9.896758E-01
  9.896783E-01
  9.896805E-01
  9.896829E-01
  9.896850E-01
  9.896868E-01
  9.896886E-01
  9.896895E-01
  9.896904E-01
  9.896904E-01
  9.896901E-01
  9.896892E-01
  9.896878E-01
  9.896861E-01
  9.896839E-01
  9.896816E-01
  9.896791E-01
  9.896766E-01
  9.896742E-01
  9.896719E-01
  9.896699E-01
  9.896683E-01
  9.896671E-01
  9.896663E-01
  9.896670E-01
  9.896683E-01
  9.896703E-01
  9.896730E-01
  9.896765E-01
  9.896808E-01
  9.896858E-01
  9.896917E-01
  9.896985E-01
  9.897060E-01
  9.897145E-01
  9.897238E-01
  9.897340E-01
  9.897451E-01
  9.897570E-01
  9.897698E-01
  8.496114E-01
  4.939215E-06
 -2.124048E+02
 -2.123640E+02
 -2.123232E+02
 -2.122824E+02
 -2.122415E+02
 -2.122007E+02
 -2.121598E+02
 -2.121190E+02
 -2.120782E+02
 -2.118667E+02
 -2.116475E+02
 -2.114283E+02
 -2.112091E+02
 -2.109899E+02
 -2.107707E+02
 -2.105514E+02
 -2.102461E+02
 -2.097534E+02
 -2.092607E+02
 -2.087680E+02
 -2.082752E+02
 -2.077825E+02
 -2.072898E+02
 -2.067841E+02
 -2.060567E+02
 -2.053293E+02
 -2.046020E+02
 -2.038746E+02
 -2.031472E+02
 -2.024198E+02
 -2.016617E+02
 -2.007409E+02
 -1.998200E+02
 -1.988992E+02
 -1.979783E+02
 -1.970574E+02
 -1.961365E+02
 -1.950933E+02
 -1.939710E+02
 -1.928486E+02
 -1.917262E+02
 -1.906038E+02
 -1.894813E+02
 -1.882705E+02
 -1.869175E+02
 -1.855644E+02
 -1.842112E+02
 -1.828580E+02
 -1.815047E+02
 -1.800409E+02
 -1.784527E+02
 -1.768643E+02
 -1.752758E+02
 -1.736872E+02
 -1.720984E+02
 -1.703375E+02
 -1.685467E+02
 -1.667558E+02
 -1.649646E+02
 -1.631732E+02
 -1.613037E+02
 -1.593610E+02
 -1.574181E+02
 -1.554750E+02
 -1.535316E+02
 -1.515614E+02
 -1.495583E+02
 -1.475549E+02
 -1.455513E+02
 -1.435476E+02
 -1.415857E+02
 -1.396484E+02
 -1.377111E+02
 -1.357739E+02
 -1.338454E+02
 -1.320654E+02
 -1.302857E+02
 -1.285063E+02
 -1.267271E+02
 -1.251168E+02
 -1.235759E+02
 -1.220354E+02
 -1.204952E+02
 -1.191507E+02
 -1.179478E+02
 -1.167453E+02
 -1.155432E+02
 -1.145836E+02
 -1.137502E+02
 -1.129171E+02
 -1.120842E+02
 -1.115796E+02
 -1.110986E+02
 -1.106170E+02
 -1.103119E+02
 -1.102808E+02
 -1.102471E+02
 -1.102247E+02
 -1.106888E+02
 -1.111471E+02
 -1.115998E+02
 -1.122206E+02
 -1.128684E+02
 -1.135083E+02
 -1.139498E+02
 -1.143348E+02
 -1.147122E+02
 -1.145648E+02
 -1.143626E+02
 -1.140178E+02
 -1.130185E+02
 -1.120163E+02
 -1.104749E+02
 -1.085308E+02
 -1.064861E+02
 -1.035343E+02
 -1.005840E+02
 -9.688700E+01
 -9.294401E+01
 -8.851787E+01
 -8.364539E+01
 -7.846030E+01
 -7.280453E+01
 -6.692480E+01
 -6.068728E+01
 -5.424058E+01
 -4.755972E+01
 -4.062643E+01
 -3.355849E+01
 -2.612987E+01
 -1.854240E+01
 -1.063753E+01
 -2.332673E+00
  6.296839E+00
  1.544642E+01
  2.533272E+01
  3.591661E+01
  4.737987E+01
  5.997918E+01
  7.441687E+01
  9.138620E+01
  1.123046E+02
  1.395218E+02
  1.769646E+02
  2.317680E+02
  3.055655E+02
  3.676502E+02
  4.647627E+02
  2.482829E+02
  3.323324E-04
  1.102748E+04
  1.102588E+04
  1.102429E+04
  1.102270E+04
  1.102111E+04
  1.101952E+04
  1.101792E+04
  1.101633E+04
  1.101474E+04
  1.101032E+04
  1.100578E+04
  1.100124E+04
  1.099670E+04
  1.099215E+04
  1.098761E+04
  1.098307E+04
  1.097770E+04
  1.097053E+04
  1.096336E+04
  1.095618E+04
  1.094901E+04
  1.094184E+04
  1.093467E+04
  1.092734E+04
  1.091723E+04
  1.090712E+04
  1.089700E+04
  1.088689E+04
  1.087678E+04
  1.086667E+04
  1.085604E+04
  1.084268E+04
  1.082931E+04
  1.081594E+04
  1.080258E+04
  1.078921E+04
  1.077584E+04
  1.076039E+04
  1.074359E+04
  1.072678E+04
  1.070998E+04
  1.069318E+04
  1.067637E+04
  1.065821E+04
  1.063785E+04
  1.061750E+04
  1.059714E+04
  1.057678E+04
  1.055643E+04
  1.053434E+04
  1.051031E+04
  1.048628E+04
  1.046225E+04
  1.043822E+04
  1.041419E+04
  1.038694E+04
  1.035914E+04
  1.033135E+04
  1.030355E+04
  1.027576E+04
  1.024603E+04
  1.021450E+04
  1.018297E+04
  1.015144E+04
  1.011991E+04
  1.008674E+04
  1.005153E+04
  1.001632E+04
  9.981119E+03
  9.945917E+03
  9.908396E+03
  9.869521E+03
  9.830649E+03
  9.791779E+03
  9.752707E+03
  9.710201E+03
  9.667696E+03
  9.625193E+03
  9.582692E+03
  9.537638E+03
  9.491540E+03
  9.445444E+03
  9.399351E+03
  9.351192E+03
  9.301541E+03
  9.251893E+03
  9.202249E+03
  9.150401E+03
  9.097409E+03
  9.044422E+03
  8.991440E+03
  8.935614E+03
  8.879584E+03
  8.823562E+03
  8.766361E+03
  8.707323E+03
  8.648300E+03
  8.589205E+03
  8.527094E+03
  8.465013E+03
  8.402963E+03
  8.338534E+03
  8.273667E+03
  8.208847E+03
  8.141627E+03
  8.073841E+03
  8.006112E+03
  7.934951E+03
  7.863520E+03
  7.791371E+03
  7.715607E+03
  7.639897E+03
  7.561529E+03
  7.481179E+03
  7.400393E+03
  7.315307E+03
  7.230256E+03
  7.141699E+03
  7.051996E+03
  6.959996E+03
  6.865871E+03
  6.770054E+03
  6.671684E+03
  6.571753E+03
  6.469331E+03
  6.365156E+03
  6.259028E+03
  6.150708E+03
  6.041243E+03
  5.928982E+03
  5.815742E+03
  5.700603E+03
  5.583713E+03
  5.465612E+03
  5.345814E+03
  5.224070E+03
  5.100730E+03
  4.975625E+03
  4.848672E+03
  4.720560E+03
  4.595649E+03
  4.483201E+03
  4.398543E+03
  4.368578E+03
  4.452949E+03
  4.617640E+03
  4.412727E+03
  4.612856E+03
  1.332431E+03
  2.280700E-03
 -1.971467E+00
 -1.874949E+00
 -1.778431E+00
 -1.681913E+00
 -1.585395E+00
 -1.488878E+00
 -1.392360E+00
 -1.295843E+00
 -1.199326E+00
 -9.612195E-01
 -7.166440E-01
 -4.720688E-01
 -2.274938E-01
  1.708088E-02
  2.616553E-01
  5.062294E-01
  7.850450E-01
  1.138392E+00
  1.491738E+00
  1.845084E+00
  2.198430E+00
  2.551776E+00
  2.905121E+00
  3.267869E+00
  3.791054E+00
  4.314238E+00
  4.837423E+00
  5.360607E+00
  5.883790E+00
  6.406974E+00
  6.973025E+00
  7.765974E+00
  8.558924E+00
  9.351874E+00
  1.014482E+01
  1.093778E+01
  1.173073E+01
  1.277479E+01
  1.398125E+01
  1.518771E+01
  1.639418E+01
  1.760065E+01
  1.880712E+01
  2.020896E+01
  2.192525E+01
  2.364156E+01
  2.535787E+01
  2.707418E+01
  2.879050E+01
  3.066342E+01
  3.271267E+01
  3.476193E+01
  3.681121E+01
  3.886050E+01
  4.090981E+01
  4.301996E+01
  4.514059E+01
  4.726124E+01
  4.938189E+01
  5.150256E+01
  5.359736E+01
  5.566794E+01
  5.773851E+01
  5.980906E+01
  6.187960E+01
  6.383990E+01
  6.566391E+01
  6.748785E+01
  6.931172E+01
  7.113552E+01
  7.262576E+01
  7.392102E+01
  7.521611E+01
  7.651104E+01
  7.780751E+01
  7.913239E+01
  8.045701E+01
  8.178137E+01
  8.310547E+01
  8.639308E+01
  9.048456E+01
  9.457572E+01
  9.866656E+01
  1.057132E+02
  1.148972E+02
  1.240807E+02
  1.332635E+02
  1.457685E+02
  1.600022E+02
  1.742345E+02
  1.884655E+02
  2.068277E+02
  2.254932E+02
  2.441557E+02
  2.640481E+02
  2.858577E+02
  3.076622E+02
  3.293995E+02
  3.489369E+02
  3.684685E+02
  3.879944E+02
  3.999058E+02
  4.102831E+02
  4.206579E+02
  4.227587E+02
  4.227565E+02
  4.227566E+02
  4.153559E+02
  4.072608E+02
  3.981901E+02
  3.844757E+02
  3.707685E+02
  3.550825E+02
  3.379167E+02
  3.205762E+02
  3.015977E+02
  2.826253E+02
  2.630030E+02
  2.431679E+02
  2.227203E+02
  2.017058E+02
  1.801482E+02
  1.577733E+02
  1.353269E+02
  1.127648E+02
  9.063919E+01
  6.899862E+01
  4.835675E+01
  2.823768E+01
  9.784780E+00
 -8.001296E+00
 -2.445692E+01
 -3.955508E+01
 -5.370286E+01
 -6.650044E+01
 -7.782581E+01
 -8.801428E+01
 -9.695311E+01
 -1.045184E+02
 -1.102846E+02
 -1.140957E+02
 -1.153789E+02
 -1.130729E+02
 -1.058554E+02
 -9.350342E+01
 -7.614808E+01
 -5.179340E+01
 -6.831617E+01
  4.602418E+03
  3.534021E-02
