 Title= "ADflow Lift Distribution Data"
Variables = "eta" "CoordinateX" "CoordinateY" "CoordinateZ" "Lift" "Drag" "Moment" "Normalized Lift" "Normalized Drag" "Normalized Moment" "CL" "CD" "CM" "CLp" "CDp" "CMp" "CLv" "CDv" "CMv" "Elliptical" "thickness" "twist" "chord" "fx" "fy" "fz" 
Zone T= "LiftDist_01 allWalls: : z normal"
 I=          150
 DATAPACKING=BLOCK
  0.000000E+00
  6.711405E-03
  1.342281E-02
  2.013422E-02
  2.684563E-02
  3.355704E-02
  4.026845E-02
  4.697986E-02
  5.369127E-02
  6.040268E-02
  6.711409E-02
  7.382550E-02
  8.053691E-02
  8.724832E-02
  9.395973E-02
  1.006711E-01
  1.073825E-01
  1.140940E-01
  1.208054E-01
  1.275168E-01
  1.342282E-01
  1.409396E-01
  1.476510E-01
  1.543624E-01
  1.610738E-01
  1.677852E-01
  1.744966E-01
  1.812081E-01
  1.879195E-01
  1.946309E-01
  2.013423E-01
  2.080537E-01
  2.147651E-01
  2.214765E-01
  2.281879E-01
  2.348993E-01
  2.416107E-01
  2.483221E-01
  2.550336E-01
  2.617450E-01
  2.684564E-01
  2.751678E-01
  2.818792E-01
  2.885906E-01
  2.953020E-01
  3.020134E-01
  3.087248E-01
  3.154362E-01
  3.221476E-01
  3.288591E-01
  3.355705E-01
  3.422819E-01
  3.489933E-01
  3.557047E-01
  3.624161E-01
  3.691275E-01
  3.758389E-01
  3.825503E-01
  3.892617E-01
  3.959732E-01
  4.026846E-01
  4.093960E-01
  4.161074E-01
  4.228188E-01
  4.295302E-01
  4.362416E-01
  4.429530E-01
  4.496644E-01
  4.563758E-01
  4.630872E-01
  4.697987E-01
  4.765101E-01
  4.832215E-01
  4.899329E-01
  4.966443E-01
  5.033557E-01
  5.100671E-01
  5.167785E-01
  5.234899E-01
  5.302013E-01
  5.369128E-01
  5.436242E-01
  5.503356E-01
  5.570470E-01
  5.637584E-01
  5.704698E-01
  5.771812E-01
  5.838926E-01
  5.906040E-01
  5.973154E-01
  6.040268E-01
  6.107383E-01
  6.174497E-01
  6.241611E-01
  6.308725E-01
  6.375839E-01
  6.442953E-01
  6.510067E-01
  6.577181E-01
  6.644295E-01
  6.711409E-01
  6.778524E-01
  6.845638E-01
  6.912752E-01
  6.979866E-01
  7.046980E-01
  7.114094E-01
  7.181208E-01
  7.248322E-01
  7.315436E-01
  7.382550E-01
  7.449664E-01
  7.516779E-01
  7.583893E-01
  7.651007E-01
  7.718121E-01
  7.785235E-01
  7.852349E-01
  7.919463E-01
  7.986577E-01
  8.053691E-01
  8.120805E-01
  8.187919E-01
  8.255034E-01
  8.322148E-01
  8.389262E-01
  8.456376E-01
  8.523490E-01
  8.590604E-01
  8.657718E-01
  8.724832E-01
  8.791946E-01
  8.859060E-01
  8.926175E-01
  8.993289E-01
  9.060403E-01
  9.127517E-01
  9.194631E-01
  9.261745E-01
  9.328859E-01
  9.395973E-01
  9.463087E-01
  9.530201E-01
  9.597315E-01
  9.664430E-01
  9.731544E-01
  9.798658E-01
  9.865772E-01
  9.932886E-01
  1.000000E+00
  0.000000E+00
  0.000000E+00
  0.000000E+00
  0.000000E+00
  0.000000E+00
  0.000000E+00
  0.000000E+00
  0.000000E+00
  0.000000E+00
  0.000000E+00
  0.000000E+00
  0.000000E+00
  0.000000E+00
  0.000000E+00
  0.000000E+00
  0.000000E+00
  0.000000E+00
  0.000000E+00
  0.000000E+00
  0.000000E+00
  0.000000E+00
  0.000000E+00
  0.000000E+00
  0.000000E+00
  0.000000E+00
  0.000000E+00
  0.000000E+00
  0.000000E+00
  0.000000E+00
  0.000000E+00
  0.000000E+00
  0.000000E+00
  0.000000E+00
  0.000000E+00
  0.000000E+00
  0.000000E+00
  0.000000E+00
  0.000000E+00
  0.000000E+00
  0.000000E+00
  0.000000E+00
  0.000000E+00
  0.000000E+00
  0.000000E+00
  0.000000E+00
  0.000000E+00
  0.000000E+00
  0.000000E+00
  0.000000E+00
  0.000000E+00
  0.000000E+00
  0.000000E+00
  0.000000E+00
  0.000000E+00
  0.000000E+00
  0.000000E+00
  0.000000E+00
  0.000000E+00
  0.000000E+00
  0.000000E+00
  0.000000E+00
  0.000000E+00
  0.000000E+00
  0.000000E+00
  0.000000E+00
  0.000000E+00
  0.000000E+00
  0.000000E+00
  0.000000E+00
  0.000000E+00
  0.000000E+00
  0.000000E+00
  0.000000E+00
  0.000000E+00
  0.000000E+00
  0.000000E+00
  0.000000E+00
  0.000000E+00
  0.000000E+00
  0.000000E+00
  0.000000E+00
  0.000000E+00
  0.000000E+00
  0.000000E+00
  0.000000E+00
  0.000000E+00
  0.000000E+00
  0.000000E+00
  0.000000E+00
  0.000000E+00
  0.000000E+00
  0.000000E+00
  0.000000E+00
  0.000000E+00
  0.000000E+00
  0.000000E+00
  0.000000E+00
  0.000000E+00
  0.000000E+00
  0.000000E+00
  0.000000E+00
  0.000000E+00
  0.000000E+00
  0.000000E+00
  0.000000E+00
  0.000000E+00
  0.000000E+00
  0.000000E+00
  0.000000E+00
  0.000000E+00
  0.000000E+00
  0.000000E+00
  0.000000E+00
  0.000000E+00
  0.000000E+00
  0.000000E+00
  0.000000E+00
  0.000000E+00
  0.000000E+00
  0.000000E+00
  0.000000E+00
  0.000000E+00
  0.000000E+00
  0.000000E+00
  0.000000E+00
  0.000000E+00
  0.000000E+00
  0.000000E+00
  0.000000E+00
  0.000000E+00
  0.000000E+00
  0.000000E+00
  0.000000E+00
  0.000000E+00
  0.000000E+00
  0.000000E+00
  0.000000E+00
  0.000000E+00
  0.000000E+00
  0.000000E+00
  0.000000E+00
  0.000000E+00
  0.000000E+00
  0.000000E+00
  0.000000E+00
  0.000000E+00
  0.000000E+00
  0.000000E+00
  0.000000E+00
  0.000000E+00
  0.000000E+00
  0.000000E+00
  0.000000E+00
  0.000000E+00
  0.000000E+00
  0.000000E+00
  0.000000E+00
  0.000000E+00
  0.000000E+00
  0.000000E+00
  0.000000E+00
  0.000000E+00
  0.000000E+00
  0.000000E+00
  0.000000E+00
  0.000000E+00
  0.000000E+00
  0.000000E+00
  0.000000E+00
  0.000000E+00
  0.000000E+00
  0.000000E+00
  0.000000E+00
  0.000000E+00
  0.000000E+00
  0.000000E+00
  0.000000E+00
  0.000000E+00
  0.000000E+00
  0.000000E+00
  0.000000E+00
  0.000000E+00
  0.000000E+00
  0.000000E+00
  0.000000E+00
  0.000000E+00
  0.000000E+00
  0.000000E+00
  0.000000E+00
  0.000000E+00
  0.000000E+00
  0.000000E+00
  0.000000E+00
  0.000000E+00
  0.000000E+00
  0.000000E+00
  0.000000E+00
  0.000000E+00
  0.000000E+00
  0.000000E+00
  0.000000E+00
  0.000000E+00
  0.000000E+00
  0.000000E+00
  0.000000E+00
  0.000000E+00
  0.000000E+00
  0.000000E+00
  0.000000E+00
  0.000000E+00
  0.000000E+00
  0.000000E+00
  0.000000E+00
  0.000000E+00
  0.000000E+00
  0.000000E+00
  0.000000E+00
  0.000000E+00
  0.000000E+00
  0.000000E+00
  0.000000E+00
  0.000000E+00
  0.000000E+00
  0.000000E+00
  0.000000E+00
  0.000000E+00
  0.000000E+00
  0.000000E+00
  0.000000E+00
  0.000000E+00
  0.000000E+00
  0.000000E+00
  0.000000E+00
  0.000000E+00
  0.000000E+00
  0.000000E+00
  0.000000E+00
  0.000000E+00
  0.000000E+00
  0.000000E+00
  0.000000E+00
  0.000000E+00
  0.000000E+00
  0.000000E+00
  0.000000E+00
  0.000000E+00
  0.000000E+00
  0.000000E+00
  0.000000E+00
  0.000000E+00
  0.000000E+00
  0.000000E+00
  0.000000E+00
  0.000000E+00
  0.000000E+00
  0.000000E+00
  0.000000E+00
  0.000000E+00
  0.000000E+00
  0.000000E+00
  0.000000E+00
  0.000000E+00
  0.000000E+00
  0.000000E+00
  0.000000E+00
  0.000000E+00
  0.000000E+00
  0.000000E+00
  0.000000E+00
  0.000000E+00
  0.000000E+00
  0.000000E+00
  0.000000E+00
  0.000000E+00
  0.000000E+00
  0.000000E+00
  0.000000E+00
  0.000000E+00
  0.000000E+00
  0.000000E+00
  0.000000E+00
  0.000000E+00
  0.000000E+00
  0.000000E+00
  0.000000E+00
  0.000000E+00
  0.000000E+00
  0.000000E+00
  0.000000E+00
  0.000000E+00
  0.000000E+00
  0.000000E+00
  0.000000E+00
  0.000000E+00
  0.000000E+00
  0.000000E+00
  0.000000E+00
  0.000000E+00
  0.000000E+00
  0.000000E+00
  1.000000E-08
  1.690972E-02
  3.381945E-02
  5.072917E-02
  6.763890E-02
  8.454862E-02
  1.014583E-01
  1.183681E-01
  1.352778E-01
  1.521875E-01
  1.690972E-01
  1.860070E-01
  2.029167E-01
  2.198264E-01
  2.367361E-01
  2.536459E-01
  2.705556E-01
  2.874653E-01
  3.043750E-01
  3.212848E-01
  3.381945E-01
  3.551042E-01
  3.720139E-01
  3.889237E-01
  4.058334E-01
  4.227431E-01
  4.396528E-01
  4.565626E-01
  4.734723E-01
  4.903820E-01
  5.072917E-01
  5.242015E-01
  5.411112E-01
  5.580209E-01
  5.749306E-01
  5.918404E-01
  6.087501E-01
  6.256598E-01
  6.425695E-01
  6.594792E-01
  6.763890E-01
  6.932987E-01
  7.102084E-01
  7.271181E-01
  7.440279E-01
  7.609376E-01
  7.778473E-01
  7.947570E-01
  8.116668E-01
  8.285765E-01
  8.454862E-01
  8.623959E-01
  8.793057E-01
  8.962154E-01
  9.131251E-01
  9.300348E-01
  9.469446E-01
  9.638543E-01
  9.807640E-01
  9.976737E-01
  1.014583E+00
  1.031493E+00
  1.048403E+00
  1.065313E+00
  1.082222E+00
  1.099132E+00
  1.116042E+00
  1.132952E+00
  1.149861E+00
  1.166771E+00
  1.183681E+00
  1.200590E+00
  1.217500E+00
  1.234410E+00
  1.251320E+00
  1.268229E+00
  1.285139E+00
  1.302049E+00
  1.318958E+00
  1.335868E+00
  1.352778E+00
  1.369688E+00
  1.386597E+00
  1.403507E+00
  1.420417E+00
  1.437327E+00
  1.454236E+00
  1.471146E+00
  1.488056E+00
  1.504965E+00
  1.521875E+00
  1.538785E+00
  1.555695E+00
  1.572604E+00
  1.589514E+00
  1.606424E+00
  1.623334E+00
  1.640243E+00
  1.657153E+00
  1.674063E+00
  1.690972E+00
  1.707882E+00
  1.724792E+00
  1.741702E+00
  1.758611E+00
  1.775521E+00
  1.792431E+00
  1.809341E+00
  1.826250E+00
  1.843160E+00
  1.860070E+00
  1.876979E+00
  1.893889E+00
  1.910799E+00
  1.927709E+00
  1.944618E+00
  1.961528E+00
  1.978438E+00
  1.995347E+00
  2.012257E+00
  2.029167E+00
  2.046077E+00
  2.062986E+00
  2.079896E+00
  2.096806E+00
  2.113716E+00
  2.130625E+00
  2.147535E+00
  2.164445E+00
  2.181354E+00
  2.198264E+00
  2.215174E+00
  2.232084E+00
  2.248993E+00
  2.265903E+00
  2.282813E+00
  2.299723E+00
  2.316632E+00
  2.333542E+00
  2.350452E+00
  2.367361E+00
  2.384271E+00
  2.401181E+00
  2.418091E+00
  2.435000E+00
  2.451910E+00
  2.468820E+00
  2.485729E+00
  2.502639E+00
  2.519549E+00
  1.111087E+04
  1.110920E+04
  1.110753E+04
  1.110587E+04
  1.110421E+04
  1.110255E+04
  1.110089E+04
  1.109923E+04
  1.109757E+04
  1.109087E+04
  1.108394E+04
  1.107701E+04
  1.107008E+04
  1.106315E+04
  1.105623E+04
  1.104930E+04
  1.104058E+04
  1.102793E+04
  1.101529E+04
  1.100264E+04
  1.099000E+04
  1.097736E+04
  1.096473E+04
  1.095187E+04
  1.093530E+04
  1.091872E+04
  1.090215E+04
  1.088558E+04
  1.086902E+04
  1.085245E+04
  1.083523E+04
  1.081451E+04
  1.079379E+04
  1.077307E+04
  1.075236E+04
  1.073165E+04
  1.071095E+04
  1.068737E+04
  1.066192E+04
  1.063648E+04
  1.061104E+04
  1.058561E+04
  1.056019E+04
  1.053299E+04
  1.050292E+04
  1.047287E+04
  1.044282E+04
  1.041278E+04
  1.038275E+04
  1.035077E+04
  1.031661E+04
  1.028247E+04
  1.024833E+04
  1.021420E+04
  1.018009E+04
  1.014313E+04
  1.010570E+04
  1.006829E+04
  1.003088E+04
  9.993497E+03
  9.955151E+03
  9.915914E+03
  9.876692E+03
  9.837487E+03
  9.798297E+03
  9.759072E+03
  9.719796E+03
  9.680535E+03
  9.641287E+03
  9.602052E+03
  9.563604E+03
  9.525616E+03
  9.487635E+03
  9.449660E+03
  9.411787E+03
  9.375521E+03
  9.339256E+03
  9.302992E+03
  9.266729E+03
  9.231524E+03
  9.196757E+03
  9.161995E+03
  9.127238E+03
  9.092962E+03
  9.059043E+03
  9.025139E+03
  8.991251E+03
  8.957029E+03
  8.922647E+03
  8.888290E+03
  8.853957E+03
  8.817588E+03
  8.781096E+03
  8.744634E+03
  8.706701E+03
  8.666461E+03
  8.626254E+03
  8.585937E+03
  8.540610E+03
  8.495321E+03
  8.450068E+03
  8.399959E+03
  8.348910E+03
  8.297904E+03
  8.241867E+03
  8.184588E+03
  8.127357E+03
  8.063845E+03
  7.999784E+03
  7.934511E+03
  7.863307E+03
  7.792150E+03
  7.716891E+03
  7.638571E+03
  7.559590E+03
  7.474286E+03
  7.389023E+03
  7.298851E+03
  7.207077E+03
  7.112336E+03
  7.014856E+03
  6.915362E+03
  6.812824E+03
  6.708525E+03
  6.601404E+03
  6.492438E+03
  6.381412E+03
  6.268224E+03
  6.153910E+03
  6.036967E+03
  5.919131E+03
  5.799566E+03
  5.678425E+03
  5.556189E+03
  5.432407E+03
  5.306862E+03
  5.179956E+03
  5.051692E+03
  4.922326E+03
  4.793648E+03
  4.671372E+03
  4.566729E+03
  4.497791E+03
  4.494571E+03
  4.618881E+03
  4.830860E+03
  4.639036E+03
  4.775348E+03
  1.446681E+03
  2.465274E-03
  5.926300E+02
  5.928590E+02
  5.930884E+02
  5.933182E+02
  5.935484E+02
  5.937789E+02
  5.940097E+02
  5.942409E+02
  5.944725E+02
  5.946191E+02
  5.947625E+02
  5.949065E+02
  5.950512E+02
  5.951965E+02
  5.953426E+02
  5.954893E+02
  5.954867E+02
  5.951584E+02
  5.948309E+02
  5.945043E+02
  5.941785E+02
  5.938535E+02
  5.935294E+02
  5.931959E+02
  5.926894E+02
  5.921840E+02
  5.916798E+02
  5.911768E+02
  5.906749E+02
  5.901742E+02
  5.896501E+02
  5.889971E+02
  5.883457E+02
  5.876960E+02
  5.870480E+02
  5.864016E+02
  5.857568E+02
  5.850624E+02
  5.843370E+02
  5.836138E+02
  5.828929E+02
  5.821742E+02
  5.814578E+02
  5.807942E+02
  5.802148E+02
  5.796382E+02
  5.790647E+02
  5.784941E+02
  5.779264E+02
  5.775137E+02
  5.772757E+02
  5.770412E+02
  5.768102E+02
  5.765827E+02
  5.763588E+02
  5.764658E+02
  5.766332E+02
  5.768046E+02
  5.769799E+02
  5.771592E+02
  5.775297E+02
  5.780793E+02
  5.786330E+02
  5.791910E+02
  5.797532E+02
  5.803689E+02
  5.810493E+02
  5.817332E+02
  5.824207E+02
  5.831117E+02
  5.835023E+02
  5.837173E+02
  5.839341E+02
  5.841525E+02
  5.843074E+02
  5.833615E+02
  5.824156E+02
  5.814699E+02
  5.805242E+02
  5.785593E+02
  5.761779E+02
  5.737977E+02
  5.714187E+02
  5.684427E+02
  5.650376E+02
  5.616362E+02
  5.582386E+02
  5.545860E+02
  5.508042E+02
  5.470283E+02
  5.432582E+02
  5.395435E+02
  5.358394E+02
  5.321421E+02
  5.285209E+02
  5.250151E+02
  5.215167E+02
  5.180287E+02
  5.146590E+02
  5.112977E+02
  5.079448E+02
  5.047263E+02
  5.015426E+02
  4.983681E+02
  4.953639E+02
  4.924098E+02
  4.894641E+02
  4.866973E+02
  4.839534E+02
  4.812525E+02
  4.787299E+02
  4.762115E+02
  4.738581E+02
  4.716277E+02
  4.694333E+02
  4.675491E+02
  4.656652E+02
  4.640503E+02
  4.625242E+02
  4.611949E+02
  4.600475E+02
  4.590046E+02
  4.581189E+02
  4.572297E+02
  4.563351E+02
  4.553672E+02
  4.543181E+02
  4.531632E+02
  4.519537E+02
  4.506608E+02
  4.493748E+02
  4.481192E+02
  4.470212E+02
  4.460880E+02
  4.454693E+02
  4.454015E+02
  4.459210E+02
  4.472465E+02
  4.497172E+02
  4.543386E+02
  4.624362E+02
  4.765955E+02
  5.010238E+02
  5.426984E+02
  6.147798E+02
  7.160815E+02
  7.700749E+02
  8.783957E+02
  3.986514E+02
  5.240098E-04
  1.952265E+03
  1.950753E+03
  1.949241E+03
  1.947730E+03
  1.946219E+03
  1.944779E+03
  1.943269E+03
  1.941761E+03
  1.940252E+03
  1.935531E+03
  1.930662E+03
  1.925795E+03
  1.920929E+03
  1.916063E+03
  1.911198E+03
  1.906334E+03
  1.900610E+03
  1.893015E+03
  1.885420E+03
  1.877827E+03
  1.870234E+03
  1.862641E+03
  1.855049E+03
  1.847351E+03
  1.837826E+03
  1.828301E+03
  1.818778E+03
  1.809255E+03
  1.799733E+03
  1.790212E+03
  1.780354E+03
  1.768709E+03
  1.757065E+03
  1.745423E+03
  1.733781E+03
  1.722141E+03
  1.710501E+03
  1.697412E+03
  1.683385E+03
  1.669361E+03
  1.655337E+03
  1.641315E+03
  1.627294E+03
  1.612417E+03
  1.596162E+03
  1.579909E+03
  1.563658E+03
  1.547409E+03
  1.531161E+03
  1.514101E+03
  1.496128E+03
  1.478157E+03
  1.460189E+03
  1.442223E+03
  1.424260E+03
  1.405678E+03
  1.386993E+03
  1.368311E+03
  1.349632E+03
  1.330957E+03
  1.312763E+03
  1.295020E+03
  1.277282E+03
  1.259546E+03
  1.241814E+03
  1.225326E+03
  1.210373E+03
  1.195423E+03
  1.180476E+03
  1.165532E+03
  1.153400E+03
  1.142913E+03
  1.132426E+03
  1.121941E+03
  1.111779E+03
  1.107065E+03
  1.102350E+03
  1.097636E+03
  1.092921E+03
  1.092377E+03
  1.093542E+03
  1.094710E+03
  1.095880E+03
  1.099639E+03
  1.105274E+03
  1.110915E+03
  1.116561E+03
  1.123924E+03
  1.132185E+03
  1.140454E+03
  1.148731E+03
  1.157983E+03
  1.167315E+03
  1.176655E+03
  1.185754E+03
  1.194468E+03
  1.203192E+03
  1.211860E+03
  1.218282E+03
  1.224713E+03
  1.231154E+03
  1.234899E+03
  1.238110E+03
  1.241333E+03
  1.241626E+03
  1.241184E+03
  1.240756E+03
  1.236519E+03
  1.231936E+03
  1.226583E+03
  1.217533E+03
  1.208497E+03
  1.196938E+03
  1.183494E+03
  1.169649E+03
  1.152092E+03
  1.134545E+03
  1.114237E+03
  1.093017E+03
  1.070291E+03
  1.046173E+03
  1.021333E+03
  9.954071E+02
  9.691923E+02
  9.425158E+02
  9.159088E+02
  8.893784E+02
  8.634395E+02
  8.378119E+02
  8.136302E+02
  7.901722E+02
  7.682197E+02
  7.481503E+02
  7.295084E+02
  7.130596E+02
  6.993124E+02
  6.878537E+02
  6.791351E+02
  6.738264E+02
  6.743254E+02
  6.840422E+02
  7.101799E+02
  7.648188E+02
  8.659342E+02
  1.039606E+03
  1.268031E+03
  1.352539E+03
  1.393722E+03
 -7.000474E+01
  3.090227E-09
  1.251630E+00
  1.251442E+00
  1.251254E+00
  1.251067E+00
  1.250880E+00
  1.250692E+00
  1.250505E+00
  1.250319E+00
  1.250132E+00
  1.249377E+00
  1.248596E+00
  1.247815E+00
  1.247035E+00
  1.246254E+00
  1.245474E+00
  1.244695E+00
  1.243712E+00
  1.242287E+00
  1.240862E+00
  1.239438E+00
  1.238014E+00
  1.236590E+00
  1.235167E+00
  1.233719E+00
  1.231852E+00
  1.229985E+00
  1.228118E+00
  1.226251E+00
  1.224385E+00
  1.222520E+00
  1.220580E+00
  1.218245E+00
  1.215911E+00
  1.213577E+00
  1.211244E+00
  1.208912E+00
  1.206580E+00
  1.203923E+00
  1.201056E+00
  1.198190E+00
  1.195325E+00
  1.192460E+00
  1.189596E+00
  1.186532E+00
  1.183145E+00
  1.179759E+00
  1.176375E+00
  1.172991E+00
  1.169608E+00
  1.166006E+00
  1.162158E+00
  1.158311E+00
  1.154465E+00
  1.150621E+00
  1.146778E+00
  1.142615E+00
  1.138399E+00
  1.134184E+00
  1.129970E+00
  1.125759E+00
  1.121439E+00
  1.117019E+00
  1.112601E+00
  1.108184E+00
  1.103770E+00
  1.099351E+00
  1.094927E+00
  1.090504E+00
  1.086083E+00
  1.081663E+00
  1.077332E+00
  1.073052E+00
  1.068774E+00
  1.064496E+00
  1.060230E+00
  1.056144E+00
  1.052059E+00
  1.047974E+00
  1.043889E+00
  1.039923E+00
  1.036007E+00
  1.032091E+00
  1.028176E+00
  1.024314E+00
  1.020493E+00
  1.016674E+00
  1.012857E+00
  1.009002E+00
  1.005129E+00
  1.001258E+00
  9.973907E-01
  9.932937E-01
  9.891829E-01
  9.850755E-01
  9.808024E-01
  9.762694E-01
  9.717401E-01
  9.671984E-01
  9.620924E-01
  9.569906E-01
  9.518929E-01
  9.462482E-01
  9.404975E-01
  9.347518E-01
  9.284393E-01
  9.219868E-01
  9.155398E-01
  9.083852E-01
  9.011688E-01
  8.938159E-01
  8.857948E-01
  8.777790E-01
  8.693011E-01
  8.604784E-01
  8.515813E-01
  8.419719E-01
  8.323671E-01
  8.222093E-01
  8.118710E-01
  8.011986E-01
  7.902176E-01
  7.790095E-01
  7.674588E-01
  7.557096E-01
  7.436425E-01
  7.313676E-01
  7.188605E-01
  7.061100E-01
  6.932327E-01
  6.800592E-01
  6.667850E-01
  6.533162E-01
  6.396697E-01
  6.258999E-01
  6.119560E-01
  5.978135E-01
  5.835176E-01
  5.690688E-01
  5.544958E-01
  5.400004E-01
  5.262260E-01
  5.144381E-01
  5.066723E-01
  5.063096E-01
  5.203130E-01
  5.441922E-01
  5.225835E-01
  5.379388E-01
  1.629673E-01
  2.777109E-07
  1.083426E+00
  1.083844E+00
  1.084264E+00
  1.084684E+00
  1.085105E+00
  1.085526E+00
  1.085948E+00
  1.086371E+00
  1.086794E+00
  1.087062E+00
  1.087324E+00
  1.087588E+00
  1.087852E+00
  1.088118E+00
  1.088385E+00
  1.088653E+00
  1.088648E+00
  1.088048E+00
  1.087449E+00
  1.086852E+00
  1.086257E+00
  1.085663E+00
  1.085070E+00
  1.084460E+00
  1.083534E+00
  1.082610E+00
  1.081689E+00
  1.080769E+00
  1.079852E+00
  1.078936E+00
  1.077978E+00
  1.076784E+00
  1.075593E+00
  1.074406E+00
  1.073221E+00
  1.072039E+00
  1.070861E+00
  1.069591E+00
  1.068265E+00
  1.066943E+00
  1.065625E+00
  1.064311E+00
  1.063001E+00
  1.061788E+00
  1.060729E+00
  1.059675E+00
  1.058626E+00
  1.057583E+00
  1.056545E+00
  1.055791E+00
  1.055356E+00
  1.054927E+00
  1.054505E+00
  1.054089E+00
  1.053679E+00
  1.053875E+00
  1.054181E+00
  1.054494E+00
  1.054815E+00
  1.055143E+00
  1.055820E+00
  1.056825E+00
  1.057837E+00
  1.058857E+00
  1.059885E+00
  1.061011E+00
  1.062254E+00
  1.063505E+00
  1.064761E+00
  1.066025E+00
  1.066739E+00
  1.067132E+00
  1.067528E+00
  1.067928E+00
  1.068211E+00
  1.066481E+00
  1.064752E+00
  1.063023E+00
  1.061294E+00
  1.057702E+00
  1.053349E+00
  1.048997E+00
  1.044648E+00
  1.039207E+00
  1.032982E+00
  1.026764E+00
  1.020553E+00
  1.013875E+00
  1.006961E+00
  1.000058E+00
  9.931659E-01
  9.863749E-01
  9.796032E-01
  9.728439E-01
  9.662237E-01
  9.598145E-01
  9.534189E-01
  9.470423E-01
  9.408818E-01
  9.347369E-01
  9.286072E-01
  9.227232E-01
  9.169029E-01
  9.110994E-01
  9.056073E-01
  9.002066E-01
  8.948214E-01
  8.897632E-01
  8.847469E-01
  8.798092E-01
  8.751976E-01
  8.705935E-01
  8.662911E-01
  8.622136E-01
  8.582018E-01
  8.547572E-01
  8.513131E-01
  8.483608E-01
  8.455708E-01
  8.431407E-01
  8.410431E-01
  8.391365E-01
  8.375173E-01
  8.358915E-01
  8.342561E-01
  8.324867E-01
  8.305687E-01
  8.284574E-01
  8.262462E-01
  8.238825E-01
  8.215316E-01
  8.192361E-01
  8.172289E-01
  8.155227E-01
  8.143916E-01
  8.142677E-01
  8.152175E-01
  8.176407E-01
  8.221576E-01
  8.306062E-01
  8.454100E-01
  8.712955E-01
  9.159546E-01
  9.921426E-01
  1.123919E+00
  1.309116E+00
  1.407825E+00
  1.605853E+00
  7.288007E-01
  9.579767E-07
  1.468875E+00
  1.467737E+00
  1.466600E+00
  1.465463E+00
  1.464326E+00
  1.463242E+00
  1.462106E+00
  1.460971E+00
  1.459837E+00
  1.456284E+00
  1.452621E+00
  1.448959E+00
  1.445298E+00
  1.441637E+00
  1.437976E+00
  1.434316E+00
  1.430010E+00
  1.424295E+00
  1.418581E+00
  1.412868E+00
  1.407155E+00
  1.401442E+00
  1.395730E+00
  1.389938E+00
  1.382771E+00
  1.375605E+00
  1.368440E+00
  1.361275E+00
  1.354111E+00
  1.346947E+00
  1.339530E+00
  1.330768E+00
  1.322008E+00
  1.313248E+00
  1.304489E+00
  1.295730E+00
  1.286973E+00
  1.277124E+00
  1.266571E+00
  1.256019E+00
  1.245468E+00
  1.234918E+00
  1.224368E+00
  1.213175E+00
  1.200945E+00
  1.188716E+00
  1.176489E+00
  1.164263E+00
  1.152038E+00
  1.139202E+00
  1.125679E+00
  1.112158E+00
  1.098639E+00
  1.085122E+00
  1.071606E+00
  1.057625E+00
  1.043567E+00
  1.029510E+00
  1.015457E+00
  1.001406E+00
  9.877166E-01
  9.743672E-01
  9.610205E-01
  9.476765E-01
  9.343352E-01
  9.219294E-01
  9.106789E-01
  8.994306E-01
  8.881844E-01
  8.769404E-01
  8.678129E-01
  8.599219E-01
  8.520318E-01
  8.441427E-01
  8.364973E-01
  8.329500E-01
  8.294029E-01
  8.258558E-01
  8.223087E-01
  8.218993E-01
  8.227761E-01
  8.236546E-01
  8.245346E-01
  8.273629E-01
  8.316028E-01
  8.358469E-01
  8.400952E-01
  8.456349E-01
  8.518505E-01
  8.580720E-01
  8.642996E-01
  8.712606E-01
  8.782820E-01
  8.853099E-01
  8.921553E-01
  8.987123E-01
  9.052758E-01
  9.117979E-01
  9.166296E-01
  9.214685E-01
  9.263146E-01
  9.291318E-01
  9.315481E-01
  9.339734E-01
  9.341937E-01
  9.338610E-01
  9.335389E-01
  9.303512E-01
  9.269024E-01
  9.228752E-01
  9.160661E-01
  9.092671E-01
  9.005707E-01
  8.904550E-01
  8.800380E-01
  8.668287E-01
  8.536261E-01
  8.383462E-01
  8.223805E-01
  8.052818E-01
  7.871356E-01
  7.684463E-01
  7.489395E-01
  7.292157E-01
  7.091443E-01
  6.891254E-01
  6.691641E-01
  6.496477E-01
  6.303656E-01
  6.121715E-01
  5.945218E-01
  5.780048E-01
  5.629047E-01
  5.488786E-01
  5.365026E-01
  5.261593E-01
  5.175378E-01
  5.109780E-01
  5.069838E-01
  5.073592E-01
  5.146700E-01
  5.343359E-01
  5.754460E-01
  6.515247E-01
  7.821948E-01
  9.540608E-01
  1.017644E+00
  1.048630E+00
 -5.267123E-02
  2.325072E-12
  9.837639E-01
  9.836165E-01
  9.834691E-01
  9.833219E-01
  9.831748E-01
  9.830277E-01
  9.828807E-01
  9.827338E-01
  9.825870E-01
  9.819932E-01
  9.813792E-01
  9.807654E-01
  9.801517E-01
  9.795382E-01
  9.789248E-01
  9.783116E-01
  9.775389E-01
  9.764186E-01
  9.752985E-01
  9.741785E-01
  9.730588E-01
  9.719392E-01
  9.708198E-01
  9.696813E-01
  9.682128E-01
  9.667445E-01
  9.652764E-01
  9.638086E-01
  9.623411E-01
  9.608737E-01
  9.593479E-01
  9.575118E-01
  9.556759E-01
  9.538404E-01
  9.520052E-01
  9.501703E-01
  9.483358E-01
  9.462457E-01
  9.439906E-01
  9.417360E-01
  9.394818E-01
  9.372280E-01
  9.349747E-01
  9.325638E-01
  9.298991E-01
  9.272351E-01
  9.245717E-01
  9.219089E-01
  9.192467E-01
  9.164123E-01
  9.133841E-01
  9.103568E-01
  9.073304E-01
  9.043048E-01
  9.012801E-01
  8.980041E-01
  8.946860E-01
  8.913691E-01
  8.880534E-01
  8.847388E-01
  8.813397E-01
  8.778618E-01
  8.743854E-01
  8.709103E-01
  8.674366E-01
  8.639601E-01
  8.604798E-01
  8.570007E-01
  8.535228E-01
  8.500460E-01
  8.466400E-01
  8.432752E-01
  8.399110E-01
  8.365475E-01
  8.331930E-01
  8.299828E-01
  8.267726E-01
  8.235625E-01
  8.203524E-01
  8.172376E-01
  8.141621E-01
  8.110870E-01
  8.080123E-01
  8.049812E-01
  8.019824E-01
  7.989849E-01
  7.959887E-01
  7.929637E-01
  7.899251E-01
  7.868884E-01
  7.838537E-01
  7.806396E-01
  7.774145E-01
  7.741917E-01
  7.708389E-01
  7.672821E-01
  7.637278E-01
  7.601634E-01
  7.561558E-01
  7.521510E-01
  7.481491E-01
  7.437168E-01
  7.392009E-01
  7.346884E-01
  7.297299E-01
  7.246609E-01
  7.195959E-01
  7.139741E-01
  7.083034E-01
  7.025252E-01
  6.962214E-01
  6.899216E-01
  6.832585E-01
  6.763242E-01
  6.693313E-01
  6.617785E-01
  6.542292E-01
  6.462452E-01
  6.381193E-01
  6.297306E-01
  6.210992E-01
  6.122893E-01
  6.032097E-01
  5.939740E-01
  5.844881E-01
  5.748387E-01
  5.650065E-01
  5.549827E-01
  5.448591E-01
  5.345025E-01
  5.240666E-01
  5.134776E-01
  5.027489E-01
  4.919231E-01
  4.809606E-01
  4.698419E-01
  4.586028E-01
  4.472435E-01
  4.357868E-01
  4.243911E-01
  4.135622E-01
  4.042947E-01
  3.981882E-01
  3.978998E-01
  4.089013E-01
  4.276639E-01
  4.106788E-01
  4.227425E-01
  1.491918E-01
  4.373572E-02
  5.247187E-02
  5.249216E-02
  5.251248E-02
  5.253283E-02
  5.255321E-02
  5.257361E-02
  5.259405E-02
  5.261452E-02
  5.263502E-02
  5.264799E-02
  5.266067E-02
  5.267341E-02
  5.268621E-02
  5.269907E-02
  5.271198E-02
  5.272496E-02
  5.272471E-02
  5.269562E-02
  5.266660E-02
  5.263766E-02
  5.260878E-02
  5.257998E-02
  5.255126E-02
  5.252170E-02
  5.247681E-02
  5.243202E-02
  5.238733E-02
  5.234275E-02
  5.229826E-02
  5.225388E-02
  5.220742E-02
  5.214953E-02
  5.209179E-02
  5.203420E-02
  5.197674E-02
  5.191943E-02
  5.186226E-02
  5.180068E-02
  5.173634E-02
  5.167220E-02
  5.160825E-02
  5.154450E-02
  5.148094E-02
  5.142205E-02
  5.137058E-02
  5.131937E-02
  5.126842E-02
  5.121772E-02
  5.116727E-02
  5.113054E-02
  5.110925E-02
  5.108826E-02
  5.106759E-02
  5.104721E-02
  5.102714E-02
  5.103638E-02
  5.105095E-02
  5.106587E-02
  5.108114E-02
  5.109675E-02
  5.112929E-02
  5.117771E-02
  5.122649E-02
  5.127564E-02
  5.132515E-02
  5.137943E-02
  5.143947E-02
  5.149982E-02
  5.156047E-02
  5.162144E-02
  5.165587E-02
  5.167480E-02
  5.169388E-02
  5.171311E-02
  5.172672E-02
  5.164299E-02
  5.155928E-02
  5.147556E-02
  5.139186E-02
  5.121802E-02
  5.100735E-02
  5.079678E-02
  5.058632E-02
  5.032307E-02
  5.002186E-02
  4.972099E-02
  4.942044E-02
  4.909737E-02
  4.876289E-02
  4.842891E-02
  4.809543E-02
  4.776692E-02
  4.743933E-02
  4.711233E-02
  4.679206E-02
  4.648202E-02
  4.617263E-02
  4.586413E-02
  4.556611E-02
  4.526881E-02
  4.497223E-02
  4.468753E-02
  4.440589E-02
  4.412503E-02
  4.385922E-02
  4.359781E-02
  4.333713E-02
  4.309225E-02
  4.284939E-02
  4.261031E-02
  4.238700E-02
  4.216405E-02
  4.195570E-02
  4.175823E-02
  4.156395E-02
  4.139712E-02
  4.123032E-02
  4.108733E-02
  4.095219E-02
  4.083448E-02
  4.073286E-02
  4.064048E-02
  4.056200E-02
  4.048319E-02
  4.040389E-02
  4.031809E-02
  4.022506E-02
  4.012265E-02
  4.001538E-02
  3.990071E-02
  3.978664E-02
  3.967524E-02
  3.957777E-02
  3.949488E-02
  3.943982E-02
  3.943353E-02
  3.947922E-02
  3.959626E-02
  3.981468E-02
  4.022349E-02
  4.094004E-02
  4.219322E-02
  4.435550E-02
  4.804453E-02
  5.442536E-02
  6.339289E-02
  6.817223E-02
  7.776087E-02
  4.111171E-02
  9.296310E-03
  1.728549E-01
  1.727210E-01
  1.725872E-01
  1.724534E-01
  1.723197E-01
  1.721921E-01
  1.720585E-01
  1.719249E-01
  1.717913E-01
  1.713732E-01
  1.709422E-01
  1.705112E-01
  1.700803E-01
  1.696494E-01
  1.692186E-01
  1.687879E-01
  1.682810E-01
  1.676085E-01
  1.669360E-01
  1.662636E-01
  1.655912E-01
  1.649189E-01
  1.642466E-01
  1.635649E-01
  1.627214E-01
  1.618780E-01
  1.610346E-01
  1.601913E-01
  1.593481E-01
  1.585050E-01
  1.576320E-01
  1.566007E-01
  1.555696E-01
  1.545385E-01
  1.535076E-01
  1.524767E-01
  1.514459E-01
  1.502867E-01
  1.490445E-01
  1.478024E-01
  1.465605E-01
  1.453186E-01
  1.440769E-01
  1.427594E-01
  1.413197E-01
  1.398803E-01
  1.384410E-01
  1.370018E-01
  1.355628E-01
  1.340519E-01
  1.324601E-01
  1.308685E-01
  1.292771E-01
  1.276859E-01
  1.260949E-01
  1.244492E-01
  1.227943E-01
  1.211398E-01
  1.194855E-01
  1.178315E-01
  1.162203E-01
  1.146489E-01
  1.130780E-01
  1.115073E-01
  1.099370E-01
  1.084768E-01
  1.071526E-01
  1.058287E-01
  1.045050E-01
  1.031816E-01
  1.021074E-01
  1.011787E-01
  1.002502E-01
  9.932172E-02
  9.842197E-02
  9.800463E-02
  9.758730E-02
  9.716997E-02
  9.675266E-02
  9.670469E-02
  9.680813E-02
  9.691176E-02
  9.701558E-02
  9.734876E-02
  9.784812E-02
  9.834797E-02
  9.884831E-02
  9.950072E-02
  1.002327E-01
  1.009654E-01
  1.016988E-01
  1.025186E-01
  1.033456E-01
  1.041733E-01
  1.049795E-01
  1.057518E-01
  1.065249E-01
  1.072931E-01
  1.078624E-01
  1.084326E-01
  1.090035E-01
  1.093356E-01
  1.096206E-01
  1.099065E-01
  1.099328E-01
  1.098941E-01
  1.098565E-01
  1.094816E-01
  1.090760E-01
  1.086022E-01
  1.078010E-01
  1.070010E-01
  1.059777E-01
  1.047873E-01
  1.035615E-01
  1.020071E-01
  1.004534E-01
  9.865526E-02
  9.677641E-02
  9.476422E-02
  9.262874E-02
  9.042932E-02
  8.813368E-02
  8.581246E-02
  8.345032E-02
  8.109431E-02
  7.874505E-02
  7.644813E-02
  7.417876E-02
  7.203739E-02
  6.996008E-02
  6.801605E-02
  6.623874E-02
  6.458781E-02
  6.313104E-02
  6.191348E-02
  6.089852E-02
  6.012614E-02
  5.965566E-02
  5.969934E-02
  6.055909E-02
  6.287256E-02
  6.770919E-02
  7.666027E-02
  9.203450E-02
  1.122556E-01
  1.197359E-01
  1.233806E-01
 -7.219377E-03
  5.482284E-08
  9.839535E-01
  9.838062E-01
  9.836590E-01
  9.835120E-01
  9.833650E-01
  9.832182E-01
  9.830713E-01
  9.829246E-01
  9.827780E-01
  9.821847E-01
  9.815711E-01
  9.809577E-01
  9.803445E-01
  9.797314E-01
  9.791185E-01
  9.785058E-01
  9.777335E-01
  9.766137E-01
  9.754942E-01
  9.743748E-01
  9.732555E-01
  9.721365E-01
  9.710177E-01
  9.698796E-01
  9.684117E-01
  9.669440E-01
  9.654765E-01
  9.640093E-01
  9.625423E-01
  9.610755E-01
  9.595503E-01
  9.577148E-01
  9.558796E-01
  9.540448E-01
  9.522102E-01
  9.503760E-01
  9.485422E-01
  9.464529E-01
  9.441986E-01
  9.419448E-01
  9.396915E-01
  9.374386E-01
  9.351861E-01
  9.327761E-01
  9.301125E-01
  9.274496E-01
  9.247873E-01
  9.221256E-01
  9.194645E-01
  9.166313E-01
  9.136046E-01
  9.105788E-01
  9.075538E-01
  9.045296E-01
  9.015063E-01
  8.982320E-01
  8.949157E-01
  8.916005E-01
  8.882865E-01
  8.849736E-01
  8.815763E-01
  8.781004E-01
  8.746258E-01
  8.711527E-01
  8.676808E-01
  8.642062E-01
  8.607278E-01
  8.572506E-01
  8.537746E-01
  8.502997E-01
  8.468953E-01
  8.435321E-01
  8.401695E-01
  8.368074E-01
  8.334545E-01
  8.302452E-01
  8.270359E-01
  8.238268E-01
  8.206177E-01
  8.175033E-01
  8.144281E-01
  8.113532E-01
  8.082788E-01
  8.052477E-01
  8.022487E-01
  7.992510E-01
  7.962546E-01
  7.932293E-01
  7.901902E-01
  7.871531E-01
  7.841180E-01
  7.809036E-01
  7.776782E-01
  7.744551E-01
  7.711020E-01
  7.675450E-01
  7.639906E-01
  7.604261E-01
  7.564187E-01
  7.524141E-01
  7.484124E-01
  7.439807E-01
  7.394653E-01
  7.349535E-01
  7.299960E-01
  7.249281E-01
  7.198642E-01
  7.142440E-01
  7.085750E-01
  7.027984E-01
  6.964968E-01
  6.901993E-01
  6.835388E-01
  6.766073E-01
  6.696174E-01
  6.620683E-01
  6.545226E-01
  6.465429E-01
  6.384213E-01
  6.300374E-01
  6.214112E-01
  6.126066E-01
  6.035328E-01
  5.943028E-01
  5.848229E-01
  5.751795E-01
  5.653534E-01
  5.553357E-01
  5.452181E-01
  5.348677E-01
  5.244382E-01
  5.138558E-01
  5.031345E-01
  4.923167E-01
  4.813634E-01
  4.702563E-01
  4.590310E-01
  4.476888E-01
  4.362533E-01
  4.248851E-01
  4.140900E-01
  4.048623E-01
  3.987998E-01
  3.985544E-01
  4.095873E-01
  4.283486E-01
  4.113318E-01
  4.232453E-01
  1.487210E-01
  4.095034E-02
  4.602477E-02
  4.604572E-02
  4.606670E-02
  4.608771E-02
  4.610876E-02
  4.612983E-02
  4.615093E-02
  4.617206E-02
  4.619322E-02
  4.620757E-02
  4.622166E-02
  4.623582E-02
  4.625003E-02
  4.626430E-02
  4.627862E-02
  4.629301E-02
  4.629412E-02
  4.626630E-02
  4.623854E-02
  4.621086E-02
  4.618325E-02
  4.615571E-02
  4.612825E-02
  4.609994E-02
  4.605619E-02
  4.601253E-02
  4.596898E-02
  4.592553E-02
  4.588218E-02
  4.583893E-02
  4.579365E-02
  4.573715E-02
  4.568080E-02
  4.562460E-02
  4.556853E-02
  4.551261E-02
  4.545683E-02
  4.539690E-02
  4.533437E-02
  4.527203E-02
  4.520989E-02
  4.514794E-02
  4.508619E-02
  4.502926E-02
  4.498000E-02
  4.493100E-02
  4.488226E-02
  4.483376E-02
  4.478552E-02
  4.475112E-02
  4.473232E-02
  4.471382E-02
  4.469563E-02
  4.467773E-02
  4.466014E-02
  4.467190E-02
  4.468901E-02
  4.470645E-02
  4.472423E-02
  4.474235E-02
  4.477726E-02
  4.482791E-02
  4.487891E-02
  4.493027E-02
  4.498199E-02
  4.503821E-02
  4.509984E-02
  4.516177E-02
  4.522400E-02
  4.528654E-02
  4.532197E-02
  4.534155E-02
  4.536128E-02
  4.538116E-02
  4.539535E-02
  4.531106E-02
  4.522677E-02
  4.514250E-02
  4.505823E-02
  4.488279E-02
  4.467011E-02
  4.445752E-02
  4.424503E-02
  4.397895E-02
  4.367431E-02
  4.337000E-02
  4.306600E-02
  4.273874E-02
  4.239967E-02
  4.206110E-02
  4.172301E-02
  4.138916E-02
  4.105618E-02
  4.072377E-02
  4.039798E-02
  4.008225E-02
  3.976715E-02
  3.945294E-02
  3.914961E-02
  3.884698E-02
  3.854505E-02
  3.825580E-02
  3.796975E-02
  3.768447E-02
  3.741521E-02
  3.715058E-02
  3.688666E-02
  3.663979E-02
  3.639503E-02
  3.615427E-02
  3.593045E-02
  3.570695E-02
  3.549877E-02
  3.530201E-02
  3.510850E-02
  3.494337E-02
  3.477823E-02
  3.463743E-02
  3.450465E-02
  3.438952E-02
  3.429071E-02
  3.420122E-02
  3.412578E-02
  3.404995E-02
  3.397359E-02
  3.389048E-02
  3.379993E-02
  3.369930E-02
  3.359346E-02
  3.347825E-02
  3.336234E-02
  3.324632E-02
  3.313942E-02
  3.304277E-02
  3.296634E-02
  3.292636E-02
  3.292610E-02
  3.298153E-02
  3.311828E-02
  3.341642E-02
  3.399222E-02
  3.507291E-02
  3.703346E-02
  4.050648E-02
  4.669348E-02
  5.555870E-02
  6.034768E-02
  7.000883E-02
  3.442577E-02
  1.180734E-03
  1.733219E-01
  1.731879E-01
  1.730540E-01
  1.729201E-01
  1.727863E-01
  1.726604E-01
  1.725267E-01
  1.723930E-01
  1.722594E-01
  1.718412E-01
  1.714100E-01
  1.709789E-01
  1.705478E-01
  1.701169E-01
  1.696859E-01
  1.692551E-01
  1.687481E-01
  1.680754E-01
  1.674027E-01
  1.667301E-01
  1.660575E-01
  1.653850E-01
  1.647125E-01
  1.640306E-01
  1.631868E-01
  1.623431E-01
  1.614995E-01
  1.606559E-01
  1.598124E-01
  1.589689E-01
  1.580956E-01
  1.570639E-01
  1.560323E-01
  1.550008E-01
  1.539693E-01
  1.529380E-01
  1.519067E-01
  1.507469E-01
  1.495041E-01
  1.482613E-01
  1.470187E-01
  1.457762E-01
  1.445338E-01
  1.432154E-01
  1.417748E-01
  1.403343E-01
  1.388940E-01
  1.374538E-01
  1.360138E-01
  1.345017E-01
  1.329084E-01
  1.313153E-01
  1.297225E-01
  1.281299E-01
  1.265374E-01
  1.248899E-01
  1.232332E-01
  1.215767E-01
  1.199205E-01
  1.182647E-01
  1.166513E-01
  1.150779E-01
  1.135047E-01
  1.119319E-01
  1.103594E-01
  1.088971E-01
  1.075709E-01
  1.062449E-01
  1.049191E-01
  1.035937E-01
  1.025177E-01
  1.015874E-01
  1.006573E-01
  9.972730E-02
  9.882603E-02
  9.840808E-02
  9.799013E-02
  9.757219E-02
  9.715425E-02
  9.710642E-02
  9.721032E-02
  9.731440E-02
  9.741867E-02
  9.775265E-02
  9.825306E-02
  9.875396E-02
  9.925537E-02
  9.990882E-02
  1.006419E-01
  1.013756E-01
  1.021100E-01
  1.029303E-01
  1.037576E-01
  1.045857E-01
  1.053919E-01
  1.061634E-01
  1.069357E-01
  1.077030E-01
  1.082698E-01
  1.088374E-01
  1.094058E-01
  1.097340E-01
  1.100147E-01
  1.102964E-01
  1.103175E-01
  1.102731E-01
  1.102300E-01
  1.098487E-01
  1.094366E-01
  1.089563E-01
  1.081480E-01
  1.073409E-01
  1.063104E-01
  1.051127E-01
  1.038795E-01
  1.023176E-01
  1.007566E-01
  9.895117E-02
  9.706508E-02
  9.504581E-02
  9.290341E-02
  9.069731E-02
  8.839534E-02
  8.606812E-02
  8.370045E-02
  8.133936E-02
  7.898548E-02
  7.668456E-02
  7.441151E-02
  7.226738E-02
  7.018768E-02
  6.824200E-02
  6.646390E-02
  6.481284E-02
  6.335695E-02
  6.214168E-02
  6.113030E-02
  6.036310E-02
  5.989979E-02
  5.995343E-02
  6.082585E-02
  6.315453E-02
  6.800813E-02
  7.697578E-02
  9.236167E-02
  1.125804E-01
  1.200408E-01
  1.236096E-01
 -7.272819E-03
  5.042752E-08
 -1.895504E-04
 -1.897349E-04
 -1.899195E-04
 -1.901042E-04
 -1.902891E-04
 -1.904741E-04
 -1.906592E-04
 -1.908445E-04
 -1.910299E-04
 -1.914688E-04
 -1.919196E-04
 -1.923705E-04
 -1.928217E-04
 -1.932732E-04
 -1.937248E-04
 -1.941767E-04
 -1.946519E-04
 -1.951777E-04
 -1.957037E-04
 -1.962301E-04
 -1.967568E-04
 -1.972839E-04
 -1.978112E-04
 -1.983413E-04
 -1.989113E-04
 -1.994819E-04
 -2.000528E-04
 -2.006243E-04
 -2.011961E-04
 -2.017684E-04
 -2.023562E-04
 -2.030241E-04
 -2.036927E-04
 -2.043619E-04
 -2.050317E-04
 -2.057022E-04
 -2.063733E-04
 -2.071467E-04
 -2.079867E-04
 -2.088276E-04
 -2.096695E-04
 -2.105123E-04
 -2.113560E-04
 -2.122984E-04
 -2.133994E-04
 -2.145018E-04
 -2.156054E-04
 -2.167104E-04
 -2.178167E-04
 -2.190725E-04
 -2.204969E-04
 -2.219230E-04
 -2.233508E-04
 -2.247804E-04
 -2.262117E-04
 -2.278939E-04
 -2.296211E-04
 -2.313503E-04
 -2.330817E-04
 -2.348151E-04
 -2.366387E-04
 -2.385468E-04
 -2.404571E-04
 -2.423696E-04
 -2.442843E-04
 -2.461805E-04
 -2.480529E-04
 -2.499272E-04
 -2.518032E-04
 -2.536812E-04
 -2.553478E-04
 -2.568909E-04
 -2.584349E-04
 -2.599797E-04
 -2.614914E-04
 -2.624297E-04
 -2.633679E-04
 -2.643061E-04
 -2.652444E-04
 -2.657041E-04
 -2.659683E-04
 -2.662330E-04
 -2.664982E-04
 -2.664858E-04
 -2.662739E-04
 -2.660639E-04
 -2.658557E-04
 -2.655244E-04
 -2.651307E-04
 -2.647399E-04
 -2.643519E-04
 -2.640050E-04
 -2.636640E-04
 -2.633263E-04
 -2.630700E-04
 -2.629388E-04
 -2.628106E-04
 -2.626941E-04
 -2.628948E-04
 -2.630981E-04
 -2.633038E-04
 -2.638539E-04
 -2.644751E-04
 -2.650985E-04
 -2.660984E-04
 -2.671955E-04
 -2.682942E-04
 -2.698758E-04
 -2.715039E-04
 -2.732366E-04
 -2.754620E-04
 -2.776876E-04
 -2.802952E-04
 -2.831887E-04
 -2.861550E-04
 -2.897813E-04
 -2.934076E-04
 -2.976194E-04
 -3.020259E-04
 -3.068170E-04
 -3.119644E-04
 -3.173313E-04
 -3.230274E-04
 -3.288319E-04
 -3.348078E-04
 -3.408214E-04
 -3.468768E-04
 -3.529491E-04
 -3.590310E-04
 -3.652414E-04
 -3.715875E-04
 -3.782412E-04
 -3.855772E-04
 -3.935815E-04
 -4.028332E-04
 -4.143257E-04
 -4.282053E-04
 -4.452484E-04
 -4.664979E-04
 -4.939923E-04
 -5.278134E-04
 -5.676634E-04
 -6.116713E-04
 -6.546601E-04
 -6.859660E-04
 -6.847657E-04
 -6.529927E-04
 -5.028155E-04
  4.708414E-04
  2.785383E-03
  6.447103E-03
  6.446439E-03
  6.445775E-03
  6.445112E-03
  6.444450E-03
  6.443787E-03
  6.443124E-03
  6.442462E-03
  6.441801E-03
  6.440420E-03
  6.439008E-03
  6.437595E-03
  6.436183E-03
  6.434771E-03
  6.433360E-03
  6.431949E-03
  6.430585E-03
  6.429322E-03
  6.428059E-03
  6.426797E-03
  6.425535E-03
  6.424274E-03
  6.423012E-03
  6.421758E-03
  6.420622E-03
  6.419487E-03
  6.418352E-03
  6.417217E-03
  6.416083E-03
  6.414949E-03
  6.413774E-03
  6.412382E-03
  6.410990E-03
  6.409599E-03
  6.408208E-03
  6.406818E-03
  6.405429E-03
  6.403784E-03
  6.401976E-03
  6.400169E-03
  6.398362E-03
  6.396556E-03
  6.394751E-03
  6.392791E-03
  6.390580E-03
  6.388371E-03
  6.386164E-03
  6.383958E-03
  6.381754E-03
  6.379416E-03
  6.376926E-03
  6.374440E-03
  6.371958E-03
  6.369478E-03
  6.367002E-03
  6.364477E-03
  6.361948E-03
  6.359424E-03
  6.356907E-03
  6.354395E-03
  6.352028E-03
  6.349800E-03
  6.347578E-03
  6.345364E-03
  6.343158E-03
  6.341227E-03
  6.339636E-03
  6.338052E-03
  6.336474E-03
  6.334903E-03
  6.333909E-03
  6.333253E-03
  6.332599E-03
  6.331950E-03
  6.331371E-03
  6.331937E-03
  6.332502E-03
  6.333068E-03
  6.333634E-03
  6.335228E-03
  6.337245E-03
  6.339264E-03
  6.341285E-03
  6.344121E-03
  6.347553E-03
  6.350991E-03
  6.354436E-03
  6.358629E-03
  6.363217E-03
  6.367816E-03
  6.372425E-03
  6.377756E-03
  6.383152E-03
  6.388559E-03
  6.394080E-03
  6.399773E-03
  6.405478E-03
  6.411184E-03
  6.416500E-03
  6.421831E-03
  6.427177E-03
  6.431727E-03
  6.436133E-03
  6.440560E-03
  6.444008E-03
  6.447227E-03
  6.450473E-03
  6.452462E-03
  6.454360E-03
  6.456038E-03
  6.456555E-03
  6.457104E-03
  6.456933E-03
  6.456229E-03
  6.455452E-03
  6.453755E-03
  6.452087E-03
  6.449896E-03
  6.447549E-03
  6.444963E-03
  6.442157E-03
  6.439265E-03
  6.436229E-03
  6.433240E-03
  6.430309E-03
  6.427601E-03
  6.425134E-03
  6.423348E-03
  6.421924E-03
  6.422466E-03
  6.424297E-03
  6.428913E-03
  6.438348E-03
  6.452105E-03
  6.473478E-03
  6.507165E-03
  6.553120E-03
  6.614732E-03
  6.696394E-03
  6.807063E-03
  6.947825E-03
  7.120311E-03
  7.322047E-03
  7.538055E-03
  7.731880E-03
  7.834190E-03
  7.824542E-03
  7.752034E-03
  6.685942E-03
  8.115576E-03
 -4.669104E-04
 -4.668319E-04
 -4.667535E-04
 -4.666754E-04
 -4.665973E-04
 -4.682959E-04
 -4.682185E-04
 -4.681412E-04
 -4.680642E-04
 -4.679453E-04
 -4.678249E-04
 -4.677050E-04
 -4.675854E-04
 -4.674664E-04
 -4.673477E-04
 -4.672295E-04
 -4.670880E-04
 -4.668956E-04
 -4.667040E-04
 -4.665130E-04
 -4.663227E-04
 -4.661332E-04
 -4.659444E-04
 -4.657499E-04
 -4.654482E-04
 -4.651475E-04
 -4.648478E-04
 -4.645492E-04
 -4.642517E-04
 -4.639551E-04
 -4.636328E-04
 -4.631696E-04
 -4.627079E-04
 -4.622477E-04
 -4.617890E-04
 -4.613317E-04
 -4.608758E-04
 -4.602774E-04
 -4.595878E-04
 -4.589001E-04
 -4.582144E-04
 -4.575306E-04
 -4.568489E-04
 -4.560403E-04
 -4.550269E-04
 -4.540160E-04
 -4.530077E-04
 -4.520020E-04
 -4.509988E-04
 -4.497848E-04
 -4.483337E-04
 -4.468858E-04
 -4.454410E-04
 -4.439993E-04
 -4.425607E-04
 -4.407221E-04
 -4.388176E-04
 -4.369166E-04
 -4.350192E-04
 -4.331252E-04
 -4.310914E-04
 -4.289270E-04
 -4.267657E-04
 -4.246077E-04
 -4.224528E-04
 -4.203315E-04
 -4.182499E-04
 -4.161705E-04
 -4.140931E-04
 -4.120177E-04
 -4.102649E-04
 -4.087002E-04
 -4.071360E-04
 -4.055723E-04
 -4.040621E-04
 -4.034457E-04
 -4.028292E-04
 -4.022126E-04
 -4.015960E-04
 -4.017354E-04
 -4.021860E-04
 -4.026382E-04
 -4.030922E-04
 -4.038899E-04
 -4.049392E-04
 -4.059937E-04
 -4.070535E-04
 -4.080950E-04
 -4.091324E-04
 -4.101785E-04
 -4.112332E-04
 -4.116723E-04
 -4.120761E-04
 -4.124909E-04
 -4.124177E-04
 -4.115783E-04
 -4.107511E-04
 -4.098879E-04
 -4.073415E-04
 -4.048077E-04
 -4.022865E-04
 -3.983421E-04
 -3.941222E-04
 -3.899158E-04
 -3.846278E-04
 -3.790751E-04
 -3.735365E-04
 -3.671193E-04
 -3.606315E-04
 -3.540500E-04
 -3.469736E-04
 -3.399097E-04
 -3.326805E-04
 -3.253294E-04
 -3.179828E-04
 -3.105853E-04
 -3.031974E-04
 -2.959122E-04
 -2.886661E-04
 -2.815889E-04
 -2.746673E-04
 -2.679870E-04
 -2.616645E-04
 -2.556541E-04
 -2.501356E-04
 -2.450440E-04
 -2.404258E-04
 -2.364271E-04
 -2.327518E-04
 -2.299906E-04
 -2.275999E-04
 -2.259525E-04
 -2.251629E-04
 -2.250241E-04
 -2.259066E-04
 -2.281983E-04
 -2.317820E-04
 -2.369592E-04
 -2.441215E-04
 -2.540827E-04
 -2.667583E-04
 -2.819711E-04
 -2.989355E-04
 -3.155092E-04
 -3.271686E-04
 -3.247355E-04
 -3.048708E-04
 -2.289802E-04
  5.344214E-05
  4.395318E-09
  1.273240E+00
  1.273211E+00
  1.273125E+00
  1.272981E+00
  1.272781E+00
  1.272522E+00
  1.272207E+00
  1.271834E+00
  1.271403E+00
  1.270915E+00
  1.270369E+00
  1.269765E+00
  1.269104E+00
  1.268384E+00
  1.267607E+00
  1.266771E+00
  1.265877E+00
  1.264925E+00
  1.263915E+00
  1.262845E+00
  1.261717E+00
  1.260530E+00
  1.259284E+00
  1.257979E+00
  1.256614E+00
  1.255190E+00
  1.253705E+00
  1.252161E+00
  1.250556E+00
  1.248891E+00
  1.247165E+00
  1.245378E+00
  1.243529E+00
  1.241620E+00
  1.239648E+00
  1.237614E+00
  1.235518E+00
  1.233359E+00
  1.231136E+00
  1.228851E+00
  1.226501E+00
  1.224088E+00
  1.221610E+00
  1.219067E+00
  1.216458E+00
  1.213784E+00
  1.211044E+00
  1.208237E+00
  1.205362E+00
  1.202421E+00
  1.199411E+00
  1.196332E+00
  1.193185E+00
  1.189968E+00
  1.186680E+00
  1.183322E+00
  1.179892E+00
  1.176390E+00
  1.172816E+00
  1.169168E+00
  1.165446E+00
  1.161649E+00
  1.157776E+00
  1.153828E+00
  1.149802E+00
  1.145699E+00
  1.141516E+00
  1.137254E+00
  1.132912E+00
  1.128488E+00
  1.123982E+00
  1.119393E+00
  1.114719E+00
  1.109960E+00
  1.105114E+00
  1.100180E+00
  1.095157E+00
  1.090045E+00
  1.084841E+00
  1.079544E+00
  1.074153E+00
  1.068667E+00
  1.063083E+00
  1.057401E+00
  1.051619E+00
  1.045735E+00
  1.039748E+00
  1.033655E+00
  1.027455E+00
  1.021146E+00
  1.014726E+00
  1.008193E+00
  1.001543E+00
  9.947766E-01
  9.878894E-01
  9.808795E-01
  9.737441E-01
  9.664805E-01
  9.590857E-01
  9.515567E-01
  9.438904E-01
  9.360832E-01
  9.281318E-01
  9.200322E-01
  9.117806E-01
  9.033729E-01
  8.948045E-01
  8.860709E-01
  8.771671E-01
  8.680879E-01
  8.588277E-01
  8.493806E-01
  8.397402E-01
  8.299000E-01
  8.198525E-01
  8.095903E-01
  7.991048E-01
  7.883874E-01
  7.774283E-01
  7.662172E-01
  7.547428E-01
  7.429930E-01
  7.309546E-01
  7.186128E-01
  7.059520E-01
  6.929545E-01
  6.796012E-01
  6.658704E-01
  6.517385E-01
  6.371787E-01
  6.221609E-01
  6.066513E-01
  5.906109E-01
  5.739954E-01
  5.567532E-01
  5.388241E-01
  5.201372E-01
  5.006076E-01
  4.801325E-01
  4.585853E-01
  4.358068E-01
  4.115929E-01
  3.856731E-01
  3.576769E-01
  3.270715E-01
  2.930404E-01
  2.542116E-01
  2.079144E-01
  1.472658E-01
  0.000000E+00
  9.243829E-02
  9.247894E-02
  9.251959E-02
  9.256023E-02
  9.260087E-02
  9.300647E-02
  9.304719E-02
  9.308791E-02
  9.312862E-02
  9.317624E-02
  9.322417E-02
  9.327210E-02
  9.332002E-02
  9.336793E-02
  9.341585E-02
  9.346376E-02
  9.351407E-02
  9.356962E-02
  9.362517E-02
  9.368071E-02
  9.373625E-02
  9.379178E-02
  9.384730E-02
  9.390325E-02
  9.396646E-02
  9.402967E-02
  9.409286E-02
  9.415605E-02
  9.421923E-02
  9.428240E-02
  9.434662E-02
  9.441644E-02
  9.448625E-02
  9.455604E-02
  9.462582E-02
  9.469559E-02
  9.476535E-02
  9.483773E-02
  9.491322E-02
  9.498869E-02
  9.506414E-02
  9.513958E-02
  9.521500E-02
  9.528752E-02
  9.535537E-02
  9.542321E-02
  9.549101E-02
  9.555879E-02
  9.562655E-02
  9.567963E-02
  9.571618E-02
  9.575270E-02
  9.578919E-02
  9.582566E-02
  9.586209E-02
  9.585109E-02
  9.583190E-02
  9.581269E-02
  9.579345E-02
  9.577419E-02
  9.575694E-02
  9.572758E-02
  9.569821E-02
  9.566881E-02
  9.563940E-02
  9.559946E-02
  9.554653E-02
  9.549358E-02
  9.544063E-02
  9.538766E-02
  9.533349E-02
  9.527861E-02
  9.522374E-02
  9.516885E-02
  9.511533E-02
  9.508471E-02
  9.505410E-02
  9.502349E-02
  9.499287E-02
  9.498336E-02
  9.498247E-02
  9.498158E-02
  9.498069E-02
  9.497186E-02
  9.495728E-02
  9.494269E-02
  9.492807E-02
  9.487356E-02
  9.479824E-02
  9.472289E-02
  9.464751E-02
  9.447571E-02
  9.429671E-02
  9.412330E-02
  9.390497E-02
  9.360354E-02
  9.330204E-02
  9.299590E-02
  9.252898E-02
  9.206195E-02
  9.159482E-02
  9.100623E-02
  9.040302E-02
  8.982382E-02
  8.916606E-02
  8.848823E-02
  8.781033E-02
  8.707773E-02
  8.635039E-02
  8.564642E-02
  8.491748E-02
  8.421369E-02
  8.355971E-02
  8.292594E-02
  8.230928E-02
  8.170094E-02
  8.109260E-02
  8.052695E-02
  8.026070E-02
  8.039664E-02
  8.065081E-02
  8.089980E-02
  8.113959E-02
  8.136992E-02
  8.158526E-02
  8.178682E-02
  8.197305E-02
  8.213916E-02
  8.231716E-02
  8.249046E-02
  8.265279E-02
  8.279376E-02
  8.291426E-02
  8.302074E-02
  8.310789E-02
  8.317510E-02
  8.322764E-02
  8.326487E-02
  8.328653E-02
  8.329204E-02
  8.335799E-02
  8.341288E-02
  8.345700E-02
  8.349074E-02
  8.355213E-02
  8.369511E-02
  8.383321E-02
  8.424948E-02
  9.594685E-02
  4.645363E-02
 -6.336717E-02
 -5.623486E-02
 -4.910255E-02
 -4.197023E-02
 -3.483792E-02
  3.617709E-02
  4.332887E-02
  5.048064E-02
  5.763241E-02
  6.611321E-02
  7.465472E-02
  8.319624E-02
  9.173775E-02
  1.002793E-01
  1.088208E-01
  1.173622E-01
  1.264261E-01
  1.366267E-01
  1.468274E-01
  1.570281E-01
  1.672288E-01
  1.774294E-01
  1.876301E-01
  1.979415E-01
  2.101444E-01
  2.223472E-01
  2.345501E-01
  2.467529E-01
  2.589557E-01
  2.711584E-01
  2.837454E-01
  2.983660E-01
  3.129866E-01
  3.276072E-01
  3.422277E-01
  3.568482E-01
  3.714686E-01
  3.878073E-01
  4.052571E-01
  4.227069E-01
  4.401566E-01
  4.576062E-01
  4.750557E-01
  4.936119E-01
  5.139493E-01
  5.342866E-01
  5.546238E-01
  5.749608E-01
  5.952977E-01
  6.163967E-01
  6.383540E-01
  6.603111E-01
  6.822680E-01
  7.042247E-01
  7.261812E-01
  7.471312E-01
  7.679077E-01
  7.886841E-01
  8.094602E-01
  8.302361E-01
  8.495003E-01
  8.673510E-01
  8.852015E-01
  9.030518E-01
  9.209020E-01
  9.367021E-01
  9.499689E-01
  9.632356E-01
  9.765023E-01
  9.897688E-01
  9.990293E-01
  1.005949E+00
  1.012869E+00
  1.019789E+00
  1.026272E+00
  1.025371E+00
  1.024469E+00
  1.023568E+00
  1.022667E+00
  1.015855E+00
  1.006623E+00
  9.973910E-01
  9.881589E-01
  9.744597E-01
  9.575295E-01
  9.405990E-01
  9.236685E-01
  9.021690E-01
  8.782903E-01
  8.544113E-01
  8.305320E-01
  8.008569E-01
  7.707520E-01
  7.406466E-01
  7.083780E-01
  6.727370E-01
  6.370955E-01
  6.013268E-01
  5.610832E-01
  5.208391E-01
  4.805944E-01
  4.394503E-01
  3.981248E-01
  3.567989E-01
  3.181443E-01
  2.801694E-01
  2.421942E-01
  2.104128E-01
  1.792170E-01
  1.496090E-01
  1.275273E-01
  1.054454E-01
  8.935464E-02
  7.774977E-02
  6.724774E-02
  6.672190E-02
  6.619606E-02
  7.403510E-02
  8.464942E-02
  1.007302E-01
  1.218643E-01
  1.461772E-01
  1.752593E-01
  2.063534E-01
  2.406446E-01
  2.764218E-01
  3.138530E-01
  3.523726E-01
  3.914632E-01
  4.311468E-01
  4.708616E-01
  5.105428E-01
  5.498618E-01
  5.888520E-01
  6.272584E-01
  6.648618E-01
  7.017852E-01
  7.379335E-01
  7.732154E-01
  8.074349E-01
  8.406887E-01
  8.729733E-01
  9.042624E-01
  9.345434E-01
  9.638162E-01
  9.919870E-01
  1.019129E+00
  1.045305E+00
  1.145040E+00
  3.518253E-01
  9.896668E-01
  9.896667E-01
  9.896665E-01
  9.896664E-01
  9.896664E-01
  9.896664E-01
  9.896665E-01
  9.896666E-01
  9.896667E-01
  9.896668E-01
  9.896670E-01
  9.896672E-01
  9.896674E-01
  9.896677E-01
  9.896680E-01
  9.896683E-01
  9.896686E-01
  9.896690E-01
  9.896694E-01
  9.896699E-01
  9.896704E-01
  9.896709E-01
  9.896715E-01
  9.896721E-01
  9.896728E-01
  9.896736E-01
  9.896745E-01
  9.896754E-01
  9.896763E-01
  9.896773E-01
  9.896783E-01
  9.896796E-01
  9.896809E-01
  9.896824E-01
  9.896838E-01
  9.896854E-01
  9.896870E-01
  9.896888E-01
  9.896909E-01
  9.896931E-01
  9.896954E-01
  9.896977E-01
  9.897002E-01
  9.897029E-01
  9.897060E-01
  9.897092E-01
  9.897125E-01
  9.897160E-01
  9.897196E-01
  9.897235E-01
  9.897276E-01
  9.897319E-01
  9.897363E-01
  9.897409E-01
  9.897457E-01
  9.897503E-01
  9.897551E-01
  9.897599E-01
  9.897649E-01
  9.897701E-01
  9.897750E-01
  9.897796E-01
  9.897843E-01
  9.897891E-01
  9.897940E-01
  9.897984E-01
  9.898022E-01
  9.898060E-01
  9.898099E-01
  9.898139E-01
  9.898166E-01
  9.898187E-01
  9.898208E-01
  9.898230E-01
  9.898250E-01
  9.898247E-01
  9.898244E-01
  9.898241E-01
  9.898238E-01
  9.898217E-01
  9.898189E-01
  9.898161E-01
  9.898134E-01
  9.898093E-01
  9.898044E-01
  9.897996E-01
  9.897948E-01
  9.897889E-01
  9.897825E-01
  9.897762E-01
  9.897702E-01
  9.897629E-01
  9.897557E-01
  9.897489E-01
  9.897418E-01
  9.897344E-01
  9.897274E-01
  9.897207E-01
  9.897136E-01
  9.897071E-01
  9.897010E-01
  9.896953E-01
  9.896901E-01
  9.896854E-01
  9.896814E-01
  9.896780E-01
  9.896750E-01
  9.896729E-01
  9.896710E-01
  9.896696E-01
  9.896686E-01
  9.896679E-01
  9.896674E-01
  9.896671E-01
  9.896669E-01
  9.896668E-01
  9.896668E-01
  9.896670E-01
  9.896673E-01
  9.896677E-01
  9.896684E-01
  9.896694E-01
  9.896708E-01
  9.896726E-01
  9.896749E-01
  9.896777E-01
  9.896810E-01
  9.896849E-01
  9.896893E-01
  9.896942E-01
  9.896996E-01
  9.897055E-01
  9.897118E-01
  9.897184E-01
  9.897255E-01
  9.897328E-01
  9.897404E-01
  9.897483E-01
  9.897563E-01
  9.897645E-01
  9.897727E-01
  9.897811E-01
  9.897894E-01
  9.897978E-01
  9.898062E-01
  9.898145E-01
  9.898228E-01
  9.898309E-01
  8.496883E-01
  4.939247E-06
 -2.532760E+02
 -2.529210E+02
 -2.525657E+02
 -2.522102E+02
 -2.518544E+02
 -2.514983E+02
 -2.511420E+02
 -2.507855E+02
 -2.504287E+02
 -2.497732E+02
 -2.491035E+02
 -2.484333E+02
 -2.477626E+02
 -2.470914E+02
 -2.464197E+02
 -2.457475E+02
 -2.450872E+02
 -2.444536E+02
 -2.438193E+02
 -2.431843E+02
 -2.425487E+02
 -2.419124E+02
 -2.412755E+02
 -2.406315E+02
 -2.398770E+02
 -2.391216E+02
 -2.383653E+02
 -2.376080E+02
 -2.368499E+02
 -2.360908E+02
 -2.353049E+02
 -2.343814E+02
 -2.334566E+02
 -2.325304E+02
 -2.316030E+02
 -2.306742E+02
 -2.297441E+02
 -2.286445E+02
 -2.274343E+02
 -2.262224E+02
 -2.250086E+02
 -2.237931E+02
 -2.225757E+02
 -2.211706E+02
 -2.194642E+02
 -2.177555E+02
 -2.160444E+02
 -2.143310E+02
 -2.126153E+02
 -2.105975E+02
 -2.082394E+02
 -2.058787E+02
 -2.035153E+02
 -2.011491E+02
 -1.987803E+02
 -1.958658E+02
 -1.928550E+02
 -1.898413E+02
 -1.868248E+02
 -1.838053E+02
 -1.805225E+02
 -1.769932E+02
 -1.734611E+02
 -1.699259E+02
 -1.663878E+02
 -1.627935E+02
 -1.591310E+02
 -1.554660E+02
 -1.517985E+02
 -1.481285E+02
 -1.448178E+02
 -1.417170E+02
 -1.386151E+02
 -1.355120E+02
 -1.324801E+02
 -1.306678E+02
 -1.288555E+02
 -1.270433E+02
 -1.252310E+02
 -1.245154E+02
 -1.242483E+02
 -1.239804E+02
 -1.237118E+02
 -1.240748E+02
 -1.248930E+02
 -1.257086E+02
 -1.265217E+02
 -1.275635E+02
 -1.287220E+02
 -1.298766E+02
 -1.310273E+02
 -1.319679E+02
 -1.328887E+02
 -1.338049E+02
 -1.345336E+02
 -1.349719E+02
 -1.354053E+02
 -1.358199E+02
 -1.357360E+02
 -1.356465E+02
 -1.355515E+02
 -1.349535E+02
 -1.342492E+02
 -1.335392E+02
 -1.322770E+02
 -1.308706E+02
 -1.294595E+02
 -1.273927E+02
 -1.252614E+02
 -1.229951E+02
 -1.201003E+02
 -1.172050E+02
 -1.138335E+02
 -1.101068E+02
 -1.062939E+02
 -1.016914E+02
 -9.709165E+01
 -9.185076E+01
 -8.639952E+01
 -8.052662E+01
 -7.426428E+01
 -6.774463E+01
 -6.083708E+01
 -5.379925E+01
 -4.655230E+01
 -3.923824E+01
 -3.184862E+01
 -2.440030E+01
 -1.692085E+01
 -9.324865E+00
 -1.654002E+00
  6.178436E+00
  1.428781E+01
  2.264471E+01
  3.143259E+01
  4.090373E+01
  5.106399E+01
  6.213102E+01
  7.442372E+01
  8.880852E+01
  1.061732E+02
  1.282422E+02
  1.578378E+02
  1.996365E+02
  2.620646E+02
  3.469676E+02
  4.153795E+02
  5.130303E+02
  2.875817E+02
  3.351860E-04
  1.112378E+04
  1.112213E+04
  1.112049E+04
  1.111885E+04
  1.111721E+04
  1.111557E+04
  1.111393E+04
  1.111230E+04
  1.111066E+04
  1.110399E+04
  1.109709E+04
  1.109019E+04
  1.108329E+04
  1.107639E+04
  1.106950E+04
  1.106261E+04
  1.105391E+04
  1.104127E+04
  1.102864E+04
  1.101601E+04
  1.100338E+04
  1.099075E+04
  1.097813E+04
  1.096529E+04
  1.094872E+04
  1.093215E+04
  1.091559E+04
  1.089903E+04
  1.088248E+04
  1.086593E+04
  1.084871E+04
  1.082800E+04
  1.080729E+04
  1.078659E+04
  1.076588E+04
  1.074519E+04
  1.072450E+04
  1.070093E+04
  1.067550E+04
  1.065007E+04
  1.062466E+04
  1.059925E+04
  1.057384E+04
  1.054667E+04
  1.051665E+04
  1.048663E+04
  1.045663E+04
  1.042663E+04
  1.039665E+04
  1.036473E+04
  1.033065E+04
  1.029659E+04
  1.026253E+04
  1.022849E+04
  1.019445E+04
  1.015761E+04
  1.012030E+04
  1.008301E+04
  1.004573E+04
  1.000846E+04
  9.970255E+03
  9.931173E+03
  9.892107E+03
  9.853057E+03
  9.814024E+03
  9.774958E+03
  9.735848E+03
  9.696752E+03
  9.657669E+03
  9.618601E+03
  9.580293E+03
  9.542432E+03
  9.504576E+03
  9.466728E+03
  9.428976E+03
  9.392744E+03
  9.356512E+03
  9.320281E+03
  9.284050E+03
  9.248798E+03
  9.213950E+03
  9.179108E+03
  9.144271E+03
  9.109867E+03
  9.075788E+03
  9.041724E+03
  9.007676E+03
  8.973275E+03
  8.938705E+03
  8.904160E+03
  8.869641E+03
  8.833094E+03
  8.796426E+03
  8.759788E+03
  8.721690E+03
  8.681300E+03
  8.640944E+03
  8.600478E+03
  8.555026E+03
  8.509612E+03
  8.464236E+03
  8.414027E+03
  8.362883E+03
  8.311784E+03
  8.255681E+03
  8.198342E+03
  8.141053E+03
  8.077515E+03
  8.013431E+03
  7.948141E+03
  7.876951E+03
  7.805808E+03
  7.730588E+03
  7.652325E+03
  7.573405E+03
  7.488205E+03
  7.403045E+03
  7.313011E+03
  7.221387E+03
  7.126819E+03
  7.029533E+03
  6.930247E+03
  6.827938E+03
  6.723873E+03
  6.616994E+03
  6.508270E+03
  6.397484E+03
  6.284536E+03
  6.170461E+03
  6.053758E+03
  5.936164E+03
  5.816850E+03
  5.695976E+03
  5.574021E+03
  5.450550E+03
  5.325364E+03
  5.198864E+03
  5.071071E+03
  4.942267E+03
  4.814312E+03
  4.693004E+03
  4.589739E+03
  4.522857E+03
  4.522813E+03
  4.652240E+03
  4.871303E+03
  4.684136E+03
  4.828284E+03
  1.472788E+03
  2.497961E-03
  2.931113E+01
  2.965442E+01
  2.999772E+01
  3.034103E+01
  3.068436E+01
  3.102769E+01
  3.137105E+01
  3.171441E+01
  3.205779E+01
  3.284262E+01
  3.364764E+01
  3.445269E+01
  3.525777E+01
  3.606288E+01
  3.686802E+01
  3.767320E+01
  3.855169E+01
  3.958975E+01
  4.062786E+01
  4.166602E+01
  4.270424E+01
  4.374252E+01
  4.478086E+01
  4.584044E+01
  4.726148E+01
  4.868263E+01
  5.010389E+01
  5.152525E+01
  5.294674E+01
  5.436834E+01
  5.588398E+01
  5.789692E+01
  5.991007E+01
  6.192344E+01
  6.393704E+01
  6.595087E+01
  6.796495E+01
  7.050511E+01
  7.338573E+01
  7.626680E+01
  7.914831E+01
  8.203028E+01
  8.491273E+01
  8.816886E+01
  9.202634E+01
  9.588463E+01
  9.974376E+01
  1.036037E+02
  1.074646E+02
  1.114043E+02
  1.154329E+02
  1.194628E+02
  1.234938E+02
  1.275261E+02
  1.315597E+02
  1.341452E+02
  1.364825E+02
  1.388210E+02
  1.411608E+02
  1.435018E+02
  1.440273E+02
  1.428549E+02
  1.416833E+02
  1.405125E+02
  1.393426E+02
  1.360223E+02
  1.300439E+02
  1.240656E+02
  1.180872E+02
  1.121088E+02
  1.025458E+02
  9.088808E+01
  7.922976E+01
  6.757084E+01
  5.569364E+01
  4.014434E+01
  2.459516E+01
  9.046117E+00
 -6.502809E+00
 -1.973431E+01
 -3.201569E+01
 -4.429578E+01
 -5.657459E+01
 -6.351307E+01
 -6.658934E+01
 -6.966504E+01
 -7.274022E+01
 -6.941422E+01
 -6.275669E+01
 -5.610077E+01
 -4.944643E+01
 -3.395317E+01
 -1.780942E+01
 -1.670128E+00
  1.784427E+01
  4.262027E+01
  6.738837E+01
  9.223561E+01
  1.201362E+02
  1.480267E+02
  1.759075E+02
  1.998176E+02
  2.229218E+02
  2.460179E+02
  2.631615E+02
  2.787871E+02
  2.944081E+02
  3.039661E+02
  3.129494E+02
  3.209832E+02
  3.245233E+02
  3.280641E+02
  3.291706E+02
  3.284554E+02
  3.274195E+02
  3.234652E+02
  3.195134E+02
  3.133915E+02
  3.065511E+02
  2.970891E+02
  2.852038E+02
  2.706491E+02
  2.520885E+02
  2.317768E+02
  2.086813E+02
  1.846945E+02
  1.597149E+02
  1.346610E+02
  1.095674E+02
  8.536588E+01
  6.168050E+01
  3.909863E+01
  1.786360E+01
 -2.387225E+00
 -2.117531E+01
 -3.829736E+01
 -5.411401E+01
 -6.848869E+01
 -8.127793E+01
 -9.202553E+01
 -1.006529E+02
 -1.067326E+02
 -1.095379E+02
 -1.083979E+02
 -1.041562E+02
 -9.774887E+01
 -8.323693E+01
 -1.061517E+02
  4.943632E+03
  3.846967E-02
