 Title= "ADflow Lift Distribution Data"
Variables = "eta" "CoordinateX" "CoordinateY" "CoordinateZ" "Lift" "Drag" "Moment" "Normalized Lift" "Normalized Drag" "Normalized Moment" "CL" "CD" "CM" "CLp" "CDp" "CMp" "CLv" "CDv" "CMv" "Elliptical" "thickness" "twist" "chord" "fx" "fy" "fz" 
Zone T= "LiftDist_01 allWalls: : z normal"
 I=          150
 DATAPACKING=BLOCK
  0.000000E+00
  6.711405E-03
  1.342281E-02
  2.013422E-02
  2.684563E-02
  3.355704E-02
  4.026845E-02
  4.697986E-02
  5.369127E-02
  6.040268E-02
  6.711409E-02
  7.382550E-02
  8.053691E-02
  8.724832E-02
  9.395973E-02
  1.006711E-01
  1.073825E-01
  1.140940E-01
  1.208054E-01
  1.275168E-01
  1.342282E-01
  1.409396E-01
  1.476510E-01
  1.543624E-01
  1.610738E-01
  1.677852E-01
  1.744966E-01
  1.812081E-01
  1.879195E-01
  1.946309E-01
  2.013423E-01
  2.080537E-01
  2.147651E-01
  2.214765E-01
  2.281879E-01
  2.348993E-01
  2.416107E-01
  2.483221E-01
  2.550336E-01
  2.617450E-01
  2.684564E-01
  2.751678E-01
  2.818792E-01
  2.885906E-01
  2.953020E-01
  3.020134E-01
  3.087248E-01
  3.154362E-01
  3.221476E-01
  3.288591E-01
  3.355705E-01
  3.422819E-01
  3.489933E-01
  3.557047E-01
  3.624161E-01
  3.691275E-01
  3.758389E-01
  3.825503E-01
  3.892617E-01
  3.959732E-01
  4.026846E-01
  4.093960E-01
  4.161074E-01
  4.228188E-01
  4.295302E-01
  4.362416E-01
  4.429530E-01
  4.496644E-01
  4.563758E-01
  4.630872E-01
  4.697987E-01
  4.765101E-01
  4.832215E-01
  4.899329E-01
  4.966443E-01
  5.033557E-01
  5.100671E-01
  5.167785E-01
  5.234899E-01
  5.302013E-01
  5.369128E-01
  5.436242E-01
  5.503356E-01
  5.570470E-01
  5.637584E-01
  5.704698E-01
  5.771812E-01
  5.838926E-01
  5.906040E-01
  5.973154E-01
  6.040268E-01
  6.107383E-01
  6.174497E-01
  6.241611E-01
  6.308725E-01
  6.375839E-01
  6.442953E-01
  6.510067E-01
  6.577181E-01
  6.644295E-01
  6.711409E-01
  6.778524E-01
  6.845638E-01
  6.912752E-01
  6.979866E-01
  7.046980E-01
  7.114094E-01
  7.181208E-01
  7.248322E-01
  7.315436E-01
  7.382550E-01
  7.449664E-01
  7.516779E-01
  7.583893E-01
  7.651007E-01
  7.718121E-01
  7.785235E-01
  7.852349E-01
  7.919463E-01
  7.986577E-01
  8.053691E-01
  8.120805E-01
  8.187919E-01
  8.255034E-01
  8.322148E-01
  8.389262E-01
  8.456376E-01
  8.523490E-01
  8.590604E-01
  8.657718E-01
  8.724832E-01
  8.791946E-01
  8.859060E-01
  8.926175E-01
  8.993289E-01
  9.060403E-01
  9.127517E-01
  9.194631E-01
  9.261745E-01
  9.328859E-01
  9.395973E-01
  9.463087E-01
  9.530201E-01
  9.597315E-01
  9.664430E-01
  9.731544E-01
  9.798658E-01
  9.865772E-01
  9.932886E-01
  1.000000E+00
  0.000000E+00
  0.000000E+00
  0.000000E+00
  0.000000E+00
  0.000000E+00
  0.000000E+00
  0.000000E+00
  0.000000E+00
  0.000000E+00
  0.000000E+00
  0.000000E+00
  0.000000E+00
  0.000000E+00
  0.000000E+00
  0.000000E+00
  0.000000E+00
  0.000000E+00
  0.000000E+00
  0.000000E+00
  0.000000E+00
  0.000000E+00
  0.000000E+00
  0.000000E+00
  0.000000E+00
  0.000000E+00
  0.000000E+00
  0.000000E+00
  0.000000E+00
  0.000000E+00
  0.000000E+00
  0.000000E+00
  0.000000E+00
  0.000000E+00
  0.000000E+00
  0.000000E+00
  0.000000E+00
  0.000000E+00
  0.000000E+00
  0.000000E+00
  0.000000E+00
  0.000000E+00
  0.000000E+00
  0.000000E+00
  0.000000E+00
  0.000000E+00
  0.000000E+00
  0.000000E+00
  0.000000E+00
  0.000000E+00
  0.000000E+00
  0.000000E+00
  0.000000E+00
  0.000000E+00
  0.000000E+00
  0.000000E+00
  0.000000E+00
  0.000000E+00
  0.000000E+00
  0.000000E+00
  0.000000E+00
  0.000000E+00
  0.000000E+00
  0.000000E+00
  0.000000E+00
  0.000000E+00
  0.000000E+00
  0.000000E+00
  0.000000E+00
  0.000000E+00
  0.000000E+00
  0.000000E+00
  0.000000E+00
  0.000000E+00
  0.000000E+00
  0.000000E+00
  0.000000E+00
  0.000000E+00
  0.000000E+00
  0.000000E+00
  0.000000E+00
  0.000000E+00
  0.000000E+00
  0.000000E+00
  0.000000E+00
  0.000000E+00
  0.000000E+00
  0.000000E+00
  0.000000E+00
  0.000000E+00
  0.000000E+00
  0.000000E+00
  0.000000E+00
  0.000000E+00
  0.000000E+00
  0.000000E+00
  0.000000E+00
  0.000000E+00
  0.000000E+00
  0.000000E+00
  0.000000E+00
  0.000000E+00
  0.000000E+00
  0.000000E+00
  0.000000E+00
  0.000000E+00
  0.000000E+00
  0.000000E+00
  0.000000E+00
  0.000000E+00
  0.000000E+00
  0.000000E+00
  0.000000E+00
  0.000000E+00
  0.000000E+00
  0.000000E+00
  0.000000E+00
  0.000000E+00
  0.000000E+00
  0.000000E+00
  0.000000E+00
  0.000000E+00
  0.000000E+00
  0.000000E+00
  0.000000E+00
  0.000000E+00
  0.000000E+00
  0.000000E+00
  0.000000E+00
  0.000000E+00
  0.000000E+00
  0.000000E+00
  0.000000E+00
  0.000000E+00
  0.000000E+00
  0.000000E+00
  0.000000E+00
  0.000000E+00
  0.000000E+00
  0.000000E+00
  0.000000E+00
  0.000000E+00
  0.000000E+00
  0.000000E+00
  0.000000E+00
  0.000000E+00
  0.000000E+00
  0.000000E+00
  0.000000E+00
  0.000000E+00
  0.000000E+00
  0.000000E+00
  0.000000E+00
  0.000000E+00
  0.000000E+00
  0.000000E+00
  0.000000E+00
  0.000000E+00
  0.000000E+00
  0.000000E+00
  0.000000E+00
  0.000000E+00
  0.000000E+00
  0.000000E+00
  0.000000E+00
  0.000000E+00
  0.000000E+00
  0.000000E+00
  0.000000E+00
  0.000000E+00
  0.000000E+00
  0.000000E+00
  0.000000E+00
  0.000000E+00
  0.000000E+00
  0.000000E+00
  0.000000E+00
  0.000000E+00
  0.000000E+00
  0.000000E+00
  0.000000E+00
  0.000000E+00
  0.000000E+00
  0.000000E+00
  0.000000E+00
  0.000000E+00
  0.000000E+00
  0.000000E+00
  0.000000E+00
  0.000000E+00
  0.000000E+00
  0.000000E+00
  0.000000E+00
  0.000000E+00
  0.000000E+00
  0.000000E+00
  0.000000E+00
  0.000000E+00
  0.000000E+00
  0.000000E+00
  0.000000E+00
  0.000000E+00
  0.000000E+00
  0.000000E+00
  0.000000E+00
  0.000000E+00
  0.000000E+00
  0.000000E+00
  0.000000E+00
  0.000000E+00
  0.000000E+00
  0.000000E+00
  0.000000E+00
  0.000000E+00
  0.000000E+00
  0.000000E+00
  0.000000E+00
  0.000000E+00
  0.000000E+00
  0.000000E+00
  0.000000E+00
  0.000000E+00
  0.000000E+00
  0.000000E+00
  0.000000E+00
  0.000000E+00
  0.000000E+00
  0.000000E+00
  0.000000E+00
  0.000000E+00
  0.000000E+00
  0.000000E+00
  0.000000E+00
  0.000000E+00
  0.000000E+00
  0.000000E+00
  0.000000E+00
  0.000000E+00
  0.000000E+00
  0.000000E+00
  0.000000E+00
  0.000000E+00
  0.000000E+00
  0.000000E+00
  0.000000E+00
  0.000000E+00
  0.000000E+00
  0.000000E+00
  0.000000E+00
  0.000000E+00
  0.000000E+00
  0.000000E+00
  0.000000E+00
  0.000000E+00
  0.000000E+00
  0.000000E+00
  0.000000E+00
  0.000000E+00
  0.000000E+00
  0.000000E+00
  0.000000E+00
  0.000000E+00
  0.000000E+00
  0.000000E+00
  0.000000E+00
  0.000000E+00
  0.000000E+00
  0.000000E+00
  0.000000E+00
  0.000000E+00
  0.000000E+00
  0.000000E+00
  0.000000E+00
  0.000000E+00
  0.000000E+00
  0.000000E+00
  0.000000E+00
  0.000000E+00
  0.000000E+00
  0.000000E+00
  0.000000E+00
  0.000000E+00
  0.000000E+00
  0.000000E+00
  0.000000E+00
  0.000000E+00
  0.000000E+00
  0.000000E+00
  0.000000E+00
  0.000000E+00
  0.000000E+00
  0.000000E+00
  0.000000E+00
  0.000000E+00
  0.000000E+00
  0.000000E+00
  0.000000E+00
  0.000000E+00
  0.000000E+00
  0.000000E+00
  0.000000E+00
  1.000000E-08
  1.690972E-02
  3.381945E-02
  5.072917E-02
  6.763890E-02
  8.454862E-02
  1.014583E-01
  1.183681E-01
  1.352778E-01
  1.521875E-01
  1.690972E-01
  1.860070E-01
  2.029167E-01
  2.198264E-01
  2.367361E-01
  2.536459E-01
  2.705556E-01
  2.874653E-01
  3.043750E-01
  3.212848E-01
  3.381945E-01
  3.551042E-01
  3.720139E-01
  3.889237E-01
  4.058334E-01
  4.227431E-01
  4.396528E-01
  4.565626E-01
  4.734723E-01
  4.903820E-01
  5.072917E-01
  5.242015E-01
  5.411112E-01
  5.580209E-01
  5.749306E-01
  5.918404E-01
  6.087501E-01
  6.256598E-01
  6.425695E-01
  6.594792E-01
  6.763890E-01
  6.932987E-01
  7.102084E-01
  7.271181E-01
  7.440279E-01
  7.609376E-01
  7.778473E-01
  7.947570E-01
  8.116668E-01
  8.285765E-01
  8.454862E-01
  8.623959E-01
  8.793057E-01
  8.962154E-01
  9.131251E-01
  9.300348E-01
  9.469446E-01
  9.638543E-01
  9.807640E-01
  9.976737E-01
  1.014583E+00
  1.031493E+00
  1.048403E+00
  1.065313E+00
  1.082222E+00
  1.099132E+00
  1.116042E+00
  1.132952E+00
  1.149861E+00
  1.166771E+00
  1.183681E+00
  1.200590E+00
  1.217500E+00
  1.234410E+00
  1.251320E+00
  1.268229E+00
  1.285139E+00
  1.302049E+00
  1.318958E+00
  1.335868E+00
  1.352778E+00
  1.369688E+00
  1.386597E+00
  1.403507E+00
  1.420417E+00
  1.437327E+00
  1.454236E+00
  1.471146E+00
  1.488056E+00
  1.504965E+00
  1.521875E+00
  1.538785E+00
  1.555695E+00
  1.572604E+00
  1.589514E+00
  1.606424E+00
  1.623334E+00
  1.640243E+00
  1.657153E+00
  1.674063E+00
  1.690972E+00
  1.707882E+00
  1.724792E+00
  1.741702E+00
  1.758611E+00
  1.775521E+00
  1.792431E+00
  1.809341E+00
  1.826250E+00
  1.843160E+00
  1.860070E+00
  1.876979E+00
  1.893889E+00
  1.910799E+00
  1.927709E+00
  1.944618E+00
  1.961528E+00
  1.978438E+00
  1.995347E+00
  2.012257E+00
  2.029167E+00
  2.046077E+00
  2.062986E+00
  2.079896E+00
  2.096806E+00
  2.113716E+00
  2.130625E+00
  2.147535E+00
  2.164445E+00
  2.181354E+00
  2.198264E+00
  2.215174E+00
  2.232084E+00
  2.248993E+00
  2.265903E+00
  2.282813E+00
  2.299723E+00
  2.316632E+00
  2.333542E+00
  2.350452E+00
  2.367361E+00
  2.384271E+00
  2.401181E+00
  2.418091E+00
  2.435000E+00
  2.451910E+00
  2.468820E+00
  2.485729E+00
  2.502639E+00
  2.519549E+00
  1.132824E+04
  1.132657E+04
  1.132491E+04
  1.132324E+04
  1.132158E+04
  1.131991E+04
  1.131825E+04
  1.131658E+04
  1.131491E+04
  1.131013E+04
  1.130521E+04
  1.130029E+04
  1.129536E+04
  1.129044E+04
  1.128552E+04
  1.128059E+04
  1.127475E+04
  1.126689E+04
  1.125903E+04
  1.125117E+04
  1.124331E+04
  1.123545E+04
  1.122759E+04
  1.121956E+04
  1.120866E+04
  1.119777E+04
  1.118687E+04
  1.117598E+04
  1.116508E+04
  1.115418E+04
  1.114276E+04
  1.112853E+04
  1.111430E+04
  1.110007E+04
  1.108584E+04
  1.107161E+04
  1.105738E+04
  1.104096E+04
  1.102312E+04
  1.100527E+04
  1.098743E+04
  1.096959E+04
  1.095175E+04
  1.093239E+04
  1.091059E+04
  1.088879E+04
  1.086699E+04
  1.084519E+04
  1.082339E+04
  1.079945E+04
  1.077310E+04
  1.074675E+04
  1.072040E+04
  1.069405E+04
  1.066769E+04
  1.063676E+04
  1.060503E+04
  1.057330E+04
  1.054158E+04
  1.050985E+04
  1.047485E+04
  1.043678E+04
  1.039871E+04
  1.036065E+04
  1.032259E+04
  1.028117E+04
  1.023562E+04
  1.019007E+04
  1.014452E+04
  1.009898E+04
  1.004800E+04
  9.993848E+03
  9.939706E+03
  9.885574E+03
  9.830951E+03
  9.767905E+03
  9.704883E+03
  9.641885E+03
  9.578910E+03
  9.510318E+03
  9.439457E+03
  9.368639E+03
  9.297863E+03
  9.223466E+03
  9.146472E+03
  9.069534E+03
  8.992650E+03
  8.913005E+03
  8.831951E+03
  8.750953E+03
  8.670010E+03
  8.587448E+03
  8.504810E+03
  8.422221E+03
  8.339716E+03
  8.257309E+03
  8.174936E+03
  8.092624E+03
  8.011245E+03
  7.929888E+03
  7.848552E+03
  7.768339E+03
  7.688364E+03
  7.608404E+03
  7.529602E+03
  7.451103E+03
  7.372619E+03
  7.294933E+03
  7.217334E+03
  7.139762E+03
  7.062264E+03
  6.984780E+03
  6.906993E+03
  6.828982E+03
  6.750873E+03
  6.671776E+03
  6.592691E+03
  6.512408E+03
  6.431734E+03
  6.350035E+03
  6.267386E+03
  6.183837E+03
  6.098932E+03
  6.013089E+03
  5.925750E+03
  5.837222E+03
  5.747371E+03
  5.655849E+03
  5.563452E+03
  5.468683E+03
  5.372995E+03
  5.275495E+03
  5.176119E+03
  5.075393E+03
  4.972703E+03
  4.867750E+03
  4.761039E+03
  4.652499E+03
  4.542243E+03
  4.431346E+03
  4.324265E+03
  4.229909E+03
  4.162433E+03
  4.147149E+03
  4.244003E+03
  4.418883E+03
  4.230735E+03
  4.525712E+03
  1.017094E+03
  2.238795E-03
  6.558575E+02
  6.558078E+02
  6.557581E+02
  6.557084E+02
  6.556587E+02
  6.556091E+02
  6.555594E+02
  6.555097E+02
  6.554600E+02
  6.553689E+02
  6.552760E+02
  6.551831E+02
  6.550902E+02
  6.549972E+02
  6.549043E+02
  6.548114E+02
  6.547261E+02
  6.546574E+02
  6.545888E+02
  6.545201E+02
  6.544515E+02
  6.543828E+02
  6.543142E+02
  6.542435E+02
  6.541375E+02
  6.540315E+02
  6.539255E+02
  6.538196E+02
  6.537136E+02
  6.536076E+02
  6.534773E+02
  6.532180E+02
  6.529587E+02
  6.526994E+02
  6.524401E+02
  6.521808E+02
  6.519215E+02
  6.515084E+02
  6.509959E+02
  6.504833E+02
  6.499708E+02
  6.494583E+02
  6.489458E+02
  6.482927E+02
  6.474135E+02
  6.465344E+02
  6.456552E+02
  6.447760E+02
  6.438968E+02
  6.427817E+02
  6.414009E+02
  6.400201E+02
  6.386393E+02
  6.372584E+02
  6.358776E+02
  6.339633E+02
  6.319571E+02
  6.299509E+02
  6.279447E+02
  6.259385E+02
  6.235826E+02
  6.208997E+02
  6.182169E+02
  6.155341E+02
  6.128514E+02
  6.098910E+02
  6.065878E+02
  6.032850E+02
  5.999827E+02
  5.966808E+02
  5.930643E+02
  5.892655E+02
  5.854685E+02
  5.816736E+02
  5.778643E+02
  5.737839E+02
  5.697090E+02
  5.656395E+02
  5.615754E+02
  5.575699E+02
  5.535959E+02
  5.496322E+02
  5.456786E+02
  5.418852E+02
  5.382134E+02
  5.345549E+02
  5.309096E+02
  5.273497E+02
  5.238414E+02
  5.203468E+02
  5.168659E+02
  5.133063E+02
  5.097522E+02
  5.062101E+02
  5.025458E+02
  4.986826E+02
  4.948286E+02
  4.909665E+02
  4.865092E+02
  4.820580E+02
  4.776130E+02
  4.726515E+02
  4.675890E+02
  4.625306E+02
  4.572656E+02
  4.519498E+02
  4.466364E+02
  4.414039E+02
  4.361800E+02
  4.310089E+02
  4.260826E+02
  4.211562E+02
  4.164799E+02
  4.119900E+02
  4.075505E+02
  4.035761E+02
  3.995999E+02
  3.960286E+02
  3.925902E+02
  3.894295E+02
  3.865253E+02
  3.838232E+02
  3.814257E+02
  3.792065E+02
  3.772718E+02
  3.755472E+02
  3.740568E+02
  3.728674E+02
  3.718360E+02
  3.712686E+02
  3.708994E+02
  3.709305E+02
  3.714359E+02
  3.723060E+02
  3.737424E+02
  3.759289E+02
  3.787983E+02
  3.825194E+02
  3.873378E+02
  3.939958E+02
  4.034239E+02
  4.175776E+02
  4.396614E+02
  4.751455E+02
  5.347023E+02
  6.159498E+02
  6.599978E+02
  7.691614E+02
  2.930736E+02
  5.299656E-04
  2.021733E+03
  2.021500E+03
  2.021268E+03
  2.021036E+03
  2.020803E+03
  2.020571E+03
  2.020339E+03
  2.020106E+03
  2.019874E+03
  2.019260E+03
  2.018628E+03
  2.017996E+03
  2.017364E+03
  2.016733E+03
  2.016101E+03
  2.015469E+03
  2.014738E+03
  2.013789E+03
  2.012840E+03
  2.011892E+03
  2.010943E+03
  2.009995E+03
  2.009046E+03
  2.008074E+03
  2.006700E+03
  2.005326E+03
  2.003952E+03
  2.002578E+03
  2.001203E+03
  1.999829E+03
  1.998357E+03
  1.996369E+03
  1.994380E+03
  1.992392E+03
  1.990403E+03
  1.988414E+03
  1.986426E+03
  1.983944E+03
  1.981144E+03
  1.978344E+03
  1.975545E+03
  1.972745E+03
  1.969945E+03
  1.966742E+03
  1.962891E+03
  1.959041E+03
  1.955190E+03
  1.951340E+03
  1.947489E+03
  1.942995E+03
  1.937775E+03
  1.932555E+03
  1.927335E+03
  1.922116E+03
  1.916896E+03
  1.910028E+03
  1.902876E+03
  1.895724E+03
  1.888572E+03
  1.881421E+03
  1.872766E+03
  1.862706E+03
  1.852647E+03
  1.842587E+03
  1.832528E+03
  1.820610E+03
  1.806396E+03
  1.792182E+03
  1.777969E+03
  1.763757E+03
  1.746102E+03
  1.726436E+03
  1.706837E+03
  1.687178E+03
  1.667167E+03
  1.641166E+03
  1.615175E+03
  1.589193E+03
  1.563221E+03
  1.533171E+03
  1.501466E+03
  1.469779E+03
  1.438109E+03
  1.404348E+03
  1.369084E+03
  1.333845E+03
  1.298629E+03
  1.262661E+03
  1.226315E+03
  1.189995E+03
  1.153700E+03
  1.118398E+03
  1.083191E+03
  1.048008E+03
  1.014017E+03
  9.818682E+02
  9.497376E+02
  9.177421E+02
  8.899248E+02
  8.621194E+02
  8.343256E+02
  8.103231E+02
  7.870890E+02
  7.638622E+02
  7.438941E+02
  7.247585E+02
  7.056276E+02
  6.896026E+02
  6.738741E+02
  6.586229E+02
  6.456209E+02
  6.326211E+02
  6.208260E+02
  6.099329E+02
  5.991970E+02
  5.898714E+02
  5.805465E+02
  5.720754E+02
  5.638877E+02
  5.561468E+02
  5.488187E+02
  5.417843E+02
  5.351904E+02
  5.288716E+02
  5.229901E+02
  5.174711E+02
  5.123556E+02
  5.078209E+02
  5.035908E+02
  5.003386E+02
  4.975201E+02
  4.955847E+02
  4.947010E+02
  4.946141E+02
  4.957513E+02
  4.984492E+02
  5.025325E+02
  5.083423E+02
  5.164080E+02
  5.285723E+02
  5.476704E+02
  5.797233E+02
  6.349702E+02
  7.295734E+02
  8.902922E+02
  1.108826E+03
  1.217305E+03
  1.345099E+03
 -1.022843E+02
  2.822367E-09
  1.280029E+00
  1.279841E+00
  1.279653E+00
  1.279464E+00
  1.279276E+00
  1.279088E+00
  1.278900E+00
  1.278711E+00
  1.278523E+00
  1.277983E+00
  1.277427E+00
  1.276871E+00
  1.276314E+00
  1.275758E+00
  1.275202E+00
  1.274645E+00
  1.273985E+00
  1.273097E+00
  1.272208E+00
  1.271320E+00
  1.270432E+00
  1.269544E+00
  1.268656E+00
  1.267749E+00
  1.266517E+00
  1.265286E+00
  1.264055E+00
  1.262824E+00
  1.261593E+00
  1.260362E+00
  1.259071E+00
  1.257463E+00
  1.255855E+00
  1.254247E+00
  1.252639E+00
  1.251031E+00
  1.249424E+00
  1.247568E+00
  1.245552E+00
  1.243536E+00
  1.241519E+00
  1.239503E+00
  1.237487E+00
  1.235300E+00
  1.232837E+00
  1.230373E+00
  1.227910E+00
  1.225447E+00
  1.222984E+00
  1.220278E+00
  1.217301E+00
  1.214323E+00
  1.211346E+00
  1.208369E+00
  1.205391E+00
  1.201895E+00
  1.198310E+00
  1.194725E+00
  1.191140E+00
  1.187555E+00
  1.183600E+00
  1.179299E+00
  1.174998E+00
  1.170697E+00
  1.166396E+00
  1.161716E+00
  1.156569E+00
  1.151422E+00
  1.146276E+00
  1.141130E+00
  1.135369E+00
  1.129250E+00
  1.123132E+00
  1.117016E+00
  1.110844E+00
  1.103720E+00
  1.096599E+00
  1.089480E+00
  1.082364E+00
  1.074614E+00
  1.066607E+00
  1.058605E+00
  1.050608E+00
  1.042201E+00
  1.033501E+00
  1.024808E+00
  1.016120E+00
  1.007121E+00
  9.979621E-01
  9.888097E-01
  9.796636E-01
  9.703345E-01
  9.609970E-01
  9.516648E-01
  9.423422E-01
  9.330306E-01
  9.237230E-01
  9.144221E-01
  9.052268E-01
  8.960339E-01
  8.868434E-01
  8.777798E-01
  8.687430E-01
  8.597080E-01
  8.508037E-01
  8.419339E-01
  8.330655E-01
  8.242874E-01
  8.155192E-01
  8.067540E-01
  7.979972E-01
  7.892419E-01
  7.804524E-01
  7.716376E-01
  7.628117E-01
  7.538742E-01
  7.449380E-01
  7.358665E-01
  7.267508E-01
  7.175192E-01
  7.081803E-01
  6.987397E-01
  6.891460E-01
  6.794461E-01
  6.695773E-01
  6.595742E-01
  6.494214E-01
  6.390800E-01
  6.286396E-01
  6.179312E-01
  6.071190E-01
  5.961021E-01
  5.848730E-01
  5.734916E-01
  5.618883E-01
  5.500291E-01
  5.379713E-01
  5.257069E-01
  5.132485E-01
  5.007178E-01
  4.886183E-01
  4.779566E-01
  4.703322E-01
  4.686051E-01
  4.795491E-01
  4.993095E-01
  4.780499E-01
  5.113806E-01
  1.149260E-01
  2.529716E-07
  1.196837E+00
  1.196746E+00
  1.196656E+00
  1.196565E+00
  1.196474E+00
  1.196384E+00
  1.196293E+00
  1.196202E+00
  1.196112E+00
  1.195946E+00
  1.195776E+00
  1.195606E+00
  1.195437E+00
  1.195267E+00
  1.195098E+00
  1.194928E+00
  1.194772E+00
  1.194647E+00
  1.194522E+00
  1.194397E+00
  1.194271E+00
  1.194146E+00
  1.194021E+00
  1.193892E+00
  1.193698E+00
  1.193505E+00
  1.193312E+00
  1.193118E+00
  1.192925E+00
  1.192731E+00
  1.192494E+00
  1.192020E+00
  1.191547E+00
  1.191074E+00
  1.190601E+00
  1.190128E+00
  1.189654E+00
  1.188901E+00
  1.187965E+00
  1.187030E+00
  1.186095E+00
  1.185160E+00
  1.184224E+00
  1.183033E+00
  1.181428E+00
  1.179824E+00
  1.178219E+00
  1.176615E+00
  1.175011E+00
  1.172976E+00
  1.170456E+00
  1.167936E+00
  1.165417E+00
  1.162897E+00
  1.160377E+00
  1.156884E+00
  1.153223E+00
  1.149562E+00
  1.145901E+00
  1.142240E+00
  1.137940E+00
  1.133045E+00
  1.128149E+00
  1.123253E+00
  1.118358E+00
  1.112955E+00
  1.106928E+00
  1.100901E+00
  1.094874E+00
  1.088849E+00
  1.082249E+00
  1.075317E+00
  1.068388E+00
  1.061463E+00
  1.054512E+00
  1.047066E+00
  1.039630E+00
  1.032203E+00
  1.024787E+00
  1.017478E+00
  1.010226E+00
  1.002993E+00
  9.957778E-01
  9.888556E-01
  9.821550E-01
  9.754789E-01
  9.688268E-01
  9.623306E-01
  9.559284E-01
  9.495514E-01
  9.431993E-01
  9.367036E-01
  9.302178E-01
  9.237540E-01
  9.170673E-01
  9.100176E-01
  9.029845E-01
  8.959368E-01
  8.878030E-01
  8.796803E-01
  8.715689E-01
  8.625148E-01
  8.532766E-01
  8.440458E-01
  8.344381E-01
  8.247375E-01
  8.150415E-01
  8.054930E-01
  7.959602E-01
  7.865236E-01
  7.775339E-01
  7.685440E-01
  7.600105E-01
  7.518171E-01
  7.437158E-01
  7.364631E-01
  7.292071E-01
  7.226901E-01
  7.164155E-01
  7.106477E-01
  7.053481E-01
  7.004173E-01
  6.960422E-01
  6.919924E-01
  6.884620E-01
  6.853147E-01
  6.825950E-01
  6.804245E-01
  6.785423E-01
  6.775069E-01
  6.768333E-01
  6.768901E-01
  6.778123E-01
  6.794000E-01
  6.820213E-01
  6.860113E-01
  6.912476E-01
  6.980380E-01
  7.068307E-01
  7.189807E-01
  7.361854E-01
  7.620136E-01
  8.023131E-01
  8.670661E-01
  9.757479E-01
  1.124012E+00
  1.204392E+00
  1.403599E+00
  5.348134E-01
  9.671041E-07
  1.456689E+00
  1.456522E+00
  1.456355E+00
  1.456187E+00
  1.456020E+00
  1.455853E+00
  1.455685E+00
  1.455518E+00
  1.455350E+00
  1.454908E+00
  1.454453E+00
  1.453997E+00
  1.453542E+00
  1.453087E+00
  1.452632E+00
  1.452177E+00
  1.451649E+00
  1.450966E+00
  1.450283E+00
  1.449599E+00
  1.448916E+00
  1.448232E+00
  1.447549E+00
  1.446848E+00
  1.445858E+00
  1.444868E+00
  1.443878E+00
  1.442888E+00
  1.441898E+00
  1.440908E+00
  1.439847E+00
  1.438415E+00
  1.436982E+00
  1.435549E+00
  1.434116E+00
  1.432683E+00
  1.431250E+00
  1.429463E+00
  1.427445E+00
  1.425428E+00
  1.423410E+00
  1.421393E+00
  1.419375E+00
  1.417068E+00
  1.414293E+00
  1.411519E+00
  1.408745E+00
  1.405970E+00
  1.403196E+00
  1.399957E+00
  1.396197E+00
  1.392436E+00
  1.388675E+00
  1.384914E+00
  1.381153E+00
  1.376204E+00
  1.371051E+00
  1.365898E+00
  1.360745E+00
  1.355592E+00
  1.349357E+00
  1.342109E+00
  1.334860E+00
  1.327612E+00
  1.320365E+00
  1.311777E+00
  1.301536E+00
  1.291295E+00
  1.281054E+00
  1.270814E+00
  1.258093E+00
  1.243924E+00
  1.229802E+00
  1.215638E+00
  1.201219E+00
  1.182486E+00
  1.163759E+00
  1.145038E+00
  1.126325E+00
  1.104674E+00
  1.081829E+00
  1.058998E+00
  1.036180E+00
  1.011854E+00
  9.864462E-01
  9.610557E-01
  9.356823E-01
  9.097667E-01
  8.835788E-01
  8.574095E-01
  8.312583E-01
  8.058229E-01
  7.804562E-01
  7.551060E-01
  7.306147E-01
  7.074512E-01
  6.843005E-01
  6.612473E-01
  6.412046E-01
  6.211703E-01
  6.011445E-01
  5.838503E-01
  5.671097E-01
  5.503745E-01
  5.359872E-01
  5.221997E-01
  5.084155E-01
  4.968693E-01
  4.855367E-01
  4.745479E-01
  4.651798E-01
  4.558132E-01
  4.473147E-01
  4.394661E-01
  4.317307E-01
  4.250114E-01
  4.182927E-01
  4.121891E-01
  4.062898E-01
  4.007123E-01
  3.954323E-01
  3.903639E-01
  3.856129E-01
  3.810602E-01
  3.768224E-01
  3.728459E-01
  3.691601E-01
  3.658927E-01
  3.628449E-01
  3.605017E-01
  3.584709E-01
  3.570764E-01
  3.564397E-01
  3.563771E-01
  3.571965E-01
  3.591403E-01
  3.620824E-01
  3.662684E-01
  3.720799E-01
  3.808445E-01
  3.946049E-01
  4.176996E-01
  4.575058E-01
  5.256689E-01
  6.414693E-01
  7.989262E-01
  8.770873E-01
  9.691643E-01
 -7.369740E-02
  2.033559E-12
  1.003010E+00
  1.002862E+00
  1.002715E+00
  1.002567E+00
  1.002420E+00
  1.002272E+00
  1.002125E+00
  1.001977E+00
  1.001830E+00
  1.001407E+00
  1.000971E+00
  1.000535E+00
  1.000099E+00
  9.996632E-01
  9.992273E-01
  9.987914E-01
  9.982736E-01
  9.975777E-01
  9.968817E-01
  9.961858E-01
  9.954899E-01
  9.947939E-01
  9.940980E-01
  9.933872E-01
  9.924225E-01
  9.914577E-01
  9.904930E-01
  9.895283E-01
  9.885636E-01
  9.875989E-01
  9.865873E-01
  9.853274E-01
  9.840675E-01
  9.828076E-01
  9.815477E-01
  9.802878E-01
  9.790279E-01
  9.775738E-01
  9.759940E-01
  9.744142E-01
  9.728344E-01
  9.712547E-01
  9.696749E-01
  9.679608E-01
  9.660307E-01
  9.641005E-01
  9.621703E-01
  9.602401E-01
  9.583100E-01
  9.561903E-01
  9.538572E-01
  9.515241E-01
  9.491910E-01
  9.468579E-01
  9.445248E-01
  9.417856E-01
  9.389765E-01
  9.361674E-01
  9.333583E-01
  9.305492E-01
  9.274500E-01
  9.240796E-01
  9.207093E-01
  9.173390E-01
  9.139688E-01
  9.103021E-01
  9.062689E-01
  9.022360E-01
  8.982034E-01
  8.941711E-01
  8.896572E-01
  8.848627E-01
  8.800688E-01
  8.752758E-01
  8.704393E-01
  8.648569E-01
  8.592766E-01
  8.536983E-01
  8.481220E-01
  8.420482E-01
  8.357732E-01
  8.295020E-01
  8.232345E-01
  8.166461E-01
  8.098276E-01
  8.030139E-01
  7.962048E-01
  7.891512E-01
  7.819727E-01
  7.747991E-01
  7.676302E-01
  7.603182E-01
  7.529995E-01
  7.456850E-01
  7.383781E-01
  7.310803E-01
  7.237856E-01
  7.164961E-01
  7.092903E-01
  7.020864E-01
  6.948844E-01
  6.877826E-01
  6.807019E-01
  6.736226E-01
  6.666462E-01
  6.596969E-01
  6.527488E-01
  6.458716E-01
  6.390022E-01
  6.321351E-01
  6.252747E-01
  6.184154E-01
  6.115292E-01
  6.046232E-01
  5.977085E-01
  5.907062E-01
  5.837048E-01
  5.765974E-01
  5.694552E-01
  5.622221E-01
  5.549050E-01
  5.475080E-01
  5.399909E-01
  5.323906E-01
  5.246579E-01
  5.168198E-01
  5.088645E-01
  5.007613E-01
  4.925805E-01
  4.841897E-01
  4.757175E-01
  4.670848E-01
  4.582860E-01
  4.493676E-01
  4.402754E-01
  4.309827E-01
  4.215344E-01
  4.119242E-01
  4.021620E-01
  3.923431E-01
  3.828620E-01
  3.745076E-01
  3.685330E-01
  3.671794E-01
  3.757542E-01
  3.912372E-01
  3.745787E-01
  4.006946E-01
  1.049073E-01
  3.971123E-02
  5.807006E-02
  5.806566E-02
  5.806126E-02
  5.805686E-02
  5.805246E-02
  5.804806E-02
  5.804366E-02
  5.803926E-02
  5.803486E-02
  5.802680E-02
  5.801857E-02
  5.801035E-02
  5.800212E-02
  5.799389E-02
  5.798566E-02
  5.797744E-02
  5.796988E-02
  5.796381E-02
  5.795773E-02
  5.795165E-02
  5.794557E-02
  5.793949E-02
  5.793341E-02
  5.792715E-02
  5.791777E-02
  5.790839E-02
  5.789900E-02
  5.788962E-02
  5.788024E-02
  5.787085E-02
  5.785931E-02
  5.783635E-02
  5.781340E-02
  5.779044E-02
  5.776748E-02
  5.774452E-02
  5.772156E-02
  5.768499E-02
  5.763961E-02
  5.759423E-02
  5.754885E-02
  5.750347E-02
  5.745809E-02
  5.740027E-02
  5.732243E-02
  5.724458E-02
  5.716674E-02
  5.708890E-02
  5.701105E-02
  5.691232E-02
  5.679006E-02
  5.666780E-02
  5.654555E-02
  5.642329E-02
  5.630103E-02
  5.613153E-02
  5.595390E-02
  5.577627E-02
  5.559864E-02
  5.542101E-02
  5.521242E-02
  5.497488E-02
  5.473735E-02
  5.449981E-02
  5.426228E-02
  5.400017E-02
  5.370771E-02
  5.341528E-02
  5.312289E-02
  5.283055E-02
  5.251035E-02
  5.217400E-02
  5.183781E-02
  5.150180E-02
  5.116451E-02
  5.080321E-02
  5.044240E-02
  5.008206E-02
  4.972219E-02
  4.936751E-02
  4.901561E-02
  4.866460E-02
  4.831448E-02
  4.797854E-02
  4.765335E-02
  4.732933E-02
  4.700648E-02
  4.669117E-02
  4.638043E-02
  4.607090E-02
  4.576257E-02
  4.544728E-02
  4.513247E-02
  4.481873E-02
  4.449418E-02
  4.415204E-02
  4.381071E-02
  4.346867E-02
  4.307399E-02
  4.267984E-02
  4.228625E-02
  4.184697E-02
  4.139876E-02
  4.095091E-02
  4.048480E-02
  4.001419E-02
  3.954380E-02
  3.908059E-02
  3.861814E-02
  3.816035E-02
  3.772425E-02
  3.728814E-02
  3.687416E-02
  3.647669E-02
  3.608369E-02
  3.573185E-02
  3.537984E-02
  3.506369E-02
  3.475929E-02
  3.447947E-02
  3.422237E-02
  3.398315E-02
  3.377090E-02
  3.357442E-02
  3.340314E-02
  3.325044E-02
  3.311849E-02
  3.301318E-02
  3.292185E-02
  3.287161E-02
  3.283892E-02
  3.284166E-02
  3.288639E-02
  3.296341E-02
  3.309057E-02
  3.328414E-02
  3.353817E-02
  3.386761E-02
  3.429419E-02
  3.488365E-02
  3.571836E-02
  3.697147E-02
  3.892668E-02
  4.206833E-02
  4.734130E-02
  5.453471E-02
  5.843454E-02
  6.809953E-02
  3.022883E-02
  9.400408E-03
  1.790055E-01
  1.789850E-01
  1.789644E-01
  1.789438E-01
  1.789233E-01
  1.789027E-01
  1.788821E-01
  1.788616E-01
  1.788410E-01
  1.787866E-01
  1.787307E-01
  1.786747E-01
  1.786188E-01
  1.785628E-01
  1.785069E-01
  1.784510E-01
  1.783862E-01
  1.783022E-01
  1.782182E-01
  1.781342E-01
  1.780503E-01
  1.779663E-01
  1.778823E-01
  1.777962E-01
  1.776745E-01
  1.775529E-01
  1.774312E-01
  1.773095E-01
  1.771879E-01
  1.770662E-01
  1.769359E-01
  1.767598E-01
  1.765838E-01
  1.764077E-01
  1.762316E-01
  1.760555E-01
  1.758795E-01
  1.756598E-01
  1.754119E-01
  1.751639E-01
  1.749160E-01
  1.746681E-01
  1.744202E-01
  1.741366E-01
  1.737957E-01
  1.734548E-01
  1.731138E-01
  1.727729E-01
  1.724320E-01
  1.720340E-01
  1.715719E-01
  1.711097E-01
  1.706476E-01
  1.701854E-01
  1.697232E-01
  1.691151E-01
  1.684819E-01
  1.678487E-01
  1.672155E-01
  1.665822E-01
  1.658160E-01
  1.649253E-01
  1.640346E-01
  1.631439E-01
  1.622533E-01
  1.611981E-01
  1.599395E-01
  1.586811E-01
  1.574227E-01
  1.561644E-01
  1.546011E-01
  1.528600E-01
  1.511246E-01
  1.493839E-01
  1.476121E-01
  1.453100E-01
  1.430086E-01
  1.407081E-01
  1.384084E-01
  1.357477E-01
  1.329404E-01
  1.301347E-01
  1.273305E-01
  1.243410E-01
  1.212185E-01
  1.180982E-01
  1.149800E-01
  1.117951E-01
  1.085768E-01
  1.053607E-01
  1.021469E-01
  9.902107E-02
  9.590369E-02
  9.278835E-02
  8.977857E-02
  8.693202E-02
  8.408706E-02
  8.125408E-02
  7.879113E-02
  7.632924E-02
  7.386838E-02
  7.174327E-02
  6.968621E-02
  6.762980E-02
  6.586195E-02
  6.416780E-02
  6.247407E-02
  6.105536E-02
  5.966290E-02
  5.831267E-02
  5.716161E-02
  5.601072E-02
  5.496650E-02
  5.400213E-02
  5.305167E-02
  5.222607E-02
  5.140053E-02
  5.065057E-02
  4.992569E-02
  4.924037E-02
  4.859158E-02
  4.796880E-02
  4.738500E-02
  4.682557E-02
  4.630484E-02
  4.581620E-02
  4.536328E-02
  4.496178E-02
  4.458725E-02
  4.429930E-02
  4.404973E-02
  4.387836E-02
  4.380010E-02
  4.379239E-02
  4.389305E-02
  4.413189E-02
  4.449339E-02
  4.500774E-02
  4.572183E-02
  4.679880E-02
  4.848966E-02
  5.132752E-02
  5.621891E-02
  6.459481E-02
  7.882441E-02
  9.817278E-02
  1.077772E-01
  1.190915E-01
 -1.055003E-02
  5.006250E-08
  1.003233E+00
  1.003086E+00
  1.002938E+00
  1.002791E+00
  1.002643E+00
  1.002496E+00
  1.002348E+00
  1.002201E+00
  1.002054E+00
  1.001630E+00
  1.001194E+00
  1.000759E+00
  1.000323E+00
  9.998869E-01
  9.994510E-01
  9.990152E-01
  9.984975E-01
  9.978016E-01
  9.971058E-01
  9.964100E-01
  9.957141E-01
  9.950183E-01
  9.943225E-01
  9.936118E-01
  9.926472E-01
  9.916827E-01
  9.907182E-01
  9.897537E-01
  9.887892E-01
  9.878246E-01
  9.868132E-01
  9.855536E-01
  9.842939E-01
  9.830343E-01
  9.817746E-01
  9.805150E-01
  9.792553E-01
  9.778014E-01
  9.762219E-01
  9.746424E-01
  9.730629E-01
  9.714834E-01
  9.699039E-01
  9.681901E-01
  9.662602E-01
  9.643304E-01
  9.624005E-01
  9.604706E-01
  9.585407E-01
  9.564212E-01
  9.540884E-01
  9.517556E-01
  9.494227E-01
  9.470899E-01
  9.447570E-01
  9.420181E-01
  9.392092E-01
  9.364004E-01
  9.335916E-01
  9.307827E-01
  9.276839E-01
  9.243140E-01
  9.209441E-01
  9.175743E-01
  9.142046E-01
  9.105384E-01
  9.065062E-01
  9.024742E-01
  8.984425E-01
  8.944111E-01
  8.898987E-01
  8.851059E-01
  8.803137E-01
  8.755224E-01
  8.706877E-01
  8.651082E-01
  8.595307E-01
  8.539552E-01
  8.483818E-01
  8.423115E-01
  8.360405E-01
  8.297732E-01
  8.235096E-01
  8.169256E-01
  8.101117E-01
  8.033027E-01
  7.964983E-01
  7.894494E-01
  7.822758E-01
  7.751070E-01
  7.679430E-01
  7.606355E-01
  7.533214E-01
  7.460114E-01
  7.387087E-01
  7.314148E-01
  7.241238E-01
  7.168382E-01
  7.096352E-01
  7.024342E-01
  6.952351E-01
  6.881354E-01
  6.810568E-01
  6.739795E-01
  6.670046E-01
  6.600567E-01
  6.531099E-01
  6.462338E-01
  6.393655E-01
  6.324994E-01
  6.256399E-01
  6.187816E-01
  6.118964E-01
  6.049914E-01
  5.980777E-01
  5.910765E-01
  5.840763E-01
  5.769701E-01
  5.698293E-01
  5.625976E-01
  5.552820E-01
  5.478866E-01
  5.403712E-01
  5.327727E-01
  5.250418E-01
  5.172058E-01
  5.092525E-01
  5.011517E-01
  4.929733E-01
  4.845855E-01
  4.761167E-01
  4.674881E-01
  4.586944E-01
  4.497822E-01
  4.406977E-01
  4.314152E-01
  4.219793E-01
  4.123842E-01
  4.026406E-01
  3.928449E-01
  3.833915E-01
  3.750685E-01
  3.691278E-01
  3.678071E-01
  3.764078E-01
  3.918971E-01
  3.752308E-01
  4.012263E-01
  1.045149E-01
  3.792020E-02
  5.165644E-02
  5.165240E-02
  5.164837E-02
  5.164433E-02
  5.164029E-02
  5.163625E-02
  5.163222E-02
  5.162818E-02
  5.162414E-02
  5.161673E-02
  5.160917E-02
  5.160160E-02
  5.159404E-02
  5.158647E-02
  5.157890E-02
  5.157134E-02
  5.156431E-02
  5.155846E-02
  5.155260E-02
  5.154675E-02
  5.154089E-02
  5.153504E-02
  5.152918E-02
  5.152312E-02
  5.151349E-02
  5.150386E-02
  5.149423E-02
  5.148460E-02
  5.147497E-02
  5.146534E-02
  5.145354E-02
  5.143025E-02
  5.140695E-02
  5.138366E-02
  5.136037E-02
  5.133707E-02
  5.131378E-02
  5.127695E-02
  5.123135E-02
  5.118576E-02
  5.114017E-02
  5.109458E-02
  5.104898E-02
  5.099102E-02
  5.091315E-02
  5.083528E-02
  5.075741E-02
  5.067955E-02
  5.060168E-02
  5.050299E-02
  5.038087E-02
  5.025874E-02
  5.013661E-02
  5.001449E-02
  4.989236E-02
  4.972309E-02
  4.954569E-02
  4.936830E-02
  4.919090E-02
  4.901350E-02
  4.880522E-02
  4.856806E-02
  4.833090E-02
  4.809374E-02
  4.785658E-02
  4.759498E-02
  4.730319E-02
  4.701144E-02
  4.671972E-02
  4.642805E-02
  4.610887E-02
  4.577375E-02
  4.543879E-02
  4.510400E-02
  4.476798E-02
  4.440881E-02
  4.405011E-02
  4.369188E-02
  4.333411E-02
  4.298236E-02
  4.263370E-02
  4.228593E-02
  4.193902E-02
  4.160692E-02
  4.128602E-02
  4.096626E-02
  4.064763E-02
  4.033714E-02
  4.003148E-02
  3.972700E-02
  3.942368E-02
  3.911404E-02
  3.880490E-02
  3.849678E-02
  3.817798E-02
  3.784181E-02
  3.750641E-02
  3.717027E-02
  3.678137E-02
  3.639299E-02
  3.600513E-02
  3.557102E-02
  3.512785E-02
  3.468502E-02
  3.422312E-02
  3.375650E-02
  3.329008E-02
  3.282974E-02
  3.237004E-02
  3.191478E-02
  3.148015E-02
  3.104550E-02
  3.063231E-02
  3.023509E-02
  2.984223E-02
  2.948958E-02
  2.913676E-02
  2.881914E-02
  2.851305E-02
  2.823119E-02
  2.797172E-02
  2.772993E-02
  2.751480E-02
  2.731525E-02
  2.714061E-02
  2.698422E-02
  2.684820E-02
  2.673792E-02
  2.664116E-02
  2.658300E-02
  2.654084E-02
  2.653079E-02
  2.655730E-02
  2.661143E-02
  2.670774E-02
  2.685849E-02
  2.705841E-02
  2.731965E-02
  2.766042E-02
  2.813895E-02
  2.883728E-02
  2.992851E-02
  3.170082E-02
  3.465417E-02
  3.976673E-02
  4.688464E-02
  5.079904E-02
  6.051987E-02
  2.361373E-02
  1.623904E-03
  1.794687E-01
  1.794481E-01
  1.794275E-01
  1.794069E-01
  1.793864E-01
  1.793658E-01
  1.793452E-01
  1.793246E-01
  1.793040E-01
  1.792495E-01
  1.791935E-01
  1.791375E-01
  1.790815E-01
  1.790255E-01
  1.789695E-01
  1.789135E-01
  1.788486E-01
  1.787646E-01
  1.786806E-01
  1.785965E-01
  1.785125E-01
  1.784284E-01
  1.783444E-01
  1.782583E-01
  1.781366E-01
  1.780148E-01
  1.778931E-01
  1.777714E-01
  1.776497E-01
  1.775280E-01
  1.773977E-01
  1.772215E-01
  1.770454E-01
  1.768693E-01
  1.766931E-01
  1.765170E-01
  1.763409E-01
  1.761211E-01
  1.758731E-01
  1.756251E-01
  1.753771E-01
  1.751291E-01
  1.748811E-01
  1.745974E-01
  1.742564E-01
  1.739153E-01
  1.735743E-01
  1.732332E-01
  1.728921E-01
  1.724940E-01
  1.720317E-01
  1.715693E-01
  1.711070E-01
  1.706447E-01
  1.701823E-01
  1.695739E-01
  1.689404E-01
  1.683068E-01
  1.676733E-01
  1.670397E-01
  1.662729E-01
  1.653814E-01
  1.644900E-01
  1.635986E-01
  1.627071E-01
  1.616508E-01
  1.603906E-01
  1.591305E-01
  1.578704E-01
  1.566105E-01
  1.550447E-01
  1.533005E-01
  1.515638E-01
  1.498201E-01
  1.480451E-01
  1.457381E-01
  1.434318E-01
  1.411264E-01
  1.388218E-01
  1.361548E-01
  1.333407E-01
  1.305281E-01
  1.277172E-01
  1.247201E-01
  1.215895E-01
  1.184610E-01
  1.153347E-01
  1.121412E-01
  1.089141E-01
  1.056892E-01
  1.024666E-01
  9.933193E-02
  9.620571E-02
  9.308155E-02
  9.006317E-02
  8.720834E-02
  8.435511E-02
  8.151390E-02
  7.904372E-02
  7.657459E-02
  7.410651E-02
  7.197514E-02
  6.991202E-02
  6.784956E-02
  6.607652E-02
  6.437741E-02
  6.267872E-02
  6.125591E-02
  5.985943E-02
  5.850534E-02
  5.735105E-02
  5.619695E-02
  5.514987E-02
  5.418292E-02
  5.322993E-02
  5.240222E-02
  5.157459E-02
  5.082280E-02
  5.009618E-02
  4.940925E-02
  4.875898E-02
  4.813478E-02
  4.754969E-02
  4.698901E-02
  4.646712E-02
  4.597737E-02
  4.552341E-02
  4.512094E-02
  4.474549E-02
  4.445679E-02
  4.420659E-02
  4.403480E-02
  4.395649E-02
  4.394903E-02
  4.405048E-02
  4.429093E-02
  4.465484E-02
  4.517255E-02
  4.589120E-02
  4.697434E-02
  4.867281E-02
  5.151929E-02
  5.641948E-02
  6.480261E-02
  7.903462E-02
  9.837415E-02
  1.079572E-01
  1.191978E-01
 -1.070761E-02
  4.668701E-08
 -2.234873E-04
 -2.234913E-04
 -2.234954E-04
 -2.234995E-04
 -2.235035E-04
 -2.235076E-04
 -2.235117E-04
 -2.235158E-04
 -2.235198E-04
 -2.235546E-04
 -2.235908E-04
 -2.236269E-04
 -2.236631E-04
 -2.236993E-04
 -2.237354E-04
 -2.237716E-04
 -2.238303E-04
 -2.239381E-04
 -2.240459E-04
 -2.241537E-04
 -2.242615E-04
 -2.243693E-04
 -2.244770E-04
 -2.245892E-04
 -2.247764E-04
 -2.249635E-04
 -2.251507E-04
 -2.253378E-04
 -2.255249E-04
 -2.257121E-04
 -2.259087E-04
 -2.261551E-04
 -2.264015E-04
 -2.266479E-04
 -2.268943E-04
 -2.271407E-04
 -2.273872E-04
 -2.276519E-04
 -2.279286E-04
 -2.282053E-04
 -2.284819E-04
 -2.287586E-04
 -2.290352E-04
 -2.293111E-04
 -2.295855E-04
 -2.298599E-04
 -2.301343E-04
 -2.304088E-04
 -2.306832E-04
 -2.309465E-04
 -2.311974E-04
 -2.314482E-04
 -2.316990E-04
 -2.319499E-04
 -2.322007E-04
 -2.324671E-04
 -2.327361E-04
 -2.330051E-04
 -2.332741E-04
 -2.335431E-04
 -2.339067E-04
 -2.343587E-04
 -2.348107E-04
 -2.352627E-04
 -2.357146E-04
 -2.363750E-04
 -2.372930E-04
 -2.382110E-04
 -2.391290E-04
 -2.400469E-04
 -2.414769E-04
 -2.432063E-04
 -2.449357E-04
 -2.466653E-04
 -2.484563E-04
 -2.512808E-04
 -2.541060E-04
 -2.569321E-04
 -2.597590E-04
 -2.633624E-04
 -2.672853E-04
 -2.712101E-04
 -2.751368E-04
 -2.794840E-04
 -2.841364E-04
 -2.887915E-04
 -2.934492E-04
 -2.982272E-04
 -3.030689E-04
 -3.079130E-04
 -3.127593E-04
 -3.173098E-04
 -3.218393E-04
 -3.263697E-04
 -3.306228E-04
 -3.344417E-04
 -3.382596E-04
 -3.420511E-04
 -3.449387E-04
 -3.478237E-04
 -3.507060E-04
 -3.528587E-04
 -3.548618E-04
 -3.568617E-04
 -3.583714E-04
 -3.597541E-04
 -3.611337E-04
 -3.622211E-04
 -3.632786E-04
 -3.643172E-04
 -3.652754E-04
 -3.662318E-04
 -3.672134E-04
 -3.682139E-04
 -3.692265E-04
 -3.703574E-04
 -3.714876E-04
 -3.727526E-04
 -3.740621E-04
 -3.754738E-04
 -3.769800E-04
 -3.785625E-04
 -3.802597E-04
 -3.820297E-04
 -3.839152E-04
 -3.859090E-04
 -3.880235E-04
 -3.903706E-04
 -3.928397E-04
 -3.958677E-04
 -3.992251E-04
 -4.032873E-04
 -4.084614E-04
 -4.145848E-04
 -4.223214E-04
 -4.324588E-04
 -4.448481E-04
 -4.600090E-04
 -4.785820E-04
 -5.018263E-04
 -5.294520E-04
 -5.609269E-04
 -5.947588E-04
 -6.277217E-04
 -6.535629E-04
 -6.599048E-04
 -6.521193E-04
 -5.316735E-04
  3.924139E-04
  1.791033E-03
  6.413623E-03
  6.413260E-03
  6.412897E-03
  6.412534E-03
  6.412171E-03
  6.411808E-03
  6.411445E-03
  6.411082E-03
  6.410719E-03
  6.410070E-03
  6.409408E-03
  6.408746E-03
  6.408083E-03
  6.407421E-03
  6.406759E-03
  6.406096E-03
  6.405572E-03
  6.405349E-03
  6.405126E-03
  6.404902E-03
  6.404679E-03
  6.404456E-03
  6.404232E-03
  6.404035E-03
  6.404281E-03
  6.404527E-03
  6.404773E-03
  6.405019E-03
  6.405265E-03
  6.405511E-03
  6.405771E-03
  6.406106E-03
  6.406441E-03
  6.406776E-03
  6.407111E-03
  6.407447E-03
  6.407782E-03
  6.408043E-03
  6.408255E-03
  6.408468E-03
  6.408681E-03
  6.408894E-03
  6.409107E-03
  6.409248E-03
  6.409274E-03
  6.409300E-03
  6.409326E-03
  6.409352E-03
  6.409378E-03
  6.409329E-03
  6.409196E-03
  6.409064E-03
  6.408931E-03
  6.408799E-03
  6.408666E-03
  6.408446E-03
  6.408212E-03
  6.407977E-03
  6.407743E-03
  6.407508E-03
  6.407201E-03
  6.406826E-03
  6.406450E-03
  6.406075E-03
  6.405699E-03
  6.405190E-03
  6.404517E-03
  6.403844E-03
  6.403172E-03
  6.402500E-03
  6.401476E-03
  6.400248E-03
  6.399022E-03
  6.397799E-03
  6.396529E-03
  6.394402E-03
  6.392286E-03
  6.390180E-03
  6.388084E-03
  6.385155E-03
  6.381902E-03
  6.378671E-03
  6.375463E-03
  6.371617E-03
  6.367326E-03
  6.363068E-03
  6.358843E-03
  6.354037E-03
  6.348948E-03
  6.343899E-03
  6.338890E-03
  6.333238E-03
  6.327575E-03
  6.321952E-03
  6.316204E-03
  6.310233E-03
  6.304297E-03
  6.298397E-03
  6.292612E-03
  6.286853E-03
  6.281120E-03
  6.275950E-03
  6.270908E-03
  6.265886E-03
  6.261681E-03
  6.257695E-03
  6.253725E-03
  6.250854E-03
  6.248100E-03
  6.245577E-03
  6.244100E-03
  6.242634E-03
  6.241860E-03
  6.241603E-03
  6.241460E-03
  6.242266E-03
  6.243079E-03
  6.244549E-03
  6.246240E-03
  6.248283E-03
  6.250650E-03
  6.253223E-03
  6.256102E-03
  6.259167E-03
  6.262528E-03
  6.266224E-03
  6.270291E-03
  6.275258E-03
  6.280697E-03
  6.288613E-03
  6.298075E-03
  6.310873E-03
  6.329095E-03
  6.351980E-03
  6.382837E-03
  6.425644E-03
  6.479763E-03
  6.547958E-03
  6.633769E-03
  6.744698E-03
  6.881086E-03
  7.042960E-03
  7.225868E-03
  7.414158E-03
  7.574572E-03
  7.650069E-03
  7.635501E-03
  7.579656E-03
  6.615109E-03
  7.776504E-03
 -4.631996E-04
 -4.631697E-04
 -4.631399E-04
 -4.631101E-04
 -4.630802E-04
 -4.630504E-04
 -4.630205E-04
 -4.629907E-04
 -4.629608E-04
 -4.628967E-04
 -4.628310E-04
 -4.627653E-04
 -4.626996E-04
 -4.626339E-04
 -4.625682E-04
 -4.625025E-04
 -4.624399E-04
 -4.623843E-04
 -4.623287E-04
 -4.622731E-04
 -4.622175E-04
 -4.621619E-04
 -4.621063E-04
 -4.620514E-04
 -4.620085E-04
 -4.619656E-04
 -4.619227E-04
 -4.618798E-04
 -4.618369E-04
 -4.617940E-04
 -4.617489E-04
 -4.616926E-04
 -4.616364E-04
 -4.615801E-04
 -4.615238E-04
 -4.614675E-04
 -4.614112E-04
 -4.613362E-04
 -4.612491E-04
 -4.611621E-04
 -4.610750E-04
 -4.609879E-04
 -4.609008E-04
 -4.607980E-04
 -4.606698E-04
 -4.605417E-04
 -4.604135E-04
 -4.602854E-04
 -4.601572E-04
 -4.600028E-04
 -4.598190E-04
 -4.596351E-04
 -4.594512E-04
 -4.592673E-04
 -4.590834E-04
 -4.587791E-04
 -4.584539E-04
 -4.581288E-04
 -4.578037E-04
 -4.574786E-04
 -4.569270E-04
 -4.561635E-04
 -4.554002E-04
 -4.546369E-04
 -4.538737E-04
 -4.527140E-04
 -4.510644E-04
 -4.494152E-04
 -4.477665E-04
 -4.461183E-04
 -4.435817E-04
 -4.405273E-04
 -4.392071E-04
 -4.361545E-04
 -4.329990E-04
 -4.280847E-04
 -4.231748E-04
 -4.182694E-04
 -4.133685E-04
 -4.071056E-04
 -4.002915E-04
 -3.934862E-04
 -3.866895E-04
 -3.791035E-04
 -3.709522E-04
 -3.628134E-04
 -3.546869E-04
 -3.461028E-04
 -3.372882E-04
 -3.284876E-04
 -3.197010E-04
 -3.108579E-04
 -3.020233E-04
 -2.932023E-04
 -2.845966E-04
 -2.763179E-04
 -2.680507E-04
 -2.598225E-04
 -2.525816E-04
 -2.453493E-04
 -2.381255E-04
 -2.318692E-04
 -2.258121E-04
 -2.197611E-04
 -2.145726E-04
 -2.096066E-04
 -2.046449E-04
 -2.005478E-04
 -1.965355E-04
 -1.926634E-04
 -1.894438E-04
 -1.862268E-04
 -1.833717E-04
 -1.807880E-04
 -1.782544E-04
 -1.761564E-04
 -1.740603E-04
 -1.722317E-04
 -1.704926E-04
 -1.688855E-04
 -1.674002E-04
 -1.659895E-04
 -1.646901E-04
 -1.634442E-04
 -1.622831E-04
 -1.611758E-04
 -1.601282E-04
 -1.591637E-04
 -1.582425E-04
 -1.574983E-04
 -1.568578E-04
 -1.564395E-04
 -1.563823E-04
 -1.566377E-04
 -1.574312E-04
 -1.590469E-04
 -1.614441E-04
 -1.648092E-04
 -1.693709E-04
 -1.755487E-04
 -1.831426E-04
 -1.917730E-04
 -2.005716E-04
 -2.078068E-04
 -2.102111E-04
 -2.013689E-04
 -1.800380E-04
 -1.063352E-04
  1.575802E-04
  3.375494E-09
  1.273240E+00
  1.273211E+00
  1.273125E+00
  1.272981E+00
  1.272781E+00
  1.272522E+00
  1.272207E+00
  1.271834E+00
  1.271403E+00
  1.270915E+00
  1.270369E+00
  1.269765E+00
  1.269104E+00
  1.268384E+00
  1.267607E+00
  1.266771E+00
  1.265877E+00
  1.264925E+00
  1.263915E+00
  1.262845E+00
  1.261717E+00
  1.260530E+00
  1.259284E+00
  1.257979E+00
  1.256614E+00
  1.255190E+00
  1.253705E+00
  1.252161E+00
  1.250556E+00
  1.248891E+00
  1.247165E+00
  1.245378E+00
  1.243529E+00
  1.241620E+00
  1.239648E+00
  1.237614E+00
  1.235518E+00
  1.233359E+00
  1.231136E+00
  1.228851E+00
  1.226501E+00
  1.224088E+00
  1.221610E+00
  1.219067E+00
  1.216458E+00
  1.213784E+00
  1.211044E+00
  1.208237E+00
  1.205362E+00
  1.202421E+00
  1.199411E+00
  1.196332E+00
  1.193185E+00
  1.189968E+00
  1.186680E+00
  1.183322E+00
  1.179892E+00
  1.176390E+00
  1.172816E+00
  1.169168E+00
  1.165446E+00
  1.161649E+00
  1.157776E+00
  1.153828E+00
  1.149802E+00
  1.145699E+00
  1.141516E+00
  1.137254E+00
  1.132912E+00
  1.128488E+00
  1.123982E+00
  1.119393E+00
  1.114719E+00
  1.109960E+00
  1.105114E+00
  1.100180E+00
  1.095157E+00
  1.090045E+00
  1.084841E+00
  1.079544E+00
  1.074153E+00
  1.068667E+00
  1.063083E+00
  1.057401E+00
  1.051619E+00
  1.045735E+00
  1.039748E+00
  1.033655E+00
  1.027455E+00
  1.021146E+00
  1.014726E+00
  1.008193E+00
  1.001543E+00
  9.947766E-01
  9.878894E-01
  9.808795E-01
  9.737441E-01
  9.664805E-01
  9.590857E-01
  9.515567E-01
  9.438904E-01
  9.360832E-01
  9.281318E-01
  9.200322E-01
  9.117806E-01
  9.033729E-01
  8.948045E-01
  8.860709E-01
  8.771671E-01
  8.680879E-01
  8.588277E-01
  8.493806E-01
  8.397402E-01
  8.299000E-01
  8.198525E-01
  8.095903E-01
  7.991048E-01
  7.883874E-01
  7.774283E-01
  7.662172E-01
  7.547428E-01
  7.429930E-01
  7.309546E-01
  7.186128E-01
  7.059520E-01
  6.929545E-01
  6.796012E-01
  6.658704E-01
  6.517385E-01
  6.371787E-01
  6.221609E-01
  6.066513E-01
  5.906109E-01
  5.739954E-01
  5.567532E-01
  5.388241E-01
  5.201372E-01
  5.006076E-01
  4.801325E-01
  4.585853E-01
  4.358068E-01
  4.115929E-01
  3.856731E-01
  3.576769E-01
  3.270715E-01
  2.930404E-01
  2.542116E-01
  2.079144E-01
  1.472658E-01
  0.000000E+00
  9.182509E-02
  9.182499E-02
  9.182489E-02
  9.182479E-02
  9.182469E-02
  9.182458E-02
  9.182448E-02
  9.182438E-02
  9.182428E-02
  9.182422E-02
  9.182415E-02
  9.182409E-02
  9.182403E-02
  9.182397E-02
  9.182390E-02
  9.182384E-02
  9.182379E-02
  9.182378E-02
  9.182377E-02
  9.182375E-02
  9.182374E-02
  9.182373E-02
  9.182371E-02
  9.182370E-02
  9.182375E-02
  9.182379E-02
  9.182384E-02
  9.182389E-02
  9.182393E-02
  9.182398E-02
  9.182404E-02
  9.182416E-02
  9.182428E-02
  9.182440E-02
  9.182453E-02
  9.182465E-02
  9.182477E-02
  9.182495E-02
  9.182517E-02
  9.182539E-02
  9.182561E-02
  9.182582E-02
  9.182604E-02
  9.182630E-02
  9.182663E-02
  9.182696E-02
  9.182729E-02
  9.182762E-02
  9.182795E-02
  9.182832E-02
  9.182875E-02
  9.182917E-02
  9.182960E-02
  9.183002E-02
  9.183044E-02
  9.182621E-02
  9.182118E-02
  9.181615E-02
  9.181112E-02
  9.180609E-02
  9.178457E-02
  9.174763E-02
  9.171070E-02
  9.167376E-02
  9.163682E-02
  9.156819E-02
  9.146039E-02
  9.135259E-02
  9.124478E-02
  9.113698E-02
  9.095594E-02
  9.073211E-02
  9.083011E-02
  9.060602E-02
  9.037306E-02
  8.999042E-02
  8.960776E-02
  8.922510E-02
  8.884242E-02
  8.834217E-02
  8.779756E-02
  8.726802E-02
  8.673845E-02
  8.619290E-02
  8.562863E-02
  8.506433E-02
  8.450000E-02
  8.390437E-02
  8.329265E-02
  8.271183E-02
  8.213099E-02
  8.155098E-02
  8.097101E-02
  8.040977E-02
  8.044176E-02
  8.057788E-02
  8.071399E-02
  8.084813E-02
  8.091332E-02
  8.097850E-02
  8.104368E-02
  8.105515E-02
  8.105581E-02
  8.105646E-02
  8.102160E-02
  8.097769E-02
  8.093379E-02
  8.086579E-02
  8.079552E-02
  8.072327E-02
  8.064165E-02
  8.057999E-02
  8.053314E-02
  8.048603E-02
  8.043939E-02
  8.039705E-02
  8.035470E-02
  8.031867E-02
  8.028474E-02
  8.025629E-02
  8.023290E-02
  8.021374E-02
  8.020095E-02
  8.019191E-02
  8.018884E-02
  8.018984E-02
  8.019539E-02
  8.020586E-02
  8.021891E-02
  8.023798E-02
  8.025911E-02
  8.028420E-02
  8.031278E-02
  8.034369E-02
  8.037769E-02
  8.041470E-02
  8.045385E-02
  8.049517E-02
  8.053863E-02
  8.058440E-02
  8.063203E-02
  8.068138E-02
  8.073237E-02
  8.078490E-02
  8.083889E-02
  8.089435E-02
  8.096376E-02
  8.104913E-02
  9.097915E-02
  4.640426E-02
 -7.900816E-02
 -7.902794E-02
 -7.904772E-02
 -7.906750E-02
 -7.908728E-02
 -7.910706E-02
 -7.912684E-02
 -7.914662E-02
 -7.916640E-02
 -7.917885E-02
 -7.919096E-02
 -7.920307E-02
 -7.921519E-02
 -7.922730E-02
 -7.923941E-02
 -7.925153E-02
 -7.926068E-02
 -7.926340E-02
 -7.926612E-02
 -7.926883E-02
 -7.927155E-02
 -7.927427E-02
 -7.927699E-02
 -7.927905E-02
 -7.927005E-02
 -7.926104E-02
 -7.925204E-02
 -7.924303E-02
 -7.923402E-02
 -7.922502E-02
 -7.921365E-02
 -7.918983E-02
 -7.916600E-02
 -7.914217E-02
 -7.911834E-02
 -7.909452E-02
 -7.907069E-02
 -7.903556E-02
 -7.899313E-02
 -7.895069E-02
 -7.890825E-02
 -7.886582E-02
 -7.882338E-02
 -7.877262E-02
 -7.870847E-02
 -7.864431E-02
 -7.858016E-02
 -7.851600E-02
 -7.845184E-02
 -7.837871E-02
 -7.829547E-02
 -7.821222E-02
 -7.812898E-02
 -7.804574E-02
 -7.796249E-02
 -7.768414E-02
 -7.737220E-02
 -7.706026E-02
 -7.674832E-02
 -7.643638E-02
 -7.545987E-02
 -7.386198E-02
 -7.226408E-02
 -7.066619E-02
 -6.906830E-02
 -6.619691E-02
 -6.175171E-02
 -5.730651E-02
 -5.286132E-02
 -4.841612E-02
 -4.103218E-02
 -3.193124E-02
  3.988375E-02
  4.894166E-02
  5.835516E-02
  7.376813E-02
  8.918109E-02
  1.045940E-01
  1.200070E-01
  1.399204E-01
  1.616769E-01
  1.834333E-01
  2.051897E-01
  2.287860E-01
  2.537130E-01
  2.786400E-01
  3.035668E-01
  3.283564E-01
  3.530743E-01
  3.777922E-01
  4.025099E-01
  4.241448E-01
  4.455511E-01
  4.669573E-01
  4.859693E-01
  5.012488E-01
  5.165281E-01
  5.315769E-01
  5.384864E-01
  5.453958E-01
  5.523053E-01
  5.528802E-01
  5.521803E-01
  5.514805E-01
  5.465922E-01
  5.406381E-01
  5.346840E-01
  5.258909E-01
  5.168294E-01
  5.075352E-01
  4.971387E-01
  4.867422E-01
  4.763586E-01
  4.659848E-01
  4.557102E-01
  4.463335E-01
  4.369569E-01
  4.288226E-01
  4.211005E-01
  4.144305E-01
  4.087332E-01
  4.038270E-01
  4.001078E-01
  3.970696E-01
  3.951131E-01
  3.938796E-01
  3.934507E-01
  3.938769E-01
  3.947517E-01
  3.966536E-01
  3.989041E-01
  4.018197E-01
  4.053154E-01
  4.091941E-01
  4.135791E-01
  4.184525E-01
  4.236688E-01
  4.292327E-01
  4.351366E-01
  4.414023E-01
  4.479589E-01
  4.547824E-01
  4.618583E-01
  4.691705E-01
  4.767024E-01
  4.844575E-01
  4.924074E-01
  5.005297E-01
  4.663800E-01
  1.102225E+00
  9.896671E-01
  9.896671E-01
  9.896671E-01
  9.896671E-01
  9.896671E-01
  9.896671E-01
  9.896671E-01
  9.896671E-01
  9.896671E-01
  9.896671E-01
  9.896671E-01
  9.896671E-01
  9.896671E-01
  9.896671E-01
  9.896671E-01
  9.896671E-01
  9.896671E-01
  9.896671E-01
  9.896671E-01
  9.896671E-01
  9.896671E-01
  9.896671E-01
  9.896671E-01
  9.896671E-01
  9.896671E-01
  9.896671E-01
  9.896671E-01
  9.896671E-01
  9.896671E-01
  9.896671E-01
  9.896671E-01
  9.896671E-01
  9.896671E-01
  9.896671E-01
  9.896671E-01
  9.896671E-01
  9.896671E-01
  9.896671E-01
  9.896671E-01
  9.896671E-01
  9.896671E-01
  9.896671E-01
  9.896671E-01
  9.896671E-01
  9.896671E-01
  9.896671E-01
  9.896671E-01
  9.896671E-01
  9.896671E-01
  9.896671E-01
  9.896671E-01
  9.896671E-01
  9.896671E-01
  9.896671E-01
  9.896671E-01
  9.896671E-01
  9.896671E-01
  9.896671E-01
  9.896671E-01
  9.896671E-01
  9.896670E-01
  9.896670E-01
  9.896670E-01
  9.896669E-01
  9.896669E-01
  9.896668E-01
  9.896668E-01
  9.896667E-01
  9.896666E-01
  9.896665E-01
  9.896664E-01
  9.896663E-01
  9.896664E-01
  9.896665E-01
  9.896667E-01
  9.896670E-01
  9.896674E-01
  9.896678E-01
  9.896683E-01
  9.896691E-01
  9.896701E-01
  9.896712E-01
  9.896725E-01
  9.896741E-01
  9.896759E-01
  9.896779E-01
  9.896801E-01
  9.896824E-01
  9.896850E-01
  9.896877E-01
  9.896906E-01
  9.896933E-01
  9.896961E-01
  9.896990E-01
  9.897018E-01
  9.897040E-01
  9.897064E-01
  9.897088E-01
  9.897099E-01
  9.897110E-01
  9.897122E-01
  9.897123E-01
  9.897121E-01
  9.897120E-01
  9.897112E-01
  9.897102E-01
  9.897093E-01
  9.897079E-01
  9.897064E-01
  9.897050E-01
  9.897034E-01
  9.897019E-01
  9.897004E-01
  9.896989E-01
  9.896975E-01
  9.896962E-01
  9.896950E-01
  9.896939E-01
  9.896929E-01
  9.896921E-01
  9.896914E-01
  9.896908E-01
  9.896903E-01
  9.896899E-01
  9.896897E-01
  9.896896E-01
  9.896895E-01
  9.896896E-01
  9.896897E-01
  9.896899E-01
  9.896902E-01
  9.896905E-01
  9.896909E-01
  9.896914E-01
  9.896920E-01
  9.896926E-01
  9.896932E-01
  9.896939E-01
  9.896947E-01
  9.896955E-01
  9.896964E-01
  9.896974E-01
  9.896983E-01
  9.896994E-01
  9.897004E-01
  9.897016E-01
  9.897027E-01
  9.897039E-01
  8.495467E-01
  4.940068E-06
 -2.728652E+02
 -2.727785E+02
 -2.726918E+02
 -2.726051E+02
 -2.725184E+02
 -2.724317E+02
 -2.723450E+02
 -2.722583E+02
 -2.721716E+02
 -2.718713E+02
 -2.715613E+02
 -2.712513E+02
 -2.709412E+02
 -2.706312E+02
 -2.703212E+02
 -2.700111E+02
 -2.696179E+02
 -2.690434E+02
 -2.684690E+02
 -2.678945E+02
 -2.673201E+02
 -2.667456E+02
 -2.661712E+02
 -2.655850E+02
 -2.647995E+02
 -2.640140E+02
 -2.632285E+02
 -2.624429E+02
 -2.616574E+02
 -2.608719E+02
 -2.600673E+02
 -2.591619E+02
 -2.582565E+02
 -2.573511E+02
 -2.564457E+02
 -2.555404E+02
 -2.546350E+02
 -2.537034E+02
 -2.527549E+02
 -2.518064E+02
 -2.508579E+02
 -2.499094E+02
 -2.489609E+02
 -2.480284E+02
 -2.471216E+02
 -2.462149E+02
 -2.453081E+02
 -2.444014E+02
 -2.434946E+02
 -2.426480E+02
 -2.418690E+02
 -2.410900E+02
 -2.403110E+02
 -2.395320E+02
 -2.387530E+02
 -2.381306E+02
 -2.375351E+02
 -2.369397E+02
 -2.363443E+02
 -2.357489E+02
 -2.352340E+02
 -2.347944E+02
 -2.343549E+02
 -2.339154E+02
 -2.334759E+02
 -2.330392E+02
 -2.326056E+02
 -2.321719E+02
 -2.317380E+02
 -2.313039E+02
 -2.307386E+02
 -2.300957E+02
 -2.294517E+02
 -2.288065E+02
 -2.281355E+02
 -2.270457E+02
 -2.259525E+02
 -2.248558E+02
 -2.237557E+02
 -2.221376E+02
 -2.203026E+02
 -2.184609E+02
 -2.166127E+02
 -2.143084E+02
 -2.116707E+02
 -2.090243E+02
 -2.063690E+02
 -2.034029E+02
 -2.002702E+02
 -1.971283E+02
 -1.939772E+02
 -1.907723E+02
 -1.875557E+02
 -1.843310E+02
 -1.812349E+02
 -1.783452E+02
 -1.754492E+02
 -1.725661E+02
 -1.703526E+02
 -1.681347E+02
 -1.659125E+02
 -1.642968E+02
 -1.628013E+02
 -1.613029E+02
 -1.601050E+02
 -1.589828E+02
 -1.578591E+02
 -1.567202E+02
 -1.555799E+02
 -1.543892E+02
 -1.529606E+02
 -1.515331E+02
 -1.498316E+02
 -1.479260E+02
 -1.459621E+02
 -1.434540E+02
 -1.409486E+02
 -1.379417E+02
 -1.347703E+02
 -1.312383E+02
 -1.273730E+02
 -1.232326E+02
 -1.186778E+02
 -1.138686E+02
 -1.086534E+02
 -1.031317E+02
 -9.726816E+01
 -9.096816E+01
 -8.443902E+01
 -7.725344E+01
 -6.979520E+01
 -6.178975E+01
 -5.315813E+01
 -4.405274E+01
 -3.422222E+01
 -2.345906E+01
 -1.187140E+01
  7.145784E-01
  1.453456E+01
  3.024043E+01
  4.839492E+01
  7.021847E+01
  9.774708E+01
  1.343624E+02
  1.857980E+02
  2.524701E+02
  3.117589E+02
  3.964310E+02
  2.089046E+02
  3.450812E-04
  1.134393E+04
  1.134226E+04
  1.134060E+04
  1.133894E+04
  1.133727E+04
  1.133561E+04
  1.133394E+04
  1.133228E+04
  1.133061E+04
  1.132584E+04
  1.132093E+04
  1.131601E+04
  1.131110E+04
  1.130619E+04
  1.130127E+04
  1.129636E+04
  1.129052E+04
  1.128268E+04
  1.127484E+04
  1.126700E+04
  1.125916E+04
  1.125133E+04
  1.124349E+04
  1.123548E+04
  1.122461E+04
  1.121374E+04
  1.120288E+04
  1.119201E+04
  1.118114E+04
  1.117027E+04
  1.115887E+04
  1.114467E+04
  1.113047E+04
  1.111626E+04
  1.110206E+04
  1.108786E+04
  1.107366E+04
  1.105725E+04
  1.103943E+04
  1.102160E+04
  1.100378E+04
  1.098596E+04
  1.096813E+04
  1.094878E+04
  1.092698E+04
  1.090519E+04
  1.088339E+04
  1.086159E+04
  1.083979E+04
  1.081584E+04
  1.078946E+04
  1.076309E+04
  1.073671E+04
  1.071034E+04
  1.068396E+04
  1.065297E+04
  1.062119E+04
  1.058940E+04
  1.055762E+04
  1.052583E+04
  1.049075E+04
  1.045260E+04
  1.041444E+04
  1.037628E+04
  1.033813E+04
  1.029661E+04
  1.025094E+04
  1.020527E+04
  1.015961E+04
  1.011395E+04
  1.006284E+04
  1.000856E+04
  9.954289E+03
  9.900028E+03
  9.845277E+03
  9.782108E+03
  9.718964E+03
  9.655844E+03
  9.592748E+03
  9.524058E+03
  9.453109E+03
  9.382204E+03
  9.311343E+03
  9.236885E+03
  9.159849E+03
  9.082869E+03
  9.005944E+03
  8.926275E+03
  8.845205E+03
  8.764193E+03
  8.683236E+03
  8.600660E+03
  8.518009E+03
  8.435406E+03
  8.352877E+03
  8.270431E+03
  8.188019E+03
  8.105666E+03
  8.024195E+03
  7.942747E+03
  7.861320E+03
  7.780970E+03
  7.700849E+03
  7.620743E+03
  7.541774E+03
  7.463104E+03
  7.384448E+03
  7.306594E+03
  7.228828E+03
  7.151093E+03
  7.073452E+03
  6.995825E+03
  6.917916E+03
  6.839799E+03
  6.761589E+03
  6.682432E+03
  6.603286E+03
  6.522980E+03
  6.442296E+03
  6.360611E+03
  6.278002E+03
  6.194512E+03
  6.109695E+03
  6.023958E+03
  5.936753E+03
  5.848381E+03
  5.758709E+03
  5.667397E+03
  5.575224E+03
  5.480726E+03
  5.385330E+03
  5.288159E+03
  5.189156E+03
  5.088839E+03
  4.986611E+03
  4.882188E+03
  4.776069E+03
  4.668197E+03
  4.558705E+03
  4.448724E+03
  4.342773E+03
  4.249891E+03
  4.184447E+03
  4.172116E+03
  4.273517E+03
  4.454456E+03
  4.270542E+03
  4.573458E+03
  1.037656E+03
  2.274640E-03
 -1.011650E-01
 -1.020666E-01
 -1.029683E-01
 -1.038699E-01
 -1.047716E-01
 -1.056732E-01
 -1.065748E-01
 -1.074765E-01
 -1.083781E-01
 -1.098461E-01
 -1.113398E-01
 -1.128336E-01
 -1.143274E-01
 -1.158212E-01
 -1.173150E-01
 -1.188088E-01
 -1.199933E-01
 -1.205044E-01
 -1.210156E-01
 -1.215268E-01
 -1.220379E-01
 -1.225491E-01
 -1.230603E-01
 -1.235019E-01
 -1.227567E-01
 -1.220115E-01
 -1.212664E-01
 -1.205212E-01
 -1.197760E-01
 -1.190308E-01
 -1.180415E-01
 -1.157594E-01
 -1.134774E-01
 -1.111954E-01
 -1.089134E-01
 -1.066313E-01
 -1.043493E-01
 -1.011667E-01
 -9.740168E-02
 -9.363666E-02
 -8.987163E-02
 -8.610657E-02
 -8.234150E-02
 -7.865372E-02
 -7.509035E-02
 -7.152696E-02
 -6.796353E-02
 -6.440006E-02
 -6.083657E-02
  1.759707E-01
  6.754202E-01
  1.174870E+00
  1.674320E+00
  2.173771E+00
  2.673222E+00
  5.765895E+00
  9.304933E+00
  1.284397E+01
  1.638299E+01
  1.992201E+01
  2.683159E+01
  3.689251E+01
  4.695324E+01
  5.701380E+01
  6.707419E+01
  8.094902E+01
  9.953727E+01
  1.181245E+02
  1.367108E+02
  1.552962E+02
  1.793876E+02
  2.066939E+02
  2.339974E+02
  2.612981E+02
  2.888414E+02
  3.205208E+02
  3.521949E+02
  3.838640E+02
  4.155282E+02
  4.428779E+02
  4.684577E+02
  4.940328E+02
  5.196033E+02
  5.375728E+02
  5.500456E+02
  5.625166E+02
  5.749862E+02
  5.793828E+02
  5.795769E+02
  5.797718E+02
  5.799677E+02
  5.706210E+02
  5.605690E+02
  5.505189E+02
  5.372581E+02
  5.189910E+02
  5.007258E+02
  4.823378E+02
  4.595547E+02
  4.367735E+02
  4.139943E+02
  3.910727E+02
  3.681246E+02
  3.451792E+02
  3.234844E+02
  3.021105E+02
  2.807398E+02
  2.610172E+02
  2.414536E+02
  2.222287E+02
  2.045964E+02
  1.869673E+02
  1.704569E+02
  1.547848E+02
  1.393030E+02
  1.255211E+02
  1.117414E+02
  9.926293E+01
  8.721717E+01
  7.593221E+01
  6.535032E+01
  5.528935E+01
  4.600903E+01
  3.724023E+01
  2.928351E+01
  2.193074E+01
  1.524994E+01
  9.320402E+00
  3.784981E+00
 -8.297535E-01
 -5.130702E+00
 -8.832462E+00
 -1.200987E+01
 -1.483904E+01
 -1.720412E+01
 -1.910153E+01
 -2.064630E+01
 -2.180457E+01
 -2.253273E+01
 -2.267210E+01
 -2.214241E+01
 -2.074133E+01
 -1.814550E+01
 -1.397506E+01
 -8.013244E+00
  2.354523E-02
  1.022191E+01
  1.548624E+01
  4.898470E+03
  3.833193E-02
