 Title= "ADflow Lift Distribution Data"
Variables = "eta" "CoordinateX" "CoordinateY" "CoordinateZ" "Lift" "Drag" "Moment" "Normalized Lift" "Normalized Drag" "Normalized Moment" "CL" "CD" "CM" "CLp" "CDp" "CMp" "CLv" "CDv" "CMv" "Elliptical" "thickness" "twist" "chord" "fx" "fy" "fz" 
Zone T= "LiftDist_01 allWalls: : z normal"
 I=          150
 DATAPACKING=BLOCK
  0.000000E+00
  6.711405E-03
  1.342281E-02
  2.013422E-02
  2.684563E-02
  3.355704E-02
  4.026845E-02
  4.697986E-02
  5.369127E-02
  6.040268E-02
  6.711409E-02
  7.382550E-02
  8.053691E-02
  8.724832E-02
  9.395973E-02
  1.006711E-01
  1.073825E-01
  1.140940E-01
  1.208054E-01
  1.275168E-01
  1.342282E-01
  1.409396E-01
  1.476510E-01
  1.543624E-01
  1.610738E-01
  1.677852E-01
  1.744966E-01
  1.812081E-01
  1.879195E-01
  1.946309E-01
  2.013423E-01
  2.080537E-01
  2.147651E-01
  2.214765E-01
  2.281879E-01
  2.348993E-01
  2.416107E-01
  2.483221E-01
  2.550336E-01
  2.617450E-01
  2.684564E-01
  2.751678E-01
  2.818792E-01
  2.885906E-01
  2.953020E-01
  3.020134E-01
  3.087248E-01
  3.154362E-01
  3.221476E-01
  3.288591E-01
  3.355705E-01
  3.422819E-01
  3.489933E-01
  3.557047E-01
  3.624161E-01
  3.691275E-01
  3.758389E-01
  3.825503E-01
  3.892617E-01
  3.959732E-01
  4.026846E-01
  4.093960E-01
  4.161074E-01
  4.228188E-01
  4.295302E-01
  4.362416E-01
  4.429530E-01
  4.496644E-01
  4.563758E-01
  4.630872E-01
  4.697987E-01
  4.765101E-01
  4.832215E-01
  4.899329E-01
  4.966443E-01
  5.033557E-01
  5.100671E-01
  5.167785E-01
  5.234899E-01
  5.302013E-01
  5.369128E-01
  5.436242E-01
  5.503356E-01
  5.570470E-01
  5.637584E-01
  5.704698E-01
  5.771812E-01
  5.838926E-01
  5.906040E-01
  5.973154E-01
  6.040268E-01
  6.107383E-01
  6.174497E-01
  6.241611E-01
  6.308725E-01
  6.375839E-01
  6.442953E-01
  6.510067E-01
  6.577181E-01
  6.644295E-01
  6.711409E-01
  6.778524E-01
  6.845638E-01
  6.912752E-01
  6.979866E-01
  7.046980E-01
  7.114094E-01
  7.181208E-01
  7.248322E-01
  7.315436E-01
  7.382550E-01
  7.449664E-01
  7.516779E-01
  7.583893E-01
  7.651007E-01
  7.718121E-01
  7.785235E-01
  7.852349E-01
  7.919463E-01
  7.986577E-01
  8.053691E-01
  8.120805E-01
  8.187919E-01
  8.255034E-01
  8.322148E-01
  8.389262E-01
  8.456376E-01
  8.523490E-01
  8.590604E-01
  8.657718E-01
  8.724832E-01
  8.791946E-01
  8.859060E-01
  8.926175E-01
  8.993289E-01
  9.060403E-01
  9.127517E-01
  9.194631E-01
  9.261745E-01
  9.328859E-01
  9.395973E-01
  9.463087E-01
  9.530201E-01
  9.597315E-01
  9.664430E-01
  9.731544E-01
  9.798658E-01
  9.865772E-01
  9.932886E-01
  1.000000E+00
  0.000000E+00
  0.000000E+00
  0.000000E+00
  0.000000E+00
  0.000000E+00
  0.000000E+00
  0.000000E+00
  0.000000E+00
  0.000000E+00
  0.000000E+00
  0.000000E+00
  0.000000E+00
  0.000000E+00
  0.000000E+00
  0.000000E+00
  0.000000E+00
  0.000000E+00
  0.000000E+00
  0.000000E+00
  0.000000E+00
  0.000000E+00
  0.000000E+00
  0.000000E+00
  0.000000E+00
  0.000000E+00
  0.000000E+00
  0.000000E+00
  0.000000E+00
  0.000000E+00
  0.000000E+00
  0.000000E+00
  0.000000E+00
  0.000000E+00
  0.000000E+00
  0.000000E+00
  0.000000E+00
  0.000000E+00
  0.000000E+00
  0.000000E+00
  0.000000E+00
  0.000000E+00
  0.000000E+00
  0.000000E+00
  0.000000E+00
  0.000000E+00
  0.000000E+00
  0.000000E+00
  0.000000E+00
  0.000000E+00
  0.000000E+00
  0.000000E+00
  0.000000E+00
  0.000000E+00
  0.000000E+00
  0.000000E+00
  0.000000E+00
  0.000000E+00
  0.000000E+00
  0.000000E+00
  0.000000E+00
  0.000000E+00
  0.000000E+00
  0.000000E+00
  0.000000E+00
  0.000000E+00
  0.000000E+00
  0.000000E+00
  0.000000E+00
  0.000000E+00
  0.000000E+00
  0.000000E+00
  0.000000E+00
  0.000000E+00
  0.000000E+00
  0.000000E+00
  0.000000E+00
  0.000000E+00
  0.000000E+00
  0.000000E+00
  0.000000E+00
  0.000000E+00
  0.000000E+00
  0.000000E+00
  0.000000E+00
  0.000000E+00
  0.000000E+00
  0.000000E+00
  0.000000E+00
  0.000000E+00
  0.000000E+00
  0.000000E+00
  0.000000E+00
  0.000000E+00
  0.000000E+00
  0.000000E+00
  0.000000E+00
  0.000000E+00
  0.000000E+00
  0.000000E+00
  0.000000E+00
  0.000000E+00
  0.000000E+00
  0.000000E+00
  0.000000E+00
  0.000000E+00
  0.000000E+00
  0.000000E+00
  0.000000E+00
  0.000000E+00
  0.000000E+00
  0.000000E+00
  0.000000E+00
  0.000000E+00
  0.000000E+00
  0.000000E+00
  0.000000E+00
  0.000000E+00
  0.000000E+00
  0.000000E+00
  0.000000E+00
  0.000000E+00
  0.000000E+00
  0.000000E+00
  0.000000E+00
  0.000000E+00
  0.000000E+00
  0.000000E+00
  0.000000E+00
  0.000000E+00
  0.000000E+00
  0.000000E+00
  0.000000E+00
  0.000000E+00
  0.000000E+00
  0.000000E+00
  0.000000E+00
  0.000000E+00
  0.000000E+00
  0.000000E+00
  0.000000E+00
  0.000000E+00
  0.000000E+00
  0.000000E+00
  0.000000E+00
  0.000000E+00
  0.000000E+00
  0.000000E+00
  0.000000E+00
  0.000000E+00
  0.000000E+00
  0.000000E+00
  0.000000E+00
  0.000000E+00
  0.000000E+00
  0.000000E+00
  0.000000E+00
  0.000000E+00
  0.000000E+00
  0.000000E+00
  0.000000E+00
  0.000000E+00
  0.000000E+00
  0.000000E+00
  0.000000E+00
  0.000000E+00
  0.000000E+00
  0.000000E+00
  0.000000E+00
  0.000000E+00
  0.000000E+00
  0.000000E+00
  0.000000E+00
  0.000000E+00
  0.000000E+00
  0.000000E+00
  0.000000E+00
  0.000000E+00
  0.000000E+00
  0.000000E+00
  0.000000E+00
  0.000000E+00
  0.000000E+00
  0.000000E+00
  0.000000E+00
  0.000000E+00
  0.000000E+00
  0.000000E+00
  0.000000E+00
  0.000000E+00
  0.000000E+00
  0.000000E+00
  0.000000E+00
  0.000000E+00
  0.000000E+00
  0.000000E+00
  0.000000E+00
  0.000000E+00
  0.000000E+00
  0.000000E+00
  0.000000E+00
  0.000000E+00
  0.000000E+00
  0.000000E+00
  0.000000E+00
  0.000000E+00
  0.000000E+00
  0.000000E+00
  0.000000E+00
  0.000000E+00
  0.000000E+00
  0.000000E+00
  0.000000E+00
  0.000000E+00
  0.000000E+00
  0.000000E+00
  0.000000E+00
  0.000000E+00
  0.000000E+00
  0.000000E+00
  0.000000E+00
  0.000000E+00
  0.000000E+00
  0.000000E+00
  0.000000E+00
  0.000000E+00
  0.000000E+00
  0.000000E+00
  0.000000E+00
  0.000000E+00
  0.000000E+00
  0.000000E+00
  0.000000E+00
  0.000000E+00
  0.000000E+00
  0.000000E+00
  0.000000E+00
  0.000000E+00
  0.000000E+00
  0.000000E+00
  0.000000E+00
  0.000000E+00
  0.000000E+00
  0.000000E+00
  0.000000E+00
  0.000000E+00
  0.000000E+00
  0.000000E+00
  0.000000E+00
  0.000000E+00
  0.000000E+00
  0.000000E+00
  0.000000E+00
  0.000000E+00
  0.000000E+00
  0.000000E+00
  0.000000E+00
  0.000000E+00
  0.000000E+00
  0.000000E+00
  0.000000E+00
  0.000000E+00
  0.000000E+00
  0.000000E+00
  0.000000E+00
  0.000000E+00
  0.000000E+00
  0.000000E+00
  0.000000E+00
  0.000000E+00
  0.000000E+00
  0.000000E+00
  0.000000E+00
  0.000000E+00
  0.000000E+00
  0.000000E+00
  0.000000E+00
  0.000000E+00
  0.000000E+00
  0.000000E+00
  0.000000E+00
  0.000000E+00
  0.000000E+00
  0.000000E+00
  0.000000E+00
  0.000000E+00
  0.000000E+00
  0.000000E+00
  0.000000E+00
  0.000000E+00
  0.000000E+00
  0.000000E+00
  0.000000E+00
  0.000000E+00
  0.000000E+00
  0.000000E+00
  0.000000E+00
  0.000000E+00
  0.000000E+00
  0.000000E+00
  0.000000E+00
  1.000000E-08
  1.691809E-02
  3.383618E-02
  5.075427E-02
  6.767237E-02
  8.459046E-02
  1.015085E-01
  1.184266E-01
  1.353447E-01
  1.522628E-01
  1.691809E-01
  1.860990E-01
  2.030171E-01
  2.199352E-01
  2.368533E-01
  2.537714E-01
  2.706895E-01
  2.876076E-01
  3.045256E-01
  3.214437E-01
  3.383618E-01
  3.552799E-01
  3.721980E-01
  3.891161E-01
  4.060342E-01
  4.229523E-01
  4.398704E-01
  4.567885E-01
  4.737066E-01
  4.906247E-01
  5.075427E-01
  5.244608E-01
  5.413789E-01
  5.582970E-01
  5.752151E-01
  5.921332E-01
  6.090513E-01
  6.259694E-01
  6.428875E-01
  6.598056E-01
  6.767237E-01
  6.936418E-01
  7.105598E-01
  7.274779E-01
  7.443960E-01
  7.613141E-01
  7.782322E-01
  7.951503E-01
  8.120684E-01
  8.289865E-01
  8.459046E-01
  8.628227E-01
  8.797408E-01
  8.966589E-01
  9.135769E-01
  9.304950E-01
  9.474131E-01
  9.643312E-01
  9.812493E-01
  9.981674E-01
  1.015085E+00
  1.032004E+00
  1.048922E+00
  1.065840E+00
  1.082758E+00
  1.099676E+00
  1.116594E+00
  1.133512E+00
  1.150430E+00
  1.167348E+00
  1.184266E+00
  1.201185E+00
  1.218103E+00
  1.235021E+00
  1.251939E+00
  1.268857E+00
  1.285775E+00
  1.302693E+00
  1.319611E+00
  1.336529E+00
  1.353447E+00
  1.370365E+00
  1.387284E+00
  1.404202E+00
  1.421120E+00
  1.438038E+00
  1.454956E+00
  1.471874E+00
  1.488792E+00
  1.505710E+00
  1.522628E+00
  1.539546E+00
  1.556464E+00
  1.573383E+00
  1.590301E+00
  1.607219E+00
  1.624137E+00
  1.641055E+00
  1.657973E+00
  1.674891E+00
  1.691809E+00
  1.708727E+00
  1.725645E+00
  1.742563E+00
  1.759482E+00
  1.776400E+00
  1.793318E+00
  1.810236E+00
  1.827154E+00
  1.844072E+00
  1.860990E+00
  1.877908E+00
  1.894826E+00
  1.911744E+00
  1.928662E+00
  1.945581E+00
  1.962499E+00
  1.979417E+00
  1.996335E+00
  2.013253E+00
  2.030171E+00
  2.047089E+00
  2.064007E+00
  2.080925E+00
  2.097843E+00
  2.114761E+00
  2.131680E+00
  2.148598E+00
  2.165516E+00
  2.182434E+00
  2.199352E+00
  2.216270E+00
  2.233188E+00
  2.250106E+00
  2.267024E+00
  2.283942E+00
  2.300860E+00
  2.317779E+00
  2.334697E+00
  2.351615E+00
  2.368533E+00
  2.385451E+00
  2.402369E+00
  2.419287E+00
  2.436205E+00
  2.453123E+00
  2.470041E+00
  2.486959E+00
  2.503878E+00
  2.520796E+00
  1.100565E+04
  1.100442E+04
  1.100319E+04
  1.100197E+04
  1.100075E+04
  1.099953E+04
  1.099831E+04
  1.099709E+04
  1.099588E+04
  1.099006E+04
  1.098405E+04
  1.097805E+04
  1.097204E+04
  1.096604E+04
  1.096004E+04
  1.095404E+04
  1.094643E+04
  1.093542E+04
  1.092441E+04
  1.091340E+04
  1.090240E+04
  1.089140E+04
  1.088039E+04
  1.086924E+04
  1.085602E+04
  1.084280E+04
  1.082958E+04
  1.081636E+04
  1.080314E+04
  1.078992E+04
  1.077638E+04
  1.076130E+04
  1.074622E+04
  1.073114E+04
  1.071607E+04
  1.070099E+04
  1.068591E+04
  1.066955E+04
  1.065242E+04
  1.063528E+04
  1.061815E+04
  1.060101E+04
  1.058388E+04
  1.056599E+04
  1.054697E+04
  1.052796E+04
  1.050894E+04
  1.048993E+04
  1.047091E+04
  1.045099E+04
  1.043014E+04
  1.040929E+04
  1.038844E+04
  1.036759E+04
  1.034674E+04
  1.032399E+04
  1.030098E+04
  1.027798E+04
  1.025497E+04
  1.023197E+04
  1.020743E+04
  1.018160E+04
  1.015578E+04
  1.012996E+04
  1.010414E+04
  1.007642E+04
  1.004664E+04
  1.001686E+04
  9.987081E+03
  9.957314E+03
  9.924031E+03
  9.888985E+03
  9.853948E+03
  9.818918E+03
  9.783340E+03
  9.742309E+03
  9.701287E+03
  9.660274E+03
  9.619270E+03
  9.573778E+03
  9.526783E+03
  9.479802E+03
  9.432832E+03
  9.382370E+03
  9.329785E+03
  9.277216E+03
  9.224663E+03
  9.168775E+03
  9.111471E+03
  9.054186E+03
  8.996917E+03
  8.936254E+03
  8.875523E+03
  8.814809E+03
  8.752943E+03
  8.689586E+03
  8.626245E+03
  8.562729E+03
  8.496917E+03
  8.431115E+03
  8.365324E+03
  8.297426E+03
  8.229254E+03
  8.161089E+03
  8.090974E+03
  8.020517E+03
  7.950066E+03
  7.877114E+03
  7.804080E+03
  7.730367E+03
  7.654338E+03
  7.578316E+03
  7.500227E+03
  7.420910E+03
  7.341046E+03
  7.258192E+03
  7.175346E+03
  7.089475E+03
  7.002893E+03
  6.914096E+03
  6.823685E+03
  6.731510E+03
  6.637262E+03
  6.541302E+03
  6.443221E+03
  6.343135E+03
  6.241306E+03
  6.136901E+03
  6.031489E+03
  5.922705E+03
  5.812761E+03
  5.700733E+03
  5.586224E+03
  5.470091E+03
  5.351821E+03
  5.230612E+03
  5.107226E+03
  4.981550E+03
  4.853746E+03
  4.724976E+03
  4.600849E+03
  4.492592E+03
  4.418077E+03
  4.408157E+03
  4.533075E+03
  4.716560E+03
  4.503899E+03
  4.850739E+03
  1.186085E+03
  7.118093E-03
  5.954828E+02
  5.959557E+02
  5.964291E+02
  5.969031E+02
  5.973775E+02
  5.978523E+02
  5.983277E+02
  5.988036E+02
  5.992800E+02
  5.998925E+02
  6.005112E+02
  6.011305E+02
  6.017504E+02
  6.023709E+02
  6.029920E+02
  6.036137E+02
  6.041029E+02
  6.043131E+02
  6.045236E+02
  6.047346E+02
  6.049460E+02
  6.051578E+02
  6.053700E+02
  6.055838E+02
  6.058157E+02
  6.060479E+02
  6.062803E+02
  6.065131E+02
  6.067462E+02
  6.069796E+02
  6.072166E+02
  6.074696E+02
  6.077227E+02
  6.079761E+02
  6.082296E+02
  6.084834E+02
  6.087373E+02
  6.089289E+02
  6.090831E+02
  6.092373E+02
  6.093916E+02
  6.095460E+02
  6.097005E+02
  6.097608E+02
  6.096824E+02
  6.096040E+02
  6.095256E+02
  6.094472E+02
  6.093688E+02
  6.090853E+02
  6.085922E+02
  6.080993E+02
  6.076065E+02
  6.071138E+02
  6.066213E+02
  6.056378E+02
  6.045879E+02
  6.035386E+02
  6.024900E+02
  6.014420E+02
  6.000865E+02
  5.984762E+02
  5.968672E+02
  5.952593E+02
  5.936527E+02
  5.918341E+02
  5.897854E+02
  5.877381E+02
  5.856924E+02
  5.836481E+02
  5.814306E+02
  5.791267E+02
  5.768240E+02
  5.745225E+02
  5.722169E+02
  5.698608E+02
  5.675054E+02
  5.651507E+02
  5.627966E+02
  5.605438E+02
  5.583256E+02
  5.561082E+02
  5.538917E+02
  5.517491E+02
  5.496526E+02
  5.475576E+02
  5.454642E+02
  5.433051E+02
  5.411192E+02
  5.389354E+02
  5.367537E+02
  5.342976E+02
  5.318367E+02
  5.293778E+02
  5.267400E+02
  5.238706E+02
  5.210026E+02
  5.180972E+02
  5.147178E+02
  5.113389E+02
  5.079604E+02
  5.041865E+02
  5.003593E+02
  4.965318E+02
  4.925739E+02
  4.885919E+02
  4.846090E+02
  4.807439E+02
  4.768815E+02
  4.730803E+02
  4.694892E+02
  4.658964E+02
  4.625249E+02
  4.592844E+02
  4.561018E+02
  4.532404E+02
  4.503774E+02
  4.477961E+02
  4.452804E+02
  4.429548E+02
  4.407676E+02
  4.387324E+02
  4.368763E+02
  4.351549E+02
  4.336008E+02
  4.322003E+02
  4.309337E+02
  4.298932E+02
  4.289416E+02
  4.283635E+02
  4.279518E+02
  4.278393E+02
  4.281755E+02
  4.288428E+02
  4.299756E+02
  4.318512E+02
  4.343737E+02
  4.377211E+02
  4.421751E+02
  4.483942E+02
  4.579404E+02
  4.732311E+02
  4.984770E+02
  5.407908E+02
  6.141871E+02
  7.098426E+02
  7.609636E+02
  8.926438E+02
  3.886929E+02
  2.336494E-03
  1.823795E+03
  1.822652E+03
  1.821509E+03
  1.820394E+03
  1.819253E+03
  1.818112E+03
  1.816973E+03
  1.815834E+03
  1.814696E+03
  1.811167E+03
  1.807541E+03
  1.803914E+03
  1.800289E+03
  1.796664E+03
  1.793040E+03
  1.789417E+03
  1.785375E+03
  1.780452E+03
  1.775529E+03
  1.770606E+03
  1.765684E+03
  1.760762E+03
  1.755840E+03
  1.750931E+03
  1.746190E+03
  1.741449E+03
  1.736709E+03
  1.731969E+03
  1.727229E+03
  1.722489E+03
  1.717833E+03
  1.713577E+03
  1.709320E+03
  1.705063E+03
  1.700807E+03
  1.696550E+03
  1.692294E+03
  1.688428E+03
  1.684797E+03
  1.681165E+03
  1.677534E+03
  1.673903E+03
  1.670271E+03
  1.667053E+03
  1.664442E+03
  1.661832E+03
  1.659221E+03
  1.656611E+03
  1.654000E+03
  1.652081E+03
  1.650870E+03
  1.649658E+03
  1.648447E+03
  1.647237E+03
  1.646026E+03
  1.645997E+03
  1.646131E+03
  1.646265E+03
  1.646400E+03
  1.646537E+03
  1.646981E+03
  1.647681E+03
  1.648383E+03
  1.649087E+03
  1.649793E+03
  1.650121E+03
  1.650038E+03
  1.649958E+03
  1.649880E+03
  1.649804E+03
  1.648141E+03
  1.645681E+03
  1.643223E+03
  1.640768E+03
  1.637965E+03
  1.631722E+03
  1.625482E+03
  1.619224E+03
  1.612989E+03
  1.603638E+03
  1.593241E+03
  1.582848E+03
  1.572459E+03
  1.560024E+03
  1.546345E+03
  1.532670E+03
  1.519002E+03
  1.503949E+03
  1.488308E+03
  1.472673E+03
  1.457045E+03
  1.440678E+03
  1.424315E+03
  1.407942E+03
  1.391716E+03
  1.375677E+03
  1.359644E+03
  1.343693E+03
  1.328693E+03
  1.313697E+03
  1.298705E+03
  1.284609E+03
  1.270635E+03
  1.256649E+03
  1.243147E+03
  1.229731E+03
  1.216316E+03
  1.202977E+03
  1.189642E+03
  1.176241E+03
  1.162614E+03
  1.148988E+03
  1.135004E+03
  1.120807E+03
  1.106490E+03
  1.091524E+03
  1.076559E+03
  1.060853E+03
  1.044971E+03
  1.028558E+03
  1.011760E+03
  9.946442E+02
  9.771563E+02
  9.594910E+02
  9.416054E+02
  9.236546E+02
  9.056529E+02
  8.877856E+02
  8.699732E+02
  8.527182E+02
  8.357923E+02
  8.194616E+02
  8.041188E+02
  7.895068E+02
  7.759277E+02
  7.639400E+02
  7.532836E+02
  7.443182E+02
  7.376571E+02
  7.349112E+02
  7.403579E+02
  7.611110E+02
  8.096452E+02
  9.051969E+02
  1.079757E+03
  1.303769E+03
  1.390707E+03
  1.519406E+03
 -2.401653E+01
  2.220991E-08
  1.237874E+00
  1.237736E+00
  1.237598E+00
  1.237460E+00
  1.237323E+00
  1.237186E+00
  1.237049E+00
  1.236912E+00
  1.236775E+00
  1.236121E+00
  1.235445E+00
  1.234770E+00
  1.234094E+00
  1.233419E+00
  1.232744E+00
  1.232069E+00
  1.231213E+00
  1.229975E+00
  1.228737E+00
  1.227499E+00
  1.226261E+00
  1.225023E+00
  1.223786E+00
  1.222532E+00
  1.221044E+00
  1.219557E+00
  1.218070E+00
  1.216583E+00
  1.215096E+00
  1.213609E+00
  1.212086E+00
  1.210390E+00
  1.208695E+00
  1.206999E+00
  1.205303E+00
  1.203607E+00
  1.201912E+00
  1.200071E+00
  1.198144E+00
  1.196217E+00
  1.194290E+00
  1.192362E+00
  1.190435E+00
  1.188423E+00
  1.186284E+00
  1.184145E+00
  1.182006E+00
  1.179868E+00
  1.177729E+00
  1.175488E+00
  1.173143E+00
  1.170798E+00
  1.168452E+00
  1.166107E+00
  1.163762E+00
  1.161204E+00
  1.158616E+00
  1.156028E+00
  1.153441E+00
  1.150854E+00
  1.148093E+00
  1.145188E+00
  1.142284E+00
  1.139380E+00
  1.136476E+00
  1.133358E+00
  1.130008E+00
  1.126658E+00
  1.123309E+00
  1.119961E+00
  1.116218E+00
  1.112276E+00
  1.108335E+00
  1.104395E+00
  1.100393E+00
  1.095778E+00
  1.091164E+00
  1.086551E+00
  1.081939E+00
  1.076823E+00
  1.071537E+00
  1.066253E+00
  1.060970E+00
  1.055294E+00
  1.049379E+00
  1.043466E+00
  1.037555E+00
  1.031269E+00
  1.024824E+00
  1.018381E+00
  1.011940E+00
  1.005116E+00
  9.982855E-01
  9.914566E-01
  9.844982E-01
  9.773721E-01
  9.702476E-01
  9.631036E-01
  9.557013E-01
  9.483002E-01
  9.409003E-01
  9.332634E-01
  9.255956E-01
  9.179287E-01
  9.100425E-01
  9.021176E-01
  8.941936E-01
  8.859882E-01
  8.777737E-01
  8.694827E-01
  8.609313E-01
  8.523806E-01
  8.435974E-01
  8.346761E-01
  8.256933E-01
  8.163743E-01
  8.070560E-01
  7.973976E-01
  7.876592E-01
  7.776715E-01
  7.675025E-01
  7.571350E-01
  7.465343E-01
  7.357411E-01
  7.247093E-01
  7.134520E-01
  7.019987E-01
  6.902556E-01
  6.783993E-01
  6.661637E-01
  6.537975E-01
  6.411971E-01
  6.283175E-01
  6.152553E-01
  6.019528E-01
  5.883197E-01
  5.744416E-01
  5.603061E-01
  5.459311E-01
  5.314476E-01
  5.174863E-01
  5.053099E-01
  4.969288E-01
  4.958129E-01
  5.098633E-01
  5.305009E-01
  5.065817E-01
  5.455929E-01
  1.334064E-01
  8.006164E-07
  1.084190E+00
  1.085051E+00
  1.085913E+00
  1.086776E+00
  1.087639E+00
  1.088504E+00
  1.089370E+00
  1.090236E+00
  1.091103E+00
  1.092219E+00
  1.093345E+00
  1.094473E+00
  1.095601E+00
  1.096731E+00
  1.097862E+00
  1.098994E+00
  1.099884E+00
  1.100267E+00
  1.100650E+00
  1.101035E+00
  1.101419E+00
  1.101805E+00
  1.102191E+00
  1.102581E+00
  1.103003E+00
  1.103426E+00
  1.103849E+00
  1.104273E+00
  1.104697E+00
  1.105122E+00
  1.105553E+00
  1.106014E+00
  1.106475E+00
  1.106936E+00
  1.107398E+00
  1.107860E+00
  1.108322E+00
  1.108671E+00
  1.108952E+00
  1.109233E+00
  1.109514E+00
  1.109795E+00
  1.110076E+00
  1.110186E+00
  1.110043E+00
  1.109900E+00
  1.109757E+00
  1.109615E+00
  1.109472E+00
  1.108956E+00
  1.108058E+00
  1.107161E+00
  1.106263E+00
  1.105366E+00
  1.104470E+00
  1.102679E+00
  1.100767E+00
  1.098857E+00
  1.096948E+00
  1.095040E+00
  1.092572E+00
  1.089640E+00
  1.086710E+00
  1.083783E+00
  1.080858E+00
  1.077547E+00
  1.073817E+00
  1.070089E+00
  1.066365E+00
  1.062643E+00
  1.058605E+00
  1.054411E+00
  1.050218E+00
  1.046028E+00
  1.041830E+00
  1.037540E+00
  1.033252E+00
  1.028964E+00
  1.024678E+00
  1.020577E+00
  1.016538E+00
  1.012501E+00
  1.008465E+00
  1.004564E+00
  1.000747E+00
  9.969329E-01
  9.931215E-01
  9.891904E-01
  9.852106E-01
  9.812346E-01
  9.772623E-01
  9.727906E-01
  9.683100E-01
  9.638331E-01
  9.590304E-01
  9.538062E-01
  9.485845E-01
  9.432946E-01
  9.371418E-01
  9.309898E-01
  9.248386E-01
  9.179675E-01
  9.109994E-01
  9.040307E-01
  8.968247E-01
  8.895747E-01
  8.823230E-01
  8.752858E-01
  8.682536E-01
  8.613328E-01
  8.547945E-01
  8.482532E-01
  8.421148E-01
  8.362148E-01
  8.304202E-01
  8.252106E-01
  8.199978E-01
  8.152981E-01
  8.107177E-01
  8.064835E-01
  8.025014E-01
  7.987959E-01
  7.954166E-01
  7.922825E-01
  7.894529E-01
  7.869030E-01
  7.845969E-01
  7.827024E-01
  7.809699E-01
  7.799173E-01
  7.791678E-01
  7.789630E-01
  7.795751E-01
  7.807900E-01
  7.828525E-01
  7.862673E-01
  7.908600E-01
  7.969546E-01
  8.050639E-01
  8.163870E-01
  8.337678E-01
  8.616074E-01
  9.075723E-01
  9.846127E-01
  1.118245E+00
  1.292404E+00
  1.385479E+00
  1.625228E+00
  7.076895E-01
  4.254032E-06
  1.271953E+00
  1.271155E+00
  1.270358E+00
  1.269581E+00
  1.268785E+00
  1.267990E+00
  1.267195E+00
  1.266401E+00
  1.265607E+00
  1.263146E+00
  1.260617E+00
  1.258088E+00
  1.255559E+00
  1.253031E+00
  1.250504E+00
  1.247977E+00
  1.245158E+00
  1.241724E+00
  1.238291E+00
  1.234858E+00
  1.231425E+00
  1.227992E+00
  1.224560E+00
  1.221136E+00
  1.217829E+00
  1.214523E+00
  1.211217E+00
  1.207911E+00
  1.204606E+00
  1.201300E+00
  1.198053E+00
  1.195084E+00
  1.192115E+00
  1.189147E+00
  1.186178E+00
  1.183210E+00
  1.180241E+00
  1.177545E+00
  1.175013E+00
  1.172480E+00
  1.169947E+00
  1.167415E+00
  1.164882E+00
  1.162637E+00
  1.160817E+00
  1.158996E+00
  1.157176E+00
  1.155355E+00
  1.153534E+00
  1.152196E+00
  1.151351E+00
  1.150506E+00
  1.149662E+00
  1.148817E+00
  1.147973E+00
  1.147953E+00
  1.148046E+00
  1.148140E+00
  1.148234E+00
  1.148329E+00
  1.148639E+00
  1.149127E+00
  1.149617E+00
  1.150108E+00
  1.150600E+00
  1.150829E+00
  1.150771E+00
  1.150715E+00
  1.150661E+00
  1.150608E+00
  1.149448E+00
  1.147732E+00
  1.146018E+00
  1.144306E+00
  1.142351E+00
  1.137997E+00
  1.133645E+00
  1.129281E+00
  1.124932E+00
  1.118411E+00
  1.111160E+00
  1.103912E+00
  1.096666E+00
  1.087994E+00
  1.078453E+00
  1.068916E+00
  1.059384E+00
  1.048885E+00
  1.037977E+00
  1.027073E+00
  1.016174E+00
  1.004759E+00
  9.933472E-01
  9.819280E-01
  9.706117E-01
  9.594261E-01
  9.482441E-01
  9.371196E-01
  9.266587E-01
  9.162000E-01
  9.057438E-01
  8.959133E-01
  8.861677E-01
  8.764131E-01
  8.669969E-01
  8.576402E-01
  8.482845E-01
  8.389816E-01
  8.296813E-01
  8.203351E-01
  8.108315E-01
  8.013284E-01
  7.915755E-01
  7.816740E-01
  7.716893E-01
  7.612520E-01
  7.508150E-01
  7.398608E-01
  7.287844E-01
  7.173381E-01
  7.056223E-01
  6.936857E-01
  6.814893E-01
  6.691691E-01
  6.566954E-01
  6.441761E-01
  6.316213E-01
  6.191603E-01
  6.067375E-01
  5.947036E-01
  5.828990E-01
  5.715097E-01
  5.608093E-01
  5.506186E-01
  5.411482E-01
  5.327878E-01
  5.253558E-01
  5.191031E-01
  5.144575E-01
  5.125425E-01
  5.163412E-01
  5.308148E-01
  5.646635E-01
  6.313033E-01
  7.530454E-01
  9.092759E-01
  9.699080E-01
  1.059665E+00
 -1.674963E-02
  1.548966E-11
  9.745635E-01
  9.744549E-01
  9.743464E-01
  9.742380E-01
  9.741298E-01
  9.740217E-01
  9.739137E-01
  9.738060E-01
  9.736983E-01
  9.731829E-01
  9.726507E-01
  9.721186E-01
  9.715867E-01
  9.710550E-01
  9.705233E-01
  9.699918E-01
  9.693173E-01
  9.683423E-01
  9.673673E-01
  9.663924E-01
  9.654176E-01
  9.644429E-01
  9.634683E-01
  9.624806E-01
  9.613093E-01
  9.601382E-01
  9.589670E-01
  9.577960E-01
  9.566250E-01
  9.554540E-01
  9.542545E-01
  9.529190E-01
  9.515835E-01
  9.502480E-01
  9.489126E-01
  9.475773E-01
  9.462419E-01
  9.447927E-01
  9.432751E-01
  9.417576E-01
  9.402401E-01
  9.387227E-01
  9.372052E-01
  9.356205E-01
  9.339367E-01
  9.322528E-01
  9.305690E-01
  9.288853E-01
  9.272015E-01
  9.254375E-01
  9.235913E-01
  9.217452E-01
  9.198992E-01
  9.180532E-01
  9.162073E-01
  9.141933E-01
  9.121566E-01
  9.101201E-01
  9.080837E-01
  9.060476E-01
  9.038746E-01
  9.015881E-01
  8.993020E-01
  8.970163E-01
  8.947310E-01
  8.922769E-01
  8.896397E-01
  8.870031E-01
  8.843669E-01
  8.817314E-01
  8.787844E-01
  8.756813E-01
  8.725789E-01
  8.694772E-01
  8.663268E-01
  8.626935E-01
  8.590609E-01
  8.554292E-01
  8.517982E-01
  8.477698E-01
  8.436083E-01
  8.394480E-01
  8.352888E-01
  8.308204E-01
  8.261639E-01
  8.215088E-01
  8.168552E-01
  8.119063E-01
  8.068320E-01
  8.017593E-01
  7.966881E-01
  7.913164E-01
  7.859385E-01
  7.805622E-01
  7.750839E-01
  7.694736E-01
  7.638646E-01
  7.582402E-01
  7.524124E-01
  7.465857E-01
  7.407598E-01
  7.347474E-01
  7.287106E-01
  7.226745E-01
  7.164658E-01
  7.102266E-01
  7.039881E-01
  6.975281E-01
  6.910608E-01
  6.845334E-01
  6.778009E-01
  6.710690E-01
  6.641540E-01
  6.571304E-01
  6.500583E-01
  6.427215E-01
  6.353854E-01
  6.277814E-01
  6.201145E-01
  6.122514E-01
  6.042454E-01
  5.960833E-01
  5.877376E-01
  5.792402E-01
  5.705551E-01
  5.616924E-01
  5.526754E-01
  5.434301E-01
  5.340957E-01
  5.244626E-01
  5.147267E-01
  5.048062E-01
  4.946660E-01
  4.843818E-01
  4.739084E-01
  4.631746E-01
  4.522478E-01
  4.411183E-01
  4.298002E-01
  4.183965E-01
  4.074039E-01
  3.978164E-01
  3.912167E-01
  3.903365E-01
  4.013960E-01
  4.176411E-01
  3.988082E-01
  4.295172E-01
  1.285452E-01
  5.172458E-02
  5.273074E-02
  5.277262E-02
  5.281454E-02
  5.285650E-02
  5.289851E-02
  5.294056E-02
  5.298265E-02
  5.302478E-02
  5.306696E-02
  5.312119E-02
  5.317597E-02
  5.323079E-02
  5.328568E-02
  5.334061E-02
  5.339560E-02
  5.345063E-02
  5.349394E-02
  5.351253E-02
  5.353116E-02
  5.354983E-02
  5.356853E-02
  5.358726E-02
  5.360604E-02
  5.362495E-02
  5.364547E-02
  5.366601E-02
  5.368657E-02
  5.370716E-02
  5.372778E-02
  5.374843E-02
  5.376939E-02
  5.379177E-02
  5.381417E-02
  5.383658E-02
  5.385902E-02
  5.388146E-02
  5.390393E-02
  5.392088E-02
  5.393451E-02
  5.394816E-02
  5.396181E-02
  5.397546E-02
  5.398912E-02
  5.399446E-02
  5.398751E-02
  5.398057E-02
  5.397362E-02
  5.396667E-02
  5.395973E-02
  5.393463E-02
  5.389099E-02
  5.384735E-02
  5.380373E-02
  5.376012E-02
  5.371653E-02
  5.362947E-02
  5.353653E-02
  5.344365E-02
  5.335082E-02
  5.325805E-02
  5.313806E-02
  5.299551E-02
  5.285306E-02
  5.271072E-02
  5.256848E-02
  5.240748E-02
  5.222609E-02
  5.204483E-02
  5.186370E-02
  5.168270E-02
  5.148636E-02
  5.128236E-02
  5.107846E-02
  5.087467E-02
  5.067051E-02
  5.046188E-02
  5.025331E-02
  5.004479E-02
  4.983633E-02
  4.963684E-02
  4.944041E-02
  4.924406E-02
  4.904778E-02
  4.885806E-02
  4.867241E-02
  4.848689E-02
  4.830152E-02
  4.811033E-02
  4.791677E-02
  4.772339E-02
  4.753020E-02
  4.731272E-02
  4.709480E-02
  4.687706E-02
  4.664347E-02
  4.638939E-02
  4.613542E-02
  4.587814E-02
  4.557890E-02
  4.527969E-02
  4.498052E-02
  4.464633E-02
  4.430744E-02
  4.396850E-02
  4.361803E-02
  4.326542E-02
  4.291272E-02
  4.257046E-02
  4.222844E-02
  4.189183E-02
  4.157383E-02
  4.125569E-02
  4.095714E-02
  4.067018E-02
  4.038835E-02
  4.013498E-02
  3.988145E-02
  3.965287E-02
  3.943010E-02
  3.922417E-02
  3.903050E-02
  3.885028E-02
  3.868593E-02
  3.853350E-02
  3.839588E-02
  3.827187E-02
  3.815971E-02
  3.806757E-02
  3.798330E-02
  3.793209E-02
  3.789562E-02
  3.788564E-02
  3.791539E-02
  3.797444E-02
  3.807471E-02
  3.824074E-02
  3.846404E-02
  3.876038E-02
  3.915470E-02
  3.970529E-02
  4.055049E-02
  4.190434E-02
  4.413968E-02
  4.788632E-02
  5.438521E-02
  6.285502E-02
  6.738128E-02
  7.904072E-02
  4.212564E-02
  1.697845E-02
  1.614993E-01
  1.613980E-01
  1.612968E-01
  1.611982E-01
  1.610971E-01
  1.609961E-01
  1.608951E-01
  1.607943E-01
  1.606935E-01
  1.603810E-01
  1.600598E-01
  1.597387E-01
  1.594176E-01
  1.590966E-01
  1.587757E-01
  1.584548E-01
  1.580968E-01
  1.576608E-01
  1.572248E-01
  1.567889E-01
  1.563529E-01
  1.559170E-01
  1.554812E-01
  1.550464E-01
  1.546265E-01
  1.542067E-01
  1.537869E-01
  1.533671E-01
  1.529473E-01
  1.525275E-01
  1.521152E-01
  1.517382E-01
  1.513612E-01
  1.509842E-01
  1.506072E-01
  1.502303E-01
  1.498533E-01
  1.495109E-01
  1.491893E-01
  1.488677E-01
  1.485461E-01
  1.482245E-01
  1.479029E-01
  1.476179E-01
  1.473867E-01
  1.471555E-01
  1.469244E-01
  1.466932E-01
  1.464620E-01
  1.462921E-01
  1.461849E-01
  1.460777E-01
  1.459705E-01
  1.458633E-01
  1.457562E-01
  1.457537E-01
  1.457656E-01
  1.457776E-01
  1.457897E-01
  1.458018E-01
  1.458412E-01
  1.459033E-01
  1.459656E-01
  1.460281E-01
  1.460907E-01
  1.461198E-01
  1.461125E-01
  1.461055E-01
  1.460987E-01
  1.460920E-01
  1.459448E-01
  1.457270E-01
  1.455094E-01
  1.452920E-01
  1.450438E-01
  1.444910E-01
  1.439384E-01
  1.433843E-01
  1.428321E-01
  1.420041E-01
  1.410835E-01
  1.401632E-01
  1.392432E-01
  1.381421E-01
  1.369307E-01
  1.357198E-01
  1.345095E-01
  1.331765E-01
  1.317915E-01
  1.304070E-01
  1.290232E-01
  1.275738E-01
  1.261249E-01
  1.246750E-01
  1.232381E-01
  1.218179E-01
  1.203981E-01
  1.189857E-01
  1.176574E-01
  1.163295E-01
  1.150019E-01
  1.137537E-01
  1.125163E-01
  1.112778E-01
  1.100822E-01
  1.088942E-01
  1.077063E-01
  1.065251E-01
  1.053443E-01
  1.041576E-01
  1.029509E-01
  1.017443E-01
  1.005059E-01
  9.924876E-02
  9.798100E-02
  9.665577E-02
  9.533060E-02
  9.393975E-02
  9.253339E-02
  9.108006E-02
  8.959252E-02
  8.807694E-02
  8.652838E-02
  8.496409E-02
  8.338032E-02
  8.179076E-02
  8.019669E-02
  7.861451E-02
  7.703718E-02
  7.550921E-02
  7.401037E-02
  7.256423E-02
  7.120556E-02
  6.991159E-02
  6.870906E-02
  6.764745E-02
  6.670371E-02
  6.590969E-02
  6.531969E-02
  6.507637E-02
  6.555848E-02
  6.739593E-02
  7.169333E-02
  8.015400E-02
  9.561065E-02
  1.154459E-01
  1.231433E-01
  1.345384E-01
 -2.602856E-03
  1.613913E-07
  9.747768E-01
  9.746684E-01
  9.745601E-01
  9.744519E-01
  9.743439E-01
  9.742360E-01
  9.741282E-01
  9.740206E-01
  9.739132E-01
  9.733982E-01
  9.728664E-01
  9.723348E-01
  9.718034E-01
  9.712720E-01
  9.707408E-01
  9.702098E-01
  9.695357E-01
  9.685611E-01
  9.675866E-01
  9.666122E-01
  9.656378E-01
  9.646636E-01
  9.636894E-01
  9.627022E-01
  9.615314E-01
  9.603606E-01
  9.591899E-01
  9.580193E-01
  9.568487E-01
  9.556782E-01
  9.544791E-01
  9.531441E-01
  9.518090E-01
  9.504741E-01
  9.491391E-01
  9.478042E-01
  9.464694E-01
  9.450206E-01
  9.435036E-01
  9.419865E-01
  9.404696E-01
  9.389526E-01
  9.374357E-01
  9.358514E-01
  9.341680E-01
  9.324847E-01
  9.308013E-01
  9.291180E-01
  9.274347E-01
  9.256710E-01
  9.238252E-01
  9.219794E-01
  9.201336E-01
  9.182879E-01
  9.164423E-01
  9.144285E-01
  9.123919E-01
  9.103554E-01
  9.083192E-01
  9.062831E-01
  9.041102E-01
  9.018237E-01
  8.995375E-01
  8.972518E-01
  8.949664E-01
  8.925124E-01
  8.898753E-01
  8.872388E-01
  8.846028E-01
  8.819673E-01
  8.790208E-01
  8.759183E-01
  8.728165E-01
  8.697153E-01
  8.665656E-01
  8.629337E-01
  8.593027E-01
  8.556723E-01
  8.520428E-01
  8.480165E-01
  8.438575E-01
  8.396996E-01
  8.355427E-01
  8.310771E-01
  8.264237E-01
  8.217718E-01
  8.171212E-01
  8.121756E-01
  8.071047E-01
  8.020353E-01
  7.969676E-01
  7.915990E-01
  7.862244E-01
  7.808514E-01
  7.753761E-01
  7.697686E-01
  7.641623E-01
  7.585406E-01
  7.527150E-01
  7.468903E-01
  7.410666E-01
  7.350557E-01
  7.290205E-01
  7.229859E-01
  7.167783E-01
  7.105403E-01
  7.043029E-01
  6.978438E-01
  6.913775E-01
  6.848511E-01
  6.781196E-01
  6.713888E-01
  6.644750E-01
  6.574525E-01
  6.503817E-01
  6.430464E-01
  6.357117E-01
  6.281094E-01
  6.204442E-01
  6.125830E-01
  6.045790E-01
  5.964190E-01
  5.880755E-01
  5.795805E-01
  5.708978E-01
  5.620378E-01
  5.530235E-01
  5.437813E-01
  5.344500E-01
  5.248208E-01
  5.150890E-01
  5.051734E-01
  4.950394E-01
  4.847624E-01
  4.742978E-01
  4.635758E-01
  4.526635E-01
  4.415519E-01
  4.302561E-01
  4.188802E-01
  4.079220E-01
  3.983749E-01
  3.918205E-01
  3.909869E-01
  4.020847E-01
  4.183431E-01
  3.995040E-01
  4.300673E-01
  1.279875E-01
  4.957634E-02
  4.638427E-02
  4.642674E-02
  4.646925E-02
  4.651179E-02
  4.655438E-02
  4.659701E-02
  4.663968E-02
  4.668240E-02
  4.672515E-02
  4.678047E-02
  4.683636E-02
  4.689230E-02
  4.694829E-02
  4.700434E-02
  4.706043E-02
  4.711658E-02
  4.716083E-02
  4.718003E-02
  4.719927E-02
  4.721854E-02
  4.723785E-02
  4.725719E-02
  4.727657E-02
  4.729605E-02
  4.731658E-02
  4.733714E-02
  4.735772E-02
  4.737833E-02
  4.739896E-02
  4.741962E-02
  4.744055E-02
  4.746264E-02
  4.748475E-02
  4.750688E-02
  4.752902E-02
  4.755118E-02
  4.757336E-02
  4.758990E-02
  4.760305E-02
  4.761621E-02
  4.762938E-02
  4.764255E-02
  4.765573E-02
  4.766049E-02
  4.765286E-02
  4.764523E-02
  4.763760E-02
  4.762996E-02
  4.762233E-02
  4.759642E-02
  4.755183E-02
  4.750725E-02
  4.746268E-02
  4.741812E-02
  4.737358E-02
  4.728532E-02
  4.719114E-02
  4.709702E-02
  4.700295E-02
  4.690894E-02
  4.678761E-02
  4.664363E-02
  4.649975E-02
  4.635598E-02
  4.621232E-02
  4.604990E-02
  4.586712E-02
  4.568447E-02
  4.550194E-02
  4.531954E-02
  4.512203E-02
  4.491697E-02
  4.471201E-02
  4.450715E-02
  4.430200E-02
  4.409299E-02
  4.388405E-02
  4.367515E-02
  4.346632E-02
  4.326718E-02
  4.307135E-02
  4.287558E-02
  4.267988E-02
  4.249132E-02
  4.230717E-02
  4.212316E-02
  4.193927E-02
  4.175005E-02
  4.155864E-02
  4.136741E-02
  4.117635E-02
  4.096141E-02
  4.074603E-02
  4.053082E-02
  4.029980E-02
  4.004834E-02
  3.979699E-02
  3.954229E-02
  3.924534E-02
  3.894843E-02
  3.865155E-02
  3.831910E-02
  3.798185E-02
  3.764456E-02
  3.729511E-02
  3.694340E-02
  3.659160E-02
  3.624951E-02
  3.590765E-02
  3.557104E-02
  3.525250E-02
  3.493381E-02
  3.463436E-02
  3.434631E-02
  3.406331E-02
  3.380846E-02
  3.355346E-02
  3.332326E-02
  3.309884E-02
  3.289128E-02
  3.269601E-02
  3.251428E-02
  3.234853E-02
  3.219476E-02
  3.205589E-02
  3.193052E-02
  3.181694E-02
  3.172271E-02
  3.163611E-02
  3.158033E-02
  3.153775E-02
  3.151885E-02
  3.153402E-02
  3.157373E-02
  3.164750E-02
  3.177392E-02
  3.194560E-02
  3.217529E-02
  3.248420E-02
  3.292518E-02
  3.363238E-02
  3.482115E-02
  3.686814E-02
  4.041914E-02
  4.675421E-02
  5.515457E-02
  5.970505E-02
  7.142674E-02
  3.535268E-02
  8.942259E-03
  1.619526E-01
  1.618512E-01
  1.617499E-01
  1.616519E-01
  1.615507E-01
  1.614496E-01
  1.613486E-01
  1.612477E-01
  1.611468E-01
  1.608342E-01
  1.605129E-01
  1.601917E-01
  1.598705E-01
  1.595494E-01
  1.592283E-01
  1.589073E-01
  1.585492E-01
  1.581131E-01
  1.576769E-01
  1.572408E-01
  1.568048E-01
  1.563687E-01
  1.559327E-01
  1.554977E-01
  1.550777E-01
  1.546577E-01
  1.542377E-01
  1.538177E-01
  1.533977E-01
  1.529778E-01
  1.525653E-01
  1.521880E-01
  1.518108E-01
  1.514337E-01
  1.510565E-01
  1.506793E-01
  1.503021E-01
  1.499596E-01
  1.496378E-01
  1.493159E-01
  1.489941E-01
  1.486723E-01
  1.483505E-01
  1.480652E-01
  1.478339E-01
  1.476025E-01
  1.473712E-01
  1.471398E-01
  1.469085E-01
  1.467384E-01
  1.466310E-01
  1.465237E-01
  1.464164E-01
  1.463091E-01
  1.462018E-01
  1.461993E-01
  1.462111E-01
  1.462230E-01
  1.462350E-01
  1.462471E-01
  1.462864E-01
  1.463483E-01
  1.464104E-01
  1.464727E-01
  1.465351E-01
  1.465638E-01
  1.465559E-01
  1.465482E-01
  1.465408E-01
  1.465335E-01
  1.463851E-01
  1.461658E-01
  1.459468E-01
  1.457280E-01
  1.454782E-01
  1.449227E-01
  1.443675E-01
  1.438101E-01
  1.432553E-01
  1.424238E-01
  1.414992E-01
  1.405750E-01
  1.396512E-01
  1.385456E-01
  1.373295E-01
  1.361139E-01
  1.348987E-01
  1.335607E-01
  1.321705E-01
  1.307809E-01
  1.293919E-01
  1.279373E-01
  1.264839E-01
  1.250288E-01
  1.235871E-01
  1.221621E-01
  1.207376E-01
  1.193205E-01
  1.179884E-01
  1.166565E-01
  1.153249E-01
  1.140735E-01
  1.128329E-01
  1.115905E-01
  1.103922E-01
  1.092016E-01
  1.080110E-01
  1.068275E-01
  1.056444E-01
  1.044555E-01
  1.032467E-01
  1.020379E-01
  1.007975E-01
  9.953816E-02
  9.826826E-02
  9.694077E-02
  9.561334E-02
  9.422007E-02
  9.281122E-02
  9.135529E-02
  8.986502E-02
  8.834664E-02
  8.679519E-02
  8.522801E-02
  8.364130E-02
  8.204885E-02
  8.045257E-02
  7.886767E-02
  7.728767E-02
  7.575737E-02
  7.425639E-02
  7.280845E-02
  7.144859E-02
  7.015392E-02
  6.895141E-02
  6.789110E-02
  6.694981E-02
  6.615969E-02
  6.557539E-02
  6.534007E-02
  6.583278E-02
  6.768306E-02
  7.199479E-02
  8.046934E-02
  9.593478E-02
  1.157656E-01
  1.234446E-01
  1.347550E-01
 -2.686562E-03
  1.517862E-07
 -2.133088E-04
 -2.135038E-04
 -2.136989E-04
 -2.138942E-04
 -2.140897E-04
 -2.142853E-04
 -2.144811E-04
 -2.146771E-04
 -2.148733E-04
 -2.153051E-04
 -2.157467E-04
 -2.161885E-04
 -2.166306E-04
 -2.170728E-04
 -2.175152E-04
 -2.179578E-04
 -2.184034E-04
 -2.188553E-04
 -2.193074E-04
 -2.197596E-04
 -2.202120E-04
 -2.206645E-04
 -2.211172E-04
 -2.215689E-04
 -2.220054E-04
 -2.224420E-04
 -2.228787E-04
 -2.233156E-04
 -2.237525E-04
 -2.241896E-04
 -2.246324E-04
 -2.251020E-04
 -2.255718E-04
 -2.260416E-04
 -2.265115E-04
 -2.269815E-04
 -2.274515E-04
 -2.279398E-04
 -2.284391E-04
 -2.289384E-04
 -2.294377E-04
 -2.299370E-04
 -2.304364E-04
 -2.309180E-04
 -2.313732E-04
 -2.318285E-04
 -2.322837E-04
 -2.327389E-04
 -2.331941E-04
 -2.335720E-04
 -2.338709E-04
 -2.341697E-04
 -2.344686E-04
 -2.347675E-04
 -2.350665E-04
 -2.351793E-04
 -2.352669E-04
 -2.353547E-04
 -2.354427E-04
 -2.355309E-04
 -2.355554E-04
 -2.355272E-04
 -2.354995E-04
 -2.354722E-04
 -2.354454E-04
 -2.354831E-04
 -2.355910E-04
 -2.356994E-04
 -2.358083E-04
 -2.359178E-04
 -2.363551E-04
 -2.369574E-04
 -2.375597E-04
 -2.381623E-04
 -2.388427E-04
 -2.402847E-04
 -2.417260E-04
 -2.431668E-04
 -2.446068E-04
 -2.467565E-04
 -2.491439E-04
 -2.515298E-04
 -2.539143E-04
 -2.567388E-04
 -2.598307E-04
 -2.629209E-04
 -2.660091E-04
 -2.692983E-04
 -2.726722E-04
 -2.760441E-04
 -2.794140E-04
 -2.826614E-04
 -2.859038E-04
 -2.891442E-04
 -2.921807E-04
 -2.949553E-04
 -2.977278E-04
 -3.004491E-04
 -3.025640E-04
 -3.046770E-04
 -3.067882E-04
 -3.083599E-04
 -3.098581E-04
 -3.113548E-04
 -3.125245E-04
 -3.136347E-04
 -3.147438E-04
 -3.157268E-04
 -3.167045E-04
 -3.176956E-04
 -3.187345E-04
 -3.197726E-04
 -3.209236E-04
 -3.221415E-04
 -3.233964E-04
 -3.248540E-04
 -3.263114E-04
 -3.279824E-04
 -3.297041E-04
 -3.315804E-04
 -3.335698E-04
 -3.356749E-04
 -3.379162E-04
 -3.402648E-04
 -3.427461E-04
 -3.453751E-04
 -3.481328E-04
 -3.511823E-04
 -3.543468E-04
 -3.581675E-04
 -3.623673E-04
 -3.672510E-04
 -3.734194E-04
 -3.806552E-04
 -3.894852E-04
 -4.012359E-04
 -4.157067E-04
 -4.336053E-04
 -4.558283E-04
 -4.836833E-04
 -5.180893E-04
 -5.585333E-04
 -6.038529E-04
 -6.503431E-04
 -6.887273E-04
 -7.019918E-04
 -6.957736E-04
 -5.500689E-04
  5.576543E-04
  2.148243E-03
  6.346461E-03
  6.345877E-03
  6.345294E-03
  6.344711E-03
  6.344129E-03
  6.343547E-03
  6.342966E-03
  6.342386E-03
  6.341806E-03
  6.340716E-03
  6.339605E-03
  6.338495E-03
  6.337384E-03
  6.336274E-03
  6.335165E-03
  6.334055E-03
  6.333108E-03
  6.332501E-03
  6.331894E-03
  6.331287E-03
  6.330680E-03
  6.330073E-03
  6.329467E-03
  6.328900E-03
  6.328884E-03
  6.328868E-03
  6.328852E-03
  6.328836E-03
  6.328820E-03
  6.328805E-03
  6.328842E-03
  6.329129E-03
  6.329417E-03
  6.329704E-03
  6.329992E-03
  6.330280E-03
  6.330567E-03
  6.330977E-03
  6.331461E-03
  6.331944E-03
  6.332428E-03
  6.332912E-03
  6.333395E-03
  6.333962E-03
  6.334649E-03
  6.335336E-03
  6.336023E-03
  6.336711E-03
  6.337398E-03
  6.338214E-03
  6.339161E-03
  6.340108E-03
  6.341055E-03
  6.342002E-03
  6.342949E-03
  6.344152E-03
  6.345391E-03
  6.346631E-03
  6.347870E-03
  6.349110E-03
  6.350452E-03
  6.351879E-03
  6.353307E-03
  6.354735E-03
  6.356165E-03
  6.357576E-03
  6.358967E-03
  6.360360E-03
  6.361755E-03
  6.363152E-03
  6.364323E-03
  6.365384E-03
  6.366447E-03
  6.367512E-03
  6.368516E-03
  6.368885E-03
  6.369259E-03
  6.369637E-03
  6.370019E-03
  6.369665E-03
  6.369068E-03
  6.368480E-03
  6.367899E-03
  6.366740E-03
  6.365232E-03
  6.363736E-03
  6.362251E-03
  6.360288E-03
  6.358129E-03
  6.355983E-03
  6.353850E-03
  6.351307E-03
  6.348766E-03
  6.346239E-03
  6.343671E-03
  6.341048E-03
  6.338435E-03
  6.335856E-03
  6.333552E-03
  6.331257E-03
  6.328970E-03
  6.327239E-03
  6.325587E-03
  6.323941E-03
  6.322924E-03
  6.322022E-03
  6.321125E-03
  6.320944E-03
  6.320791E-03
  6.320799E-03
  6.321339E-03
  6.321881E-03
  6.322774E-03
  6.323876E-03
  6.325038E-03
  6.326515E-03
  6.327994E-03
  6.329613E-03
  6.331267E-03
  6.332889E-03
  6.334491E-03
  6.336000E-03
  6.337401E-03
  6.338738E-03
  6.339997E-03
  6.341346E-03
  6.342775E-03
  6.344853E-03
  6.347189E-03
  6.351760E-03
  6.357879E-03
  6.366794E-03
  6.381366E-03
  6.400707E-03
  6.427214E-03
  6.466813E-03
  6.518445E-03
  6.585094E-03
  6.670494E-03
  6.780114E-03
  6.918119E-03
  7.083187E-03
  7.271542E-03
  7.467178E-03
  7.631006E-03
  7.700449E-03
  7.676226E-03
  7.613979E-03
  6.772960E-03
  8.036186E-03
 -4.532506E-04
 -4.531748E-04
 -4.530991E-04
 -4.536814E-04
 -4.536059E-04
 -4.535305E-04
 -4.534554E-04
 -4.533804E-04
 -4.533055E-04
 -4.531988E-04
 -4.530911E-04
 -4.529836E-04
 -4.528764E-04
 -4.527694E-04
 -4.526628E-04
 -4.525564E-04
 -4.524359E-04
 -4.522854E-04
 -4.521351E-04
 -4.519851E-04
 -4.518353E-04
 -4.516859E-04
 -4.515367E-04
 -4.513853E-04
 -4.511997E-04
 -4.510143E-04
 -4.508291E-04
 -4.506440E-04
 -4.504592E-04
 -4.502746E-04
 -4.500861E-04
 -4.498785E-04
 -4.496711E-04
 -4.494637E-04
 -4.492564E-04
 -4.490491E-04
 -4.488420E-04
 -4.486322E-04
 -4.484208E-04
 -4.482094E-04
 -4.479980E-04
 -4.477865E-04
 -4.475750E-04
 -4.473722E-04
 -4.471821E-04
 -4.469919E-04
 -4.468017E-04
 -4.466114E-04
 -4.464211E-04
 -4.462624E-04
 -4.461362E-04
 -4.460102E-04
 -4.458842E-04
 -4.457585E-04
 -4.456329E-04
 -4.455625E-04
 -4.455003E-04
 -4.454388E-04
 -4.453779E-04
 -4.453178E-04
 -4.451859E-04
 -4.449951E-04
 -4.448056E-04
 -4.446174E-04
 -4.444306E-04
 -4.440287E-04
 -4.433932E-04
 -4.427595E-04
 -4.421276E-04
 -4.414975E-04
 -4.403159E-04
 -4.388580E-04
 -4.374021E-04
 -4.359481E-04
 -4.343866E-04
 -4.317540E-04
 -4.291233E-04
 -4.258442E-04
 -4.232173E-04
 -4.196476E-04
 -4.157624E-04
 -4.118795E-04
 -4.079990E-04
 -4.035682E-04
 -3.988032E-04
 -3.940416E-04
 -3.892832E-04
 -3.842258E-04
 -3.790427E-04
 -3.738637E-04
 -3.686886E-04
 -3.635319E-04
 -3.590309E-04
 -3.538827E-04
 -3.489259E-04
 -3.442142E-04
 -3.395060E-04
 -3.348580E-04
 -3.309084E-04
 -3.269613E-04
 -3.230168E-04
 -3.197364E-04
 -3.165464E-04
 -3.127076E-04
 -3.099900E-04
 -3.073577E-04
 -3.047267E-04
 -3.024298E-04
 -3.001457E-04
 -2.978983E-04
 -2.957731E-04
 -2.936486E-04
 -2.915235E-04
 -2.893982E-04
 -2.872532E-04
 -2.849990E-04
 -2.827449E-04
 -2.803131E-04
 -2.778390E-04
 -2.752211E-04
 -2.724980E-04
 -2.697006E-04
 -2.668159E-04
 -2.639123E-04
 -2.609853E-04
 -2.580959E-04
 -2.558827E-04
 -2.531615E-04
 -2.504922E-04
 -2.481603E-04
 -2.460171E-04
 -2.442152E-04
 -2.430298E-04
 -2.423310E-04
 -2.423479E-04
 -2.436479E-04
 -2.461047E-04
 -2.500018E-04
 -2.556950E-04
 -2.636967E-04
 -2.742974E-04
 -2.871271E-04
 -3.014586E-04
 -3.153362E-04
 -3.241276E-04
 -3.196710E-04
 -3.012427E-04
 -2.165721E-04
  8.370624E-05
  9.605092E-09
  1.273240E+00
  1.273211E+00
  1.273125E+00
  1.272981E+00
  1.272781E+00
  1.272522E+00
  1.272207E+00
  1.271834E+00
  1.271403E+00
  1.270915E+00
  1.270369E+00
  1.269765E+00
  1.269104E+00
  1.268384E+00
  1.267607E+00
  1.266771E+00
  1.265877E+00
  1.264925E+00
  1.263915E+00
  1.262845E+00
  1.261717E+00
  1.260530E+00
  1.259284E+00
  1.257979E+00
  1.256614E+00
  1.255190E+00
  1.253705E+00
  1.252161E+00
  1.250556E+00
  1.248891E+00
  1.247165E+00
  1.245378E+00
  1.243529E+00
  1.241620E+00
  1.239648E+00
  1.237614E+00
  1.235518E+00
  1.233359E+00
  1.231136E+00
  1.228851E+00
  1.226501E+00
  1.224088E+00
  1.221610E+00
  1.219067E+00
  1.216458E+00
  1.213784E+00
  1.211044E+00
  1.208237E+00
  1.205362E+00
  1.202421E+00
  1.199411E+00
  1.196332E+00
  1.193185E+00
  1.189968E+00
  1.186680E+00
  1.183322E+00
  1.179892E+00
  1.176390E+00
  1.172816E+00
  1.169168E+00
  1.165446E+00
  1.161649E+00
  1.157776E+00
  1.153828E+00
  1.149802E+00
  1.145699E+00
  1.141516E+00
  1.137254E+00
  1.132912E+00
  1.128488E+00
  1.123982E+00
  1.119393E+00
  1.114719E+00
  1.109960E+00
  1.105114E+00
  1.100180E+00
  1.095157E+00
  1.090045E+00
  1.084841E+00
  1.079544E+00
  1.074153E+00
  1.068667E+00
  1.063083E+00
  1.057401E+00
  1.051619E+00
  1.045735E+00
  1.039748E+00
  1.033655E+00
  1.027455E+00
  1.021146E+00
  1.014726E+00
  1.008193E+00
  1.001543E+00
  9.947766E-01
  9.878894E-01
  9.808795E-01
  9.737441E-01
  9.664805E-01
  9.590857E-01
  9.515567E-01
  9.438904E-01
  9.360832E-01
  9.281318E-01
  9.200322E-01
  9.117806E-01
  9.033729E-01
  8.948045E-01
  8.860709E-01
  8.771671E-01
  8.680879E-01
  8.588277E-01
  8.493806E-01
  8.397402E-01
  8.299000E-01
  8.198525E-01
  8.095903E-01
  7.991048E-01
  7.883874E-01
  7.774283E-01
  7.662172E-01
  7.547428E-01
  7.429930E-01
  7.309546E-01
  7.186128E-01
  7.059520E-01
  6.929545E-01
  6.796012E-01
  6.658704E-01
  6.517385E-01
  6.371787E-01
  6.221609E-01
  6.066513E-01
  5.906109E-01
  5.739954E-01
  5.567532E-01
  5.388241E-01
  5.201372E-01
  5.006076E-01
  4.801325E-01
  4.585853E-01
  4.358068E-01
  4.115929E-01
  3.856731E-01
  3.576769E-01
  3.270715E-01
  2.930404E-01
  2.542116E-01
  2.079144E-01
  1.472658E-01
  0.000000E+00
  9.301635E-02
  9.306360E-02
  9.311084E-02
  9.329892E-02
  9.334613E-02
  9.339334E-02
  9.344055E-02
  9.348775E-02
  9.353495E-02
  9.357737E-02
  9.361958E-02
  9.366180E-02
  9.370401E-02
  9.374621E-02
  9.378841E-02
  9.383061E-02
  9.387078E-02
  9.390670E-02
  9.394262E-02
  9.397853E-02
  9.401444E-02
  9.405035E-02
  9.408625E-02
  9.412161E-02
  9.414941E-02
  9.417720E-02
  9.420500E-02
  9.423279E-02
  9.426057E-02
  9.428836E-02
  9.431429E-02
  9.433138E-02
  9.434846E-02
  9.436555E-02
  9.438264E-02
  9.439972E-02
  9.441680E-02
  9.442497E-02
  9.442780E-02
  9.443063E-02
  9.443346E-02
  9.443629E-02
  9.443912E-02
  9.443455E-02
  9.441909E-02
  9.440362E-02
  9.438816E-02
  9.437269E-02
  9.435723E-02
  9.433207E-02
  9.429700E-02
  9.426193E-02
  9.422685E-02
  9.419178E-02
  9.415670E-02
  9.410524E-02
  9.405154E-02
  9.399784E-02
  9.394413E-02
  9.389042E-02
  9.381801E-02
  9.373007E-02
  9.364213E-02
  9.355417E-02
  9.346621E-02
  9.335043E-02
  9.320441E-02
  9.305838E-02
  9.291234E-02
  9.276629E-02
  9.256422E-02
  9.233401E-02
  9.210378E-02
  9.187355E-02
  9.163356E-02
  9.130903E-02
  9.098450E-02
  9.052546E-02
  9.020090E-02
  8.980110E-02
  8.939183E-02
  8.899500E-02
  8.861333E-02
  8.820077E-02
  8.778145E-02
  8.737377E-02
  8.697788E-02
  8.659326E-02
  8.623046E-02
  8.587487E-02
  8.554937E-02
  8.527527E-02
  8.510640E-02
  8.506730E-02
  8.505129E-02
  8.504037E-02
  8.503716E-02
  8.503896E-02
  8.503922E-02
  8.503949E-02
  8.503975E-02
  8.503876E-02
  8.503998E-02
  8.503847E-02
  8.505171E-02
  8.506556E-02
  8.507940E-02
  8.509310E-02
  8.510678E-02
  8.511969E-02
  8.512998E-02
  8.514028E-02
  8.514703E-02
  8.515169E-02
  8.515525E-02
  8.515285E-02
  8.515046E-02
  8.514176E-02
  8.513155E-02
  8.511683E-02
  8.509881E-02
  8.507807E-02
  8.505413E-02
  8.502848E-02
  8.502142E-02
  8.502800E-02
  8.503417E-02
  8.504460E-02
  8.505597E-02
  8.511153E-02
  8.519715E-02
  8.531884E-02
  8.544580E-02
  8.558746E-02
  8.578246E-02
  8.598124E-02
  8.618227E-02
  8.638552E-02
  8.659082E-02
  8.684930E-02
  8.711131E-02
  8.737323E-02
  8.763489E-02
  8.789614E-02
  8.815681E-02
  8.841675E-02
  8.869911E-02
  8.902838E-02
  1.056877E-01
  2.663015E-02
 -2.977052E-02
 -2.157382E-02
 -1.337712E-02
  1.884521E-02
  2.704024E-02
  3.523527E-02
  4.343029E-02
  5.162531E-02
  5.982033E-02
  6.766579E-02
  7.549679E-02
  8.332778E-02
  9.115877E-02
  9.898976E-02
  1.068207E-01
  1.146517E-01
  1.223130E-01
  1.296178E-01
  1.369226E-01
  1.442274E-01
  1.515323E-01
  1.588371E-01
  1.661419E-01
  1.733946E-01
  1.799194E-01
  1.864441E-01
  1.929689E-01
  1.994936E-01
  2.060183E-01
  2.125431E-01
  2.188609E-01
  2.241939E-01
  2.295270E-01
  2.348601E-01
  2.401932E-01
  2.455263E-01
  2.508593E-01
  2.550228E-01
  2.584853E-01
  2.619478E-01
  2.654103E-01
  2.688729E-01
  2.723354E-01
  2.746108E-01
  2.751373E-01
  2.756637E-01
  2.761901E-01
  2.767165E-01
  2.772429E-01
  2.756911E-01
  2.720136E-01
  2.683361E-01
  2.646586E-01
  2.609810E-01
  2.573035E-01
  2.495918E-01
  2.413296E-01
  2.330674E-01
  2.248051E-01
  2.165429E-01
  2.063243E-01
  1.944805E-01
  1.826367E-01
  1.707929E-01
  1.589491E-01
  1.462985E-01
  1.327711E-01
  1.192437E-01
  1.057163E-01
  9.218887E-02
  7.934957E-02
  6.685612E-02
  5.436266E-02
  4.186920E-02
  2.976462E-02
  2.147418E-02
  1.318374E-02
 -1.875208E-02
 -2.704364E-02
 -3.095456E-02
 -3.339110E-02
 -3.582763E-02
 -3.826417E-02
 -3.815764E-02
 -3.649947E-02
 -3.484130E-02
 -3.318312E-02
 -3.013450E-02
 -2.649080E-02
 -2.284710E-02
 -1.920340E-02
 -1.552181E-02
  1.191179E-02
  1.560311E-02
  1.853401E-02
  2.048554E-02
  2.243707E-02
  2.414971E-02
  2.293737E-02
  2.172504E-02
  2.051270E-02
  1.692825E-02
  1.302649E-02
 -1.468077E-02
 -1.966312E-02
 -2.483869E-02
 -3.001425E-02
 -3.525646E-02
 -4.050102E-02
 -4.555076E-02
 -4.994106E-02
 -5.433137E-02
 -5.778078E-02
 -6.067031E-02
 -6.326192E-02
 -6.424021E-02
 -6.521849E-02
 -6.446772E-02
 -6.330706E-02
 -6.081395E-02
 -5.734896E-02
 -5.264257E-02
 -4.647660E-02
 -3.899824E-02
 -2.989571E-02
 -1.922429E-02
  1.630468E-02
  3.032535E-02
  4.513243E-02
  6.250589E-02
  8.073030E-02
  1.004773E-01
  1.219171E-01
  1.443957E-01
  1.681810E-01
  1.935300E-01
  2.199191E-01
  2.473880E-01
  2.759444E-01
  3.056218E-01
  3.363782E-01
  3.680701E-01
  4.006692E-01
  4.341396E-01
  4.684659E-01
  5.036531E-01
  5.395909E-01
  5.762302E-01
  2.172053E-01
  2.504583E+00
  9.895491E-01
  9.895490E-01
  9.895490E-01
  9.895490E-01
  9.895490E-01
  9.895491E-01
  9.895492E-01
  9.895493E-01
  9.895495E-01
  9.895496E-01
  9.895498E-01
  9.895500E-01
  9.895502E-01
  9.895504E-01
  9.895507E-01
  9.895509E-01
  9.895512E-01
  9.895515E-01
  9.895518E-01
  9.895521E-01
  9.895524E-01
  9.895527E-01
  9.895531E-01
  9.895535E-01
  9.895538E-01
  9.895542E-01
  9.895545E-01
  9.895549E-01
  9.895553E-01
  9.895557E-01
  9.895562E-01
  9.895565E-01
  9.895569E-01
  9.895572E-01
  9.895576E-01
  9.895580E-01
  9.895584E-01
  9.895587E-01
  9.895590E-01
  9.895593E-01
  9.895596E-01
  9.895598E-01
  9.895601E-01
  9.895603E-01
  9.895603E-01
  9.895604E-01
  9.895604E-01
  9.895605E-01
  9.895605E-01
  9.895604E-01
  9.895601E-01
  9.895598E-01
  9.895595E-01
  9.895592E-01
  9.895589E-01
  9.895583E-01
  9.895577E-01
  9.895571E-01
  9.895566E-01
  9.895560E-01
  9.895554E-01
  9.895546E-01
  9.895540E-01
  9.895533E-01
  9.895527E-01
  9.895522E-01
  9.895516E-01
  9.895511E-01
  9.895506E-01
  9.895502E-01
  9.895499E-01
  9.895496E-01
  9.895494E-01
  9.895492E-01
  9.895491E-01
  9.895490E-01
  9.895490E-01
  9.895490E-01
  9.895490E-01
  9.895491E-01
  9.895491E-01
  9.895491E-01
  9.895492E-01
  9.895492E-01
  9.895491E-01
  9.895491E-01
  9.895491E-01
  9.895491E-01
  9.895490E-01
  9.895490E-01
  9.895490E-01
  9.895490E-01
  9.895490E-01
  9.895490E-01
  9.895490E-01
  9.895490E-01
  9.895490E-01
  9.895490E-01
  9.895490E-01
  9.895490E-01
  9.895490E-01
  9.895490E-01
  9.895490E-01
  9.895490E-01
  9.895490E-01
  9.895490E-01
  9.895491E-01
  9.895491E-01
  9.895492E-01
  9.895492E-01
  9.895493E-01
  9.895494E-01
  9.895494E-01
  9.895495E-01
  9.895495E-01
  9.895496E-01
  9.895496E-01
  9.895496E-01
  9.895495E-01
  9.895495E-01
  9.895494E-01
  9.895494E-01
  9.895493E-01
  9.895492E-01
  9.895491E-01
  9.895490E-01
  9.895490E-01
  9.895491E-01
  9.895492E-01
  9.895495E-01
  9.895499E-01
  9.895505E-01
  9.895512E-01
  9.895521E-01
  9.895532E-01
  9.895546E-01
  9.895562E-01
  9.895582E-01
  9.895604E-01
  9.895630E-01
  9.895660E-01
  9.895694E-01
  9.895731E-01
  9.895773E-01
  9.895820E-01
  9.895872E-01
  9.895928E-01
  9.895990E-01
  8.085223E-01
  1.205865E-05
 -2.724693E+02
 -2.719013E+02
 -2.713329E+02
 -2.707642E+02
 -2.701951E+02
 -2.696257E+02
 -2.690559E+02
 -2.684858E+02
 -2.679154E+02
 -2.668468E+02
 -2.657572E+02
 -2.646672E+02
 -2.635767E+02
 -2.624857E+02
 -2.613943E+02
 -2.603024E+02
 -2.592155E+02
 -2.581397E+02
 -2.570636E+02
 -2.559871E+02
 -2.549104E+02
 -2.538333E+02
 -2.527559E+02
 -2.516652E+02
 -2.503935E+02
 -2.491215E+02
 -2.478493E+02
 -2.465768E+02
 -2.453041E+02
 -2.440311E+02
 -2.427292E+02
 -2.412904E+02
 -2.398515E+02
 -2.384124E+02
 -2.369731E+02
 -2.355337E+02
 -2.340942E+02
 -2.326155E+02
 -2.311133E+02
 -2.296112E+02
 -2.281089E+02
 -2.266067E+02
 -2.251044E+02
 -2.236360E+02
 -2.222177E+02
 -2.207995E+02
 -2.193813E+02
 -2.179631E+02
 -2.165449E+02
 -2.152596E+02
 -2.141102E+02
 -2.129607E+02
 -2.118111E+02
 -2.106614E+02
 -2.095117E+02
 -2.087018E+02
 -2.079379E+02
 -2.071735E+02
 -2.064087E+02
 -2.056434E+02
 -2.050630E+02
 -2.046357E+02
 -2.042075E+02
 -2.037785E+02
 -2.033487E+02
 -2.029802E+02
 -2.026784E+02
 -2.023757E+02
 -2.020720E+02
 -2.017673E+02
 -2.013586E+02
 -2.008975E+02
 -2.004357E+02
 -1.999734E+02
 -1.994719E+02
 -1.985917E+02
 -1.977115E+02
 -1.968314E+02
 -1.959512E+02
 -1.946170E+02
 -1.931301E+02
 -1.916433E+02
 -1.901566E+02
 -1.883214E+02
 -1.862731E+02
 -1.842246E+02
 -1.821757E+02
 -1.799300E+02
 -1.775995E+02
 -1.752683E+02
 -1.729365E+02
 -1.706109E+02
 -1.682849E+02
 -1.659582E+02
 -1.637192E+02
 -1.615938E+02
 -1.594681E+02
 -1.573660E+02
 -1.555557E+02
 -1.537459E+02
 -1.519364E+02
 -1.503553E+02
 -1.488056E+02
 -1.472569E+02
 -1.456847E+02
 -1.441096E+02
 -1.425360E+02
 -1.406480E+02
 -1.387509E+02
 -1.367394E+02
 -1.343362E+02
 -1.319351E+02
 -1.291508E+02
 -1.261393E+02
 -1.230270E+02
 -1.193592E+02
 -1.156937E+02
 -1.115093E+02
 -1.072035E+02
 -1.025338E+02
 -9.759916E+01
 -9.237428E+01
 -8.680757E+01
 -8.097188E+01
 -7.480256E+01
 -6.832233E+01
 -6.157145E+01
 -5.439243E+01
 -4.704550E+01
 -3.906095E+01
 -3.081911E+01
 -2.211504E+01
 -1.276845E+01
 -2.963966E+00
  7.472770E+00
  1.888118E+01
  3.110596E+01
  4.433319E+01
  5.883112E+01
  7.516466E+01
  9.444965E+01
  1.182124E+02
  1.492440E+02
  1.922073E+02
  2.555454E+02
  3.364646E+02
  4.041626E+02
  5.081395E+02
  2.941467E+02
  1.769079E-03
  1.101838E+04
  1.101719E+04
  1.101600E+04
  1.101482E+04
  1.101364E+04
  1.101246E+04
  1.101129E+04
  1.101011E+04
  1.100894E+04
  1.100319E+04
  1.099725E+04
  1.099131E+04
  1.098537E+04
  1.097943E+04
  1.097350E+04
  1.096757E+04
  1.096002E+04
  1.094906E+04
  1.093810E+04
  1.092715E+04
  1.091619E+04
  1.090524E+04
  1.089429E+04
  1.088319E+04
  1.087003E+04
  1.085686E+04
  1.084370E+04
  1.083054E+04
  1.081738E+04
  1.080422E+04
  1.079074E+04
  1.077573E+04
  1.076072E+04
  1.074571E+04
  1.073070E+04
  1.071569E+04
  1.070068E+04
  1.068438E+04
  1.066731E+04
  1.065024E+04
  1.063317E+04
  1.061611E+04
  1.059904E+04
  1.058120E+04
  1.056224E+04
  1.054328E+04
  1.052432E+04
  1.050536E+04
  1.048639E+04
  1.046651E+04
  1.044568E+04
  1.042486E+04
  1.040403E+04
  1.038321E+04
  1.036239E+04
  1.033963E+04
  1.031661E+04
  1.029360E+04
  1.027058E+04
  1.024757E+04
  1.022300E+04
  1.019712E+04
  1.017125E+04
  1.014539E+04
  1.011952E+04
  1.009175E+04
  1.006189E+04
  1.003204E+04
  1.000220E+04
  9.972364E+03
  9.939009E+03
  9.903891E+03
  9.868781E+03
  9.833679E+03
  9.798030E+03
  9.756940E+03
  9.715860E+03
  9.674789E+03
  9.633727E+03
  9.588198E+03
  9.541176E+03
  9.494165E+03
  9.447167E+03
  9.396693E+03
  9.344106E+03
  9.291535E+03
  9.238980E+03
  9.183095E+03
  9.125797E+03
  9.068517E+03
  9.011255E+03
  8.950587E+03
  8.889850E+03
  8.829131E+03
  8.767249E+03
  8.703863E+03
  8.640492E+03
  8.576945E+03
  8.511071E+03
  8.445208E+03
  8.379355E+03
  8.311371E+03
  8.243108E+03
  8.174854E+03
  8.104645E+03
  8.034092E+03
  7.963547E+03
  7.890517E+03
  7.817405E+03
  7.743622E+03
  7.667547E+03
  7.591477E+03
  7.513365E+03
  7.434039E+03
  7.354172E+03
  7.271350E+03
  7.188536E+03
  7.102728E+03
  7.016217E+03
  6.927511E+03
  6.837209E+03
  6.745160E+03
  6.651058E+03
  6.555260E+03
  6.457361E+03
  6.357475E+03
  6.255862E+03
  6.151699E+03
  6.046539E+03
  5.938047E+03
  5.828411E+03
  5.716722E+03
  5.602595E+03
  5.486874E+03
  5.369061E+03
  5.248375E+03
  5.125570E+03
  5.000548E+03
  4.873490E+03
  4.745609E+03
  4.622619E+03
  4.515900E+03
  4.443603E+03
  4.437044E+03
  4.567350E+03
  4.757794E+03
  4.549816E+03
  4.905942E+03
  1.212996E+03
  7.279891E-03
  3.142044E+01
  3.142480E+01
  3.142918E+01
  3.143358E+01
  3.143800E+01
  3.144244E+01
  3.144690E+01
  3.145138E+01
  3.145588E+01
  3.142586E+01
  3.139443E+01
  3.136303E+01
  3.133165E+01
  3.130030E+01
  3.126896E+01
  3.123765E+01
  3.117935E+01
  3.106431E+01
  3.094929E+01
  3.083428E+01
  3.071930E+01
  3.060432E+01
  3.048937E+01
  3.036611E+01
  3.012639E+01
  2.988670E+01
  2.964701E+01
  2.940734E+01
  2.916767E+01
  2.892803E+01
  2.864037E+01
  2.812427E+01
  2.760817E+01
  2.709209E+01
  2.657601E+01
  2.605994E+01
  2.554387E+01
  2.465186E+01
  2.353455E+01
  2.241724E+01
  2.129994E+01
  2.018266E+01
  1.906538E+01
  1.748661E+01
  1.522784E+01
  1.296912E+01
  1.071044E+01
  8.451801E+00
  6.193205E+00
  3.382575E+00
  7.379178E-03
 -3.367688E+00
 -6.742627E+00
 -1.011744E+01
 -1.349213E+01
 -1.579140E+01
 -1.794379E+01
 -2.009604E+01
 -2.224815E+01
 -2.440013E+01
 -2.400849E+01
 -2.150385E+01
 -1.899932E+01
 -1.649490E+01
 -1.399059E+01
 -8.103747E+00
  1.458927E+00
  1.102084E+01
  2.058202E+01
  3.014246E+01
  4.533008E+01
  6.334447E+01
  8.135691E+01
  9.936744E+01
  1.179416E+02
  1.420594E+02
  1.661737E+02
  1.902844E+02
  2.143918E+02
  2.366372E+02
  2.582530E+02
  2.798649E+02
  3.014728E+02
  3.172745E+02
  3.295331E+02
  3.417891E+02
  3.540424E+02
  3.594450E+02
  3.619156E+02
  3.643854E+02
  3.668544E+02
  3.604458E+02
  3.538156E+02
  3.471860E+02
  3.370508E+02
  3.224011E+02
  3.077530E+02
  2.928271E+02
  2.744812E+02
  2.561371E+02
  2.377948E+02
  2.214306E+02
  2.053322E+02
  1.892350E+02
  1.768123E+02
  1.650479E+02
  1.532843E+02
  1.453005E+02
  1.374500E+02
  1.303371E+02
  1.257187E+02
  1.211009E+02
  1.180371E+02
  1.158982E+02
  1.140347E+02
  1.136614E+02
  1.132884E+02
  1.136427E+02
  1.141697E+02
  1.140221E+02
  1.133826E+02
  1.114271E+02
  1.079243E+02
  1.033662E+02
  9.750161E+01
  9.091594E+01
  8.370304E+01
  7.605568E+01
  6.823790E+01
  6.032402E+01
  5.249228E+01
  4.481226E+01
  3.748723E+01
  3.043704E+01
  2.378425E+01
  1.774846E+01
  1.221338E+01
  7.274855E+00
  3.061488E+00
 -1.680047E-01
 -1.968924E+00
 -1.802024E+00
  1.339322E+00
  8.841234E+00
  2.247668E+01
  4.111018E+01
  5.607205E+01
  6.199750E+01
  4.965387E+03
  1.067394E-01
