 Title= "ADflow Lift Distribution Data"
Variables = "eta" "CoordinateX" "CoordinateY" "CoordinateZ" "Lift" "Drag" "Moment" "Normalized Lift" "Normalized Drag" "Normalized Moment" "CL" "CD" "CM" "CLp" "CDp" "CMp" "CLv" "CDv" "CMv" "Elliptical" "thickness" "twist" "chord" "fx" "fy" "fz" 
Zone T= "LiftDist_01 allWalls: : z normal"
 I=          150
 DATAPACKING=BLOCK
  0.000000E+00
  6.711405E-03
  1.342281E-02
  2.013422E-02
  2.684563E-02
  3.355704E-02
  4.026845E-02
  4.697986E-02
  5.369127E-02
  6.040268E-02
  6.711409E-02
  7.382550E-02
  8.053691E-02
  8.724832E-02
  9.395973E-02
  1.006711E-01
  1.073825E-01
  1.140940E-01
  1.208054E-01
  1.275168E-01
  1.342282E-01
  1.409396E-01
  1.476510E-01
  1.543624E-01
  1.610738E-01
  1.677852E-01
  1.744966E-01
  1.812081E-01
  1.879195E-01
  1.946309E-01
  2.013423E-01
  2.080537E-01
  2.147651E-01
  2.214765E-01
  2.281879E-01
  2.348993E-01
  2.416107E-01
  2.483221E-01
  2.550336E-01
  2.617450E-01
  2.684564E-01
  2.751678E-01
  2.818792E-01
  2.885906E-01
  2.953020E-01
  3.020134E-01
  3.087248E-01
  3.154362E-01
  3.221476E-01
  3.288591E-01
  3.355705E-01
  3.422819E-01
  3.489933E-01
  3.557047E-01
  3.624161E-01
  3.691275E-01
  3.758389E-01
  3.825503E-01
  3.892617E-01
  3.959732E-01
  4.026846E-01
  4.093960E-01
  4.161074E-01
  4.228188E-01
  4.295302E-01
  4.362416E-01
  4.429530E-01
  4.496644E-01
  4.563758E-01
  4.630872E-01
  4.697987E-01
  4.765101E-01
  4.832215E-01
  4.899329E-01
  4.966443E-01
  5.033557E-01
  5.100671E-01
  5.167785E-01
  5.234899E-01
  5.302013E-01
  5.369128E-01
  5.436242E-01
  5.503356E-01
  5.570470E-01
  5.637584E-01
  5.704698E-01
  5.771812E-01
  5.838926E-01
  5.906040E-01
  5.973154E-01
  6.040268E-01
  6.107383E-01
  6.174497E-01
  6.241611E-01
  6.308725E-01
  6.375839E-01
  6.442953E-01
  6.510067E-01
  6.577181E-01
  6.644295E-01
  6.711409E-01
  6.778524E-01
  6.845638E-01
  6.912752E-01
  6.979866E-01
  7.046980E-01
  7.114094E-01
  7.181208E-01
  7.248322E-01
  7.315436E-01
  7.382550E-01
  7.449664E-01
  7.516779E-01
  7.583893E-01
  7.651007E-01
  7.718121E-01
  7.785235E-01
  7.852349E-01
  7.919463E-01
  7.986577E-01
  8.053691E-01
  8.120805E-01
  8.187919E-01
  8.255034E-01
  8.322148E-01
  8.389262E-01
  8.456376E-01
  8.523490E-01
  8.590604E-01
  8.657718E-01
  8.724832E-01
  8.791946E-01
  8.859060E-01
  8.926175E-01
  8.993289E-01
  9.060403E-01
  9.127517E-01
  9.194631E-01
  9.261745E-01
  9.328859E-01
  9.395973E-01
  9.463087E-01
  9.530201E-01
  9.597315E-01
  9.664430E-01
  9.731544E-01
  9.798658E-01
  9.865772E-01
  9.932886E-01
  1.000000E+00
  0.000000E+00
  0.000000E+00
  0.000000E+00
  0.000000E+00
  0.000000E+00
  0.000000E+00
  0.000000E+00
  0.000000E+00
  0.000000E+00
  0.000000E+00
  0.000000E+00
  0.000000E+00
  0.000000E+00
  0.000000E+00
  0.000000E+00
  0.000000E+00
  0.000000E+00
  0.000000E+00
  0.000000E+00
  0.000000E+00
  0.000000E+00
  0.000000E+00
  0.000000E+00
  0.000000E+00
  0.000000E+00
  0.000000E+00
  0.000000E+00
  0.000000E+00
  0.000000E+00
  0.000000E+00
  0.000000E+00
  0.000000E+00
  0.000000E+00
  0.000000E+00
  0.000000E+00
  0.000000E+00
  0.000000E+00
  0.000000E+00
  0.000000E+00
  0.000000E+00
  0.000000E+00
  0.000000E+00
  0.000000E+00
  0.000000E+00
  0.000000E+00
  0.000000E+00
  0.000000E+00
  0.000000E+00
  0.000000E+00
  0.000000E+00
  0.000000E+00
  0.000000E+00
  0.000000E+00
  0.000000E+00
  0.000000E+00
  0.000000E+00
  0.000000E+00
  0.000000E+00
  0.000000E+00
  0.000000E+00
  0.000000E+00
  0.000000E+00
  0.000000E+00
  0.000000E+00
  0.000000E+00
  0.000000E+00
  0.000000E+00
  0.000000E+00
  0.000000E+00
  0.000000E+00
  0.000000E+00
  0.000000E+00
  0.000000E+00
  0.000000E+00
  0.000000E+00
  0.000000E+00
  0.000000E+00
  0.000000E+00
  0.000000E+00
  0.000000E+00
  0.000000E+00
  0.000000E+00
  0.000000E+00
  0.000000E+00
  0.000000E+00
  0.000000E+00
  0.000000E+00
  0.000000E+00
  0.000000E+00
  0.000000E+00
  0.000000E+00
  0.000000E+00
  0.000000E+00
  0.000000E+00
  0.000000E+00
  0.000000E+00
  0.000000E+00
  0.000000E+00
  0.000000E+00
  0.000000E+00
  0.000000E+00
  0.000000E+00
  0.000000E+00
  0.000000E+00
  0.000000E+00
  0.000000E+00
  0.000000E+00
  0.000000E+00
  0.000000E+00
  0.000000E+00
  0.000000E+00
  0.000000E+00
  0.000000E+00
  0.000000E+00
  0.000000E+00
  0.000000E+00
  0.000000E+00
  0.000000E+00
  0.000000E+00
  0.000000E+00
  0.000000E+00
  0.000000E+00
  0.000000E+00
  0.000000E+00
  0.000000E+00
  0.000000E+00
  0.000000E+00
  0.000000E+00
  0.000000E+00
  0.000000E+00
  0.000000E+00
  0.000000E+00
  0.000000E+00
  0.000000E+00
  0.000000E+00
  0.000000E+00
  0.000000E+00
  0.000000E+00
  0.000000E+00
  0.000000E+00
  0.000000E+00
  0.000000E+00
  0.000000E+00
  0.000000E+00
  0.000000E+00
  0.000000E+00
  0.000000E+00
  0.000000E+00
  0.000000E+00
  0.000000E+00
  0.000000E+00
  0.000000E+00
  0.000000E+00
  0.000000E+00
  0.000000E+00
  0.000000E+00
  0.000000E+00
  0.000000E+00
  0.000000E+00
  0.000000E+00
  0.000000E+00
  0.000000E+00
  0.000000E+00
  0.000000E+00
  0.000000E+00
  0.000000E+00
  0.000000E+00
  0.000000E+00
  0.000000E+00
  0.000000E+00
  0.000000E+00
  0.000000E+00
  0.000000E+00
  0.000000E+00
  0.000000E+00
  0.000000E+00
  0.000000E+00
  0.000000E+00
  0.000000E+00
  0.000000E+00
  0.000000E+00
  0.000000E+00
  0.000000E+00
  0.000000E+00
  0.000000E+00
  0.000000E+00
  0.000000E+00
  0.000000E+00
  0.000000E+00
  0.000000E+00
  0.000000E+00
  0.000000E+00
  0.000000E+00
  0.000000E+00
  0.000000E+00
  0.000000E+00
  0.000000E+00
  0.000000E+00
  0.000000E+00
  0.000000E+00
  0.000000E+00
  0.000000E+00
  0.000000E+00
  0.000000E+00
  0.000000E+00
  0.000000E+00
  0.000000E+00
  0.000000E+00
  0.000000E+00
  0.000000E+00
  0.000000E+00
  0.000000E+00
  0.000000E+00
  0.000000E+00
  0.000000E+00
  0.000000E+00
  0.000000E+00
  0.000000E+00
  0.000000E+00
  0.000000E+00
  0.000000E+00
  0.000000E+00
  0.000000E+00
  0.000000E+00
  0.000000E+00
  0.000000E+00
  0.000000E+00
  0.000000E+00
  0.000000E+00
  0.000000E+00
  0.000000E+00
  0.000000E+00
  0.000000E+00
  0.000000E+00
  0.000000E+00
  0.000000E+00
  0.000000E+00
  0.000000E+00
  0.000000E+00
  0.000000E+00
  0.000000E+00
  0.000000E+00
  0.000000E+00
  0.000000E+00
  0.000000E+00
  0.000000E+00
  0.000000E+00
  0.000000E+00
  0.000000E+00
  0.000000E+00
  0.000000E+00
  0.000000E+00
  0.000000E+00
  0.000000E+00
  0.000000E+00
  0.000000E+00
  0.000000E+00
  0.000000E+00
  0.000000E+00
  0.000000E+00
  0.000000E+00
  0.000000E+00
  0.000000E+00
  0.000000E+00
  0.000000E+00
  0.000000E+00
  0.000000E+00
  0.000000E+00
  0.000000E+00
  0.000000E+00
  0.000000E+00
  0.000000E+00
  0.000000E+00
  0.000000E+00
  0.000000E+00
  0.000000E+00
  0.000000E+00
  0.000000E+00
  0.000000E+00
  0.000000E+00
  0.000000E+00
  0.000000E+00
  0.000000E+00
  0.000000E+00
  0.000000E+00
  0.000000E+00
  0.000000E+00
  0.000000E+00
  0.000000E+00
  0.000000E+00
  0.000000E+00
  0.000000E+00
  0.000000E+00
  0.000000E+00
  0.000000E+00
  0.000000E+00
  0.000000E+00
  0.000000E+00
  0.000000E+00
  0.000000E+00
  1.000000E-08
  1.691809E-02
  3.383618E-02
  5.075427E-02
  6.767237E-02
  8.459046E-02
  1.015085E-01
  1.184266E-01
  1.353447E-01
  1.522628E-01
  1.691809E-01
  1.860990E-01
  2.030171E-01
  2.199352E-01
  2.368533E-01
  2.537714E-01
  2.706895E-01
  2.876076E-01
  3.045256E-01
  3.214437E-01
  3.383618E-01
  3.552799E-01
  3.721980E-01
  3.891161E-01
  4.060342E-01
  4.229523E-01
  4.398704E-01
  4.567885E-01
  4.737066E-01
  4.906247E-01
  5.075427E-01
  5.244608E-01
  5.413789E-01
  5.582970E-01
  5.752151E-01
  5.921332E-01
  6.090513E-01
  6.259694E-01
  6.428875E-01
  6.598056E-01
  6.767237E-01
  6.936418E-01
  7.105598E-01
  7.274779E-01
  7.443960E-01
  7.613141E-01
  7.782322E-01
  7.951503E-01
  8.120684E-01
  8.289865E-01
  8.459046E-01
  8.628227E-01
  8.797408E-01
  8.966589E-01
  9.135769E-01
  9.304950E-01
  9.474131E-01
  9.643312E-01
  9.812493E-01
  9.981674E-01
  1.015085E+00
  1.032004E+00
  1.048922E+00
  1.065840E+00
  1.082758E+00
  1.099676E+00
  1.116594E+00
  1.133512E+00
  1.150430E+00
  1.167348E+00
  1.184266E+00
  1.201185E+00
  1.218103E+00
  1.235021E+00
  1.251939E+00
  1.268857E+00
  1.285775E+00
  1.302693E+00
  1.319611E+00
  1.336529E+00
  1.353447E+00
  1.370365E+00
  1.387284E+00
  1.404202E+00
  1.421120E+00
  1.438038E+00
  1.454956E+00
  1.471874E+00
  1.488792E+00
  1.505710E+00
  1.522628E+00
  1.539546E+00
  1.556464E+00
  1.573383E+00
  1.590301E+00
  1.607219E+00
  1.624137E+00
  1.641055E+00
  1.657973E+00
  1.674891E+00
  1.691809E+00
  1.708727E+00
  1.725645E+00
  1.742563E+00
  1.759482E+00
  1.776400E+00
  1.793318E+00
  1.810236E+00
  1.827154E+00
  1.844072E+00
  1.860990E+00
  1.877908E+00
  1.894826E+00
  1.911744E+00
  1.928662E+00
  1.945581E+00
  1.962499E+00
  1.979417E+00
  1.996335E+00
  2.013253E+00
  2.030171E+00
  2.047089E+00
  2.064007E+00
  2.080925E+00
  2.097843E+00
  2.114761E+00
  2.131680E+00
  2.148598E+00
  2.165516E+00
  2.182434E+00
  2.199352E+00
  2.216270E+00
  2.233188E+00
  2.250106E+00
  2.267024E+00
  2.283942E+00
  2.300860E+00
  2.317779E+00
  2.334697E+00
  2.351615E+00
  2.368533E+00
  2.385451E+00
  2.402369E+00
  2.419287E+00
  2.436205E+00
  2.453123E+00
  2.470041E+00
  2.486959E+00
  2.503878E+00
  2.520796E+00
  1.097982E+04
  1.097831E+04
  1.097680E+04
  1.097528E+04
  1.097377E+04
  1.097225E+04
  1.097074E+04
  1.096923E+04
  1.096771E+04
  1.096334E+04
  1.095884E+04
  1.095434E+04
  1.094984E+04
  1.094535E+04
  1.094085E+04
  1.093635E+04
  1.093099E+04
  1.092380E+04
  1.091661E+04
  1.090942E+04
  1.090224E+04
  1.089505E+04
  1.088786E+04
  1.088049E+04
  1.087057E+04
  1.086065E+04
  1.085073E+04
  1.084080E+04
  1.083088E+04
  1.082096E+04
  1.081052E+04
  1.079763E+04
  1.078473E+04
  1.077183E+04
  1.075894E+04
  1.074604E+04
  1.073314E+04
  1.071829E+04
  1.070227E+04
  1.068625E+04
  1.067023E+04
  1.065421E+04
  1.063819E+04
  1.062089E+04
  1.060171E+04
  1.058252E+04
  1.056334E+04
  1.054416E+04
  1.052498E+04
  1.050418E+04
  1.048173E+04
  1.045928E+04
  1.043683E+04
  1.041439E+04
  1.039194E+04
  1.036647E+04
  1.034059E+04
  1.031472E+04
  1.028884E+04
  1.026296E+04
  1.023518E+04
  1.020581E+04
  1.017644E+04
  1.014708E+04
  1.011771E+04
  1.008660E+04
  1.005360E+04
  1.002059E+04
  9.987591E+03
  9.954589E+03
  9.918968E+03
  9.882031E+03
  9.845095E+03
  9.808159E+03
  9.770844E+03
  9.729802E+03
  9.688760E+03
  9.647719E+03
  9.606679E+03
  9.562552E+03
  9.517386E+03
  9.472221E+03
  9.427058E+03
  9.379350E+03
  9.330090E+03
  9.280832E+03
  9.231576E+03
  9.179680E+03
  9.126657E+03
  9.073637E+03
  9.020620E+03
  8.964452E+03
  8.908212E+03
  8.851978E+03
  8.794426E+03
  8.735178E+03
  8.675946E+03
  8.616497E+03
  8.554250E+03
  8.492032E+03
  8.429844E+03
  8.365249E+03
  8.300372E+03
  8.235541E+03
  8.168247E+03
  8.100560E+03
  8.032927E+03
  7.961629E+03
  7.890258E+03
  7.817887E+03
  7.741995E+03
  7.666156E+03
  7.587210E+03
  7.506433E+03
  7.424890E+03
  7.338997E+03
  7.253142E+03
  7.163176E+03
  7.072260E+03
  6.978564E+03
  6.882847E+03
  6.785025E+03
  6.684723E+03
  6.582479E+03
  6.477824E+03
  6.371065E+03
  6.262474E+03
  6.151359E+03
  6.039259E+03
  5.924024E+03
  5.807768E+03
  5.689675E+03
  5.569518E+03
  5.448048E+03
  5.324881E+03
  5.199403E+03
  5.072160E+03
  4.942995E+03
  4.811926E+03
  4.679739E+03
  4.551170E+03
  4.436302E+03
  4.351230E+03
  4.322998E+03
  4.413021E+03
  4.545083E+03
  4.291602E+03
  4.578794E+03
  1.332024E+03
  7.300277E-03
  5.973271E+02
  5.972914E+02
  5.972556E+02
  5.972198E+02
  5.971841E+02
  5.971483E+02
  5.971126E+02
  5.970768E+02
  5.970410E+02
  5.969910E+02
  5.969403E+02
  5.968896E+02
  5.968390E+02
  5.967883E+02
  5.967376E+02
  5.966870E+02
  5.966593E+02
  5.966796E+02
  5.967000E+02
  5.967204E+02
  5.967408E+02
  5.967612E+02
  5.967817E+02
  5.968060E+02
  5.968845E+02
  5.969631E+02
  5.970416E+02
  5.971202E+02
  5.971989E+02
  5.972775E+02
  5.973570E+02
  5.974400E+02
  5.975230E+02
  5.976061E+02
  5.976893E+02
  5.977725E+02
  5.978558E+02
  5.979330E+02
  5.980066E+02
  5.980802E+02
  5.981540E+02
  5.982279E+02
  5.983019E+02
  5.983705E+02
  5.984310E+02
  5.984918E+02
  5.985527E+02
  5.986138E+02
  5.986751E+02
  5.987004E+02
  5.986891E+02
  5.986780E+02
  5.986671E+02
  5.986564E+02
  5.986460E+02
  5.984906E+02
  5.983156E+02
  5.981408E+02
  5.979662E+02
  5.977919E+02
  5.975118E+02
  5.971441E+02
  5.967765E+02
  5.964091E+02
  5.960420E+02
  5.955860E+02
  5.950336E+02
  5.944814E+02
  5.939293E+02
  5.933775E+02
  5.927099E+02
  5.919843E+02
  5.912589E+02
  5.905336E+02
  5.897973E+02
  5.889500E+02
  5.881029E+02
  5.872561E+02
  5.864096E+02
  5.854324E+02
  5.844114E+02
  5.833908E+02
  5.823704E+02
  5.810829E+02
  5.796324E+02
  5.781819E+02
  5.767314E+02
  5.748175E+02
  5.727050E+02
  5.705923E+02
  5.684793E+02
  5.656042E+02
  5.627104E+02
  5.598170E+02
  5.564872E+02
  5.525971E+02
  5.487098E+02
  5.447413E+02
  5.397505E+02
  5.347675E+02
  5.297919E+02
  5.241938E+02
  5.185233E+02
  5.128646E+02
  5.071107E+02
  5.013508E+02
  4.956037E+02
  4.901130E+02
  4.846422E+02
  4.792932E+02
  4.743284E+02
  4.693715E+02
  4.648272E+02
  4.605291E+02
  4.563472E+02
  4.527743E+02
  4.492033E+02
  4.462064E+02
  4.433459E+02
  4.408589E+02
  4.386444E+02
  4.366397E+02
  4.348821E+02
  4.332145E+02
  4.316590E+02
  4.301346E+02
  4.286388E+02
  4.271564E+02
  4.256832E+02
  4.242569E+02
  4.228834E+02
  4.216007E+02
  4.205285E+02
  4.196484E+02
  4.190604E+02
  4.190286E+02
  4.195407E+02
  4.207786E+02
  4.230294E+02
  4.269292E+02
  4.339343E+02
  4.462735E+02
  4.677905E+02
  5.048281E+02
  5.700727E+02
  6.556573E+02
  6.984478E+02
  8.231651E+02
  3.688459E+02
  2.338876E-03
  2.005960E+03
  2.005614E+03
  2.005268E+03
  2.004921E+03
  2.004575E+03
  2.004228E+03
  2.003882E+03
  2.003535E+03
  2.003189E+03
  2.002216E+03
  2.001218E+03
  2.000220E+03
  1.999221E+03
  1.998223E+03
  1.997224E+03
  1.996226E+03
  1.995045E+03
  1.993480E+03
  1.991915E+03
  1.990351E+03
  1.988786E+03
  1.987221E+03
  1.985656E+03
  1.984049E+03
  1.981838E+03
  1.979628E+03
  1.977418E+03
  1.975208E+03
  1.972998E+03
  1.970787E+03
  1.968439E+03
  1.965436E+03
  1.962433E+03
  1.959430E+03
  1.956427E+03
  1.953423E+03
  1.950420E+03
  1.946871E+03
  1.942995E+03
  1.939119E+03
  1.935243E+03
  1.931367E+03
  1.927491E+03
  1.923269E+03
  1.918537E+03
  1.913805E+03
  1.909074E+03
  1.904342E+03
  1.899610E+03
  1.894487E+03
  1.888964E+03
  1.883440E+03
  1.877917E+03
  1.872393E+03
  1.866870E+03
  1.860718E+03
  1.854481E+03
  1.848243E+03
  1.842006E+03
  1.835769E+03
  1.829181E+03
  1.822301E+03
  1.815421E+03
  1.808541E+03
  1.801661E+03
  1.794451E+03
  1.786883E+03
  1.779314E+03
  1.771745E+03
  1.764193E+03
  1.756111E+03
  1.747772E+03
  1.739433E+03
  1.731093E+03
  1.722695E+03
  1.713715E+03
  1.704735E+03
  1.695755E+03
  1.686775E+03
  1.677449E+03
  1.668007E+03
  1.658564E+03
  1.649122E+03
  1.639417E+03
  1.629551E+03
  1.619686E+03
  1.609820E+03
  1.599834E+03
  1.589797E+03
  1.579760E+03
  1.569724E+03
  1.559956E+03
  1.550197E+03
  1.540439E+03
  1.530802E+03
  1.521322E+03
  1.511847E+03
  1.502363E+03
  1.492715E+03
  1.483077E+03
  1.473440E+03
  1.463425E+03
  1.453375E+03
  1.443343E+03
  1.432673E+03
  1.421909E+03
  1.411166E+03
  1.399017E+03
  1.386842E+03
  1.374209E+03
  1.359972E+03
  1.345757E+03
  1.330073E+03
  1.313520E+03
  1.296608E+03
  1.277678E+03
  1.258760E+03
  1.238002E+03
  1.216813E+03
  1.194508E+03
  1.171388E+03
  1.147630E+03
  1.123119E+03
  1.098244E+03
  1.072916E+03
  1.047443E+03
  1.021844E+03
  9.964285E+02
  9.710883E+02
  9.465197E+02
  9.224133E+02
  8.991380E+02
  8.772435E+02
  8.563729E+02
  8.369465E+02
  8.197029E+02
  8.042054E+02
  7.908008E+02
  7.800257E+02
  7.732615E+02
  7.742154E+02
  7.892228E+02
  8.295154E+02
  9.119118E+02
  1.063242E+03
  1.251321E+03
  1.302972E+03
  1.406642E+03
 -1.592164E+00
  2.270388E-08
  1.232798E+00
  1.232628E+00
  1.232458E+00
  1.232288E+00
  1.232118E+00
  1.231948E+00
  1.231778E+00
  1.231608E+00
  1.231438E+00
  1.230946E+00
  1.230442E+00
  1.229937E+00
  1.229432E+00
  1.228927E+00
  1.228422E+00
  1.227917E+00
  1.227314E+00
  1.226507E+00
  1.225700E+00
  1.224893E+00
  1.224087E+00
  1.223280E+00
  1.222473E+00
  1.221645E+00
  1.220531E+00
  1.219417E+00
  1.218303E+00
  1.217189E+00
  1.216075E+00
  1.214961E+00
  1.213789E+00
  1.212341E+00
  1.210893E+00
  1.209445E+00
  1.207997E+00
  1.206549E+00
  1.205101E+00
  1.203434E+00
  1.201635E+00
  1.199836E+00
  1.198037E+00
  1.196238E+00
  1.194440E+00
  1.192497E+00
  1.190343E+00
  1.188189E+00
  1.186036E+00
  1.183882E+00
  1.181728E+00
  1.179393E+00
  1.176873E+00
  1.174352E+00
  1.171832E+00
  1.169311E+00
  1.166791E+00
  1.163932E+00
  1.161026E+00
  1.158121E+00
  1.155215E+00
  1.152310E+00
  1.149190E+00
  1.145893E+00
  1.142595E+00
  1.139298E+00
  1.136001E+00
  1.132508E+00
  1.128802E+00
  1.125097E+00
  1.121391E+00
  1.117686E+00
  1.113687E+00
  1.109539E+00
  1.105392E+00
  1.101245E+00
  1.097055E+00
  1.092447E+00
  1.087839E+00
  1.083231E+00
  1.078623E+00
  1.073669E+00
  1.068598E+00
  1.063527E+00
  1.058456E+00
  1.053099E+00
  1.047568E+00
  1.042038E+00
  1.036507E+00
  1.030680E+00
  1.024727E+00
  1.018774E+00
  1.012821E+00
  1.006515E+00
  1.000200E+00
  9.938866E-01
  9.874247E-01
  9.807725E-01
  9.741219E-01
  9.674471E-01
  9.604581E-01
  9.534724E-01
  9.464900E-01
  9.392373E-01
  9.319531E-01
  9.246740E-01
  9.171183E-01
  9.095185E-01
  9.019247E-01
  8.939195E-01
  8.859061E-01
  8.777804E-01
  8.692593E-01
  8.607443E-01
  8.518804E-01
  8.428108E-01
  8.336553E-01
  8.240113E-01
  8.143717E-01
  8.042705E-01
  7.940625E-01
  7.835425E-01
  7.727955E-01
  7.618123E-01
  7.505505E-01
  7.390706E-01
  7.273202E-01
  7.153334E-01
  7.031411E-01
  6.906652E-01
  6.780788E-01
  6.651404E-01
  6.520873E-01
  6.388280E-01
  6.253369E-01
  6.116984E-01
  5.978695E-01
  5.837810E-01
  5.694944E-01
  5.549919E-01
  5.402757E-01
  5.254340E-01
  5.109984E-01
  4.981012E-01
  4.885494E-01
  4.853796E-01
  4.954872E-01
  5.103149E-01
  4.818546E-01
  5.141000E-01
  1.495576E-01
  8.196639E-07
  1.087821E+00
  1.087756E+00
  1.087691E+00
  1.087626E+00
  1.087561E+00
  1.087496E+00
  1.087430E+00
  1.087365E+00
  1.087300E+00
  1.087209E+00
  1.087117E+00
  1.087024E+00
  1.086932E+00
  1.086840E+00
  1.086748E+00
  1.086655E+00
  1.086605E+00
  1.086642E+00
  1.086679E+00
  1.086716E+00
  1.086753E+00
  1.086791E+00
  1.086828E+00
  1.086872E+00
  1.087015E+00
  1.087158E+00
  1.087301E+00
  1.087444E+00
  1.087588E+00
  1.087731E+00
  1.087876E+00
  1.088027E+00
  1.088178E+00
  1.088329E+00
  1.088481E+00
  1.088632E+00
  1.088784E+00
  1.088925E+00
  1.089059E+00
  1.089193E+00
  1.089327E+00
  1.089462E+00
  1.089596E+00
  1.089721E+00
  1.089832E+00
  1.089942E+00
  1.090053E+00
  1.090164E+00
  1.090276E+00
  1.090322E+00
  1.090302E+00
  1.090281E+00
  1.090261E+00
  1.090242E+00
  1.090223E+00
  1.089940E+00
  1.089621E+00
  1.089303E+00
  1.088985E+00
  1.088668E+00
  1.088158E+00
  1.087488E+00
  1.086818E+00
  1.086149E+00
  1.085481E+00
  1.084650E+00
  1.083644E+00
  1.082639E+00
  1.081633E+00
  1.080628E+00
  1.079413E+00
  1.078091E+00
  1.076770E+00
  1.075449E+00
  1.074108E+00
  1.072565E+00
  1.071023E+00
  1.069480E+00
  1.067939E+00
  1.066159E+00
  1.064300E+00
  1.062441E+00
  1.060583E+00
  1.058238E+00
  1.055597E+00
  1.052955E+00
  1.050313E+00
  1.046828E+00
  1.042981E+00
  1.039133E+00
  1.035285E+00
  1.030049E+00
  1.024779E+00
  1.019510E+00
  1.013446E+00
  1.006361E+00
  9.992818E-01
  9.920546E-01
  9.829657E-01
  9.738908E-01
  9.648296E-01
  9.546345E-01
  9.443077E-01
  9.340024E-01
  9.235236E-01
  9.130340E-01
  9.025678E-01
  8.925684E-01
  8.826053E-01
  8.728639E-01
  8.638223E-01
  8.547951E-01
  8.465193E-01
  8.386917E-01
  8.310760E-01
  8.245690E-01
  8.180657E-01
  8.126079E-01
  8.073985E-01
  8.028693E-01
  7.988365E-01
  7.951856E-01
  7.919847E-01
  7.889478E-01
  7.861150E-01
  7.833388E-01
  7.806147E-01
  7.779150E-01
  7.752322E-01
  7.726347E-01
  7.701333E-01
  7.677974E-01
  7.658447E-01
  7.642420E-01
  7.631710E-01
  7.631132E-01
  7.640457E-01
  7.663003E-01
  7.703992E-01
  7.775013E-01
  7.902587E-01
  8.127301E-01
  8.519158E-01
  9.193667E-01
  1.038187E+00
  1.194049E+00
  1.271977E+00
  1.499106E+00
  6.717231E-01
  4.259439E-06
  1.260225E+00
  1.260007E+00
  1.259789E+00
  1.259572E+00
  1.259354E+00
  1.259136E+00
  1.258919E+00
  1.258701E+00
  1.258484E+00
  1.257873E+00
  1.257245E+00
  1.256618E+00
  1.255991E+00
  1.255363E+00
  1.254736E+00
  1.254109E+00
  1.253367E+00
  1.252384E+00
  1.251401E+00
  1.250418E+00
  1.249435E+00
  1.248452E+00
  1.247469E+00
  1.246459E+00
  1.245070E+00
  1.243682E+00
  1.242293E+00
  1.240905E+00
  1.239516E+00
  1.238128E+00
  1.236652E+00
  1.234766E+00
  1.232879E+00
  1.230992E+00
  1.229106E+00
  1.227219E+00
  1.225332E+00
  1.223102E+00
  1.220667E+00
  1.218232E+00
  1.215797E+00
  1.213362E+00
  1.210927E+00
  1.208275E+00
  1.205302E+00
  1.202329E+00
  1.199356E+00
  1.196384E+00
  1.193411E+00
  1.190193E+00
  1.186723E+00
  1.183252E+00
  1.179782E+00
  1.176312E+00
  1.172842E+00
  1.168978E+00
  1.165059E+00
  1.161141E+00
  1.157222E+00
  1.153304E+00
  1.149164E+00
  1.144842E+00
  1.140520E+00
  1.136198E+00
  1.131876E+00
  1.127346E+00
  1.122591E+00
  1.117836E+00
  1.113081E+00
  1.108336E+00
  1.103259E+00
  1.098020E+00
  1.092781E+00
  1.087542E+00
  1.082266E+00
  1.076624E+00
  1.070983E+00
  1.065341E+00
  1.059699E+00
  1.053841E+00
  1.047909E+00
  1.041977E+00
  1.036045E+00
  1.029947E+00
  1.023749E+00
  1.017551E+00
  1.011354E+00
  1.005080E+00
  9.987741E-01
  9.924686E-01
  9.861636E-01
  9.800269E-01
  9.738955E-01
  9.677654E-01
  9.617111E-01
  9.557555E-01
  9.498031E-01
  9.438448E-01
  9.377831E-01
  9.317284E-01
  9.256741E-01
  9.193824E-01
  9.130684E-01
  9.067658E-01
  9.000626E-01
  8.932998E-01
  8.865512E-01
  8.789187E-01
  8.712695E-01
  8.633332E-01
  8.543891E-01
  8.454584E-01
  8.356049E-01
  8.252058E-01
  8.145812E-01
  8.026886E-01
  7.908034E-01
  7.777623E-01
  7.644507E-01
  7.504376E-01
  7.359127E-01
  7.209869E-01
  7.055884E-01
  6.899607E-01
  6.740490E-01
  6.580456E-01
  6.419634E-01
  6.259963E-01
  6.100765E-01
  5.946415E-01
  5.794970E-01
  5.648745E-01
  5.511195E-01
  5.380078E-01
  5.258033E-01
  5.149702E-01
  5.052341E-01
  4.968127E-01
  4.900434E-01
  4.857938E-01
  4.863931E-01
  4.958214E-01
  5.211348E-01
  5.728995E-01
  6.679713E-01
  7.861300E-01
  8.185790E-01
  8.837087E-01
 -1.000261E-03
  1.426348E-11
  9.722700E-01
  9.721360E-01
  9.720020E-01
  9.718680E-01
  9.717340E-01
  9.715999E-01
  9.714659E-01
  9.713319E-01
  9.711979E-01
  9.708102E-01
  9.704120E-01
  9.700138E-01
  9.696156E-01
  9.692175E-01
  9.688193E-01
  9.684211E-01
  9.679461E-01
  9.673097E-01
  9.666734E-01
  9.660370E-01
  9.654006E-01
  9.647643E-01
  9.641280E-01
  9.634755E-01
  9.625969E-01
  9.617184E-01
  9.608399E-01
  9.599615E-01
  9.590830E-01
  9.582045E-01
  9.572803E-01
  9.561384E-01
  9.549966E-01
  9.538547E-01
  9.527129E-01
  9.515711E-01
  9.504293E-01
  9.491144E-01
  9.476959E-01
  9.462774E-01
  9.448588E-01
  9.434404E-01
  9.420219E-01
  9.404902E-01
  9.387917E-01
  9.370932E-01
  9.353947E-01
  9.336963E-01
  9.319979E-01
  9.301564E-01
  9.281687E-01
  9.261810E-01
  9.241933E-01
  9.222057E-01
  9.202181E-01
  9.179632E-01
  9.156717E-01
  9.133803E-01
  9.110890E-01
  9.087977E-01
  9.063375E-01
  9.037370E-01
  9.011365E-01
  8.985360E-01
  8.959356E-01
  8.931809E-01
  8.902584E-01
  8.873359E-01
  8.844136E-01
  8.814912E-01
  8.783369E-01
  8.750660E-01
  8.717952E-01
  8.685245E-01
  8.652201E-01
  8.615857E-01
  8.579513E-01
  8.543170E-01
  8.506827E-01
  8.467750E-01
  8.427753E-01
  8.387757E-01
  8.347762E-01
  8.305514E-01
  8.261892E-01
  8.218272E-01
  8.174653E-01
  8.128697E-01
  8.081744E-01
  8.034793E-01
  7.987846E-01
  7.938110E-01
  7.888310E-01
  7.838516E-01
  7.787555E-01
  7.735095E-01
  7.682647E-01
  7.630007E-01
  7.574891E-01
  7.519799E-01
  7.464731E-01
  7.407529E-01
  7.350075E-01
  7.292660E-01
  7.233061E-01
  7.173111E-01
  7.113206E-01
  7.050056E-01
  6.986839E-01
  6.922735E-01
  6.855515E-01
  6.788342E-01
  6.718420E-01
  6.646878E-01
  6.574659E-01
  6.498594E-01
  6.422564E-01
  6.342900E-01
  6.262396E-01
  6.179436E-01
  6.094688E-01
  6.008079E-01
  5.919276E-01
  5.828755E-01
  5.736100E-01
  5.641580E-01
  5.545439E-01
  5.447060E-01
  5.347808E-01
  5.245778E-01
  5.142840E-01
  5.038274E-01
  4.931876E-01
  4.824313E-01
  4.715244E-01
  4.604124E-01
  4.491440E-01
  4.377051E-01
  4.260973E-01
  4.143904E-01
  4.030036E-01
  3.928298E-01
  3.852943E-01
  3.827916E-01
  3.907598E-01
  4.024500E-01
  3.800017E-01
  4.054271E-01
  1.443593E-01
  5.305670E-02
  5.289368E-02
  5.289052E-02
  5.288735E-02
  5.288419E-02
  5.288102E-02
  5.287785E-02
  5.287469E-02
  5.287152E-02
  5.286836E-02
  5.286393E-02
  5.285944E-02
  5.285496E-02
  5.285047E-02
  5.284599E-02
  5.284151E-02
  5.283702E-02
  5.283457E-02
  5.283638E-02
  5.283819E-02
  5.284000E-02
  5.284181E-02
  5.284363E-02
  5.284544E-02
  5.284760E-02
  5.285456E-02
  5.286152E-02
  5.286848E-02
  5.287545E-02
  5.288242E-02
  5.288939E-02
  5.289643E-02
  5.290379E-02
  5.291115E-02
  5.291852E-02
  5.292589E-02
  5.293327E-02
  5.294066E-02
  5.294750E-02
  5.295402E-02
  5.296056E-02
  5.296710E-02
  5.297365E-02
  5.298021E-02
  5.298630E-02
  5.299167E-02
  5.299706E-02
  5.300246E-02
  5.300788E-02
  5.301332E-02
  5.301557E-02
  5.301458E-02
  5.301360E-02
  5.301265E-02
  5.301171E-02
  5.301079E-02
  5.299704E-02
  5.298155E-02
  5.296607E-02
  5.295062E-02
  5.293519E-02
  5.291039E-02
  5.287783E-02
  5.284529E-02
  5.281276E-02
  5.278025E-02
  5.273988E-02
  5.269096E-02
  5.264206E-02
  5.259318E-02
  5.254431E-02
  5.248520E-02
  5.242094E-02
  5.235670E-02
  5.229247E-02
  5.222727E-02
  5.215223E-02
  5.207721E-02
  5.200222E-02
  5.192726E-02
  5.184071E-02
  5.175029E-02
  5.165990E-02
  5.156953E-02
  5.145551E-02
  5.132706E-02
  5.119860E-02
  5.107014E-02
  5.090065E-02
  5.071359E-02
  5.052650E-02
  5.033938E-02
  5.008480E-02
  4.982857E-02
  4.957236E-02
  4.927752E-02
  4.893307E-02
  4.858886E-02
  4.823747E-02
  4.779556E-02
  4.735432E-02
  4.691373E-02
  4.641799E-02
  4.591583E-02
  4.541471E-02
  4.490513E-02
  4.439501E-02
  4.388602E-02
  4.339971E-02
  4.291516E-02
  4.244139E-02
  4.200165E-02
  4.156261E-02
  4.116011E-02
  4.077943E-02
  4.040905E-02
  4.009262E-02
  3.977637E-02
  3.951099E-02
  3.925771E-02
  3.903753E-02
  3.884150E-02
  3.866406E-02
  3.850851E-02
  3.836095E-02
  3.822331E-02
  3.808844E-02
  3.795609E-02
  3.782492E-02
  3.769456E-02
  3.756834E-02
  3.744677E-02
  3.733324E-02
  3.723832E-02
  3.716038E-02
  3.710828E-02
  3.710541E-02
  3.715067E-02
  3.726019E-02
  3.745936E-02
  3.780453E-02
  3.842464E-02
  3.951704E-02
  4.142208E-02
  4.470138E-02
  5.047824E-02
  5.805599E-02
  6.184435E-02
  7.288675E-02
  3.997401E-02
  1.699840E-02
  1.776290E-01
  1.775983E-01
  1.775677E-01
  1.775370E-01
  1.775063E-01
  1.774757E-01
  1.774450E-01
  1.774143E-01
  1.773836E-01
  1.772975E-01
  1.772091E-01
  1.771207E-01
  1.770323E-01
  1.769439E-01
  1.768555E-01
  1.767671E-01
  1.766625E-01
  1.765240E-01
  1.763854E-01
  1.762469E-01
  1.761084E-01
  1.759698E-01
  1.758313E-01
  1.756889E-01
  1.754932E-01
  1.752975E-01
  1.751018E-01
  1.749061E-01
  1.747104E-01
  1.745148E-01
  1.743069E-01
  1.740410E-01
  1.737750E-01
  1.735091E-01
  1.732432E-01
  1.729773E-01
  1.727114E-01
  1.723972E-01
  1.720540E-01
  1.717108E-01
  1.713676E-01
  1.710244E-01
  1.706812E-01
  1.703074E-01
  1.698884E-01
  1.694694E-01
  1.690505E-01
  1.686315E-01
  1.682125E-01
  1.677589E-01
  1.672698E-01
  1.667807E-01
  1.662916E-01
  1.658026E-01
  1.653135E-01
  1.647688E-01
  1.642165E-01
  1.636641E-01
  1.631118E-01
  1.625595E-01
  1.619762E-01
  1.613669E-01
  1.607577E-01
  1.601485E-01
  1.595393E-01
  1.589009E-01
  1.582307E-01
  1.575604E-01
  1.568902E-01
  1.562214E-01
  1.555058E-01
  1.547673E-01
  1.540289E-01
  1.532904E-01
  1.525467E-01
  1.517515E-01
  1.509563E-01
  1.501611E-01
  1.493659E-01
  1.485400E-01
  1.477039E-01
  1.468677E-01
  1.460316E-01
  1.451721E-01
  1.442985E-01
  1.434248E-01
  1.425512E-01
  1.416669E-01
  1.407781E-01
  1.398893E-01
  1.390006E-01
  1.381356E-01
  1.372714E-01
  1.364074E-01
  1.355541E-01
  1.347147E-01
  1.338758E-01
  1.330360E-01
  1.321817E-01
  1.313283E-01
  1.304750E-01
  1.295881E-01
  1.286980E-01
  1.278096E-01
  1.268646E-01
  1.259111E-01
  1.249597E-01
  1.238836E-01
  1.228051E-01
  1.216862E-01
  1.204252E-01
  1.191661E-01
  1.177770E-01
  1.163110E-01
  1.148132E-01
  1.131369E-01
  1.114616E-01
  1.096235E-01
  1.077472E-01
  1.057722E-01
  1.037251E-01
  1.016216E-01
  9.945143E-02
  9.724899E-02
  9.500651E-02
  9.275113E-02
  9.048459E-02
  8.823426E-02
  8.599058E-02
  8.381518E-02
  8.168068E-02
  7.961972E-02
  7.768099E-02
  7.583287E-02
  7.411258E-02
  7.258553E-02
  7.121306E-02
  7.002587E-02
  6.907148E-02
  6.847222E-02
  6.855634E-02
  6.988484E-02
  7.345223E-02
  8.074771E-02
  9.414692E-02
  1.107998E-01
  1.153722E-01
  1.245504E-01
 -1.725522E-04
  1.650065E-07
  9.724604E-01
  9.723264E-01
  9.721924E-01
  9.720584E-01
  9.719244E-01
  9.717904E-01
  9.716564E-01
  9.715224E-01
  9.713884E-01
  9.710008E-01
  9.706026E-01
  9.702045E-01
  9.698063E-01
  9.694082E-01
  9.690100E-01
  9.686119E-01
  9.681370E-01
  9.675007E-01
  9.668645E-01
  9.662283E-01
  9.655920E-01
  9.649558E-01
  9.643196E-01
  9.636672E-01
  9.627889E-01
  9.619106E-01
  9.610324E-01
  9.601541E-01
  9.592758E-01
  9.583976E-01
  9.574736E-01
  9.563320E-01
  9.551905E-01
  9.540490E-01
  9.529075E-01
  9.517660E-01
  9.506245E-01
  9.493100E-01
  9.478919E-01
  9.464738E-01
  9.450557E-01
  9.436376E-01
  9.422196E-01
  9.406884E-01
  9.389903E-01
  9.372923E-01
  9.355944E-01
  9.338965E-01
  9.321986E-01
  9.303577E-01
  9.283705E-01
  9.263834E-01
  9.243963E-01
  9.224093E-01
  9.204223E-01
  9.181679E-01
  9.158771E-01
  9.135863E-01
  9.112956E-01
  9.090049E-01
  9.065453E-01
  9.039453E-01
  9.013454E-01
  8.987456E-01
  8.961458E-01
  8.933917E-01
  8.904698E-01
  8.875480E-01
  8.846263E-01
  8.817046E-01
  8.785510E-01
  8.752808E-01
  8.720107E-01
  8.687407E-01
  8.654371E-01
  8.618035E-01
  8.581699E-01
  8.545364E-01
  8.509030E-01
  8.469963E-01
  8.429976E-01
  8.389991E-01
  8.350006E-01
  8.307769E-01
  8.264160E-01
  8.220552E-01
  8.176946E-01
  8.131005E-01
  8.084067E-01
  8.037132E-01
  7.990200E-01
  7.940482E-01
  7.890700E-01
  7.840925E-01
  7.789983E-01
  7.737543E-01
  7.685116E-01
  7.632497E-01
  7.577403E-01
  7.522334E-01
  7.467289E-01
  7.410111E-01
  7.352683E-01
  7.295292E-01
  7.235719E-01
  7.175795E-01
  7.115918E-01
  7.052795E-01
  6.989607E-01
  6.925532E-01
  6.858343E-01
  6.791200E-01
  6.721309E-01
  6.649799E-01
  6.577613E-01
  6.501583E-01
  6.425587E-01
  6.345959E-01
  6.265492E-01
  6.182569E-01
  6.097860E-01
  6.011292E-01
  5.922529E-01
  5.832048E-01
  5.739433E-01
  5.644954E-01
  5.548853E-01
  5.450514E-01
  5.351302E-01
  5.249313E-01
  5.146417E-01
  5.041896E-01
  4.935550E-01
  4.828045E-01
  4.719045E-01
  4.608018E-01
  4.495449E-01
  4.381207E-01
  4.265320E-01
  4.148501E-01
  4.034953E-01
  3.933598E-01
  3.858670E-01
  3.834062E-01
  3.914038E-01
  4.030924E-01
  3.806204E-01
  4.058961E-01
  1.437540E-01
  5.060839E-02
  4.648590E-02
  4.648310E-02
  4.648030E-02
  4.647751E-02
  4.647471E-02
  4.647191E-02
  4.646912E-02
  4.646632E-02
  4.646353E-02
  4.645975E-02
  4.645594E-02
  4.645213E-02
  4.644832E-02
  4.644451E-02
  4.644070E-02
  4.643689E-02
  4.643496E-02
  4.643700E-02
  4.643903E-02
  4.644106E-02
  4.644310E-02
  4.644514E-02
  4.644717E-02
  4.644952E-02
  4.645622E-02
  4.646292E-02
  4.646962E-02
  4.647632E-02
  4.648303E-02
  4.648974E-02
  4.649649E-02
  4.650347E-02
  4.651046E-02
  4.651745E-02
  4.652445E-02
  4.653145E-02
  4.653846E-02
  4.654498E-02
  4.655122E-02
  4.655748E-02
  4.656374E-02
  4.657001E-02
  4.657630E-02
  4.658217E-02
  4.658744E-02
  4.659273E-02
  4.659803E-02
  4.660335E-02
  4.660868E-02
  4.661093E-02
  4.661002E-02
  4.660914E-02
  4.660827E-02
  4.660742E-02
  4.660660E-02
  4.659308E-02
  4.657784E-02
  4.656262E-02
  4.654742E-02
  4.653224E-02
  4.650778E-02
  4.647560E-02
  4.644344E-02
  4.641130E-02
  4.637917E-02
  4.633922E-02
  4.629076E-02
  4.624232E-02
  4.619390E-02
  4.614549E-02
  4.608682E-02
  4.602300E-02
  4.595919E-02
  4.589541E-02
  4.583062E-02
  4.575581E-02
  4.568103E-02
  4.560628E-02
  4.553155E-02
  4.544494E-02
  4.535436E-02
  4.526380E-02
  4.517326E-02
  4.505877E-02
  4.492965E-02
  4.480053E-02
  4.467140E-02
  4.450091E-02
  4.431269E-02
  4.412444E-02
  4.393617E-02
  4.368012E-02
  4.342240E-02
  4.316470E-02
  4.286838E-02
  4.252246E-02
  4.217677E-02
  4.182393E-02
  4.138108E-02
  4.093888E-02
  4.049731E-02
  4.000148E-02
  3.949931E-02
  3.899814E-02
  3.848961E-02
  3.798069E-02
  3.747285E-02
  3.698909E-02
  3.650710E-02
  3.603615E-02
  3.560029E-02
  3.516508E-02
  3.476706E-02
  3.439120E-02
  3.402569E-02
  3.371455E-02
  3.340355E-02
  3.314332E-02
  3.289513E-02
  3.267967E-02
  3.248807E-02
  3.231458E-02
  3.216244E-02
  3.201769E-02
  3.188217E-02
  3.174865E-02
  3.161701E-02
  3.148540E-02
  3.135416E-02
  3.122493E-02
  3.109916E-02
  3.097927E-02
  3.087369E-02
  3.078128E-02
  3.070886E-02
  3.067401E-02
  3.067573E-02
  3.072669E-02
  3.084776E-02
  3.108848E-02
  3.157231E-02
  3.249771E-02
  3.420910E-02
  3.728541E-02
  4.289133E-02
  5.039548E-02
  5.420746E-02
  6.531517E-02
  3.327518E-02
  8.895823E-03
  1.780899E-01
  1.780592E-01
  1.780285E-01
  1.779978E-01
  1.779671E-01
  1.779364E-01
  1.779057E-01
  1.778750E-01
  1.778443E-01
  1.777581E-01
  1.776697E-01
  1.775812E-01
  1.774927E-01
  1.774043E-01
  1.773158E-01
  1.772274E-01
  1.771227E-01
  1.769841E-01
  1.768456E-01
  1.767070E-01
  1.765684E-01
  1.764298E-01
  1.762912E-01
  1.761488E-01
  1.759531E-01
  1.757574E-01
  1.755616E-01
  1.753659E-01
  1.751702E-01
  1.749745E-01
  1.747665E-01
  1.745006E-01
  1.742346E-01
  1.739687E-01
  1.737027E-01
  1.734368E-01
  1.731708E-01
  1.728565E-01
  1.725133E-01
  1.721700E-01
  1.718267E-01
  1.714834E-01
  1.711402E-01
  1.707663E-01
  1.703471E-01
  1.699280E-01
  1.695089E-01
  1.690898E-01
  1.686708E-01
  1.682170E-01
  1.677277E-01
  1.672384E-01
  1.667491E-01
  1.662598E-01
  1.657705E-01
  1.652255E-01
  1.646729E-01
  1.641203E-01
  1.635677E-01
  1.630151E-01
  1.624314E-01
  1.618218E-01
  1.612122E-01
  1.606026E-01
  1.599931E-01
  1.593542E-01
  1.586836E-01
  1.580130E-01
  1.573424E-01
  1.566738E-01
  1.559578E-01
  1.552189E-01
  1.544801E-01
  1.537412E-01
  1.529971E-01
  1.522016E-01
  1.514060E-01
  1.506105E-01
  1.498149E-01
  1.489887E-01
  1.481522E-01
  1.473157E-01
  1.464791E-01
  1.456191E-01
  1.447446E-01
  1.438702E-01
  1.429958E-01
  1.421101E-01
  1.412196E-01
  1.403292E-01
  1.394389E-01
  1.385711E-01
  1.377040E-01
  1.368371E-01
  1.359802E-01
  1.351363E-01
  1.342928E-01
  1.334484E-01
  1.325876E-01
  1.317279E-01
  1.308675E-01
  1.299729E-01
  1.290749E-01
  1.281785E-01
  1.272248E-01
  1.262626E-01
  1.253022E-01
  1.242170E-01
  1.231294E-01
  1.220013E-01
  1.207312E-01
  1.194631E-01
  1.180653E-01
  1.165907E-01
  1.150845E-01
  1.134003E-01
  1.117172E-01
  1.098720E-01
  1.079888E-01
  1.060074E-01
  1.039543E-01
  1.018453E-01
  9.967026E-02
  9.746345E-02
  9.521722E-02
  9.295867E-02
  9.068948E-02
  8.843725E-02
  8.619196E-02
  8.401599E-02
  8.188129E-02
  7.982081E-02
  7.788349E-02
  7.603811E-02
  7.432082E-02
  7.279830E-02
  7.143171E-02
  7.025209E-02
  6.930738E-02
  6.872054E-02
  6.882024E-02
  7.016704E-02
  7.375460E-02
  8.106985E-02
  9.448334E-02
  1.111365E-01
  1.156951E-01
  1.247971E-01
 -2.173234E-04
  1.547378E-07
 -1.904165E-04
 -1.904255E-04
 -1.904345E-04
 -1.904436E-04
 -1.904526E-04
 -1.904616E-04
 -1.904707E-04
 -1.904797E-04
 -1.904887E-04
 -1.905345E-04
 -1.905819E-04
 -1.906292E-04
 -1.906765E-04
 -1.907238E-04
 -1.907712E-04
 -1.908185E-04
 -1.908900E-04
 -1.910122E-04
 -1.911343E-04
 -1.912565E-04
 -1.913787E-04
 -1.915009E-04
 -1.916231E-04
 -1.917516E-04
 -1.919687E-04
 -1.921857E-04
 -1.924027E-04
 -1.926197E-04
 -1.928368E-04
 -1.930538E-04
 -1.932883E-04
 -1.936056E-04
 -1.939229E-04
 -1.942402E-04
 -1.945575E-04
 -1.948749E-04
 -1.951922E-04
 -1.955738E-04
 -1.959938E-04
 -1.964138E-04
 -1.968339E-04
 -1.972540E-04
 -1.976742E-04
 -1.981323E-04
 -1.986464E-04
 -1.991606E-04
 -1.996748E-04
 -2.001891E-04
 -2.007034E-04
 -2.012492E-04
 -2.018272E-04
 -2.024053E-04
 -2.029834E-04
 -2.035617E-04
 -2.041400E-04
 -2.047402E-04
 -2.053435E-04
 -2.059469E-04
 -2.065503E-04
 -2.071538E-04
 -2.077618E-04
 -2.083736E-04
 -2.089855E-04
 -2.095974E-04
 -2.102094E-04
 -2.108346E-04
 -2.114741E-04
 -2.121137E-04
 -2.127534E-04
 -2.133932E-04
 -2.140817E-04
 -2.147949E-04
 -2.155082E-04
 -2.162215E-04
 -2.169467E-04
 -2.177866E-04
 -2.186266E-04
 -2.194668E-04
 -2.203071E-04
 -2.212841E-04
 -2.223073E-04
 -2.233306E-04
 -2.243541E-04
 -2.255291E-04
 -2.267964E-04
 -2.280639E-04
 -2.293313E-04
 -2.307953E-04
 -2.323431E-04
 -2.338904E-04
 -2.354372E-04
 -2.372513E-04
 -2.390708E-04
 -2.408890E-04
 -2.428130E-04
 -2.448726E-04
 -2.469297E-04
 -2.490013E-04
 -2.512776E-04
 -2.535502E-04
 -2.558189E-04
 -2.582655E-04
 -2.607316E-04
 -2.631927E-04
 -2.658202E-04
 -2.684728E-04
 -2.711199E-04
 -2.739644E-04
 -2.768106E-04
 -2.796986E-04
 -2.827420E-04
 -2.857808E-04
 -2.889423E-04
 -2.921760E-04
 -2.954394E-04
 -2.988781E-04
 -3.023152E-04
 -3.059358E-04
 -3.096000E-04
 -3.133896E-04
 -3.172716E-04
 -3.212179E-04
 -3.252401E-04
 -3.292751E-04
 -3.333256E-04
 -3.373548E-04
 -3.413656E-04
 -3.453647E-04
 -3.493602E-04
 -3.534733E-04
 -3.577251E-04
 -3.622276E-04
 -3.674049E-04
 -3.732452E-04
 -3.801441E-04
 -3.893344E-04
 -4.009155E-04
 -4.156940E-04
 -4.347521E-04
 -4.597044E-04
 -4.916989E-04
 -5.300036E-04
 -5.727046E-04
 -6.145360E-04
 -6.439200E-04
 -6.423301E-04
 -6.186457E-04
 -4.689905E-04
  6.053107E-04
  2.448311E-03
  6.407786E-03
  6.407417E-03
  6.407047E-03
  6.406678E-03
  6.406309E-03
  6.405940E-03
  6.405570E-03
  6.405201E-03
  6.404832E-03
  6.404171E-03
  6.403499E-03
  6.402826E-03
  6.402153E-03
  6.401481E-03
  6.400808E-03
  6.400135E-03
  6.399607E-03
  6.399384E-03
  6.399160E-03
  6.398936E-03
  6.398713E-03
  6.398489E-03
  6.398265E-03
  6.398074E-03
  6.398338E-03
  6.398601E-03
  6.398864E-03
  6.399128E-03
  6.399391E-03
  6.399655E-03
  6.399938E-03
  6.400315E-03
  6.400692E-03
  6.401069E-03
  6.401446E-03
  6.401823E-03
  6.402200E-03
  6.402517E-03
  6.402797E-03
  6.403078E-03
  6.403358E-03
  6.403638E-03
  6.403919E-03
  6.404127E-03
  6.404228E-03
  6.404330E-03
  6.404431E-03
  6.404533E-03
  6.404635E-03
  6.404642E-03
  6.404553E-03
  6.404464E-03
  6.404375E-03
  6.404286E-03
  6.404197E-03
  6.403962E-03
  6.403707E-03
  6.403452E-03
  6.403197E-03
  6.402942E-03
  6.402617E-03
  6.402233E-03
  6.401848E-03
  6.401464E-03
  6.401081E-03
  6.400660E-03
  6.400199E-03
  6.399739E-03
  6.399279E-03
  6.398818E-03
  6.398374E-03
  6.397939E-03
  6.397504E-03
  6.397068E-03
  6.396652E-03
  6.396416E-03
  6.396180E-03
  6.395944E-03
  6.395708E-03
  6.395772E-03
  6.395937E-03
  6.396102E-03
  6.396267E-03
  6.396743E-03
  6.397408E-03
  6.398073E-03
  6.398739E-03
  6.399746E-03
  6.400900E-03
  6.402054E-03
  6.403210E-03
  6.404685E-03
  6.406171E-03
  6.407661E-03
  6.409141E-03
  6.410612E-03
  6.412093E-03
  6.413542E-03
  6.414476E-03
  6.415435E-03
  6.416419E-03
  6.416512E-03
  6.416522E-03
  6.416573E-03
  6.415525E-03
  6.414324E-03
  6.413173E-03
  6.410618E-03
  6.408065E-03
  6.405239E-03
  6.401356E-03
  6.397523E-03
  6.393056E-03
  6.388227E-03
  6.383357E-03
  6.378072E-03
  6.372821E-03
  6.367677E-03
  6.362578E-03
  6.357862E-03
  6.353428E-03
  6.349473E-03
  6.346074E-03
  6.343253E-03
  6.341140E-03
  6.339781E-03
  6.339076E-03
  6.339514E-03
  6.340405E-03
  6.343412E-03
  6.347614E-03
  6.353969E-03
  6.364629E-03
  6.379100E-03
  6.399417E-03
  6.431406E-03
  6.474948E-03
  6.533501E-03
  6.611602E-03
  6.716053E-03
  6.852332E-03
  7.019327E-03
  7.212983E-03
  7.415967E-03
  7.586915E-03
  7.660510E-03
  7.636883E-03
  7.571579E-03
  6.698838E-03
  8.102578E-03
 -4.608835E-04
 -4.608560E-04
 -4.608285E-04
 -4.608009E-04
 -4.607734E-04
 -4.607459E-04
 -4.607184E-04
 -4.606908E-04
 -4.606633E-04
 -4.606064E-04
 -4.605482E-04
 -4.604900E-04
 -4.604319E-04
 -4.603737E-04
 -4.603156E-04
 -4.602574E-04
 -4.602035E-04
 -4.601583E-04
 -4.601131E-04
 -4.600680E-04
 -4.600228E-04
 -4.599777E-04
 -4.599326E-04
 -4.598884E-04
 -4.598576E-04
 -4.598268E-04
 -4.597959E-04
 -4.597652E-04
 -4.597344E-04
 -4.597036E-04
 -4.596707E-04
 -4.596276E-04
 -4.595846E-04
 -4.595415E-04
 -4.594985E-04
 -4.594555E-04
 -4.594125E-04
 -4.593489E-04
 -4.592729E-04
 -4.591970E-04
 -4.591211E-04
 -4.590452E-04
 -4.589694E-04
 -4.588719E-04
 -4.587425E-04
 -4.586132E-04
 -4.584840E-04
 -4.583548E-04
 -4.582256E-04
 -4.580586E-04
 -4.578530E-04
 -4.576474E-04
 -4.574420E-04
 -4.572365E-04
 -4.570312E-04
 -4.567486E-04
 -4.564555E-04
 -4.561625E-04
 -4.558696E-04
 -4.555767E-04
 -4.552422E-04
 -4.548732E-04
 -4.545042E-04
 -4.541353E-04
 -4.537665E-04
 -4.533785E-04
 -4.529697E-04
 -4.525610E-04
 -4.521523E-04
 -4.523974E-04
 -4.519970E-04
 -4.516014E-04
 -4.512057E-04
 -4.508101E-04
 -4.504199E-04
 -4.500822E-04
 -4.497444E-04
 -4.494065E-04
 -4.490686E-04
 -4.486999E-04
 -4.483208E-04
 -4.479414E-04
 -4.475617E-04
 -4.469294E-04
 -4.461428E-04
 -4.453559E-04
 -4.445687E-04
 -4.431941E-04
 -4.415681E-04
 -4.399421E-04
 -4.383159E-04
 -4.354567E-04
 -4.325675E-04
 -4.296794E-04
 -4.260714E-04
 -4.215379E-04
 -4.170082E-04
 -4.123409E-04
 -4.059512E-04
 -3.995703E-04
 -3.925549E-04
 -3.848044E-04
 -3.768826E-04
 -3.689753E-04
 -3.602609E-04
 -3.514178E-04
 -3.425931E-04
 -3.334119E-04
 -3.242378E-04
 -3.151026E-04
 -3.060510E-04
 -2.970193E-04
 -2.882802E-04
 -2.797217E-04
 -2.712876E-04
 -2.634475E-04
 -2.556222E-04
 -2.484963E-04
 -2.415446E-04
 -2.351591E-04
 -2.291873E-04
 -2.237179E-04
 -2.188359E-04
 -2.144597E-04
 -2.107066E-04
 -2.075419E-04
 -2.048880E-04
 -2.029895E-04
 -2.013864E-04
 -2.008047E-04
 -2.006043E-04
 -2.010867E-04
 -2.024992E-04
 -2.052388E-04
 -2.082373E-04
 -2.127692E-04
 -2.186542E-04
 -2.262221E-04
 -2.358993E-04
 -2.483280E-04
 -2.639008E-04
 -2.821988E-04
 -3.023699E-04
 -3.221383E-04
 -3.364135E-04
 -3.367528E-04
 -3.229357E-04
 -2.466627E-04
  4.477117E-05
  1.026870E-08
  1.273240E+00
  1.273211E+00
  1.273125E+00
  1.272981E+00
  1.272781E+00
  1.272522E+00
  1.272207E+00
  1.271834E+00
  1.271403E+00
  1.270915E+00
  1.270369E+00
  1.269765E+00
  1.269104E+00
  1.268384E+00
  1.267607E+00
  1.266771E+00
  1.265877E+00
  1.264925E+00
  1.263915E+00
  1.262845E+00
  1.261717E+00
  1.260530E+00
  1.259284E+00
  1.257979E+00
  1.256614E+00
  1.255190E+00
  1.253705E+00
  1.252161E+00
  1.250556E+00
  1.248891E+00
  1.247165E+00
  1.245378E+00
  1.243529E+00
  1.241620E+00
  1.239648E+00
  1.237614E+00
  1.235518E+00
  1.233359E+00
  1.231136E+00
  1.228851E+00
  1.226501E+00
  1.224088E+00
  1.221610E+00
  1.219067E+00
  1.216458E+00
  1.213784E+00
  1.211044E+00
  1.208237E+00
  1.205362E+00
  1.202421E+00
  1.199411E+00
  1.196332E+00
  1.193185E+00
  1.189968E+00
  1.186680E+00
  1.183322E+00
  1.179892E+00
  1.176390E+00
  1.172816E+00
  1.169168E+00
  1.165446E+00
  1.161649E+00
  1.157776E+00
  1.153828E+00
  1.149802E+00
  1.145699E+00
  1.141516E+00
  1.137254E+00
  1.132912E+00
  1.128488E+00
  1.123982E+00
  1.119393E+00
  1.114719E+00
  1.109960E+00
  1.105114E+00
  1.100180E+00
  1.095157E+00
  1.090045E+00
  1.084841E+00
  1.079544E+00
  1.074153E+00
  1.068667E+00
  1.063083E+00
  1.057401E+00
  1.051619E+00
  1.045735E+00
  1.039748E+00
  1.033655E+00
  1.027455E+00
  1.021146E+00
  1.014726E+00
  1.008193E+00
  1.001543E+00
  9.947766E-01
  9.878894E-01
  9.808795E-01
  9.737441E-01
  9.664805E-01
  9.590857E-01
  9.515567E-01
  9.438904E-01
  9.360832E-01
  9.281318E-01
  9.200322E-01
  9.117806E-01
  9.033729E-01
  8.948045E-01
  8.860709E-01
  8.771671E-01
  8.680879E-01
  8.588277E-01
  8.493806E-01
  8.397402E-01
  8.299000E-01
  8.198525E-01
  8.095903E-01
  7.991048E-01
  7.883874E-01
  7.774283E-01
  7.662172E-01
  7.547428E-01
  7.429930E-01
  7.309546E-01
  7.186128E-01
  7.059520E-01
  6.929545E-01
  6.796012E-01
  6.658704E-01
  6.517385E-01
  6.371787E-01
  6.221609E-01
  6.066513E-01
  5.906109E-01
  5.739954E-01
  5.567532E-01
  5.388241E-01
  5.201372E-01
  5.006076E-01
  4.801325E-01
  4.585853E-01
  4.358068E-01
  4.115929E-01
  3.856731E-01
  3.576769E-01
  3.270715E-01
  2.930404E-01
  2.542116E-01
  2.079144E-01
  1.472658E-01
  0.000000E+00
  9.203460E-02
  9.203610E-02
  9.203760E-02
  9.203910E-02
  9.204060E-02
  9.204209E-02
  9.204359E-02
  9.204509E-02
  9.204659E-02
  9.205089E-02
  9.205530E-02
  9.205971E-02
  9.206412E-02
  9.206853E-02
  9.207293E-02
  9.207734E-02
  9.208284E-02
  9.209060E-02
  9.209837E-02
  9.210613E-02
  9.211390E-02
  9.212166E-02
  9.212943E-02
  9.213745E-02
  9.214908E-02
  9.216070E-02
  9.217233E-02
  9.218396E-02
  9.219558E-02
  9.220721E-02
  9.221959E-02
  9.223556E-02
  9.225152E-02
  9.226749E-02
  9.228346E-02
  9.229942E-02
  9.231539E-02
  9.233414E-02
  9.235457E-02
  9.237500E-02
  9.239543E-02
  9.241586E-02
  9.243628E-02
  9.245802E-02
  9.248167E-02
  9.250533E-02
  9.252898E-02
  9.255264E-02
  9.257629E-02
  9.259921E-02
  9.262137E-02
  9.264354E-02
  9.266570E-02
  9.268786E-02
  9.271002E-02
  9.272539E-02
  9.273984E-02
  9.275429E-02
  9.276873E-02
  9.278317E-02
  9.279459E-02
  9.280351E-02
  9.281242E-02
  9.282133E-02
  9.283024E-02
  9.283937E-02
  9.284873E-02
  9.285810E-02
  9.286746E-02
  9.301557E-02
  9.303026E-02
  9.304777E-02
  9.306527E-02
  9.308278E-02
  9.310187E-02
  9.313653E-02
  9.317119E-02
  9.320585E-02
  9.324051E-02
  9.327903E-02
  9.331885E-02
  9.335866E-02
  9.339848E-02
  9.340532E-02
  9.339204E-02
  9.337876E-02
  9.336547E-02
  9.327277E-02
  9.314609E-02
  9.301940E-02
  9.289271E-02
  9.260189E-02
  9.230696E-02
  9.202544E-02
  9.165400E-02
  9.116542E-02
  9.067682E-02
  9.016993E-02
  8.947614E-02
  8.880233E-02
  8.803997E-02
  8.729961E-02
  8.661966E-02
  8.602823E-02
  8.546626E-02
  8.515776E-02
  8.510476E-02
  8.505499E-02
  8.506547E-02
  8.507600E-02
  8.508684E-02
  8.509764E-02
  8.516907E-02
  8.528219E-02
  8.543762E-02
  8.559618E-02
  8.575473E-02
  8.591433E-02
  8.609711E-02
  8.633526E-02
  8.657185E-02
  8.680174E-02
  8.702372E-02
  8.723504E-02
  8.747317E-02
  8.771280E-02
  8.793889E-02
  8.814281E-02
  8.833829E-02
  8.851056E-02
  8.866729E-02
  8.879628E-02
  8.890463E-02
  8.894721E-02
  8.902871E-02
  8.908865E-02
  8.916645E-02
  8.928241E-02
  8.938502E-02
  8.947367E-02
  8.954870E-02
  8.961175E-02
  8.975577E-02
  8.993743E-02
  9.030362E-02
  9.086102E-02
  9.143465E-02
  9.208897E-02
  1.098054E-01
  2.649563E-02
 -2.156224E-01
 -2.153651E-01
 -2.151077E-01
 -2.148504E-01
 -2.145931E-01
 -2.143358E-01
 -2.140785E-01
 -2.138211E-01
 -2.135638E-01
 -2.128183E-01
 -2.120526E-01
 -2.112869E-01
 -2.105212E-01
 -2.097555E-01
 -2.089898E-01
 -2.082241E-01
 -2.072634E-01
 -2.058934E-01
 -2.045234E-01
 -2.031534E-01
 -2.017834E-01
 -2.004134E-01
 -1.990434E-01
 -1.976250E-01
 -1.955299E-01
 -1.934349E-01
 -1.913398E-01
 -1.892448E-01
 -1.871498E-01
 -1.850547E-01
 -1.828089E-01
 -1.798455E-01
 -1.768821E-01
 -1.739187E-01
 -1.709553E-01
 -1.679920E-01
 -1.650286E-01
 -1.614385E-01
 -1.574728E-01
 -1.535070E-01
 -1.495413E-01
 -1.455756E-01
 -1.416099E-01
 -1.372426E-01
 -1.322835E-01
 -1.273245E-01
 -1.223655E-01
 -1.174064E-01
 -1.124474E-01
 -1.072494E-01
 -1.018071E-01
 -9.636475E-02
 -9.092240E-02
 -8.548005E-02
 -8.003770E-02
 -7.496833E-02
 -6.994985E-02
 -6.493137E-02
 -5.991289E-02
 -5.489441E-02
 -5.005429E-02
 -4.536235E-02
 -4.067041E-02
 -3.597847E-02
 -3.128654E-02
 -2.651297E-02
 -2.165069E-02
 -1.678840E-02
 -1.192612E-02
  1.660497E-02
  2.196624E-02
  2.760173E-02
  3.323723E-02
  3.887272E-02
  4.464915E-02
  5.180780E-02
  5.896646E-02
  6.612511E-02
  7.328376E-02
  8.130721E-02
  8.962173E-02
  9.793623E-02
  1.062507E-01
  1.136058E-01
  1.203755E-01
  1.271452E-01
  1.339149E-01
  1.376254E-01
  1.400266E-01
  1.424278E-01
  1.448290E-01
  1.404593E-01
  1.359200E-01
  1.313806E-01
  1.227966E-01
  1.090030E-01
  9.520950E-02
  8.059855E-02
  5.597894E-02
  3.135931E-02
 -1.647077E-02
 -4.778571E-02
 -7.999270E-02
 -1.121996E-01
 -1.461624E-01
 -1.804394E-01
 -2.147162E-01
 -2.466110E-01
 -2.784219E-01
 -3.089034E-01
 -3.348852E-01
 -3.608668E-01
 -3.817840E-01
 -3.996877E-01
 -4.161256E-01
 -4.246263E-01
 -4.331270E-01
 -4.335189E-01
 -4.319885E-01
 -4.246861E-01
 -4.131738E-01
 -3.977262E-01
 -3.776516E-01
 -3.545370E-01
 -3.276600E-01
 -2.979548E-01
 -2.657898E-01
 -2.307065E-01
 -1.944790E-01
 -1.551697E-01
 -1.150007E-01
 -7.330018E-02
 -3.016033E-02
  3.786529E-02
  8.272221E-02
  1.285353E-01
  1.749035E-01
  2.217997E-01
  2.691670E-01
  3.169515E-01
  3.650718E-01
  4.134351E-01
  4.619938E-01
  5.107024E-01
  5.595216E-01
  6.084152E-01
  6.573435E-01
  7.062798E-01
  3.942153E-01
  2.291573E+00
  9.895559E-01
  9.895559E-01
  9.895559E-01
  9.895559E-01
  9.895559E-01
  9.895559E-01
  9.895558E-01
  9.895558E-01
  9.895558E-01
  9.895558E-01
  9.895557E-01
  9.895557E-01
  9.895556E-01
  9.895556E-01
  9.895555E-01
  9.895555E-01
  9.895554E-01
  9.895553E-01
  9.895552E-01
  9.895552E-01
  9.895551E-01
  9.895550E-01
  9.895549E-01
  9.895548E-01
  9.895547E-01
  9.895546E-01
  9.895545E-01
  9.895543E-01
  9.895542E-01
  9.895541E-01
  9.895540E-01
  9.895538E-01
  9.895537E-01
  9.895535E-01
  9.895533E-01
  9.895532E-01
  9.895530E-01
  9.895529E-01
  9.895527E-01
  9.895525E-01
  9.895523E-01
  9.895521E-01
  9.895520E-01
  9.895518E-01
  9.895516E-01
  9.895514E-01
  9.895512E-01
  9.895510E-01
  9.895508E-01
  9.895507E-01
  9.895505E-01
  9.895503E-01
  9.895502E-01
  9.895500E-01
  9.895499E-01
  9.895498E-01
  9.895497E-01
  9.895496E-01
  9.895495E-01
  9.895494E-01
  9.895493E-01
  9.895492E-01
  9.895492E-01
  9.895491E-01
  9.895491E-01
  9.895490E-01
  9.895490E-01
  9.895490E-01
  9.895490E-01
  9.895490E-01
  9.895490E-01
  9.895491E-01
  9.895491E-01
  9.895492E-01
  9.895492E-01
  9.895493E-01
  9.895495E-01
  9.895496E-01
  9.895497E-01
  9.895499E-01
  9.895501E-01
  9.895504E-01
  9.895506E-01
  9.895509E-01
  9.895511E-01
  9.895514E-01
  9.895516E-01
  9.895518E-01
  9.895519E-01
  9.895520E-01
  9.895521E-01
  9.895519E-01
  9.895517E-01
  9.895515E-01
  9.895512E-01
  9.895507E-01
  9.895503E-01
  9.895499E-01
  9.895494E-01
  9.895491E-01
  9.895490E-01
  9.895493E-01
  9.895499E-01
  9.895508E-01
  9.895522E-01
  9.895538E-01
  9.895559E-01
  9.895581E-01
  9.895606E-01
  9.895633E-01
  9.895658E-01
  9.895686E-01
  9.895709E-01
  9.895730E-01
  9.895750E-01
  9.895761E-01
  9.895772E-01
  9.895773E-01
  9.895771E-01
  9.895761E-01
  9.895747E-01
  9.895728E-01
  9.895704E-01
  9.895679E-01
  9.895651E-01
  9.895623E-01
  9.895596E-01
  9.895570E-01
  9.895546E-01
  9.895526E-01
  9.895509E-01
  9.895497E-01
  9.895491E-01
  9.895492E-01
  9.895500E-01
  9.895514E-01
  9.895535E-01
  9.895564E-01
  9.895599E-01
  9.895641E-01
  9.895690E-01
  9.895747E-01
  9.895811E-01
  9.895882E-01
  9.895961E-01
  9.896047E-01
  9.896141E-01
  9.896241E-01
  8.085356E-01
  1.205677E-05
 -2.282524E+02
 -2.281745E+02
 -2.280966E+02
 -2.280187E+02
 -2.279408E+02
 -2.278629E+02
 -2.277850E+02
 -2.277071E+02
 -2.276291E+02
 -2.273505E+02
 -2.270636E+02
 -2.267766E+02
 -2.264897E+02
 -2.262027E+02
 -2.259158E+02
 -2.256288E+02
 -2.252539E+02
 -2.246943E+02
 -2.241346E+02
 -2.235750E+02
 -2.230153E+02
 -2.224557E+02
 -2.218960E+02
 -2.213187E+02
 -2.204959E+02
 -2.196730E+02
 -2.188501E+02
 -2.180272E+02
 -2.172043E+02
 -2.163814E+02
 -2.155189E+02
 -2.144684E+02
 -2.134178E+02
 -2.123672E+02
 -2.113166E+02
 -2.102659E+02
 -2.092152E+02
 -2.080239E+02
 -2.067483E+02
 -2.054727E+02
 -2.041969E+02
 -2.029211E+02
 -2.016452E+02
 -2.002787E+02
 -1.987788E+02
 -1.972788E+02
 -1.957786E+02
 -1.942783E+02
 -1.927779E+02
 -1.911920E+02
 -1.895188E+02
 -1.878454E+02
 -1.861718E+02
 -1.844981E+02
 -1.828241E+02
 -1.810682E+02
 -1.793008E+02
 -1.775334E+02
 -1.757657E+02
 -1.739979E+02
 -1.721923E+02
 -1.703553E+02
 -1.685182E+02
 -1.666809E+02
 -1.648434E+02
 -1.629637E+02
 -1.610381E+02
 -1.591123E+02
 -1.571864E+02
 -1.552603E+02
 -1.532531E+02
 -1.512050E+02
 -1.491568E+02
 -1.471084E+02
 -1.450427E+02
 -1.428079E+02
 -1.405729E+02
 -1.383378E+02
 -1.361023E+02
 -1.337656E+02
 -1.313945E+02
 -1.290233E+02
 -1.266519E+02
 -1.243558E+02
 -1.221059E+02
 -1.198561E+02
 -1.176065E+02
 -1.156209E+02
 -1.137487E+02
 -1.118770E+02
 -1.100059E+02
 -1.086581E+02
 -1.073236E+02
 -1.059893E+02
 -1.049911E+02
 -1.044245E+02
 -1.038562E+02
 -1.033526E+02
 -1.036585E+02
 -1.039588E+02
 -1.042539E+02
 -1.049892E+02
 -1.057756E+02
 -1.065536E+02
 -1.072418E+02
 -1.079063E+02
 -1.085621E+02
 -1.086874E+02
 -1.087873E+02
 -1.086907E+02
 -1.079468E+02
 -1.071989E+02
 -1.058066E+02
 -1.040313E+02
 -1.020826E+02
 -9.920028E+01
 -9.631892E+01
 -9.255660E+01
 -8.858690E+01
 -8.403622E+01
 -7.906205E+01
 -7.372088E+01
 -6.794713E+01
 -6.193790E+01
 -5.563602E+01
 -4.914519E+01
 -4.248846E+01
 -3.562890E+01
 -2.868624E+01
 -2.146159E+01
 -1.410765E+01
 -6.525388E+00
  1.421707E+00
  9.658882E+00
  1.831453E+01
  2.769843E+01
  3.775697E+01
  4.868366E+01
  6.076312E+01
  7.457086E+01
  9.120373E+01
  1.121274E+02
  1.399674E+02
  1.790190E+02
  2.373246E+02
  3.127584E+02
  3.744487E+02
  4.772643E+02
  2.678546E+02
  1.784489E-03
  1.099369E+04
  1.099218E+04
  1.099066E+04
  1.098915E+04
  1.098764E+04
  1.098613E+04
  1.098462E+04
  1.098311E+04
  1.098159E+04
  1.097722E+04
  1.097273E+04
  1.096825E+04
  1.096376E+04
  1.095927E+04
  1.095478E+04
  1.095029E+04
  1.094494E+04
  1.093778E+04
  1.093061E+04
  1.092344E+04
  1.091628E+04
  1.090911E+04
  1.090195E+04
  1.089460E+04
  1.088471E+04
  1.087482E+04
  1.086494E+04
  1.085505E+04
  1.084516E+04
  1.083527E+04
  1.082487E+04
  1.081201E+04
  1.079916E+04
  1.078631E+04
  1.077345E+04
  1.076060E+04
  1.074775E+04
  1.073294E+04
  1.071697E+04
  1.070100E+04
  1.068503E+04
  1.066906E+04
  1.065309E+04
  1.063585E+04
  1.061672E+04
  1.059760E+04
  1.057847E+04
  1.055935E+04
  1.054023E+04
  1.051949E+04
  1.049710E+04
  1.047472E+04
  1.045233E+04
  1.042995E+04
  1.040756E+04
  1.038216E+04
  1.035634E+04
  1.033052E+04
  1.030470E+04
  1.027889E+04
  1.025116E+04
  1.022185E+04
  1.019253E+04
  1.016322E+04
  1.013391E+04
  1.010285E+04
  1.006990E+04
  1.003695E+04
  1.000400E+04
  9.971050E+03
  9.935480E+03
  9.898592E+03
  9.861706E+03
  9.824820E+03
  9.787554E+03
  9.746564E+03
  9.705575E+03
  9.664586E+03
  9.623598E+03
  9.579522E+03
  9.534407E+03
  9.489293E+03
  9.444180E+03
  9.396510E+03
  9.347280E+03
  9.298052E+03
  9.248826E+03
  9.196933E+03
  9.143900E+03
  9.090871E+03
  9.037846E+03
  8.981620E+03
  8.925321E+03
  8.869029E+03
  8.811389E+03
  8.752017E+03
  8.692659E+03
  8.633081E+03
  8.570634E+03
  8.508218E+03
  8.445832E+03
  8.380999E+03
  8.315880E+03
  8.250807E+03
  8.183271E+03
  8.115342E+03
  8.047469E+03
  7.975960E+03
  7.904379E+03
  7.831811E+03
  7.755760E+03
  7.679764E+03
  7.600699E+03
  7.519827E+03
  7.438200E+03
  7.352281E+03
  7.266400E+03
  7.176463E+03
  7.085589E+03
  6.991971E+03
  6.896357E+03
  6.798661E+03
  6.698509E+03
  6.596428E+03
  6.491952E+03
  6.385379E+03
  6.276983E+03
  6.166069E+03
  6.054175E+03
  5.939158E+03
  5.823126E+03
  5.705270E+03
  5.585371E+03
  5.464177E+03
  5.341314E+03
  5.216187E+03
  5.089342E+03
  4.960633E+03
  4.830103E+03
  4.698582E+03
  4.570900E+03
  4.457282E+03
  4.374064E+03
  4.348691E+03
  4.443356E+03
  4.581468E+03
  4.331913E+03
  4.627653E+03
  1.355946E+03
  7.455198E-03
  1.071957E+00
  1.201928E+00
  1.331899E+00
  1.461871E+00
  1.591842E+00
  1.721813E+00
  1.851784E+00
  1.981755E+00
  2.111727E+00
  2.414403E+00
  2.724221E+00
  3.034040E+00
  3.343858E+00
  3.653677E+00
  3.963495E+00
  4.273314E+00
  4.611537E+00
  5.009418E+00
  5.407299E+00
  5.805179E+00
  6.203060E+00
  6.600941E+00
  6.998821E+00
  7.404571E+00
  7.920404E+00
  8.436238E+00
  8.952072E+00
  9.467906E+00
  9.983741E+00
  1.049958E+01
  1.104150E+01
  1.170756E+01
  1.237362E+01
  1.303969E+01
  1.370575E+01
  1.437182E+01
  1.503789E+01
  1.579922E+01
  1.661763E+01
  1.743605E+01
  1.825447E+01
  1.907290E+01
  1.989134E+01
  2.071384E+01
  2.154235E+01
  2.237087E+01
  2.319940E+01
  2.402794E+01
  2.485649E+01
  2.553152E+01
  2.604952E+01
  2.656753E+01
  2.708557E+01
  2.760362E+01
  2.812170E+01
  2.834740E+01
  2.853323E+01
  2.871907E+01
  2.890493E+01
  2.909082E+01
  2.922637E+01
  2.932011E+01
  2.941385E+01
  2.950761E+01
  2.960137E+01
  2.966285E+01
  2.968921E+01
  2.971557E+01
  2.974192E+01
  2.976826E+01
  2.972063E+01
  2.963580E+01
  2.955094E+01
  2.946606E+01
  2.944864E+01
  3.009320E+01
  3.073774E+01
  3.138225E+01
  3.202673E+01
  3.550201E+01
  3.993009E+01
  4.435821E+01
  4.878639E+01
  5.711761E+01
  6.783014E+01
  7.854254E+01
  8.925482E+01
  1.043129E+02
  1.212300E+02
  1.381458E+02
  1.550605E+02
  1.773317E+02
  1.997336E+02
  2.221321E+02
  2.462869E+02
  2.727022E+02
  2.991106E+02
  3.253499E+02
  3.495925E+02
  3.738262E+02
  3.980512E+02
  4.133704E+02
  4.274934E+02
  4.416111E+02
  4.458121E+02
  4.482391E+02
  4.506666E+02
  4.441041E+02
  4.372312E+02
  4.288448E+02
  4.153249E+02
  4.018129E+02
  3.856132E+02
  3.678181E+02
  3.496477E+02
  3.294079E+02
  3.091756E+02
  2.878834E+02
  2.663443E+02
  2.440310E+02
  2.211532E+02
  1.977100E+02
  1.736000E+02
  1.495114E+02
  1.254476E+02
  1.020040E+02
  7.909860E+01
  5.743794E+01
  3.626348E+01
  1.703908E+01
 -1.464056E+00
 -1.867129E+01
 -3.432184E+01
 -4.898225E+01
 -6.236358E+01
 -7.411367E+01
 -8.470545E+01
 -9.402337E+01
 -1.019359E+02
 -1.081483E+02
 -1.122020E+02
 -1.135937E+02
 -1.111758E+02
 -1.035683E+02
 -9.058183E+01
 -7.274857E+01
 -4.880443E+01
 -7.061629E+01
  4.557764E+03
  1.063258E-01
