 Title= "ADflow Lift Distribution Data"
Variables = "eta" "CoordinateX" "CoordinateY" "CoordinateZ" "Lift" "Drag" "Moment" "Normalized Lift" "Normalized Drag" "Normalized Moment" "CL" "CD" "CM" "CLp" "CDp" "CMp" "CLv" "CDv" "CMv" "Elliptical" "thickness" "twist" "chord" "fx" "fy" "fz" 
Zone T= "LiftDist_01 allWalls: : z normal"
 I=          150
 DATAPACKING=BLOCK
  0.000000E+00
  6.711405E-03
  1.342281E-02
  2.013422E-02
  2.684563E-02
  3.355704E-02
  4.026845E-02
  4.697986E-02
  5.369127E-02
  6.040268E-02
  6.711409E-02
  7.382550E-02
  8.053691E-02
  8.724832E-02
  9.395973E-02
  1.006711E-01
  1.073825E-01
  1.140940E-01
  1.208054E-01
  1.275168E-01
  1.342282E-01
  1.409396E-01
  1.476510E-01
  1.543624E-01
  1.610738E-01
  1.677852E-01
  1.744966E-01
  1.812081E-01
  1.879195E-01
  1.946309E-01
  2.013423E-01
  2.080537E-01
  2.147651E-01
  2.214765E-01
  2.281879E-01
  2.348993E-01
  2.416107E-01
  2.483221E-01
  2.550336E-01
  2.617450E-01
  2.684564E-01
  2.751678E-01
  2.818792E-01
  2.885906E-01
  2.953020E-01
  3.020134E-01
  3.087248E-01
  3.154362E-01
  3.221476E-01
  3.288591E-01
  3.355705E-01
  3.422819E-01
  3.489933E-01
  3.557047E-01
  3.624161E-01
  3.691275E-01
  3.758389E-01
  3.825503E-01
  3.892617E-01
  3.959732E-01
  4.026846E-01
  4.093960E-01
  4.161074E-01
  4.228188E-01
  4.295302E-01
  4.362416E-01
  4.429530E-01
  4.496644E-01
  4.563758E-01
  4.630872E-01
  4.697987E-01
  4.765101E-01
  4.832215E-01
  4.899329E-01
  4.966443E-01
  5.033557E-01
  5.100671E-01
  5.167785E-01
  5.234899E-01
  5.302013E-01
  5.369128E-01
  5.436242E-01
  5.503356E-01
  5.570470E-01
  5.637584E-01
  5.704698E-01
  5.771812E-01
  5.838926E-01
  5.906040E-01
  5.973154E-01
  6.040268E-01
  6.107383E-01
  6.174497E-01
  6.241611E-01
  6.308725E-01
  6.375839E-01
  6.442953E-01
  6.510067E-01
  6.577181E-01
  6.644295E-01
  6.711409E-01
  6.778524E-01
  6.845638E-01
  6.912752E-01
  6.979866E-01
  7.046980E-01
  7.114094E-01
  7.181208E-01
  7.248322E-01
  7.315436E-01
  7.382550E-01
  7.449664E-01
  7.516779E-01
  7.583893E-01
  7.651007E-01
  7.718121E-01
  7.785235E-01
  7.852349E-01
  7.919463E-01
  7.986577E-01
  8.053691E-01
  8.120805E-01
  8.187919E-01
  8.255034E-01
  8.322148E-01
  8.389262E-01
  8.456376E-01
  8.523490E-01
  8.590604E-01
  8.657718E-01
  8.724832E-01
  8.791946E-01
  8.859060E-01
  8.926175E-01
  8.993289E-01
  9.060403E-01
  9.127517E-01
  9.194631E-01
  9.261745E-01
  9.328859E-01
  9.395973E-01
  9.463087E-01
  9.530201E-01
  9.597315E-01
  9.664430E-01
  9.731544E-01
  9.798658E-01
  9.865772E-01
  9.932886E-01
  1.000000E+00
  0.000000E+00
  0.000000E+00
  0.000000E+00
  0.000000E+00
  0.000000E+00
  0.000000E+00
  0.000000E+00
  0.000000E+00
  0.000000E+00
  0.000000E+00
  0.000000E+00
  0.000000E+00
  0.000000E+00
  0.000000E+00
  0.000000E+00
  0.000000E+00
  0.000000E+00
  0.000000E+00
  0.000000E+00
  0.000000E+00
  0.000000E+00
  0.000000E+00
  0.000000E+00
  0.000000E+00
  0.000000E+00
  0.000000E+00
  0.000000E+00
  0.000000E+00
  0.000000E+00
  0.000000E+00
  0.000000E+00
  0.000000E+00
  0.000000E+00
  0.000000E+00
  0.000000E+00
  0.000000E+00
  0.000000E+00
  0.000000E+00
  0.000000E+00
  0.000000E+00
  0.000000E+00
  0.000000E+00
  0.000000E+00
  0.000000E+00
  0.000000E+00
  0.000000E+00
  0.000000E+00
  0.000000E+00
  0.000000E+00
  0.000000E+00
  0.000000E+00
  0.000000E+00
  0.000000E+00
  0.000000E+00
  0.000000E+00
  0.000000E+00
  0.000000E+00
  0.000000E+00
  0.000000E+00
  0.000000E+00
  0.000000E+00
  0.000000E+00
  0.000000E+00
  0.000000E+00
  0.000000E+00
  0.000000E+00
  0.000000E+00
  0.000000E+00
  0.000000E+00
  0.000000E+00
  0.000000E+00
  0.000000E+00
  0.000000E+00
  0.000000E+00
  0.000000E+00
  0.000000E+00
  0.000000E+00
  0.000000E+00
  0.000000E+00
  0.000000E+00
  0.000000E+00
  0.000000E+00
  0.000000E+00
  0.000000E+00
  0.000000E+00
  0.000000E+00
  0.000000E+00
  0.000000E+00
  0.000000E+00
  0.000000E+00
  0.000000E+00
  0.000000E+00
  0.000000E+00
  0.000000E+00
  0.000000E+00
  0.000000E+00
  0.000000E+00
  0.000000E+00
  0.000000E+00
  0.000000E+00
  0.000000E+00
  0.000000E+00
  0.000000E+00
  0.000000E+00
  0.000000E+00
  0.000000E+00
  0.000000E+00
  0.000000E+00
  0.000000E+00
  0.000000E+00
  0.000000E+00
  0.000000E+00
  0.000000E+00
  0.000000E+00
  0.000000E+00
  0.000000E+00
  0.000000E+00
  0.000000E+00
  0.000000E+00
  0.000000E+00
  0.000000E+00
  0.000000E+00
  0.000000E+00
  0.000000E+00
  0.000000E+00
  0.000000E+00
  0.000000E+00
  0.000000E+00
  0.000000E+00
  0.000000E+00
  0.000000E+00
  0.000000E+00
  0.000000E+00
  0.000000E+00
  0.000000E+00
  0.000000E+00
  0.000000E+00
  0.000000E+00
  0.000000E+00
  0.000000E+00
  0.000000E+00
  0.000000E+00
  0.000000E+00
  0.000000E+00
  0.000000E+00
  0.000000E+00
  0.000000E+00
  0.000000E+00
  0.000000E+00
  0.000000E+00
  0.000000E+00
  0.000000E+00
  0.000000E+00
  0.000000E+00
  0.000000E+00
  0.000000E+00
  0.000000E+00
  0.000000E+00
  0.000000E+00
  0.000000E+00
  0.000000E+00
  0.000000E+00
  0.000000E+00
  0.000000E+00
  0.000000E+00
  0.000000E+00
  0.000000E+00
  0.000000E+00
  0.000000E+00
  0.000000E+00
  0.000000E+00
  0.000000E+00
  0.000000E+00
  0.000000E+00
  0.000000E+00
  0.000000E+00
  0.000000E+00
  0.000000E+00
  0.000000E+00
  0.000000E+00
  0.000000E+00
  0.000000E+00
  0.000000E+00
  0.000000E+00
  0.000000E+00
  0.000000E+00
  0.000000E+00
  0.000000E+00
  0.000000E+00
  0.000000E+00
  0.000000E+00
  0.000000E+00
  0.000000E+00
  0.000000E+00
  0.000000E+00
  0.000000E+00
  0.000000E+00
  0.000000E+00
  0.000000E+00
  0.000000E+00
  0.000000E+00
  0.000000E+00
  0.000000E+00
  0.000000E+00
  0.000000E+00
  0.000000E+00
  0.000000E+00
  0.000000E+00
  0.000000E+00
  0.000000E+00
  0.000000E+00
  0.000000E+00
  0.000000E+00
  0.000000E+00
  0.000000E+00
  0.000000E+00
  0.000000E+00
  0.000000E+00
  0.000000E+00
  0.000000E+00
  0.000000E+00
  0.000000E+00
  0.000000E+00
  0.000000E+00
  0.000000E+00
  0.000000E+00
  0.000000E+00
  0.000000E+00
  0.000000E+00
  0.000000E+00
  0.000000E+00
  0.000000E+00
  0.000000E+00
  0.000000E+00
  0.000000E+00
  0.000000E+00
  0.000000E+00
  0.000000E+00
  0.000000E+00
  0.000000E+00
  0.000000E+00
  0.000000E+00
  0.000000E+00
  0.000000E+00
  0.000000E+00
  0.000000E+00
  0.000000E+00
  0.000000E+00
  0.000000E+00
  0.000000E+00
  0.000000E+00
  0.000000E+00
  0.000000E+00
  0.000000E+00
  0.000000E+00
  0.000000E+00
  0.000000E+00
  0.000000E+00
  0.000000E+00
  0.000000E+00
  0.000000E+00
  0.000000E+00
  0.000000E+00
  0.000000E+00
  0.000000E+00
  0.000000E+00
  0.000000E+00
  0.000000E+00
  0.000000E+00
  0.000000E+00
  0.000000E+00
  0.000000E+00
  0.000000E+00
  0.000000E+00
  0.000000E+00
  0.000000E+00
  0.000000E+00
  0.000000E+00
  0.000000E+00
  0.000000E+00
  0.000000E+00
  0.000000E+00
  0.000000E+00
  0.000000E+00
  0.000000E+00
  0.000000E+00
  0.000000E+00
  0.000000E+00
  0.000000E+00
  0.000000E+00
  0.000000E+00
  0.000000E+00
  0.000000E+00
  0.000000E+00
  0.000000E+00
  0.000000E+00
  0.000000E+00
  0.000000E+00
  0.000000E+00
  0.000000E+00
  1.000000E-08
  1.691809E-02
  3.383618E-02
  5.075427E-02
  6.767237E-02
  8.459046E-02
  1.015085E-01
  1.184266E-01
  1.353447E-01
  1.522628E-01
  1.691809E-01
  1.860990E-01
  2.030171E-01
  2.199352E-01
  2.368533E-01
  2.537714E-01
  2.706895E-01
  2.876076E-01
  3.045256E-01
  3.214437E-01
  3.383618E-01
  3.552799E-01
  3.721980E-01
  3.891161E-01
  4.060342E-01
  4.229523E-01
  4.398704E-01
  4.567885E-01
  4.737066E-01
  4.906247E-01
  5.075427E-01
  5.244608E-01
  5.413789E-01
  5.582970E-01
  5.752151E-01
  5.921332E-01
  6.090513E-01
  6.259694E-01
  6.428875E-01
  6.598056E-01
  6.767237E-01
  6.936418E-01
  7.105598E-01
  7.274779E-01
  7.443960E-01
  7.613141E-01
  7.782322E-01
  7.951503E-01
  8.120684E-01
  8.289865E-01
  8.459046E-01
  8.628227E-01
  8.797408E-01
  8.966589E-01
  9.135769E-01
  9.304950E-01
  9.474131E-01
  9.643312E-01
  9.812493E-01
  9.981674E-01
  1.015085E+00
  1.032004E+00
  1.048922E+00
  1.065840E+00
  1.082758E+00
  1.099676E+00
  1.116594E+00
  1.133512E+00
  1.150430E+00
  1.167348E+00
  1.184266E+00
  1.201185E+00
  1.218103E+00
  1.235021E+00
  1.251939E+00
  1.268857E+00
  1.285775E+00
  1.302693E+00
  1.319611E+00
  1.336529E+00
  1.353447E+00
  1.370365E+00
  1.387284E+00
  1.404202E+00
  1.421120E+00
  1.438038E+00
  1.454956E+00
  1.471874E+00
  1.488792E+00
  1.505710E+00
  1.522628E+00
  1.539546E+00
  1.556464E+00
  1.573383E+00
  1.590301E+00
  1.607219E+00
  1.624137E+00
  1.641055E+00
  1.657973E+00
  1.674891E+00
  1.691809E+00
  1.708727E+00
  1.725645E+00
  1.742563E+00
  1.759482E+00
  1.776400E+00
  1.793318E+00
  1.810236E+00
  1.827154E+00
  1.844072E+00
  1.860990E+00
  1.877908E+00
  1.894826E+00
  1.911744E+00
  1.928662E+00
  1.945581E+00
  1.962499E+00
  1.979417E+00
  1.996335E+00
  2.013253E+00
  2.030171E+00
  2.047089E+00
  2.064007E+00
  2.080925E+00
  2.097843E+00
  2.114761E+00
  2.131680E+00
  2.148598E+00
  2.165516E+00
  2.182434E+00
  2.199352E+00
  2.216270E+00
  2.233188E+00
  2.250106E+00
  2.267024E+00
  2.283942E+00
  2.300860E+00
  2.317779E+00
  2.334697E+00
  2.351615E+00
  2.368533E+00
  2.385451E+00
  2.402369E+00
  2.419287E+00
  2.436205E+00
  2.453123E+00
  2.470041E+00
  2.486959E+00
  2.503878E+00
  2.520796E+00
  1.100091E+04
  1.099990E+04
  1.099888E+04
  1.099787E+04
  1.099686E+04
  1.099585E+04
  1.099485E+04
  1.099384E+04
  1.099284E+04
  1.098795E+04
  1.098290E+04
  1.097786E+04
  1.097281E+04
  1.096777E+04
  1.096273E+04
  1.095769E+04
  1.095126E+04
  1.094193E+04
  1.093260E+04
  1.092326E+04
  1.091393E+04
  1.090460E+04
  1.089527E+04
  1.088581E+04
  1.087456E+04
  1.086332E+04
  1.085207E+04
  1.084083E+04
  1.082958E+04
  1.081834E+04
  1.080679E+04
  1.079378E+04
  1.078077E+04
  1.076777E+04
  1.075476E+04
  1.074175E+04
  1.072874E+04
  1.071431E+04
  1.069901E+04
  1.068371E+04
  1.066842E+04
  1.065312E+04
  1.063783E+04
  1.062147E+04
  1.060355E+04
  1.058564E+04
  1.056772E+04
  1.054981E+04
  1.053189E+04
  1.051256E+04
  1.049177E+04
  1.047098E+04
  1.045020E+04
  1.042941E+04
  1.040863E+04
  1.038500E+04
  1.036099E+04
  1.033698E+04
  1.031297E+04
  1.028896E+04
  1.026286E+04
  1.023501E+04
  1.020716E+04
  1.017931E+04
  1.015147E+04
  1.012145E+04
  1.008906E+04
  1.005668E+04
  1.002430E+04
  9.991917E+03
  9.956189E+03
  9.918780E+03
  9.881373E+03
  9.843967E+03
  9.806084E+03
  9.763519E+03
  9.720956E+03
  9.678395E+03
  9.635836E+03
  9.589493E+03
  9.541880E+03
  9.494270E+03
  9.446663E+03
  9.396052E+03
  9.343609E+03
  9.291172E+03
  9.238739E+03
  9.183383E+03
  9.126780E+03
  9.070183E+03
  9.013592E+03
  8.953882E+03
  8.894102E+03
  8.834330E+03
  8.773412E+03
  8.711020E+03
  8.648640E+03
  8.586080E+03
  8.521202E+03
  8.456344E+03
  8.391506E+03
  8.324673E+03
  8.257598E+03
  8.190552E+03
  8.121478E+03
  8.052070E+03
  7.982695E+03
  7.910224E+03
  7.837677E+03
  7.764251E+03
  7.687764E+03
  7.611309E+03
  7.532114E+03
  7.451298E+03
  7.369794E+03
  7.284418E+03
  7.199071E+03
  7.110037E+03
  7.020150E+03
  6.927765E+03
  6.833564E+03
  6.737441E+03
  6.639052E+03
  6.538806E+03
  6.436254E+03
  6.331607E+03
  6.225138E+03
  6.116092E+03
  6.006045E+03
  5.892751E+03
  5.778390E+03
  5.662107E+03
  5.543640E+03
  5.423777E+03
  5.302104E+03
  5.177971E+03
  5.051990E+03
  4.924030E+03
  4.794167E+03
  4.663313E+03
  4.536405E+03
  4.423679E+03
  4.341344E+03
  4.316574E+03
  4.411260E+03
  4.548626E+03
  4.298597E+03
  4.591152E+03
  1.322780E+03
  7.131603E-03
  5.959222E+02
  5.962982E+02
  5.966745E+02
  5.970511E+02
  5.974281E+02
  5.978055E+02
  5.981832E+02
  5.985612E+02
  5.989396E+02
  5.994550E+02
  5.999765E+02
  6.004983E+02
  6.010205E+02
  6.015430E+02
  6.020660E+02
  6.025893E+02
  6.030131E+02
  6.032272E+02
  6.034415E+02
  6.036560E+02
  6.038707E+02
  6.040856E+02
  6.043007E+02
  6.045144E+02
  6.047048E+02
  6.048953E+02
  6.050859E+02
  6.052766E+02
  6.054674E+02
  6.056584E+02
  6.058361E+02
  6.059505E+02
  6.060650E+02
  6.061795E+02
  6.062940E+02
  6.064086E+02
  6.065232E+02
  6.065189E+02
  6.064432E+02
  6.063675E+02
  6.062918E+02
  6.062162E+02
  6.061405E+02
  6.059670E+02
  6.056491E+02
  6.053314E+02
  6.050136E+02
  6.046959E+02
  6.043783E+02
  6.039514E+02
  6.034128E+02
  6.028744E+02
  6.023360E+02
  6.017979E+02
  6.012598E+02
  6.005892E+02
  5.999006E+02
  5.992122E+02
  5.985240E+02
  5.978360E+02
  5.970886E+02
  5.962921E+02
  5.954957E+02
  5.946995E+02
  5.939035E+02
  5.930640E+02
  5.921773E+02
  5.912907E+02
  5.904043E+02
  5.895181E+02
  5.886076E+02
  5.876851E+02
  5.867628E+02
  5.858407E+02
  5.849228E+02
  5.840437E+02
  5.831651E+02
  5.822868E+02
  5.814090E+02
  5.805135E+02
  5.796126E+02
  5.787123E+02
  5.778128E+02
  5.767023E+02
  5.754634E+02
  5.742252E+02
  5.729878E+02
  5.712830E+02
  5.693785E+02
  5.674745E+02
  5.655712E+02
  5.628302E+02
  5.600691E+02
  5.573087E+02
  5.540877E+02
  5.502740E+02
  5.464623E+02
  5.425668E+02
  5.376241E+02
  5.326863E+02
  5.277532E+02
  5.221241E+02
  5.164087E+02
  5.107010E+02
  5.048026E+02
  4.988774E+02
  4.929608E+02
  4.872132E+02
  4.814792E+02
  4.758469E+02
  4.705395E+02
  4.652381E+02
  4.603117E+02
  4.556092E+02
  4.510172E+02
  4.470073E+02
  4.429989E+02
  4.395543E+02
  4.362430E+02
  4.333242E+02
  4.306908E+02
  4.283153E+02
  4.262429E+02
  4.243232E+02
  4.225928E+02
  4.209697E+02
  4.194402E+02
  4.180241E+02
  4.166534E+02
  4.154632E+02
  4.143668E+02
  4.134393E+02
  4.128087E+02
  4.124210E+02
  4.123899E+02
  4.129873E+02
  4.141746E+02
  4.161383E+02
  4.191702E+02
  4.239212E+02
  4.318704E+02
  4.452668E+02
  4.679960E+02
  5.064716E+02
  5.734910E+02
  6.610902E+02
  7.056889E+02
  8.321391E+02
  3.768845E+02
  2.289272E-03
  1.963630E+03
  1.962809E+03
  1.961989E+03
  1.961170E+03
  1.960352E+03
  1.959534E+03
  1.958716E+03
  1.957900E+03
  1.957084E+03
  1.954528E+03
  1.951901E+03
  1.949275E+03
  1.946649E+03
  1.944023E+03
  1.941398E+03
  1.938774E+03
  1.935878E+03
  1.932413E+03
  1.928948E+03
  1.925484E+03
  1.922019E+03
  1.918555E+03
  1.915091E+03
  1.911652E+03
  1.908564E+03
  1.905477E+03
  1.902390E+03
  1.899303E+03
  1.896215E+03
  1.893128E+03
  1.890124E+03
  1.887511E+03
  1.884898E+03
  1.882286E+03
  1.879673E+03
  1.877061E+03
  1.874448E+03
  1.872016E+03
  1.869693E+03
  1.867370E+03
  1.865047E+03
  1.862724E+03
  1.860401E+03
  1.858132E+03
  1.855942E+03
  1.853753E+03
  1.851563E+03
  1.849374E+03
  1.847184E+03
  1.844920E+03
  1.842579E+03
  1.840239E+03
  1.837899E+03
  1.835559E+03
  1.833219E+03
  1.830351E+03
  1.827410E+03
  1.824471E+03
  1.821531E+03
  1.818592E+03
  1.815026E+03
  1.810938E+03
  1.806851E+03
  1.802765E+03
  1.798679E+03
  1.793787E+03
  1.788020E+03
  1.782253E+03
  1.776487E+03
  1.770720E+03
  1.763588E+03
  1.755770E+03
  1.747951E+03
  1.740133E+03
  1.732122E+03
  1.722223E+03
  1.712324E+03
  1.702425E+03
  1.692526E+03
  1.681287E+03
  1.669597E+03
  1.657908E+03
  1.646219E+03
  1.633728E+03
  1.620724E+03
  1.607720E+03
  1.594718E+03
  1.581332E+03
  1.567782E+03
  1.554233E+03
  1.540686E+03
  1.527474E+03
  1.514272E+03
  1.501073E+03
  1.488226E+03
  1.475833E+03
  1.463445E+03
  1.451114E+03
  1.439448E+03
  1.427779E+03
  1.416129E+03
  1.404906E+03
  1.393751E+03
  1.382608E+03
  1.371479E+03
  1.360365E+03
  1.349266E+03
  1.337403E+03
  1.325527E+03
  1.313321E+03
  1.299958E+03
  1.286608E+03
  1.272080E+03
  1.256853E+03
  1.241317E+03
  1.224046E+03
  1.206784E+03
  1.187829E+03
  1.168479E+03
  1.148051E+03
  1.126837E+03
  1.105005E+03
  1.082447E+03
  1.059536E+03
  1.036187E+03
  1.012680E+03
  9.890353E+02
  9.655258E+02
  9.420715E+02
  9.192970E+02
  8.969421E+02
  8.753432E+02
  8.550159E+02
  8.356354E+02
  8.175926E+02
  8.015885E+02
  7.872418E+02
  7.749133E+02
  7.651752E+02
  7.594894E+02
  7.616998E+02
  7.782559E+02
  8.205010E+02
  9.054070E+02
  1.060249E+03
  1.252998E+03
  1.308808E+03
  1.416743E+03
  4.394267E+00
  2.216824E-08
  1.235609E+00
  1.235495E+00
  1.235381E+00
  1.235268E+00
  1.235154E+00
  1.235041E+00
  1.234928E+00
  1.234815E+00
  1.234702E+00
  1.234153E+00
  1.233587E+00
  1.233020E+00
  1.232453E+00
  1.231887E+00
  1.231321E+00
  1.230754E+00
  1.230033E+00
  1.228984E+00
  1.227936E+00
  1.226888E+00
  1.225839E+00
  1.224791E+00
  1.223743E+00
  1.222681E+00
  1.221418E+00
  1.220155E+00
  1.218892E+00
  1.217629E+00
  1.216366E+00
  1.215103E+00
  1.213805E+00
  1.212344E+00
  1.210883E+00
  1.209422E+00
  1.207961E+00
  1.206501E+00
  1.205040E+00
  1.203418E+00
  1.201700E+00
  1.199982E+00
  1.198264E+00
  1.196546E+00
  1.194828E+00
  1.192991E+00
  1.190978E+00
  1.188966E+00
  1.186954E+00
  1.184942E+00
  1.182930E+00
  1.180758E+00
  1.178423E+00
  1.176088E+00
  1.173754E+00
  1.171419E+00
  1.169084E+00
  1.166431E+00
  1.163734E+00
  1.161037E+00
  1.158340E+00
  1.155644E+00
  1.152712E+00
  1.149584E+00
  1.146456E+00
  1.143328E+00
  1.140201E+00
  1.136829E+00
  1.133192E+00
  1.129554E+00
  1.125917E+00
  1.122280E+00
  1.118267E+00
  1.114065E+00
  1.109864E+00
  1.105662E+00
  1.101408E+00
  1.096627E+00
  1.091846E+00
  1.087066E+00
  1.082285E+00
  1.077080E+00
  1.071732E+00
  1.066385E+00
  1.061038E+00
  1.055353E+00
  1.049463E+00
  1.043573E+00
  1.037684E+00
  1.031467E+00
  1.025109E+00
  1.018752E+00
  1.012396E+00
  1.005689E+00
  9.989748E-01
  9.922613E-01
  9.854191E-01
  9.784113E-01
  9.714048E-01
  9.643782E-01
  9.570912E-01
  9.498064E-01
  9.425239E-01
  9.350172E-01
  9.274835E-01
  9.199529E-01
  9.121946E-01
  9.043988E-01
  8.966067E-01
  8.884668E-01
  8.803185E-01
  8.720714E-01
  8.634803E-01
  8.548931E-01
  8.459979E-01
  8.369209E-01
  8.277663E-01
  8.181771E-01
  8.085910E-01
  7.985908E-01
  7.884948E-01
  7.781182E-01
  7.675377E-01
  7.567413E-01
  7.456903E-01
  7.344308E-01
  7.229123E-01
  7.111585E-01
  6.992000E-01
  6.869521E-01
  6.745918E-01
  6.618667E-01
  6.490218E-01
  6.359610E-01
  6.226549E-01
  6.091921E-01
  5.955260E-01
  5.815835E-01
  5.674334E-01
  5.530611E-01
  5.384750E-01
  5.237777E-01
  5.095235E-01
  4.968623E-01
  4.876146E-01
  4.848324E-01
  4.954674E-01
  5.108962E-01
  4.828133E-01
  5.156726E-01
  1.485730E-01
  8.010130E-07
  1.085496E+00
  1.086181E+00
  1.086867E+00
  1.087553E+00
  1.088239E+00
  1.088927E+00
  1.089615E+00
  1.090303E+00
  1.090993E+00
  1.091931E+00
  1.092881E+00
  1.093832E+00
  1.094783E+00
  1.095735E+00
  1.096687E+00
  1.097641E+00
  1.098413E+00
  1.098802E+00
  1.099193E+00
  1.099584E+00
  1.099975E+00
  1.100366E+00
  1.100758E+00
  1.101147E+00
  1.101494E+00
  1.101841E+00
  1.102188E+00
  1.102536E+00
  1.102883E+00
  1.103231E+00
  1.103555E+00
  1.103763E+00
  1.103972E+00
  1.104180E+00
  1.104389E+00
  1.104598E+00
  1.104806E+00
  1.104798E+00
  1.104661E+00
  1.104523E+00
  1.104385E+00
  1.104247E+00
  1.104109E+00
  1.103793E+00
  1.103214E+00
  1.102635E+00
  1.102057E+00
  1.101478E+00
  1.100899E+00
  1.100122E+00
  1.099141E+00
  1.098160E+00
  1.097179E+00
  1.096199E+00
  1.095219E+00
  1.093997E+00
  1.092743E+00
  1.091489E+00
  1.090235E+00
  1.088982E+00
  1.087621E+00
  1.086170E+00
  1.084719E+00
  1.083269E+00
  1.081819E+00
  1.080290E+00
  1.078675E+00
  1.077060E+00
  1.075445E+00
  1.073831E+00
  1.072172E+00
  1.070492E+00
  1.068812E+00
  1.067132E+00
  1.065460E+00
  1.063859E+00
  1.062259E+00
  1.060659E+00
  1.059060E+00
  1.057429E+00
  1.055788E+00
  1.054148E+00
  1.052509E+00
  1.050486E+00
  1.048230E+00
  1.045974E+00
  1.043720E+00
  1.040615E+00
  1.037146E+00
  1.033678E+00
  1.030211E+00
  1.025218E+00
  1.020188E+00
  1.015160E+00
  1.009293E+00
  1.002346E+00
  9.954030E-01
  9.883072E-01
  9.793039E-01
  9.703094E-01
  9.613236E-01
  9.510700E-01
  9.406592E-01
  9.302623E-01
  9.195182E-01
  9.087253E-01
  8.979479E-01
  8.874785E-01
  8.770337E-01
  8.667742E-01
  8.571066E-01
  8.474498E-01
  8.384763E-01
  8.299103E-01
  8.215460E-01
  8.142418E-01
  8.069403E-01
  8.006658E-01
  7.946342E-01
  7.893175E-01
  7.845205E-01
  7.801935E-01
  7.764186E-01
  7.729216E-01
  7.697698E-01
  7.668131E-01
  7.640271E-01
  7.614478E-01
  7.589509E-01
  7.567829E-01
  7.547858E-01
  7.530963E-01
  7.519476E-01
  7.512414E-01
  7.511848E-01
  7.522729E-01
  7.544357E-01
  7.580126E-01
  7.635353E-01
  7.721895E-01
  7.866692E-01
  8.110713E-01
  8.524736E-01
  9.225583E-01
  1.044637E+00
  1.204202E+00
  1.285441E+00
  1.515775E+00
  6.865102E-01
  4.170000E-06
  1.263567E+00
  1.263039E+00
  1.262512E+00
  1.261985E+00
  1.261458E+00
  1.260932E+00
  1.260406E+00
  1.259880E+00
  1.259355E+00
  1.257711E+00
  1.256020E+00
  1.254330E+00
  1.252640E+00
  1.250951E+00
  1.249262E+00
  1.247573E+00
  1.245710E+00
  1.243480E+00
  1.241250E+00
  1.239021E+00
  1.236792E+00
  1.234562E+00
  1.232333E+00
  1.230120E+00
  1.228134E+00
  1.226147E+00
  1.224160E+00
  1.222174E+00
  1.220187E+00
  1.218201E+00
  1.216267E+00
  1.214586E+00
  1.212905E+00
  1.211224E+00
  1.209543E+00
  1.207861E+00
  1.206180E+00
  1.204616E+00
  1.203121E+00
  1.201626E+00
  1.200131E+00
  1.198636E+00
  1.197141E+00
  1.195681E+00
  1.194272E+00
  1.192863E+00
  1.191454E+00
  1.190045E+00
  1.188636E+00
  1.187179E+00
  1.185673E+00
  1.184167E+00
  1.182661E+00
  1.181155E+00
  1.179650E+00
  1.177804E+00
  1.175912E+00
  1.174020E+00
  1.172129E+00
  1.170238E+00
  1.167943E+00
  1.165313E+00
  1.162683E+00
  1.160053E+00
  1.157424E+00
  1.154276E+00
  1.150565E+00
  1.146854E+00
  1.143143E+00
  1.139433E+00
  1.134843E+00
  1.129812E+00
  1.124781E+00
  1.119750E+00
  1.114596E+00
  1.108226E+00
  1.101856E+00
  1.095486E+00
  1.089116E+00
  1.081884E+00
  1.074362E+00
  1.066840E+00
  1.059318E+00
  1.051280E+00
  1.042912E+00
  1.034545E+00
  1.026178E+00
  1.017564E+00
  1.008845E+00
  1.000127E+00
  9.914094E-01
  9.829075E-01
  9.744124E-01
  9.659188E-01
  9.576518E-01
  9.496773E-01
  9.417055E-01
  9.337709E-01
  9.262641E-01
  9.187550E-01
  9.112586E-01
  9.040366E-01
  8.968586E-01
  8.896886E-01
  8.825270E-01
  8.753753E-01
  8.682332E-01
  8.605992E-01
  8.529578E-01
  8.451034E-01
  8.365039E-01
  8.279137E-01
  8.185648E-01
  8.087670E-01
  7.987694E-01
  7.876557E-01
  7.765478E-01
  7.643510E-01
  7.518993E-01
  7.387539E-01
  7.251031E-01
  7.110551E-01
  6.965389E-01
  6.817960E-01
  6.667715E-01
  6.516450E-01
  6.364299E-01
  6.213019E-01
  6.062094E-01
  5.915543E-01
  5.771693E-01
  5.632707E-01
  5.501904E-01
  5.377193E-01
  5.261091E-01
  5.158106E-01
  5.065787E-01
  4.986455E-01
  4.923792E-01
  4.887205E-01
  4.901428E-01
  5.007965E-01
  5.279806E-01
  5.826164E-01
  6.822547E-01
  8.062861E-01
  8.421989E-01
  9.116539E-01
  2.827647E-03
  1.426494E-11
  9.741376E-01
  9.740482E-01
  9.739589E-01
  9.738698E-01
  9.737808E-01
  9.736919E-01
  9.736031E-01
  9.735144E-01
  9.734258E-01
  9.729933E-01
  9.725467E-01
  9.721002E-01
  9.716538E-01
  9.712074E-01
  9.707612E-01
  9.703151E-01
  9.697463E-01
  9.689199E-01
  9.680935E-01
  9.672672E-01
  9.664409E-01
  9.656147E-01
  9.647885E-01
  9.639511E-01
  9.629553E-01
  9.619596E-01
  9.609639E-01
  9.599682E-01
  9.589725E-01
  9.579769E-01
  9.569541E-01
  9.558023E-01
  9.546505E-01
  9.534988E-01
  9.523470E-01
  9.511953E-01
  9.500435E-01
  9.487650E-01
  9.474105E-01
  9.460560E-01
  9.447016E-01
  9.433471E-01
  9.419926E-01
  9.405443E-01
  9.389578E-01
  9.373714E-01
  9.357849E-01
  9.341985E-01
  9.326121E-01
  9.308999E-01
  9.290591E-01
  9.272184E-01
  9.253777E-01
  9.235371E-01
  9.216965E-01
  9.196044E-01
  9.174782E-01
  9.153519E-01
  9.132258E-01
  9.110997E-01
  9.087880E-01
  9.063219E-01
  9.038560E-01
  9.013901E-01
  8.989244E-01
  8.962660E-01
  8.933983E-01
  8.905307E-01
  8.876632E-01
  8.847957E-01
  8.816320E-01
  8.783195E-01
  8.750070E-01
  8.716947E-01
  8.683402E-01
  8.645711E-01
  8.608022E-01
  8.570334E-01
  8.532649E-01
  8.491613E-01
  8.449451E-01
  8.407293E-01
  8.365137E-01
  8.320320E-01
  8.273881E-01
  8.227446E-01
  8.181015E-01
  8.131996E-01
  8.081872E-01
  8.031754E-01
  7.981641E-01
  7.928767E-01
  7.875832E-01
  7.822903E-01
  7.768960E-01
  7.713712E-01
  7.658475E-01
  7.603079E-01
  7.545630E-01
  7.488197E-01
  7.430780E-01
  7.371594E-01
  7.312193E-01
  7.252816E-01
  7.191640E-01
  7.130166E-01
  7.068719E-01
  7.004529E-01
  6.940272E-01
  6.875234E-01
  6.807487E-01
  6.739768E-01
  6.669624E-01
  6.598047E-01
  6.525861E-01
  6.450253E-01
  6.374670E-01
  6.295830E-01
  6.216234E-01
  6.134432E-01
  6.051025E-01
  5.965919E-01
  5.878808E-01
  5.790055E-01
  5.699262E-01
  5.606613E-01
  5.512351E-01
  5.415807E-01
  5.318375E-01
  5.218066E-01
  5.116810E-01
  5.013850E-01
  4.908954E-01
  4.802819E-01
  4.695079E-01
  4.585155E-01
  4.473593E-01
  4.360275E-01
  4.245269E-01
  4.129383E-01
  4.016989E-01
  3.917151E-01
  3.844221E-01
  3.822262E-01
  3.906075E-01
  4.027676E-01
  3.806247E-01
  4.065251E-01
  1.433582E-01
  5.183826E-02
  5.276929E-02
  5.280261E-02
  5.283595E-02
  5.286933E-02
  5.290273E-02
  5.293617E-02
  5.296963E-02
  5.300313E-02
  5.303665E-02
  5.308231E-02
  5.312850E-02
  5.317472E-02
  5.322097E-02
  5.326726E-02
  5.331358E-02
  5.335993E-02
  5.339746E-02
  5.341643E-02
  5.343541E-02
  5.345442E-02
  5.347344E-02
  5.349248E-02
  5.351153E-02
  5.353046E-02
  5.354732E-02
  5.356419E-02
  5.358108E-02
  5.359797E-02
  5.361487E-02
  5.363178E-02
  5.364752E-02
  5.365766E-02
  5.366779E-02
  5.367793E-02
  5.368808E-02
  5.369822E-02
  5.370838E-02
  5.370799E-02
  5.370129E-02
  5.369459E-02
  5.368789E-02
  5.368119E-02
  5.367449E-02
  5.365912E-02
  5.363098E-02
  5.360284E-02
  5.357470E-02
  5.354657E-02
  5.351844E-02
  5.348063E-02
  5.343294E-02
  5.338526E-02
  5.333759E-02
  5.328993E-02
  5.324229E-02
  5.318290E-02
  5.312192E-02
  5.306096E-02
  5.300001E-02
  5.293908E-02
  5.287290E-02
  5.280236E-02
  5.273184E-02
  5.266134E-02
  5.259085E-02
  5.251651E-02
  5.243798E-02
  5.235947E-02
  5.228098E-02
  5.220250E-02
  5.212188E-02
  5.204019E-02
  5.195852E-02
  5.187688E-02
  5.179560E-02
  5.171776E-02
  5.163996E-02
  5.156220E-02
  5.148447E-02
  5.140518E-02
  5.132540E-02
  5.124569E-02
  5.116604E-02
  5.106770E-02
  5.095799E-02
  5.084834E-02
  5.073876E-02
  5.058779E-02
  5.041914E-02
  5.025054E-02
  5.008199E-02
  4.983928E-02
  4.959477E-02
  4.935034E-02
  4.906512E-02
  4.872742E-02
  4.838990E-02
  4.804495E-02
  4.760728E-02
  4.717003E-02
  4.673319E-02
  4.623469E-02
  4.572856E-02
  4.522308E-02
  4.470071E-02
  4.417596E-02
  4.365194E-02
  4.314289E-02
  4.263503E-02
  4.213618E-02
  4.166610E-02
  4.119655E-02
  4.076022E-02
  4.034372E-02
  3.993702E-02
  3.958189E-02
  3.922689E-02
  3.892186E-02
  3.862865E-02
  3.837021E-02
  3.813706E-02
  3.792677E-02
  3.774335E-02
  3.757344E-02
  3.742032E-02
  3.727670E-02
  3.714137E-02
  3.701609E-02
  3.689481E-02
  3.678951E-02
  3.669251E-02
  3.661045E-02
  3.655466E-02
  3.652037E-02
  3.651764E-02
  3.657052E-02
  3.667562E-02
  3.684944E-02
  3.711782E-02
  3.753840E-02
  3.824214E-02
  3.942820E-02
  4.144063E-02
  4.484730E-02
  5.078139E-02
  5.853761E-02
  6.248610E-02
  7.368203E-02
  4.084541E-02
  1.664028E-02
  1.738807E-01
  1.738081E-01
  1.737356E-01
  1.736631E-01
  1.735907E-01
  1.735183E-01
  1.734460E-01
  1.733738E-01
  1.733016E-01
  1.730753E-01
  1.728427E-01
  1.726102E-01
  1.723777E-01
  1.721453E-01
  1.719128E-01
  1.716805E-01
  1.714241E-01
  1.711173E-01
  1.708105E-01
  1.705037E-01
  1.701970E-01
  1.698902E-01
  1.695835E-01
  1.692790E-01
  1.690056E-01
  1.687323E-01
  1.684589E-01
  1.681855E-01
  1.679122E-01
  1.676388E-01
  1.673727E-01
  1.671414E-01
  1.669101E-01
  1.666787E-01
  1.664474E-01
  1.662160E-01
  1.659847E-01
  1.657694E-01
  1.655637E-01
  1.653580E-01
  1.651522E-01
  1.649465E-01
  1.647408E-01
  1.645399E-01
  1.643460E-01
  1.641521E-01
  1.639582E-01
  1.637643E-01
  1.635704E-01
  1.633699E-01
  1.631627E-01
  1.629554E-01
  1.627482E-01
  1.625409E-01
  1.623338E-01
  1.620798E-01
  1.618194E-01
  1.615591E-01
  1.612987E-01
  1.610385E-01
  1.607227E-01
  1.603607E-01
  1.599988E-01
  1.596369E-01
  1.592751E-01
  1.588419E-01
  1.583312E-01
  1.578206E-01
  1.573099E-01
  1.567993E-01
  1.561678E-01
  1.554754E-01
  1.547831E-01
  1.540908E-01
  1.533815E-01
  1.525049E-01
  1.516283E-01
  1.507518E-01
  1.498752E-01
  1.488800E-01
  1.478449E-01
  1.468098E-01
  1.457748E-01
  1.446686E-01
  1.435171E-01
  1.423656E-01
  1.412142E-01
  1.400288E-01
  1.388289E-01
  1.376292E-01
  1.364296E-01
  1.352596E-01
  1.340906E-01
  1.329218E-01
  1.317842E-01
  1.306868E-01
  1.295898E-01
  1.284979E-01
  1.274649E-01
  1.264316E-01
  1.253999E-01
  1.244060E-01
  1.234182E-01
  1.224314E-01
  1.214457E-01
  1.204613E-01
  1.194782E-01
  1.184274E-01
  1.173756E-01
  1.162944E-01
  1.151108E-01
  1.139284E-01
  1.126416E-01
  1.112931E-01
  1.099171E-01
  1.083876E-01
  1.068589E-01
  1.051805E-01
  1.034670E-01
  1.016582E-01
  9.977980E-02
  9.784683E-02
  9.584949E-02
  9.382096E-02
  9.175371E-02
  8.967242E-02
  8.757893E-02
  8.549742E-02
  8.342077E-02
  8.140429E-02
  7.942494E-02
  7.751249E-02
  7.571260E-02
  7.399651E-02
  7.239884E-02
  7.098162E-02
  6.971113E-02
  6.861930E-02
  6.775681E-02
  6.725311E-02
  6.744856E-02
  6.891426E-02
  7.265462E-02
  8.017244E-02
  9.388272E-02
  1.109493E-01
  1.158900E-01
  1.254460E-01
  4.762352E-04
  1.611367E-07
  9.743338E-01
  9.742446E-01
  9.741555E-01
  9.740665E-01
  9.739777E-01
  9.738889E-01
  9.738003E-01
  9.737118E-01
  9.736234E-01
  9.731914E-01
  9.727451E-01
  9.722990E-01
  9.718530E-01
  9.714071E-01
  9.709612E-01
  9.705155E-01
  9.699471E-01
  9.691211E-01
  9.682951E-01
  9.674692E-01
  9.666433E-01
  9.658175E-01
  9.649917E-01
  9.641547E-01
  9.631592E-01
  9.621638E-01
  9.611684E-01
  9.601730E-01
  9.591777E-01
  9.581824E-01
  9.571600E-01
  9.560085E-01
  9.548570E-01
  9.537055E-01
  9.525540E-01
  9.514026E-01
  9.502511E-01
  9.489728E-01
  9.476186E-01
  9.462643E-01
  9.449101E-01
  9.435559E-01
  9.422016E-01
  9.407536E-01
  9.391673E-01
  9.375810E-01
  9.359948E-01
  9.344085E-01
  9.328223E-01
  9.311103E-01
  9.292697E-01
  9.274291E-01
  9.255886E-01
  9.237481E-01
  9.219076E-01
  9.198158E-01
  9.176897E-01
  9.155637E-01
  9.134377E-01
  9.113119E-01
  9.090003E-01
  9.065346E-01
  9.040689E-01
  9.016034E-01
  8.991379E-01
  8.964799E-01
  8.936126E-01
  8.907455E-01
  8.878784E-01
  8.850114E-01
  8.818483E-01
  8.785365E-01
  8.752247E-01
  8.719131E-01
  8.685593E-01
  8.647913E-01
  8.610234E-01
  8.572557E-01
  8.534882E-01
  8.493859E-01
  8.451712E-01
  8.409568E-01
  8.367426E-01
  8.322625E-01
  8.276203E-01
  8.229785E-01
  8.183371E-01
  8.134371E-01
  8.084266E-01
  8.034167E-01
  7.984073E-01
  7.931219E-01
  7.878303E-01
  7.825394E-01
  7.771471E-01
  7.716242E-01
  7.661024E-01
  7.605647E-01
  7.548216E-01
  7.490802E-01
  7.433403E-01
  7.374235E-01
  7.314851E-01
  7.255491E-01
  7.194333E-01
  7.132877E-01
  7.071450E-01
  7.007280E-01
  6.943043E-01
  6.878027E-01
  6.810303E-01
  6.742608E-01
  6.672491E-01
  6.600942E-01
  6.528784E-01
  6.453208E-01
  6.377657E-01
  6.298851E-01
  6.219292E-01
  6.137527E-01
  6.054160E-01
  5.969095E-01
  5.882026E-01
  5.793316E-01
  5.702566E-01
  5.609961E-01
  5.515743E-01
  5.419242E-01
  5.321854E-01
  5.221591E-01
  5.120382E-01
  5.017472E-01
  4.912633E-01
  4.806562E-01
  4.698897E-01
  4.589072E-01
  4.477632E-01
  4.364469E-01
  4.249661E-01
  4.134031E-01
  4.021962E-01
  3.922510E-01
  3.850009E-01
  3.828467E-01
  3.912572E-01
  4.034153E-01
  3.812477E-01
  4.069962E-01
  1.427544E-01
  4.943964E-02
  4.637484E-02
  4.640867E-02
  4.644254E-02
  4.647644E-02
  4.651037E-02
  4.654433E-02
  4.657831E-02
  4.661233E-02
  4.664638E-02
  4.669295E-02
  4.674007E-02
  4.678722E-02
  4.683440E-02
  4.688162E-02
  4.692887E-02
  4.697615E-02
  4.701443E-02
  4.703376E-02
  4.705311E-02
  4.707247E-02
  4.709186E-02
  4.711126E-02
  4.713067E-02
  4.714992E-02
  4.716655E-02
  4.718318E-02
  4.719982E-02
  4.721648E-02
  4.723314E-02
  4.724981E-02
  4.726527E-02
  4.727492E-02
  4.728458E-02
  4.729423E-02
  4.730389E-02
  4.731355E-02
  4.732322E-02
  4.732231E-02
  4.731507E-02
  4.730782E-02
  4.730057E-02
  4.729333E-02
  4.728608E-02
  4.727017E-02
  4.724150E-02
  4.721283E-02
  4.718416E-02
  4.715550E-02
  4.712684E-02
  4.708855E-02
  4.704040E-02
  4.699226E-02
  4.694413E-02
  4.689602E-02
  4.684791E-02
  4.678818E-02
  4.672687E-02
  4.666558E-02
  4.660431E-02
  4.654305E-02
  4.647663E-02
  4.640593E-02
  4.633525E-02
  4.626459E-02
  4.619394E-02
  4.611953E-02
  4.604103E-02
  4.596254E-02
  4.588408E-02
  4.580562E-02
  4.572513E-02
  4.564363E-02
  4.556215E-02
  4.548068E-02
  4.539959E-02
  4.532201E-02
  4.524447E-02
  4.516696E-02
  4.508949E-02
  4.501041E-02
  4.493083E-02
  4.485131E-02
  4.477185E-02
  4.467360E-02
  4.456392E-02
  4.445430E-02
  4.434474E-02
  4.419364E-02
  4.402478E-02
  4.385597E-02
  4.368721E-02
  4.344412E-02
  4.319924E-02
  4.295441E-02
  4.266881E-02
  4.233074E-02
  4.199284E-02
  4.164754E-02
  4.120981E-02
  4.077248E-02
  4.033555E-02
  3.983750E-02
  3.933186E-02
  3.882684E-02
  3.830564E-02
  3.778214E-02
  3.725935E-02
  3.675248E-02
  3.624680E-02
  3.575031E-02
  3.528335E-02
  3.481688E-02
  3.438411E-02
  3.397145E-02
  3.356863E-02
  3.321774E-02
  3.286695E-02
  3.256613E-02
  3.227709E-02
  3.202262E-02
  3.179327E-02
  3.158645E-02
  3.140611E-02
  3.123882E-02
  3.108775E-02
  3.094548E-02
  3.081090E-02
  3.068518E-02
  3.056299E-02
  3.045439E-02
  3.035275E-02
  3.026360E-02
  3.019595E-02
  3.014568E-02
  3.012070E-02
  3.013918E-02
  3.019814E-02
  3.031068E-02
  3.049830E-02
  3.081206E-02
  3.137769E-02
  3.239550E-02
  3.421360E-02
  3.741703E-02
  4.318005E-02
  5.086242E-02
  5.483405E-02
  6.609586E-02
  3.412252E-02
  8.553846E-03
  1.743400E-01
  1.742674E-01
  1.741948E-01
  1.741223E-01
  1.740498E-01
  1.739774E-01
  1.739050E-01
  1.738327E-01
  1.737605E-01
  1.735342E-01
  1.733016E-01
  1.730690E-01
  1.728365E-01
  1.726040E-01
  1.723715E-01
  1.721391E-01
  1.718827E-01
  1.715759E-01
  1.712691E-01
  1.709623E-01
  1.706555E-01
  1.703487E-01
  1.700419E-01
  1.697374E-01
  1.694640E-01
  1.691906E-01
  1.689172E-01
  1.686438E-01
  1.683704E-01
  1.680970E-01
  1.678309E-01
  1.675995E-01
  1.673681E-01
  1.671367E-01
  1.669053E-01
  1.666739E-01
  1.664425E-01
  1.662271E-01
  1.660213E-01
  1.658156E-01
  1.656098E-01
  1.654040E-01
  1.651982E-01
  1.649972E-01
  1.648032E-01
  1.646092E-01
  1.644152E-01
  1.642212E-01
  1.640272E-01
  1.638265E-01
  1.636191E-01
  1.634116E-01
  1.632042E-01
  1.629968E-01
  1.627894E-01
  1.625352E-01
  1.622745E-01
  1.620139E-01
  1.617533E-01
  1.614928E-01
  1.611766E-01
  1.608143E-01
  1.604520E-01
  1.600897E-01
  1.597274E-01
  1.592938E-01
  1.587826E-01
  1.582714E-01
  1.577602E-01
  1.572490E-01
  1.566168E-01
  1.559238E-01
  1.552308E-01
  1.545378E-01
  1.538277E-01
  1.529503E-01
  1.520728E-01
  1.511954E-01
  1.503180E-01
  1.493218E-01
  1.482855E-01
  1.472493E-01
  1.462132E-01
  1.451063E-01
  1.439532E-01
  1.428001E-01
  1.416472E-01
  1.404597E-01
  1.392576E-01
  1.380556E-01
  1.368537E-01
  1.356805E-01
  1.345083E-01
  1.333362E-01
  1.321948E-01
  1.310931E-01
  1.299917E-01
  1.288953E-01
  1.278567E-01
  1.268170E-01
  1.257798E-01
  1.247793E-01
  1.237847E-01
  1.227912E-01
  1.217982E-01
  1.208064E-01
  1.198160E-01
  1.187575E-01
  1.176979E-01
  1.166090E-01
  1.154176E-01
  1.142275E-01
  1.129331E-01
  1.115771E-01
  1.101936E-01
  1.086570E-01
  1.071211E-01
  1.054359E-01
  1.037157E-01
  1.019005E-01
  1.000161E-01
  9.807735E-02
  9.607467E-02
  9.404123E-02
  9.196957E-02
  8.988442E-02
  8.778753E-02
  8.570335E-02
  8.362432E-02
  8.160650E-02
  7.962619E-02
  7.771351E-02
  7.591438E-02
  7.419975E-02
  7.260453E-02
  7.119203E-02
  6.992701E-02
  6.884238E-02
  6.798926E-02
  6.749768E-02
  6.770838E-02
  6.919200E-02
  7.295209E-02
  8.048916E-02
  9.421315E-02
  1.112795E-01
  1.162056E-01
  1.256844E-01
  4.233327E-04
  1.510765E-07
 -1.961882E-04
 -1.963670E-04
 -1.965458E-04
 -1.967248E-04
 -1.969039E-04
 -1.970831E-04
 -1.972625E-04
 -1.974420E-04
 -1.976216E-04
 -1.980142E-04
 -1.984158E-04
 -1.988175E-04
 -1.992193E-04
 -1.996212E-04
 -2.000233E-04
 -2.004254E-04
 -2.008239E-04
 -2.012144E-04
 -2.016051E-04
 -2.019958E-04
 -2.023866E-04
 -2.027775E-04
 -2.031684E-04
 -2.035553E-04
 -2.038841E-04
 -2.042128E-04
 -2.045417E-04
 -2.048706E-04
 -2.051995E-04
 -2.055285E-04
 -2.058501E-04
 -2.061365E-04
 -2.064229E-04
 -2.067094E-04
 -2.069958E-04
 -2.072823E-04
 -2.075688E-04
 -2.078269E-04
 -2.080681E-04
 -2.083093E-04
 -2.085504E-04
 -2.087916E-04
 -2.090327E-04
 -2.092529E-04
 -2.094420E-04
 -2.096312E-04
 -2.098203E-04
 -2.100095E-04
 -2.101987E-04
 -2.103739E-04
 -2.105348E-04
 -2.106957E-04
 -2.108567E-04
 -2.110177E-04
 -2.111787E-04
 -2.113653E-04
 -2.115555E-04
 -2.117458E-04
 -2.119361E-04
 -2.121264E-04
 -2.123689E-04
 -2.126547E-04
 -2.129405E-04
 -2.132264E-04
 -2.135123E-04
 -2.138782E-04
 -2.143310E-04
 -2.147839E-04
 -2.152368E-04
 -2.156897E-04
 -2.163119E-04
 -2.170191E-04
 -2.177263E-04
 -2.184336E-04
 -2.191720E-04
 -2.202149E-04
 -2.212579E-04
 -2.223011E-04
 -2.233444E-04
 -2.246572E-04
 -2.260610E-04
 -2.274650E-04
 -2.288694E-04
 -2.304652E-04
 -2.321779E-04
 -2.338910E-04
 -2.356044E-04
 -2.374566E-04
 -2.393683E-04
 -2.412801E-04
 -2.431918E-04
 -2.451685E-04
 -2.471461E-04
 -2.491231E-04
 -2.510766E-04
 -2.529993E-04
 -2.549201E-04
 -2.568315E-04
 -2.586466E-04
 -2.604584E-04
 -2.622668E-04
 -2.640304E-04
 -2.657838E-04
 -2.675323E-04
 -2.693566E-04
 -2.711895E-04
 -2.730165E-04
 -2.750754E-04
 -2.771362E-04
 -2.792693E-04
 -2.816627E-04
 -2.840498E-04
 -2.866782E-04
 -2.894482E-04
 -2.922775E-04
 -2.954532E-04
 -2.986246E-04
 -3.021332E-04
 -3.057199E-04
 -3.095263E-04
 -3.134933E-04
 -3.175817E-04
 -3.218139E-04
 -3.260974E-04
 -3.304450E-04
 -3.348015E-04
 -3.391663E-04
 -3.435473E-04
 -3.479355E-04
 -3.524802E-04
 -3.571841E-04
 -3.621760E-04
 -3.678942E-04
 -3.743062E-04
 -3.818148E-04
 -3.916666E-04
 -4.039409E-04
 -4.194319E-04
 -4.391943E-04
 -4.647851E-04
 -4.972821E-04
 -5.359208E-04
 -5.787655E-04
 -6.205614E-04
 -6.497480E-04
 -6.477106E-04
 -6.230673E-04
 -4.711502E-04
  6.038488E-04
  2.398619E-03
  6.394458E-03
  6.393934E-03
  6.393410E-03
  6.392886E-03
  6.392363E-03
  6.391841E-03
  6.391319E-03
  6.390798E-03
  6.390277E-03
  6.389362E-03
  6.388430E-03
  6.387499E-03
  6.386569E-03
  6.385638E-03
  6.384708E-03
  6.383778E-03
  6.383031E-03
  6.382669E-03
  6.382307E-03
  6.381945E-03
  6.381583E-03
  6.381221E-03
  6.380859E-03
  6.380537E-03
  6.380776E-03
  6.381014E-03
  6.381252E-03
  6.381490E-03
  6.381729E-03
  6.381967E-03
  6.382248E-03
  6.382733E-03
  6.383217E-03
  6.383701E-03
  6.384185E-03
  6.384670E-03
  6.385154E-03
  6.385677E-03
  6.386224E-03
  6.386771E-03
  6.387318E-03
  6.387865E-03
  6.388412E-03
  6.388951E-03
  6.389480E-03
  6.390009E-03
  6.390538E-03
  6.391066E-03
  6.391595E-03
  6.392088E-03
  6.392545E-03
  6.393002E-03
  6.393458E-03
  6.393915E-03
  6.394372E-03
  6.394717E-03
  6.395046E-03
  6.395375E-03
  6.395705E-03
  6.396035E-03
  6.396271E-03
  6.396430E-03
  6.396588E-03
  6.396747E-03
  6.396906E-03
  6.396977E-03
  6.396951E-03
  6.396926E-03
  6.396901E-03
  6.396876E-03
  6.396745E-03
  6.396561E-03
  6.396378E-03
  6.396195E-03
  6.396005E-03
  6.395749E-03
  6.395493E-03
  6.395238E-03
  6.394983E-03
  6.394772E-03
  6.394576E-03
  6.394381E-03
  6.394186E-03
  6.394096E-03
  6.394070E-03
  6.394045E-03
  6.394022E-03
  6.394157E-03
  6.394362E-03
  6.394568E-03
  6.394777E-03
  6.395154E-03
  6.395539E-03
  6.395928E-03
  6.396308E-03
  6.396677E-03
  6.397055E-03
  6.397416E-03
  6.397471E-03
  6.397544E-03
  6.397633E-03
  6.397190E-03
  6.396701E-03
  6.396239E-03
  6.395075E-03
  6.393815E-03
  6.392589E-03
  6.390413E-03
  6.388239E-03
  6.385869E-03
  6.382750E-03
  6.379668E-03
  6.376104E-03
  6.372267E-03
  6.368391E-03
  6.364152E-03
  6.359941E-03
  6.355738E-03
  6.351554E-03
  6.347592E-03
  6.343794E-03
  6.340325E-03
  6.337238E-03
  6.334618E-03
  6.332568E-03
  6.331214E-03
  6.330464E-03
  6.330908E-03
  6.331821E-03
  6.335118E-03
  6.339767E-03
  6.346856E-03
  6.358712E-03
  6.374692E-03
  6.396942E-03
  6.431332E-03
  6.477480E-03
  6.538752E-03
  6.619522E-03
  6.726344E-03
  6.864457E-03
  7.032695E-03
  7.227025E-03
  7.430273E-03
  7.601333E-03
  7.675194E-03
  7.652051E-03
  7.586171E-03
  6.722891E-03
  8.086433E-03
 -4.593113E-04
 -4.592599E-04
 -4.592086E-04
 -4.591574E-04
 -4.591063E-04
 -4.590554E-04
 -4.590046E-04
 -4.589539E-04
 -4.589033E-04
 -4.588671E-04
 -4.588317E-04
 -4.587964E-04
 -4.587613E-04
 -4.587264E-04
 -4.586916E-04
 -4.586570E-04
 -4.586226E-04
 -4.585884E-04
 -4.585543E-04
 -4.585204E-04
 -4.584866E-04
 -4.584529E-04
 -4.584194E-04
 -4.583856E-04
 -4.583474E-04
 -4.583092E-04
 -4.582711E-04
 -4.582331E-04
 -4.581952E-04
 -4.581573E-04
 -4.581174E-04
 -4.580674E-04
 -4.580175E-04
 -4.579675E-04
 -4.579176E-04
 -4.578677E-04
 -4.578178E-04
 -4.577537E-04
 -4.576811E-04
 -4.576084E-04
 -4.575358E-04
 -4.574631E-04
 -4.573905E-04
 -4.573010E-04
 -4.571866E-04
 -4.570723E-04
 -4.569581E-04
 -4.568438E-04
 -4.567296E-04
 -4.565818E-04
 -4.563997E-04
 -4.562178E-04
 -4.560359E-04
 -4.558542E-04
 -4.556725E-04
 -4.554059E-04
 -4.551278E-04
 -4.548498E-04
 -4.545720E-04
 -4.542943E-04
 -4.539505E-04
 -4.535518E-04
 -4.531533E-04
 -4.527549E-04
 -4.523566E-04
 -4.518895E-04
 -4.513475E-04
 -4.508057E-04
 -4.502640E-04
 -4.497224E-04
 -4.490766E-04
 -4.483785E-04
 -4.476805E-04
 -4.469825E-04
 -4.462690E-04
 -4.454037E-04
 -4.445384E-04
 -4.436730E-04
 -4.428075E-04
 -4.417590E-04
 -4.406487E-04
 -4.395381E-04
 -4.384274E-04
 -4.376809E-04
 -4.361132E-04
 -4.345452E-04
 -4.329769E-04
 -4.309129E-04
 -4.286367E-04
 -4.263604E-04
 -4.240840E-04
 -4.208793E-04
 -4.176519E-04
 -4.144250E-04
 -4.106895E-04
 -4.062997E-04
 -4.019121E-04
 -3.974308E-04
 -3.917762E-04
 -3.854737E-04
 -3.798294E-04
 -3.732349E-04
 -3.665213E-04
 -3.598163E-04
 -3.525163E-04
 -3.451194E-04
 -3.377336E-04
 -3.300233E-04
 -3.223138E-04
 -3.146050E-04
 -3.068694E-04
 -2.991464E-04
 -2.915439E-04
 -2.840177E-04
 -2.765550E-04
 -2.693840E-04
 -2.622233E-04
 -2.554345E-04
 -2.487400E-04
 -2.423804E-04
 -2.362658E-04
 -2.305118E-04
 -2.251790E-04
 -2.202647E-04
 -2.158659E-04
 -2.120012E-04
 -2.085999E-04
 -2.059309E-04
 -2.035475E-04
 -2.022019E-04
 -2.012540E-04
 -2.010200E-04
 -2.017750E-04
 -2.032371E-04
 -2.056845E-04
 -2.104031E-04
 -2.158785E-04
 -2.230875E-04
 -2.324453E-04
 -2.445714E-04
 -2.598211E-04
 -2.777442E-04
 -2.974675E-04
 -3.167180E-04
 -3.304285E-04
 -3.301606E-04
 -3.155987E-04
 -2.384013E-04
  5.290241E-05
  1.006026E-08
  1.273240E+00
  1.273211E+00
  1.273125E+00
  1.272981E+00
  1.272781E+00
  1.272522E+00
  1.272207E+00
  1.271834E+00
  1.271403E+00
  1.270915E+00
  1.270369E+00
  1.269765E+00
  1.269104E+00
  1.268384E+00
  1.267607E+00
  1.266771E+00
  1.265877E+00
  1.264925E+00
  1.263915E+00
  1.262845E+00
  1.261717E+00
  1.260530E+00
  1.259284E+00
  1.257979E+00
  1.256614E+00
  1.255190E+00
  1.253705E+00
  1.252161E+00
  1.250556E+00
  1.248891E+00
  1.247165E+00
  1.245378E+00
  1.243529E+00
  1.241620E+00
  1.239648E+00
  1.237614E+00
  1.235518E+00
  1.233359E+00
  1.231136E+00
  1.228851E+00
  1.226501E+00
  1.224088E+00
  1.221610E+00
  1.219067E+00
  1.216458E+00
  1.213784E+00
  1.211044E+00
  1.208237E+00
  1.205362E+00
  1.202421E+00
  1.199411E+00
  1.196332E+00
  1.193185E+00
  1.189968E+00
  1.186680E+00
  1.183322E+00
  1.179892E+00
  1.176390E+00
  1.172816E+00
  1.169168E+00
  1.165446E+00
  1.161649E+00
  1.157776E+00
  1.153828E+00
  1.149802E+00
  1.145699E+00
  1.141516E+00
  1.137254E+00
  1.132912E+00
  1.128488E+00
  1.123982E+00
  1.119393E+00
  1.114719E+00
  1.109960E+00
  1.105114E+00
  1.100180E+00
  1.095157E+00
  1.090045E+00
  1.084841E+00
  1.079544E+00
  1.074153E+00
  1.068667E+00
  1.063083E+00
  1.057401E+00
  1.051619E+00
  1.045735E+00
  1.039748E+00
  1.033655E+00
  1.027455E+00
  1.021146E+00
  1.014726E+00
  1.008193E+00
  1.001543E+00
  9.947766E-01
  9.878894E-01
  9.808795E-01
  9.737441E-01
  9.664805E-01
  9.590857E-01
  9.515567E-01
  9.438904E-01
  9.360832E-01
  9.281318E-01
  9.200322E-01
  9.117806E-01
  9.033729E-01
  8.948045E-01
  8.860709E-01
  8.771671E-01
  8.680879E-01
  8.588277E-01
  8.493806E-01
  8.397402E-01
  8.299000E-01
  8.198525E-01
  8.095903E-01
  7.991048E-01
  7.883874E-01
  7.774283E-01
  7.662172E-01
  7.547428E-01
  7.429930E-01
  7.309546E-01
  7.186128E-01
  7.059520E-01
  6.929545E-01
  6.796012E-01
  6.658704E-01
  6.517385E-01
  6.371787E-01
  6.221609E-01
  6.066513E-01
  5.906109E-01
  5.739954E-01
  5.567532E-01
  5.388241E-01
  5.201372E-01
  5.006076E-01
  4.801325E-01
  4.585853E-01
  4.358068E-01
  4.115929E-01
  3.856731E-01
  3.576769E-01
  3.270715E-01
  2.930404E-01
  2.542116E-01
  2.079144E-01
  1.472658E-01
  0.000000E+00
  9.206006E-02
  9.210102E-02
  9.214198E-02
  9.218293E-02
  9.222389E-02
  9.226483E-02
  9.230578E-02
  9.234672E-02
  9.238766E-02
  9.242398E-02
  9.246010E-02
  9.249622E-02
  9.253234E-02
  9.256845E-02
  9.260457E-02
  9.264068E-02
  9.267487E-02
  9.270502E-02
  9.273517E-02
  9.276531E-02
  9.279546E-02
  9.282560E-02
  9.285575E-02
  9.288539E-02
  9.290801E-02
  9.293062E-02
  9.295324E-02
  9.297585E-02
  9.299847E-02
  9.302108E-02
  9.304202E-02
  9.305497E-02
  9.306792E-02
  9.308088E-02
  9.309383E-02
  9.310678E-02
  9.311973E-02
  9.312493E-02
  9.312547E-02
  9.312602E-02
  9.312657E-02
  9.312711E-02
  9.312766E-02
  9.312213E-02
  9.310763E-02
  9.309314E-02
  9.307865E-02
  9.306416E-02
  9.304967E-02
  9.302808E-02
  9.299923E-02
  9.297038E-02
  9.294153E-02
  9.291268E-02
  9.288383E-02
  9.284799E-02
  9.281118E-02
  9.277438E-02
  9.273758E-02
  9.270077E-02
  9.266177E-02
  9.262093E-02
  9.258009E-02
  9.253925E-02
  9.249841E-02
  9.245762E-02
  9.241688E-02
  9.237615E-02
  9.233541E-02
  9.229467E-02
  9.225769E-02
  9.222260E-02
  9.218750E-02
  9.215240E-02
  9.211839E-02
  9.209607E-02
  9.208526E-02
  9.207444E-02
  9.206362E-02
  9.205598E-02
  9.204940E-02
  9.204282E-02
  9.203624E-02
  9.213238E-02
  9.209163E-02
  9.205087E-02
  9.201012E-02
  9.191763E-02
  9.180300E-02
  9.168838E-02
  9.157375E-02
  9.135182E-02
  9.113700E-02
  9.092500E-02
  9.065446E-02
  9.030855E-02
  8.996263E-02
  8.960488E-02
  8.913209E-02
  8.855585E-02
  8.812319E-02
  8.762137E-02
  8.714513E-02
  8.669794E-02
  8.625291E-02
  8.585223E-02
  8.550593E-02
  8.518184E-02
  8.507769E-02
  8.508334E-02
  8.508870E-02
  8.511728E-02
  8.515368E-02
  8.519053E-02
  8.522750E-02
  8.527598E-02
  8.535849E-02
  8.544503E-02
  8.553252E-02
  8.562234E-02
  8.571384E-02
  8.580585E-02
  8.589842E-02
  8.600765E-02
  8.611973E-02
  8.623170E-02
  8.634356E-02
  8.645492E-02
  8.659572E-02
  8.673395E-02
  8.686871E-02
  8.699730E-02
  8.711854E-02
  8.723507E-02
  8.734557E-02
  8.739341E-02
  8.749118E-02
  8.758751E-02
  8.774796E-02
  8.790733E-02
  8.806564E-02
  8.822296E-02
  8.841571E-02
  8.873672E-02
  8.919220E-02
  8.987815E-02
  9.058484E-02
  9.131103E-02
  1.089351E-01
  2.660023E-02
 -2.112862E-01
 -2.043096E-01
 -1.973330E-01
 -1.903564E-01
 -1.833797E-01
 -1.764031E-01
 -1.694265E-01
 -1.624498E-01
 -1.554732E-01
 -1.492702E-01
 -1.430992E-01
 -1.369283E-01
 -1.307573E-01
 -1.245863E-01
 -1.184153E-01
 -1.122443E-01
 -1.063890E-01
 -1.011964E-01
 -9.600388E-02
 -9.081134E-02
 -8.561879E-02
 -8.042625E-02
 -7.523371E-02
 -7.012168E-02
 -6.613611E-02
 -6.215054E-02
 -5.816498E-02
 -5.417941E-02
 -5.019383E-02
 -4.620826E-02
 -4.248366E-02
 -4.000078E-02
 -3.751791E-02
 -3.503504E-02
 -3.255217E-02
 -3.006929E-02
 -2.758642E-02
 -2.625688E-02
 -2.561855E-02
 -2.498022E-02
 -2.434190E-02
 -2.370357E-02
 -2.306524E-02
 -2.326312E-02
 -2.469311E-02
 -2.612310E-02
 -2.755310E-02
 -2.898309E-02
 -3.041309E-02
 -3.264527E-02
 -3.569795E-02
 -3.875062E-02
 -4.180330E-02
 -4.485597E-02
 -4.790865E-02
 -5.116981E-02
 -5.445943E-02
 -5.774904E-02
 -6.103866E-02
 -6.432827E-02
 -6.723669E-02
 -6.982841E-02
 -7.242014E-02
 -7.501186E-02
 -7.760358E-02
 -7.939755E-02
 -8.032448E-02
 -8.125140E-02
 -8.217833E-02
 -8.310526E-02
 -8.217230E-02
 -8.030457E-02
 -7.843684E-02
 -7.656912E-02
 -7.434358E-02
 -6.860875E-02
 -6.287391E-02
 -5.713908E-02
 -5.140424E-02
 -4.306616E-02
 -3.385191E-02
 -2.463766E-02
 -1.542341E-02
  1.739350E-02
  2.681584E-02
  3.623819E-02
  4.566053E-02
  5.282348E-02
  5.901948E-02
  6.521548E-02
  7.141148E-02
  7.139600E-02
  7.122495E-02
  7.105389E-02
  6.686066E-02
  5.748705E-02
  4.811344E-02
  3.789120E-02
  1.727799E-02
 -2.698083E-02
 -4.760728E-02
 -7.554738E-02
 -1.044658E-01
 -1.333841E-01
 -1.648546E-01
 -1.967817E-01
 -2.287087E-01
 -2.592804E-01
 -2.898044E-01
 -3.192528E-01
 -3.450605E-01
 -3.708681E-01
 -3.923047E-01
 -4.111405E-01
 -4.286760E-01
 -4.391704E-01
 -4.496648E-01
 -4.528546E-01
 -4.543128E-01
 -4.504934E-01
 -4.428245E-01
 -4.313985E-01
 -4.155553E-01
 -3.966464E-01
 -3.739436E-01
 -3.482281E-01
 -3.198924E-01
 -2.882691E-01
 -2.553570E-01
 -2.187665E-01
 -1.810875E-01
 -1.414663E-01
 -9.989891E-02
 -5.719958E-02
 -1.313274E-02
  5.592230E-02
  1.024033E-01
  1.498135E-01
  1.981107E-01
  2.472667E-01
  2.971963E-01
  3.477575E-01
  3.988988E-01
  4.505667E-01
  5.027223E-01
  5.553384E-01
  6.083317E-01
  6.616579E-01
  3.488182E-01
  2.075842E+00
  9.895557E-01
  9.895552E-01
  9.895548E-01
  9.895544E-01
  9.895540E-01
  9.895536E-01
  9.895533E-01
  9.895529E-01
  9.895526E-01
  9.895523E-01
  9.895520E-01
  9.895518E-01
  9.895515E-01
  9.895513E-01
  9.895510E-01
  9.895508E-01
  9.895506E-01
  9.895505E-01
  9.895503E-01
  9.895502E-01
  9.895500E-01
  9.895499E-01
  9.895498E-01
  9.895497E-01
  9.895496E-01
  9.895495E-01
  9.895494E-01
  9.895494E-01
  9.895493E-01
  9.895493E-01
  9.895492E-01
  9.895492E-01
  9.895491E-01
  9.895491E-01
  9.895491E-01
  9.895491E-01
  9.895491E-01
  9.895490E-01
  9.895490E-01
  9.895490E-01
  9.895490E-01
  9.895490E-01
  9.895490E-01
  9.895490E-01
  9.895490E-01
  9.895490E-01
  9.895491E-01
  9.895491E-01
  9.895491E-01
  9.895491E-01
  9.895491E-01
  9.895492E-01
  9.895492E-01
  9.895492E-01
  9.895493E-01
  9.895493E-01
  9.895494E-01
  9.895494E-01
  9.895495E-01
  9.895496E-01
  9.895496E-01
  9.895497E-01
  9.895497E-01
  9.895498E-01
  9.895498E-01
  9.895499E-01
  9.895499E-01
  9.895499E-01
  9.895500E-01
  9.895500E-01
  9.895500E-01
  9.895499E-01
  9.895499E-01
  9.895498E-01
  9.895498E-01
  9.895496E-01
  9.895495E-01
  9.895494E-01
  9.895493E-01
  9.895492E-01
  9.895491E-01
  9.895490E-01
  9.895490E-01
  9.895490E-01
  9.895490E-01
  9.895491E-01
  9.895493E-01
  9.895494E-01
  9.895495E-01
  9.895496E-01
  9.895497E-01
  9.895497E-01
  9.895497E-01
  9.895497E-01
  9.895496E-01
  9.895494E-01
  9.895493E-01
  9.895492E-01
  9.895490E-01
  9.895490E-01
  9.895493E-01
  9.895498E-01
  9.895506E-01
  9.895516E-01
  9.895530E-01
  9.895548E-01
  9.895568E-01
  9.895591E-01
  9.895616E-01
  9.895643E-01
  9.895669E-01
  9.895697E-01
  9.895721E-01
  9.895744E-01
  9.895766E-01
  9.895780E-01
  9.895794E-01
  9.895798E-01
  9.895800E-01
  9.895795E-01
  9.895785E-01
  9.895770E-01
  9.895750E-01
  9.895726E-01
  9.895700E-01
  9.895672E-01
  9.895644E-01
  9.895615E-01
  9.895588E-01
  9.895561E-01
  9.895539E-01
  9.895520E-01
  9.895504E-01
  9.895494E-01
  9.895490E-01
  9.895494E-01
  9.895505E-01
  9.895523E-01
  9.895549E-01
  9.895582E-01
  9.895622E-01
  9.895672E-01
  9.895729E-01
  9.895795E-01
  9.895870E-01
  9.895954E-01
  9.896047E-01
  9.896149E-01
  8.085315E-01
  1.205504E-05
 -2.449719E+02
 -2.445197E+02
 -2.440672E+02
 -2.436145E+02
 -2.431616E+02
 -2.427085E+02
 -2.422551E+02
 -2.418014E+02
 -2.413475E+02
 -2.404608E+02
 -2.395560E+02
 -2.386508E+02
 -2.377454E+02
 -2.368396E+02
 -2.359336E+02
 -2.350273E+02
 -2.341147E+02
 -2.331892E+02
 -2.322635E+02
 -2.313377E+02
 -2.304117E+02
 -2.294856E+02
 -2.285593E+02
 -2.276247E+02
 -2.265771E+02
 -2.255293E+02
 -2.244814E+02
 -2.234335E+02
 -2.223855E+02
 -2.213374E+02
 -2.202791E+02
 -2.191728E+02
 -2.180665E+02
 -2.169601E+02
 -2.158537E+02
 -2.147473E+02
 -2.136409E+02
 -2.125438E+02
 -2.114525E+02
 -2.103611E+02
 -2.092698E+02
 -2.081784E+02
 -2.070870E+02
 -2.060125E+02
 -2.049628E+02
 -2.039130E+02
 -2.028632E+02
 -2.018134E+02
 -2.007636E+02
 -1.997143E+02
 -1.986657E+02
 -1.976169E+02
 -1.965680E+02
 -1.955191E+02
 -1.944700E+02
 -1.933366E+02
 -1.921916E+02
 -1.910465E+02
 -1.899012E+02
 -1.887558E+02
 -1.875095E+02
 -1.861795E+02
 -1.848494E+02
 -1.835191E+02
 -1.821887E+02
 -1.807358E+02
 -1.791497E+02
 -1.775635E+02
 -1.759771E+02
 -1.743907E+02
 -1.725732E+02
 -1.706394E+02
 -1.687055E+02
 -1.667715E+02
 -1.647970E+02
 -1.624267E+02
 -1.600560E+02
 -1.576851E+02
 -1.553139E+02
 -1.526718E+02
 -1.499381E+02
 -1.472040E+02
 -1.444695E+02
 -1.417160E+02
 -1.389510E+02
 -1.361856E+02
 -1.334198E+02
 -1.308970E+02
 -1.284783E+02
 -1.260594E+02
 -1.236404E+02
 -1.218186E+02
 -1.200117E+02
 -1.182045E+02
 -1.167694E+02
 -1.158126E+02
 -1.148548E+02
 -1.139668E+02
 -1.139462E+02
 -1.139222E+02
 -1.138950E+02
 -1.144096E+02
 -1.149918E+02
 -1.155686E+02
 -1.161808E+02
 -1.167942E+02
 -1.174016E+02
 -1.176043E+02
 -1.177877E+02
 -1.178026E+02
 -1.172600E+02
 -1.167140E+02
 -1.155849E+02
 -1.141091E+02
 -1.124704E+02
 -1.099561E+02
 -1.074425E+02
 -1.040855E+02
 -1.005305E+02
 -9.639352E+01
 -9.183364E+01
 -8.686987E+01
 -8.143098E+01
 -7.569829E+01
 -6.960086E+01
 -6.323672E+01
 -5.664024E+01
 -4.973403E+01
 -4.270630E+01
 -3.525090E+01
 -2.762048E+01
 -1.967515E+01
 -1.126719E+01
 -2.510508E+00
  6.739817E+00
  1.680436E+01
  2.759821E+01
  3.931703E+01
  5.224617E+01
  6.696500E+01
  8.457163E+01
  1.065278E+02
  1.354714E+02
  1.757243E+02
  2.353258E+02
  3.121913E+02
  3.757324E+02
  4.794979E+02
  2.748837E+02
  1.738597E-03
  1.101431E+04
  1.101333E+04
  1.101235E+04
  1.101137E+04
  1.101039E+04
  1.100942E+04
  1.100844E+04
  1.100747E+04
  1.100650E+04
  1.100166E+04
  1.099667E+04
  1.099168E+04
  1.098669E+04
  1.098170E+04
  1.097671E+04
  1.097173E+04
  1.096535E+04
  1.095606E+04
  1.094677E+04
  1.093748E+04
  1.092819E+04
  1.091891E+04
  1.090962E+04
  1.090020E+04
  1.088901E+04
  1.087781E+04
  1.086661E+04
  1.085541E+04
  1.084421E+04
  1.083302E+04
  1.082151E+04
  1.080855E+04
  1.079559E+04
  1.078263E+04
  1.076967E+04
  1.075671E+04
  1.074375E+04
  1.072935E+04
  1.071410E+04
  1.069884E+04
  1.068358E+04
  1.066833E+04
  1.065307E+04
  1.063675E+04
  1.061886E+04
  1.060097E+04
  1.058308E+04
  1.056520E+04
  1.054731E+04
  1.052800E+04
  1.050723E+04
  1.048646E+04
  1.046570E+04
  1.044493E+04
  1.042416E+04
  1.040056E+04
  1.037656E+04
  1.035257E+04
  1.032858E+04
  1.030459E+04
  1.027850E+04
  1.025067E+04
  1.022285E+04
  1.019502E+04
  1.016720E+04
  1.013720E+04
  1.010484E+04
  1.007248E+04
  1.004013E+04
  1.000777E+04
  9.972080E+03
  9.934710E+03
  9.897341E+03
  9.859973E+03
  9.822131E+03
  9.779623E+03
  9.737117E+03
  9.694613E+03
  9.652111E+03
  9.605835E+03
  9.558292E+03
  9.510752E+03
  9.463215E+03
  9.412666E+03
  9.360282E+03
  9.307903E+03
  9.255529E+03
  9.200204E+03
  9.143620E+03
  9.087043E+03
  9.030472E+03
  8.970727E+03
  8.910910E+03
  8.851102E+03
  8.790116E+03
  8.727615E+03
  8.665125E+03
  8.602451E+03
  8.537385E+03
  8.472340E+03
  8.407314E+03
  8.340246E+03
  8.272930E+03
  8.205644E+03
  8.136322E+03
  8.066664E+03
  7.997040E+03
  7.924341E+03
  7.851569E+03
  7.777927E+03
  7.701257E+03
  7.624622E+03
  7.545281E+03
  7.464342E+03
  7.382725E+03
  7.297292E+03
  7.211888E+03
  7.122851E+03
  7.032973E+03
  6.940634E+03
  6.846507E+03
  6.750483E+03
  6.652222E+03
  6.552122E+03
  6.449737E+03
  6.345271E+03
  6.238996E+03
  6.130159E+03
  6.020329E+03
  5.907274E+03
  5.793162E+03
  5.677147E+03
  5.558977E+03
  5.439434E+03
  5.318113E+03
  5.194387E+03
  5.068864E+03
  4.941426E+03
  4.812173E+03
  4.682063E+03
  4.556131E+03
  4.444756E+03
  4.364394E+03
  4.342631E+03
  4.442153E+03
  4.585802E+03
  4.339903E+03
  4.641251E+03
  1.347675E+03
  7.285451E-03
  2.849536E+01
  2.828118E+01
  2.806702E+01
  2.785286E+01
  2.763871E+01
  2.742457E+01
  2.721044E+01
  2.699632E+01
  2.678220E+01
  2.628776E+01
  2.578173E+01
  2.527570E+01
  2.476968E+01
  2.426366E+01
  2.375764E+01
  2.325163E+01
  2.270988E+01
  2.209305E+01
  2.147623E+01
  2.085940E+01
  2.024257E+01
  1.962575E+01
  1.900891E+01
  1.838416E+01
  1.764869E+01
  1.691321E+01
  1.617773E+01
  1.544224E+01
  1.470675E+01
  1.397126E+01
  1.321191E+01
  1.233905E+01
  1.146619E+01
  1.059333E+01
  9.720463E+00
  8.847595E+00
  7.974724E+00
  7.047644E+00
  6.088079E+00
  5.128515E+00
  4.168954E+00
  3.209395E+00
  2.249839E+00
  1.374790E+00
  6.242649E-01
 -1.262531E-01
 -8.767642E-01
 -1.627268E+00
 -2.377766E+00
 -2.743527E+00
 -2.715778E+00
 -2.688032E+00
 -2.660288E+00
 -2.632546E+00
 -2.604807E+00
 -1.682406E+00
 -6.379456E-01
  4.064897E-01
  1.450900E+00
  2.495286E+00
  4.055273E+00
  6.043583E+00
  8.031840E+00
  1.002004E+01
  1.200820E+01
  1.449654E+01
  1.752850E+01
  2.056036E+01
  2.359214E+01
  2.662382E+01
  3.033911E+01
  3.439789E+01
  3.845652E+01
  4.251501E+01
  4.667768E+01
  5.186326E+01
  5.704867E+01
  6.223391E+01
  6.741900E+01
  7.419045E+01
  8.149577E+01
  8.880101E+01
  9.610619E+01
  1.053142E+02
  1.156833E+02
  1.260523E+02
  1.364212E+02
  1.489072E+02
  1.622989E+02
  1.756901E+02
  1.890808E+02
  2.051061E+02
  2.211958E+02
  2.372839E+02
  2.542128E+02
  2.722236E+02
  2.902312E+02
  3.081171E+02
  3.245496E+02
  3.409775E+02
  3.574007E+02
  3.684010E+02
  3.786727E+02
  3.889409E+02
  3.931221E+02
  3.962136E+02
  3.993043E+02
  3.967024E+02
  3.939027E+02
  3.901039E+02
  3.829203E+02
  3.757408E+02
  3.666816E+02
  3.565065E+02
  3.460407E+02
  3.339772E+02
  3.219194E+02
  3.086632E+02
  2.951272E+02
  2.796818E+02
  2.628452E+02
  2.438466E+02
  2.223049E+02
  1.994509E+02
  1.749710E+02
  1.500560E+02
  1.247617E+02
  9.985626E+01
  7.510297E+01
  5.166732E+01
  2.885607E+01
  7.169925E+00
 -1.297887E+01
 -3.210261E+01
 -4.986155E+01
 -6.579042E+01
 -8.038303E+01
 -9.348945E+01
 -1.049413E+02
 -1.143963E+02
 -1.213747E+02
 -1.254120E+02
 -1.254015E+02
 -1.200354E+02
 -1.091418E+02
 -9.284313E+01
 -6.913224E+01
 -9.144958E+01
  4.588070E+03
  1.041359E-01
