 Title= "ADflow Lift Distribution Data"
Variables = "eta" "CoordinateX" "CoordinateY" "CoordinateZ" "Lift" "Drag" "Moment" "Normalized Lift" "Normalized Drag" "Normalized Moment" "CL" "CD" "CM" "CLp" "CDp" "CMp" "CLv" "CDv" "CMv" "Elliptical" "thickness" "twist" "chord" "fx" "fy" "fz" 
Zone T= "LiftDist_01 allWalls: : z normal"
 I=          150
 DATAPACKING=BLOCK
  0.000000E+00
  6.711405E-03
  1.342281E-02
  2.013422E-02
  2.684563E-02
  3.355704E-02
  4.026845E-02
  4.697986E-02
  5.369127E-02
  6.040268E-02
  6.711409E-02
  7.382550E-02
  8.053691E-02
  8.724832E-02
  9.395973E-02
  1.006711E-01
  1.073825E-01
  1.140940E-01
  1.208054E-01
  1.275168E-01
  1.342282E-01
  1.409396E-01
  1.476510E-01
  1.543624E-01
  1.610738E-01
  1.677852E-01
  1.744966E-01
  1.812081E-01
  1.879195E-01
  1.946309E-01
  2.013423E-01
  2.080537E-01
  2.147651E-01
  2.214765E-01
  2.281879E-01
  2.348993E-01
  2.416107E-01
  2.483221E-01
  2.550336E-01
  2.617450E-01
  2.684564E-01
  2.751678E-01
  2.818792E-01
  2.885906E-01
  2.953020E-01
  3.020134E-01
  3.087248E-01
  3.154362E-01
  3.221476E-01
  3.288591E-01
  3.355705E-01
  3.422819E-01
  3.489933E-01
  3.557047E-01
  3.624161E-01
  3.691275E-01
  3.758389E-01
  3.825503E-01
  3.892617E-01
  3.959732E-01
  4.026846E-01
  4.093960E-01
  4.161074E-01
  4.228188E-01
  4.295302E-01
  4.362416E-01
  4.429530E-01
  4.496644E-01
  4.563758E-01
  4.630872E-01
  4.697987E-01
  4.765101E-01
  4.832215E-01
  4.899329E-01
  4.966443E-01
  5.033557E-01
  5.100671E-01
  5.167785E-01
  5.234899E-01
  5.302013E-01
  5.369128E-01
  5.436242E-01
  5.503356E-01
  5.570470E-01
  5.637584E-01
  5.704698E-01
  5.771812E-01
  5.838926E-01
  5.906040E-01
  5.973154E-01
  6.040268E-01
  6.107383E-01
  6.174497E-01
  6.241611E-01
  6.308725E-01
  6.375839E-01
  6.442953E-01
  6.510067E-01
  6.577181E-01
  6.644295E-01
  6.711409E-01
  6.778524E-01
  6.845638E-01
  6.912752E-01
  6.979866E-01
  7.046980E-01
  7.114094E-01
  7.181208E-01
  7.248322E-01
  7.315436E-01
  7.382550E-01
  7.449664E-01
  7.516779E-01
  7.583893E-01
  7.651007E-01
  7.718121E-01
  7.785235E-01
  7.852349E-01
  7.919463E-01
  7.986577E-01
  8.053691E-01
  8.120805E-01
  8.187919E-01
  8.255034E-01
  8.322148E-01
  8.389262E-01
  8.456376E-01
  8.523490E-01
  8.590604E-01
  8.657718E-01
  8.724832E-01
  8.791946E-01
  8.859060E-01
  8.926175E-01
  8.993289E-01
  9.060403E-01
  9.127517E-01
  9.194631E-01
  9.261745E-01
  9.328859E-01
  9.395973E-01
  9.463087E-01
  9.530201E-01
  9.597315E-01
  9.664430E-01
  9.731544E-01
  9.798658E-01
  9.865772E-01
  9.932886E-01
  1.000000E+00
  0.000000E+00
  0.000000E+00
  0.000000E+00
  0.000000E+00
  0.000000E+00
  0.000000E+00
  0.000000E+00
  0.000000E+00
  0.000000E+00
  0.000000E+00
  0.000000E+00
  0.000000E+00
  0.000000E+00
  0.000000E+00
  0.000000E+00
  0.000000E+00
  0.000000E+00
  0.000000E+00
  0.000000E+00
  0.000000E+00
  0.000000E+00
  0.000000E+00
  0.000000E+00
  0.000000E+00
  0.000000E+00
  0.000000E+00
  0.000000E+00
  0.000000E+00
  0.000000E+00
  0.000000E+00
  0.000000E+00
  0.000000E+00
  0.000000E+00
  0.000000E+00
  0.000000E+00
  0.000000E+00
  0.000000E+00
  0.000000E+00
  0.000000E+00
  0.000000E+00
  0.000000E+00
  0.000000E+00
  0.000000E+00
  0.000000E+00
  0.000000E+00
  0.000000E+00
  0.000000E+00
  0.000000E+00
  0.000000E+00
  0.000000E+00
  0.000000E+00
  0.000000E+00
  0.000000E+00
  0.000000E+00
  0.000000E+00
  0.000000E+00
  0.000000E+00
  0.000000E+00
  0.000000E+00
  0.000000E+00
  0.000000E+00
  0.000000E+00
  0.000000E+00
  0.000000E+00
  0.000000E+00
  0.000000E+00
  0.000000E+00
  0.000000E+00
  0.000000E+00
  0.000000E+00
  0.000000E+00
  0.000000E+00
  0.000000E+00
  0.000000E+00
  0.000000E+00
  0.000000E+00
  0.000000E+00
  0.000000E+00
  0.000000E+00
  0.000000E+00
  0.000000E+00
  0.000000E+00
  0.000000E+00
  0.000000E+00
  0.000000E+00
  0.000000E+00
  0.000000E+00
  0.000000E+00
  0.000000E+00
  0.000000E+00
  0.000000E+00
  0.000000E+00
  0.000000E+00
  0.000000E+00
  0.000000E+00
  0.000000E+00
  0.000000E+00
  0.000000E+00
  0.000000E+00
  0.000000E+00
  0.000000E+00
  0.000000E+00
  0.000000E+00
  0.000000E+00
  0.000000E+00
  0.000000E+00
  0.000000E+00
  0.000000E+00
  0.000000E+00
  0.000000E+00
  0.000000E+00
  0.000000E+00
  0.000000E+00
  0.000000E+00
  0.000000E+00
  0.000000E+00
  0.000000E+00
  0.000000E+00
  0.000000E+00
  0.000000E+00
  0.000000E+00
  0.000000E+00
  0.000000E+00
  0.000000E+00
  0.000000E+00
  0.000000E+00
  0.000000E+00
  0.000000E+00
  0.000000E+00
  0.000000E+00
  0.000000E+00
  0.000000E+00
  0.000000E+00
  0.000000E+00
  0.000000E+00
  0.000000E+00
  0.000000E+00
  0.000000E+00
  0.000000E+00
  0.000000E+00
  0.000000E+00
  0.000000E+00
  0.000000E+00
  0.000000E+00
  0.000000E+00
  0.000000E+00
  0.000000E+00
  0.000000E+00
  0.000000E+00
  0.000000E+00
  0.000000E+00
  0.000000E+00
  0.000000E+00
  0.000000E+00
  0.000000E+00
  0.000000E+00
  0.000000E+00
  0.000000E+00
  0.000000E+00
  0.000000E+00
  0.000000E+00
  0.000000E+00
  0.000000E+00
  0.000000E+00
  0.000000E+00
  0.000000E+00
  0.000000E+00
  0.000000E+00
  0.000000E+00
  0.000000E+00
  0.000000E+00
  0.000000E+00
  0.000000E+00
  0.000000E+00
  0.000000E+00
  0.000000E+00
  0.000000E+00
  0.000000E+00
  0.000000E+00
  0.000000E+00
  0.000000E+00
  0.000000E+00
  0.000000E+00
  0.000000E+00
  0.000000E+00
  0.000000E+00
  0.000000E+00
  0.000000E+00
  0.000000E+00
  0.000000E+00
  0.000000E+00
  0.000000E+00
  0.000000E+00
  0.000000E+00
  0.000000E+00
  0.000000E+00
  0.000000E+00
  0.000000E+00
  0.000000E+00
  0.000000E+00
  0.000000E+00
  0.000000E+00
  0.000000E+00
  0.000000E+00
  0.000000E+00
  0.000000E+00
  0.000000E+00
  0.000000E+00
  0.000000E+00
  0.000000E+00
  0.000000E+00
  0.000000E+00
  0.000000E+00
  0.000000E+00
  0.000000E+00
  0.000000E+00
  0.000000E+00
  0.000000E+00
  0.000000E+00
  0.000000E+00
  0.000000E+00
  0.000000E+00
  0.000000E+00
  0.000000E+00
  0.000000E+00
  0.000000E+00
  0.000000E+00
  0.000000E+00
  0.000000E+00
  0.000000E+00
  0.000000E+00
  0.000000E+00
  0.000000E+00
  0.000000E+00
  0.000000E+00
  0.000000E+00
  0.000000E+00
  0.000000E+00
  0.000000E+00
  0.000000E+00
  0.000000E+00
  0.000000E+00
  0.000000E+00
  0.000000E+00
  0.000000E+00
  0.000000E+00
  0.000000E+00
  0.000000E+00
  0.000000E+00
  0.000000E+00
  0.000000E+00
  0.000000E+00
  0.000000E+00
  0.000000E+00
  0.000000E+00
  0.000000E+00
  0.000000E+00
  0.000000E+00
  0.000000E+00
  0.000000E+00
  0.000000E+00
  0.000000E+00
  0.000000E+00
  0.000000E+00
  0.000000E+00
  0.000000E+00
  0.000000E+00
  0.000000E+00
  0.000000E+00
  0.000000E+00
  0.000000E+00
  0.000000E+00
  0.000000E+00
  0.000000E+00
  0.000000E+00
  0.000000E+00
  0.000000E+00
  0.000000E+00
  0.000000E+00
  0.000000E+00
  0.000000E+00
  0.000000E+00
  0.000000E+00
  0.000000E+00
  0.000000E+00
  0.000000E+00
  0.000000E+00
  0.000000E+00
  0.000000E+00
  0.000000E+00
  0.000000E+00
  0.000000E+00
  0.000000E+00
  0.000000E+00
  0.000000E+00
  0.000000E+00
  0.000000E+00
  0.000000E+00
  0.000000E+00
  0.000000E+00
  1.000000E-08
  1.691809E-02
  3.383618E-02
  5.075427E-02
  6.767237E-02
  8.459046E-02
  1.015085E-01
  1.184266E-01
  1.353447E-01
  1.522628E-01
  1.691809E-01
  1.860990E-01
  2.030171E-01
  2.199352E-01
  2.368533E-01
  2.537714E-01
  2.706895E-01
  2.876076E-01
  3.045256E-01
  3.214437E-01
  3.383618E-01
  3.552799E-01
  3.721980E-01
  3.891161E-01
  4.060342E-01
  4.229523E-01
  4.398704E-01
  4.567885E-01
  4.737066E-01
  4.906247E-01
  5.075427E-01
  5.244608E-01
  5.413789E-01
  5.582970E-01
  5.752151E-01
  5.921332E-01
  6.090513E-01
  6.259694E-01
  6.428875E-01
  6.598056E-01
  6.767237E-01
  6.936418E-01
  7.105598E-01
  7.274779E-01
  7.443960E-01
  7.613141E-01
  7.782322E-01
  7.951503E-01
  8.120684E-01
  8.289865E-01
  8.459046E-01
  8.628227E-01
  8.797408E-01
  8.966589E-01
  9.135769E-01
  9.304950E-01
  9.474131E-01
  9.643312E-01
  9.812493E-01
  9.981674E-01
  1.015085E+00
  1.032004E+00
  1.048922E+00
  1.065840E+00
  1.082758E+00
  1.099676E+00
  1.116594E+00
  1.133512E+00
  1.150430E+00
  1.167348E+00
  1.184266E+00
  1.201185E+00
  1.218103E+00
  1.235021E+00
  1.251939E+00
  1.268857E+00
  1.285775E+00
  1.302693E+00
  1.319611E+00
  1.336529E+00
  1.353447E+00
  1.370365E+00
  1.387284E+00
  1.404202E+00
  1.421120E+00
  1.438038E+00
  1.454956E+00
  1.471874E+00
  1.488792E+00
  1.505710E+00
  1.522628E+00
  1.539546E+00
  1.556464E+00
  1.573383E+00
  1.590301E+00
  1.607219E+00
  1.624137E+00
  1.641055E+00
  1.657973E+00
  1.674891E+00
  1.691809E+00
  1.708727E+00
  1.725645E+00
  1.742563E+00
  1.759482E+00
  1.776400E+00
  1.793318E+00
  1.810236E+00
  1.827154E+00
  1.844072E+00
  1.860990E+00
  1.877908E+00
  1.894826E+00
  1.911744E+00
  1.928662E+00
  1.945581E+00
  1.962499E+00
  1.979417E+00
  1.996335E+00
  2.013253E+00
  2.030171E+00
  2.047089E+00
  2.064007E+00
  2.080925E+00
  2.097843E+00
  2.114761E+00
  2.131680E+00
  2.148598E+00
  2.165516E+00
  2.182434E+00
  2.199352E+00
  2.216270E+00
  2.233188E+00
  2.250106E+00
  2.267024E+00
  2.283942E+00
  2.300860E+00
  2.317779E+00
  2.334697E+00
  2.351615E+00
  2.368533E+00
  2.385451E+00
  2.402369E+00
  2.419287E+00
  2.436205E+00
  2.453123E+00
  2.470041E+00
  2.486959E+00
  2.503878E+00
  2.520796E+00
  7.281753E+03
  7.280858E+03
  7.279964E+03
  7.279069E+03
  7.278175E+03
  7.277280E+03
  7.276386E+03
  7.275492E+03
  7.274597E+03
  7.272036E+03
  7.269405E+03
  7.266775E+03
  7.264144E+03
  7.261514E+03
  7.258884E+03
  7.256253E+03
  7.253132E+03
  7.248979E+03
  7.244827E+03
  7.240674E+03
  7.236522E+03
  7.232369E+03
  7.228217E+03
  7.223963E+03
  7.218291E+03
  7.212620E+03
  7.206948E+03
  7.201277E+03
  7.195606E+03
  7.189934E+03
  7.183980E+03
  7.176680E+03
  7.169380E+03
  7.162080E+03
  7.154780E+03
  7.147480E+03
  7.140180E+03
  7.131796E+03
  7.122762E+03
  7.113728E+03
  7.104694E+03
  7.095659E+03
  7.086625E+03
  7.076847E+03
  7.065973E+03
  7.055098E+03
  7.044224E+03
  7.033349E+03
  7.022474E+03
  7.010616E+03
  6.997751E+03
  6.984886E+03
  6.972021E+03
  6.959157E+03
  6.946292E+03
  6.931499E+03
  6.916443E+03
  6.901387E+03
  6.886331E+03
  6.871275E+03
  6.854900E+03
  6.837430E+03
  6.819960E+03
  6.802490E+03
  6.785020E+03
  6.766292E+03
  6.746196E+03
  6.726099E+03
  6.706004E+03
  6.685908E+03
  6.663969E+03
  6.641105E+03
  6.618241E+03
  6.595378E+03
  6.572260E+03
  6.546641E+03
  6.521024E+03
  6.495408E+03
  6.469793E+03
  6.442227E+03
  6.414006E+03
  6.385787E+03
  6.357571E+03
  6.327865E+03
  6.297253E+03
  6.266644E+03
  6.236037E+03
  6.203943E+03
  6.171214E+03
  6.138488E+03
  6.105765E+03
  6.071259E+03
  6.036711E+03
  6.002166E+03
  5.966899E+03
  5.930702E+03
  5.894507E+03
  5.858193E+03
  5.820375E+03
  5.782560E+03
  5.744747E+03
  5.705489E+03
  5.666039E+03
  5.626591E+03
  5.585707E+03
  5.544567E+03
  5.503428E+03
  5.460495E+03
  5.417500E+03
  5.374033E+03
  5.328966E+03
  5.283900E+03
  5.237404E+03
  5.190057E+03
  5.142321E+03
  5.092482E+03
  5.042644E+03
  4.990627E+03
  4.938094E+03
  4.883894E+03
  4.828478E+03
  4.771651E+03
  4.713167E+03
  4.653234E+03
  4.591508E+03
  4.527976E+03
  4.462873E+03
  4.395279E+03
  4.326708E+03
  4.254662E+03
  4.181365E+03
  4.105825E+03
  4.027582E+03
  3.947598E+03
  3.865350E+03
  3.780122E+03
  3.692695E+03
  3.602785E+03
  3.510069E+03
  3.414014E+03
  3.315058E+03
  3.215458E+03
  3.117863E+03
  3.034015E+03
  3.014964E+03
  3.046946E+03
  2.975688E+03
  3.696735E+03
  1.104937E+03
  3.415550E-03
  3.135209E+02
  3.135056E+02
  3.134902E+02
  3.134749E+02
  3.134595E+02
  3.134442E+02
  3.134288E+02
  3.134134E+02
  3.133981E+02
  3.133881E+02
  3.133783E+02
  3.133686E+02
  3.133588E+02
  3.133490E+02
  3.133392E+02
  3.133295E+02
  3.133385E+02
  3.133869E+02
  3.134353E+02
  3.134837E+02
  3.135322E+02
  3.135806E+02
  3.136290E+02
  3.136804E+02
  3.137733E+02
  3.138663E+02
  3.139592E+02
  3.140521E+02
  3.141451E+02
  3.142380E+02
  3.143315E+02
  3.144278E+02
  3.145241E+02
  3.146204E+02
  3.147167E+02
  3.148131E+02
  3.149094E+02
  3.149970E+02
  3.150794E+02
  3.151618E+02
  3.152442E+02
  3.153266E+02
  3.154090E+02
  3.154824E+02
  3.155426E+02
  3.156028E+02
  3.156630E+02
  3.157232E+02
  3.157834E+02
  3.158265E+02
  3.158521E+02
  3.158778E+02
  3.159034E+02
  3.159291E+02
  3.159547E+02
  3.159329E+02
  3.159047E+02
  3.158765E+02
  3.158482E+02
  3.158200E+02
  3.157473E+02
  3.156378E+02
  3.155283E+02
  3.154188E+02
  3.153092E+02
  3.151482E+02
  3.149313E+02
  3.147144E+02
  3.144973E+02
  3.142803E+02
  3.139770E+02
  3.136304E+02
  3.132836E+02
  3.129368E+02
  3.125764E+02
  3.120841E+02
  3.115917E+02
  3.110992E+02
  3.106067E+02
  3.100204E+02
  3.094026E+02
  3.087848E+02
  3.081669E+02
  3.075006E+02
  3.068049E+02
  3.061092E+02
  3.054134E+02
  3.046838E+02
  3.039397E+02
  3.031955E+02
  3.024513E+02
  3.016720E+02
  3.008918E+02
  3.001114E+02
  2.993226E+02
  2.985230E+02
  2.977232E+02
  2.969228E+02
  2.961185E+02
  2.953139E+02
  2.945090E+02
  2.937086E+02
  2.929086E+02
  2.921081E+02
  2.913295E+02
  2.905544E+02
  2.897790E+02
  2.890496E+02
  2.883215E+02
  2.876063E+02
  2.869356E+02
  2.862645E+02
  2.856302E+02
  2.850176E+02
  2.844133E+02
  2.838556E+02
  2.832976E+02
  2.827781E+02
  2.822675E+02
  2.817806E+02
  2.813110E+02
  2.808578E+02
  2.804242E+02
  2.800050E+02
  2.796035E+02
  2.792221E+02
  2.788581E+02
  2.785368E+02
  2.782321E+02
  2.780284E+02
  2.778851E+02
  2.778508E+02
  2.780244E+02
  2.783704E+02
  2.789737E+02
  2.800392E+02
  2.815221E+02
  2.835206E+02
  2.861610E+02
  2.896616E+02
  2.944370E+02
  3.010589E+02
  3.105536E+02
  3.259039E+02
  3.568321E+02
  4.055043E+02
  4.573456E+02
  6.182512E+02
  1.759978E+02
  1.181068E-03
  1.474381E+03
  1.474264E+03
  1.474146E+03
  1.474029E+03
  1.473912E+03
  1.473794E+03
  1.473677E+03
  1.473560E+03
  1.473442E+03
  1.473148E+03
  1.472846E+03
  1.472544E+03
  1.472243E+03
  1.471941E+03
  1.471639E+03
  1.471337E+03
  1.471001E+03
  1.470594E+03
  1.470187E+03
  1.469780E+03
  1.469373E+03
  1.468966E+03
  1.468559E+03
  1.468144E+03
  1.467607E+03
  1.467070E+03
  1.466534E+03
  1.465997E+03
  1.465461E+03
  1.464924E+03
  1.464353E+03
  1.463619E+03
  1.462885E+03
  1.462151E+03
  1.461417E+03
  1.460683E+03
  1.459948E+03
  1.459055E+03
  1.458065E+03
  1.457076E+03
  1.456086E+03
  1.455096E+03
  1.454107E+03
  1.452991E+03
  1.451688E+03
  1.450385E+03
  1.449083E+03
  1.447780E+03
  1.446477E+03
  1.444987E+03
  1.443305E+03
  1.441623E+03
  1.439940E+03
  1.438258E+03
  1.436576E+03
  1.434471E+03
  1.432308E+03
  1.430144E+03
  1.427981E+03
  1.425818E+03
  1.423303E+03
  1.420495E+03
  1.417687E+03
  1.414879E+03
  1.412070E+03
  1.408864E+03
  1.405225E+03
  1.401585E+03
  1.397946E+03
  1.394306E+03
  1.390000E+03
  1.385358E+03
  1.380717E+03
  1.376076E+03
  1.371331E+03
  1.365574E+03
  1.359817E+03
  1.354061E+03
  1.348305E+03
  1.341790E+03
  1.335021E+03
  1.328252E+03
  1.321484E+03
  1.314308E+03
  1.306883E+03
  1.299458E+03
  1.292035E+03
  1.284421E+03
  1.276726E+03
  1.269032E+03
  1.261338E+03
  1.253672E+03
  1.246007E+03
  1.238342E+03
  1.230806E+03
  1.223435E+03
  1.216065E+03
  1.208730E+03
  1.201834E+03
  1.194938E+03
  1.188042E+03
  1.181557E+03
  1.175127E+03
  1.168697E+03
  1.162547E+03
  1.156446E+03
  1.150345E+03
  1.144421E+03
  1.138504E+03
  1.132598E+03
  1.126730E+03
  1.120862E+03
  1.114944E+03
  1.108996E+03
  1.103017E+03
  1.096871E+03
  1.090725E+03
  1.084340E+03
  1.077898E+03
  1.071242E+03
  1.064431E+03
  1.057429E+03
  1.050204E+03
  1.042782E+03
  1.035116E+03
  1.027212E+03
  1.019101E+03
  1.010694E+03
  1.002171E+03
  9.933206E+02
  9.843961E+02
  9.753408E+02
  9.662544E+02
  9.572023E+02
  9.482416E+02
  9.395404E+02
  9.310888E+02
  9.229350E+02
  9.151318E+02
  9.077859E+02
  9.015549E+02
  8.980269E+02
  8.999832E+02
  9.156169E+02
  9.732675E+02
  1.078286E+03
  1.166205E+03
  1.530420E+03
  1.604905E+02
  1.038335E-08
  1.208478E+00
  1.208330E+00
  1.208181E+00
  1.208033E+00
  1.207884E+00
  1.207736E+00
  1.207587E+00
  1.207439E+00
  1.207291E+00
  1.206865E+00
  1.206429E+00
  1.205992E+00
  1.205556E+00
  1.205119E+00
  1.204683E+00
  1.204246E+00
  1.203728E+00
  1.203039E+00
  1.202350E+00
  1.201661E+00
  1.200972E+00
  1.200282E+00
  1.199593E+00
  1.198887E+00
  1.197946E+00
  1.197005E+00
  1.196064E+00
  1.195122E+00
  1.194181E+00
  1.193240E+00
  1.192252E+00
  1.191040E+00
  1.189829E+00
  1.188617E+00
  1.187406E+00
  1.186194E+00
  1.184983E+00
  1.183591E+00
  1.182092E+00
  1.180593E+00
  1.179093E+00
  1.177594E+00
  1.176095E+00
  1.174472E+00
  1.172667E+00
  1.170863E+00
  1.169058E+00
  1.167253E+00
  1.165448E+00
  1.163480E+00
  1.161345E+00
  1.159210E+00
  1.157075E+00
  1.154940E+00
  1.152805E+00
  1.150350E+00
  1.147851E+00
  1.145353E+00
  1.142854E+00
  1.140355E+00
  1.137638E+00
  1.134738E+00
  1.131839E+00
  1.128940E+00
  1.126041E+00
  1.122932E+00
  1.119597E+00
  1.116262E+00
  1.112927E+00
  1.109592E+00
  1.105951E+00
  1.102156E+00
  1.098362E+00
  1.094567E+00
  1.090731E+00
  1.086479E+00
  1.082228E+00
  1.077976E+00
  1.073725E+00
  1.069151E+00
  1.064467E+00
  1.059784E+00
  1.055101E+00
  1.050171E+00
  1.045091E+00
  1.040011E+00
  1.034931E+00
  1.029605E+00
  1.024173E+00
  1.018742E+00
  1.013311E+00
  1.007585E+00
  1.001851E+00
  9.961181E-01
  9.902653E-01
  9.842580E-01
  9.782512E-01
  9.722244E-01
  9.659482E-01
  9.596724E-01
  9.533969E-01
  9.468817E-01
  9.403347E-01
  9.337879E-01
  9.270028E-01
  9.201752E-01
  9.133478E-01
  9.062226E-01
  8.990871E-01
  8.918733E-01
  8.843941E-01
  8.769149E-01
  8.691984E-01
  8.613407E-01
  8.534185E-01
  8.451473E-01
  8.368761E-01
  8.282434E-01
  8.195251E-01
  8.105300E-01
  8.013332E-01
  7.919022E-01
  7.821961E-01
  7.722496E-01
  7.620057E-01
  7.514619E-01
  7.406574E-01
  7.294395E-01
  7.180595E-01
  7.061029E-01
  6.939385E-01
  6.814018E-01
  6.684166E-01
  6.551426E-01
  6.414927E-01
  6.273482E-01
  6.128388E-01
  5.979174E-01
  5.825302E-01
  5.665891E-01
  5.501663E-01
  5.336367E-01
  5.174398E-01
  5.035245E-01
  5.003628E-01
  5.056705E-01
  4.938446E-01
  6.135094E-01
  1.833752E-01
  5.668439E-07
  1.023474E+00
  1.023424E+00
  1.023373E+00
  1.023323E+00
  1.023273E+00
  1.023223E+00
  1.023173E+00
  1.023123E+00
  1.023073E+00
  1.023040E+00
  1.023008E+00
  1.022976E+00
  1.022944E+00
  1.022912E+00
  1.022881E+00
  1.022849E+00
  1.022878E+00
  1.023036E+00
  1.023194E+00
  1.023352E+00
  1.023510E+00
  1.023668E+00
  1.023826E+00
  1.023994E+00
  1.024298E+00
  1.024601E+00
  1.024904E+00
  1.025208E+00
  1.025511E+00
  1.025815E+00
  1.026120E+00
  1.026434E+00
  1.026749E+00
  1.027063E+00
  1.027377E+00
  1.027692E+00
  1.028006E+00
  1.028292E+00
  1.028561E+00
  1.028830E+00
  1.029099E+00
  1.029368E+00
  1.029637E+00
  1.029877E+00
  1.030073E+00
  1.030270E+00
  1.030466E+00
  1.030663E+00
  1.030859E+00
  1.031000E+00
  1.031084E+00
  1.031167E+00
  1.031251E+00
  1.031335E+00
  1.031419E+00
  1.031348E+00
  1.031255E+00
  1.031163E+00
  1.031071E+00
  1.030979E+00
  1.030742E+00
  1.030384E+00
  1.030027E+00
  1.029669E+00
  1.029311E+00
  1.028786E+00
  1.028078E+00
  1.027370E+00
  1.026661E+00
  1.025953E+00
  1.024963E+00
  1.023831E+00
  1.022699E+00
  1.021567E+00
  1.020390E+00
  1.018783E+00
  1.017176E+00
  1.015568E+00
  1.013960E+00
  1.012046E+00
  1.010030E+00
  1.008013E+00
  1.005996E+00
  1.003821E+00
  1.001550E+00
  9.992784E-01
  9.970071E-01
  9.946253E-01
  9.921962E-01
  9.897668E-01
  9.873373E-01
  9.847935E-01
  9.822464E-01
  9.796988E-01
  9.771239E-01
  9.745137E-01
  9.719027E-01
  9.692900E-01
  9.666644E-01
  9.640378E-01
  9.614100E-01
  9.587974E-01
  9.561857E-01
  9.535726E-01
  9.510309E-01
  9.485007E-01
  9.459692E-01
  9.435884E-01
  9.412116E-01
  9.388767E-01
  9.366872E-01
  9.344964E-01
  9.324257E-01
  9.304260E-01
  9.284534E-01
  9.266328E-01
  9.248111E-01
  9.231153E-01
  9.214486E-01
  9.198591E-01
  9.183258E-01
  9.168466E-01
  9.154311E-01
  9.140625E-01
  9.127520E-01
  9.115069E-01
  9.103187E-01
  9.092697E-01
  9.082750E-01
  9.076102E-01
  9.071422E-01
  9.070302E-01
  9.075970E-01
  9.087265E-01
  9.106959E-01
  9.141743E-01
  9.190151E-01
  9.255389E-01
  9.341584E-01
  9.455862E-01
  9.611752E-01
  9.827921E-01
  1.013787E+00
  1.063897E+00
  1.164861E+00
  1.323749E+00
  1.492982E+00
  2.018251E+00
  5.745360E-01
  3.855537E-06
  1.151399E+00
  1.151307E+00
  1.151215E+00
  1.151124E+00
  1.151032E+00
  1.150940E+00
  1.150849E+00
  1.150757E+00
  1.150666E+00
  1.150436E+00
  1.150200E+00
  1.149964E+00
  1.149729E+00
  1.149493E+00
  1.149257E+00
  1.149021E+00
  1.148759E+00
  1.148441E+00
  1.148124E+00
  1.147806E+00
  1.147488E+00
  1.147170E+00
  1.146852E+00
  1.146527E+00
  1.146108E+00
  1.145689E+00
  1.145270E+00
  1.144851E+00
  1.144432E+00
  1.144013E+00
  1.143568E+00
  1.142994E+00
  1.142421E+00
  1.141848E+00
  1.141274E+00
  1.140701E+00
  1.140128E+00
  1.139430E+00
  1.138657E+00
  1.137884E+00
  1.137111E+00
  1.136338E+00
  1.135566E+00
  1.134694E+00
  1.133677E+00
  1.132659E+00
  1.131642E+00
  1.130625E+00
  1.129607E+00
  1.128444E+00
  1.127130E+00
  1.125816E+00
  1.124503E+00
  1.123189E+00
  1.121875E+00
  1.120231E+00
  1.118542E+00
  1.116853E+00
  1.115163E+00
  1.113474E+00
  1.111510E+00
  1.109317E+00
  1.107124E+00
  1.104931E+00
  1.102738E+00
  1.100234E+00
  1.097392E+00
  1.094549E+00
  1.091707E+00
  1.088865E+00
  1.085502E+00
  1.081877E+00
  1.078253E+00
  1.074628E+00
  1.070923E+00
  1.066427E+00
  1.061931E+00
  1.057436E+00
  1.052941E+00
  1.047853E+00
  1.042567E+00
  1.037281E+00
  1.031996E+00
  1.026391E+00
  1.020593E+00
  1.014795E+00
  1.008997E+00
  1.003052E+00
  9.970424E-01
  9.910338E-01
  9.850257E-01
  9.790387E-01
  9.730528E-01
  9.670673E-01
  9.611821E-01
  9.554257E-01
  9.496697E-01
  9.439420E-01
  9.385563E-01
  9.331708E-01
  9.277856E-01
  9.227213E-01
  9.177000E-01
  9.126789E-01
  9.078755E-01
  9.031111E-01
  8.983469E-01
  8.937209E-01
  8.890998E-01
  8.844876E-01
  8.799051E-01
  8.753226E-01
  8.707008E-01
  8.660556E-01
  8.613864E-01
  8.565869E-01
  8.517875E-01
  8.468009E-01
  8.417700E-01
  8.365724E-01
  8.312532E-01
  8.257855E-01
  8.201431E-01
  8.143469E-01
  8.083603E-01
  8.021877E-01
  7.958533E-01
  7.892881E-01
  7.826325E-01
  7.757207E-01
  7.687512E-01
  7.616796E-01
  7.545837E-01
  7.475146E-01
  7.405168E-01
  7.337217E-01
  7.271216E-01
  7.207540E-01
  7.146602E-01
  7.089235E-01
  7.040575E-01
  7.013023E-01
  7.028301E-01
  7.150390E-01
  7.600605E-01
  8.420734E-01
  9.107326E-01
  1.195161E+00
  1.253330E-01
  8.108740E-12
  6.448055E-01
  6.447263E-01
  6.446471E-01
  6.445679E-01
  6.444887E-01
  6.444095E-01
  6.443303E-01
  6.442510E-01
  6.441718E-01
  6.439450E-01
  6.437121E-01
  6.434792E-01
  6.432462E-01
  6.430133E-01
  6.427804E-01
  6.425475E-01
  6.422711E-01
  6.419034E-01
  6.415357E-01
  6.411679E-01
  6.408002E-01
  6.404325E-01
  6.400648E-01
  6.396881E-01
  6.391859E-01
  6.386837E-01
  6.381815E-01
  6.376793E-01
  6.371771E-01
  6.366749E-01
  6.361476E-01
  6.355012E-01
  6.348548E-01
  6.342084E-01
  6.335619E-01
  6.329155E-01
  6.322691E-01
  6.315267E-01
  6.307267E-01
  6.299267E-01
  6.291268E-01
  6.283268E-01
  6.275268E-01
  6.266610E-01
  6.256980E-01
  6.247351E-01
  6.237721E-01
  6.228092E-01
  6.218462E-01
  6.207961E-01
  6.196570E-01
  6.185178E-01
  6.173786E-01
  6.162394E-01
  6.151002E-01
  6.137903E-01
  6.124571E-01
  6.111239E-01
  6.097907E-01
  6.084575E-01
  6.070075E-01
  6.054605E-01
  6.039136E-01
  6.023666E-01
  6.008197E-01
  5.991613E-01
  5.973817E-01
  5.956022E-01
  5.938228E-01
  5.920433E-01
  5.901007E-01
  5.880760E-01
  5.860514E-01
  5.840269E-01
  5.819798E-01
  5.797113E-01
  5.774429E-01
  5.751746E-01
  5.729064E-01
  5.704655E-01
  5.679666E-01
  5.654678E-01
  5.629692E-01
  5.603388E-01
  5.576282E-01
  5.549177E-01
  5.522075E-01
  5.493655E-01
  5.464674E-01
  5.435695E-01
  5.406719E-01
  5.376164E-01
  5.345571E-01
  5.314982E-01
  5.283753E-01
  5.251700E-01
  5.219650E-01
  5.187492E-01
  5.154005E-01
  5.120519E-01
  5.087035E-01
  5.052271E-01
  5.017338E-01
  4.982406E-01
  4.946203E-01
  4.909773E-01
  4.873344E-01
  4.835325E-01
  4.797252E-01
  4.758761E-01
  4.718854E-01
  4.678948E-01
  4.637774E-01
  4.595847E-01
  4.553577E-01
  4.509444E-01
  4.465311E-01
  4.419249E-01
  4.372731E-01
  4.324736E-01
  4.275664E-01
  4.225343E-01
  4.173555E-01
  4.120483E-01
  4.065824E-01
  4.009566E-01
  3.951916E-01
  3.892061E-01
  3.831341E-01
  3.767544E-01
  3.702639E-01
  3.635747E-01
  3.566462E-01
  3.495636E-01
  3.422804E-01
  3.347334E-01
  3.269916E-01
  3.190300E-01
  3.108199E-01
  3.023142E-01
  2.935515E-01
  2.847318E-01
  2.760897E-01
  2.686649E-01
  2.669779E-01
  2.698099E-01
  2.635000E-01
  3.273494E-01
  1.197218E-01
  2.483307E-02
  2.776255E-02
  2.776119E-02
  2.775983E-02
  2.775847E-02
  2.775711E-02
  2.775575E-02
  2.775439E-02
  2.775303E-02
  2.775167E-02
  2.775079E-02
  2.774992E-02
  2.774906E-02
  2.774819E-02
  2.774732E-02
  2.774646E-02
  2.774559E-02
  2.774639E-02
  2.775068E-02
  2.775497E-02
  2.775925E-02
  2.776354E-02
  2.776783E-02
  2.777212E-02
  2.777667E-02
  2.778490E-02
  2.779313E-02
  2.780136E-02
  2.780959E-02
  2.781782E-02
  2.782605E-02
  2.783433E-02
  2.784286E-02
  2.785138E-02
  2.785991E-02
  2.786844E-02
  2.787697E-02
  2.788550E-02
  2.789325E-02
  2.790055E-02
  2.790785E-02
  2.791514E-02
  2.792244E-02
  2.792974E-02
  2.793624E-02
  2.794157E-02
  2.794690E-02
  2.795223E-02
  2.795756E-02
  2.796289E-02
  2.796671E-02
  2.796898E-02
  2.797125E-02
  2.797352E-02
  2.797579E-02
  2.797807E-02
  2.797614E-02
  2.797364E-02
  2.797114E-02
  2.796864E-02
  2.796614E-02
  2.795971E-02
  2.795001E-02
  2.794031E-02
  2.793061E-02
  2.792091E-02
  2.790666E-02
  2.788745E-02
  2.786824E-02
  2.784903E-02
  2.782981E-02
  2.780295E-02
  2.777226E-02
  2.774156E-02
  2.771085E-02
  2.767894E-02
  2.763535E-02
  2.759175E-02
  2.754814E-02
  2.750452E-02
  2.745261E-02
  2.739791E-02
  2.734320E-02
  2.728849E-02
  2.722949E-02
  2.716789E-02
  2.710628E-02
  2.704467E-02
  2.698007E-02
  2.691417E-02
  2.684828E-02
  2.678238E-02
  2.671338E-02
  2.664428E-02
  2.657518E-02
  2.650534E-02
  2.643453E-02
  2.636371E-02
  2.629283E-02
  2.622161E-02
  2.615036E-02
  2.607908E-02
  2.600821E-02
  2.593737E-02
  2.586648E-02
  2.579754E-02
  2.572890E-02
  2.566023E-02
  2.559565E-02
  2.553117E-02
  2.546784E-02
  2.540844E-02
  2.534901E-02
  2.529284E-02
  2.523860E-02
  2.518509E-02
  2.513570E-02
  2.508628E-02
  2.504028E-02
  2.499507E-02
  2.495195E-02
  2.491036E-02
  2.487023E-02
  2.483183E-02
  2.479471E-02
  2.475916E-02
  2.472538E-02
  2.469315E-02
  2.466470E-02
  2.463772E-02
  2.461968E-02
  2.460699E-02
  2.460395E-02
  2.461932E-02
  2.464996E-02
  2.470338E-02
  2.479774E-02
  2.492905E-02
  2.510601E-02
  2.533982E-02
  2.564981E-02
  2.607267E-02
  2.665905E-02
  2.749981E-02
  2.885910E-02
  3.159782E-02
  3.590778E-02
  4.049838E-02
  5.474673E-02
  1.906965E-02
  8.587061E-03
  1.305577E-01
  1.305473E-01
  1.305369E-01
  1.305266E-01
  1.305162E-01
  1.305058E-01
  1.304954E-01
  1.304850E-01
  1.304746E-01
  1.304485E-01
  1.304218E-01
  1.303951E-01
  1.303684E-01
  1.303416E-01
  1.303149E-01
  1.302882E-01
  1.302584E-01
  1.302224E-01
  1.301864E-01
  1.301503E-01
  1.301143E-01
  1.300782E-01
  1.300422E-01
  1.300054E-01
  1.299579E-01
  1.299104E-01
  1.298628E-01
  1.298153E-01
  1.297678E-01
  1.297203E-01
  1.296698E-01
  1.296048E-01
  1.295397E-01
  1.294747E-01
  1.294097E-01
  1.293447E-01
  1.292797E-01
  1.292005E-01
  1.291129E-01
  1.290253E-01
  1.289377E-01
  1.288500E-01
  1.287624E-01
  1.286636E-01
  1.285482E-01
  1.284329E-01
  1.283175E-01
  1.282022E-01
  1.280868E-01
  1.279549E-01
  1.278059E-01
  1.276569E-01
  1.275080E-01
  1.273590E-01
  1.272101E-01
  1.270236E-01
  1.268321E-01
  1.266406E-01
  1.264490E-01
  1.262575E-01
  1.260347E-01
  1.257861E-01
  1.255374E-01
  1.252888E-01
  1.250401E-01
  1.247562E-01
  1.244339E-01
  1.241116E-01
  1.237894E-01
  1.234671E-01
  1.230858E-01
  1.226748E-01
  1.222638E-01
  1.218528E-01
  1.214327E-01
  1.209229E-01
  1.204131E-01
  1.199034E-01
  1.193937E-01
  1.188168E-01
  1.182174E-01
  1.176181E-01
  1.170187E-01
  1.163833E-01
  1.157258E-01
  1.150684E-01
  1.144110E-01
  1.137368E-01
  1.130554E-01
  1.123741E-01
  1.116928E-01
  1.110140E-01
  1.103352E-01
  1.096565E-01
  1.089892E-01
  1.083365E-01
  1.076838E-01
  1.070344E-01
  1.064237E-01
  1.058130E-01
  1.052024E-01
  1.046281E-01
  1.040587E-01
  1.034894E-01
  1.029447E-01
  1.024045E-01
  1.018643E-01
  1.013397E-01
  1.008157E-01
  1.002927E-01
  9.977311E-02
  9.925349E-02
  9.872941E-02
  9.820268E-02
  9.767323E-02
  9.712901E-02
  9.658479E-02
  9.601935E-02
  9.544889E-02
  9.485953E-02
  9.425638E-02
  9.363638E-02
  9.299658E-02
  9.233934E-02
  9.166051E-02
  9.096059E-02
  9.024234E-02
  8.949791E-02
  8.874321E-02
  8.795948E-02
  8.716920E-02
  8.636735E-02
  8.556274E-02
  8.476117E-02
  8.396769E-02
  8.319719E-02
  8.244879E-02
  8.172676E-02
  8.103578E-02
  8.038529E-02
  7.983354E-02
  7.952113E-02
  7.969436E-02
  8.107873E-02
  8.618375E-02
  9.548324E-02
  1.032686E-01
  1.355201E-01
  1.738942E-02
  7.549310E-08
  6.448990E-01
  6.448198E-01
  6.447406E-01
  6.446614E-01
  6.445822E-01
  6.445030E-01
  6.444237E-01
  6.443445E-01
  6.442653E-01
  6.440385E-01
  6.438056E-01
  6.435727E-01
  6.433398E-01
  6.431069E-01
  6.428740E-01
  6.426410E-01
  6.423647E-01
  6.419970E-01
  6.416293E-01
  6.412616E-01
  6.408939E-01
  6.405263E-01
  6.401586E-01
  6.397819E-01
  6.392798E-01
  6.387777E-01
  6.382755E-01
  6.377734E-01
  6.372712E-01
  6.367691E-01
  6.362419E-01
  6.355956E-01
  6.349492E-01
  6.343029E-01
  6.336566E-01
  6.330102E-01
  6.323639E-01
  6.316216E-01
  6.308217E-01
  6.300219E-01
  6.292220E-01
  6.284221E-01
  6.276223E-01
  6.267565E-01
  6.257937E-01
  6.248309E-01
  6.238681E-01
  6.229052E-01
  6.219424E-01
  6.208925E-01
  6.197534E-01
  6.186144E-01
  6.174754E-01
  6.163363E-01
  6.151973E-01
  6.138875E-01
  6.125545E-01
  6.112214E-01
  6.098884E-01
  6.085554E-01
  6.071056E-01
  6.055589E-01
  6.040121E-01
  6.024654E-01
  6.009187E-01
  5.992606E-01
  5.974814E-01
  5.957023E-01
  5.939232E-01
  5.921441E-01
  5.902019E-01
  5.881778E-01
  5.861538E-01
  5.841298E-01
  5.820833E-01
  5.798156E-01
  5.775479E-01
  5.752804E-01
  5.730130E-01
  5.705731E-01
  5.680752E-01
  5.655775E-01
  5.630799E-01
  5.604507E-01
  5.577412E-01
  5.550319E-01
  5.523229E-01
  5.494822E-01
  5.465853E-01
  5.436887E-01
  5.407923E-01
  5.377380E-01
  5.346799E-01
  5.316221E-01
  5.285004E-01
  5.252962E-01
  5.220922E-01
  5.188775E-01
  5.155296E-01
  5.121819E-01
  5.088343E-01
  5.053587E-01
  5.018660E-01
  4.983735E-01
  4.947536E-01
  4.911111E-01
  4.874687E-01
  4.836673E-01
  4.798603E-01
  4.760116E-01
  4.720212E-01
  4.680309E-01
  4.639139E-01
  4.597215E-01
  4.554947E-01
  4.510818E-01
  4.466688E-01
  4.420630E-01
  4.374115E-01
  4.326124E-01
  4.277056E-01
  4.226739E-01
  4.174953E-01
  4.121886E-01
  4.067230E-01
  4.010975E-01
  3.953329E-01
  3.893476E-01
  3.832758E-01
  3.768962E-01
  3.704059E-01
  3.637170E-01
  3.567891E-01
  3.497074E-01
  3.424257E-01
  3.348813E-01
  3.271433E-01
  3.191870E-01
  3.109840E-01
  3.024878E-01
  2.937372E-01
  2.849316E-01
  2.763048E-01
  2.688954E-01
  2.672211E-01
  2.700597E-01
  2.637568E-01
  3.275073E-01
  1.189645E-01
  2.340451E-02
  2.129421E-02
  2.129324E-02
  2.129227E-02
  2.129130E-02
  2.129033E-02
  2.128936E-02
  2.128840E-02
  2.128743E-02
  2.128646E-02
  2.128631E-02
  2.128619E-02
  2.128607E-02
  2.128595E-02
  2.128583E-02
  2.128571E-02
  2.128559E-02
  2.128700E-02
  2.129165E-02
  2.129629E-02
  2.130093E-02
  2.130557E-02
  2.131021E-02
  2.131485E-02
  2.131973E-02
  2.132788E-02
  2.133603E-02
  2.134418E-02
  2.135233E-02
  2.136048E-02
  2.136863E-02
  2.137682E-02
  2.138520E-02
  2.139358E-02
  2.140195E-02
  2.141033E-02
  2.141871E-02
  2.142709E-02
  2.143477E-02
  2.144203E-02
  2.144930E-02
  2.145656E-02
  2.146383E-02
  2.147109E-02
  2.147763E-02
  2.148310E-02
  2.148857E-02
  2.149404E-02
  2.149951E-02
  2.150498E-02
  2.150901E-02
  2.151157E-02
  2.151414E-02
  2.151670E-02
  2.151926E-02
  2.152182E-02
  2.152027E-02
  2.151816E-02
  2.151604E-02
  2.151392E-02
  2.151181E-02
  2.150578E-02
  2.149650E-02
  2.148722E-02
  2.147793E-02
  2.146865E-02
  2.145480E-02
  2.143599E-02
  2.141718E-02
  2.139836E-02
  2.137953E-02
  2.135304E-02
  2.132269E-02
  2.129234E-02
  2.126197E-02
  2.123040E-02
  2.118711E-02
  2.114381E-02
  2.110050E-02
  2.105718E-02
  2.100556E-02
  2.095113E-02
  2.089671E-02
  2.084227E-02
  2.078356E-02
  2.072224E-02
  2.066091E-02
  2.059958E-02
  2.053527E-02
  2.046969E-02
  2.040410E-02
  2.033851E-02
  2.026989E-02
  2.020118E-02
  2.013246E-02
  2.006305E-02
  1.999275E-02
  1.992243E-02
  1.985207E-02
  1.978148E-02
  1.971087E-02
  1.964022E-02
  1.957010E-02
  1.950003E-02
  1.942992E-02
  1.936188E-02
  1.929418E-02
  1.922645E-02
  1.916296E-02
  1.909959E-02
  1.903740E-02
  1.897928E-02
  1.892113E-02
  1.886635E-02
  1.881355E-02
  1.876153E-02
  1.871377E-02
  1.866600E-02
  1.862180E-02
  1.857843E-02
  1.853732E-02
  1.849784E-02
  1.846000E-02
  1.842408E-02
  1.838966E-02
  1.835709E-02
  1.832664E-02
  1.829803E-02
  1.827373E-02
  1.825111E-02
  1.823805E-02
  1.823037E-02
  1.823240E-02
  1.825200E-02
  1.828571E-02
  1.834017E-02
  1.843046E-02
  1.855209E-02
  1.871175E-02
  1.891793E-02
  1.918572E-02
  1.954792E-02
  2.005535E-02
  2.080077E-02
  2.205609E-02
  2.469877E-02
  2.894382E-02
  3.349493E-02
  4.772657E-02
  1.247486E-02
  1.539459E-03
  1.308926E-01
  1.308822E-01
  1.308718E-01
  1.308614E-01
  1.308510E-01
  1.308406E-01
  1.308301E-01
  1.308197E-01
  1.308093E-01
  1.307832E-01
  1.307564E-01
  1.307297E-01
  1.307029E-01
  1.306762E-01
  1.306494E-01
  1.306226E-01
  1.305929E-01
  1.305568E-01
  1.305207E-01
  1.304847E-01
  1.304486E-01
  1.304125E-01
  1.303764E-01
  1.303396E-01
  1.302921E-01
  1.302446E-01
  1.301970E-01
  1.301495E-01
  1.301020E-01
  1.300545E-01
  1.300039E-01
  1.299389E-01
  1.298739E-01
  1.298088E-01
  1.297438E-01
  1.296788E-01
  1.296138E-01
  1.295346E-01
  1.294470E-01
  1.293593E-01
  1.292717E-01
  1.291840E-01
  1.290964E-01
  1.289975E-01
  1.288821E-01
  1.287667E-01
  1.286513E-01
  1.285359E-01
  1.284205E-01
  1.282885E-01
  1.281395E-01
  1.279905E-01
  1.278414E-01
  1.276924E-01
  1.275434E-01
  1.273569E-01
  1.271652E-01
  1.269736E-01
  1.267819E-01
  1.265903E-01
  1.263674E-01
  1.261185E-01
  1.258696E-01
  1.256208E-01
  1.253719E-01
  1.250877E-01
  1.247650E-01
  1.244423E-01
  1.241196E-01
  1.237969E-01
  1.234150E-01
  1.230032E-01
  1.225915E-01
  1.221798E-01
  1.217589E-01
  1.212480E-01
  1.207370E-01
  1.202262E-01
  1.197153E-01
  1.191370E-01
  1.185360E-01
  1.179351E-01
  1.173342E-01
  1.166970E-01
  1.160377E-01
  1.153784E-01
  1.147192E-01
  1.140430E-01
  1.133597E-01
  1.126764E-01
  1.119932E-01
  1.113124E-01
  1.106317E-01
  1.099511E-01
  1.092819E-01
  1.086274E-01
  1.079730E-01
  1.073218E-01
  1.067097E-01
  1.060975E-01
  1.054854E-01
  1.049100E-01
  1.043395E-01
  1.037690E-01
  1.032234E-01
  1.026823E-01
  1.021412E-01
  1.016159E-01
  1.010912E-01
  1.005676E-01
  1.000474E-01
  9.952729E-02
  9.900273E-02
  9.847555E-02
  9.794566E-02
  9.740104E-02
  9.685643E-02
  9.629062E-02
  9.571978E-02
  9.513003E-02
  9.452648E-02
  9.390608E-02
  9.326584E-02
  9.260814E-02
  9.192881E-02
  9.122835E-02
  9.050951E-02
  8.976442E-02
  8.900904E-02
  8.822453E-02
  8.743348E-02
  8.663085E-02
  8.582557E-02
  8.502349E-02
  8.422975E-02
  8.345960E-02
  8.271218E-02
  8.199194E-02
  8.130378E-02
  8.065741E-02
  8.011123E-02
  7.980556E-02
  7.998622E-02
  8.137777E-02
  8.648781E-02
  9.578724E-02
  1.035684E-01
  1.357543E-01
  1.724118E-02
  7.065513E-08
 -9.349163E-05
 -9.349220E-05
 -9.349277E-05
 -9.349335E-05
 -9.349392E-05
 -9.349449E-05
 -9.349507E-05
 -9.349564E-05
 -9.349621E-05
 -9.350554E-05
 -9.351524E-05
 -9.352493E-05
 -9.353463E-05
 -9.354432E-05
 -9.355401E-05
 -9.356371E-05
 -9.358113E-05
 -9.361478E-05
 -9.364843E-05
 -9.368208E-05
 -9.371573E-05
 -9.374938E-05
 -9.378303E-05
 -9.381869E-05
 -9.388237E-05
 -9.394606E-05
 -9.400975E-05
 -9.407344E-05
 -9.413712E-05
 -9.420081E-05
 -9.426909E-05
 -9.435923E-05
 -9.444937E-05
 -9.453951E-05
 -9.462964E-05
 -9.471978E-05
 -9.480992E-05
 -9.491261E-05
 -9.502282E-05
 -9.513303E-05
 -9.524325E-05
 -9.535346E-05
 -9.546367E-05
 -9.557984E-05
 -9.570479E-05
 -9.582975E-05
 -9.595470E-05
 -9.607966E-05
 -9.620461E-05
 -9.633680E-05
 -9.647638E-05
 -9.661596E-05
 -9.675554E-05
 -9.689512E-05
 -9.703470E-05
 -9.719941E-05
 -9.736756E-05
 -9.753570E-05
 -9.770384E-05
 -9.787199E-05
 -9.807627E-05
 -9.831057E-05
 -9.854486E-05
 -9.877916E-05
 -9.901345E-05
 -9.930733E-05
 -9.966596E-05
 -1.000246E-04
 -1.003832E-04
 -1.007418E-04
 -1.012276E-04
 -1.017773E-04
 -1.023269E-04
 -1.028765E-04
 -1.034486E-04
 -1.042412E-04
 -1.050336E-04
 -1.058260E-04
 -1.066184E-04
 -1.075898E-04
 -1.086213E-04
 -1.096527E-04
 -1.106840E-04
 -1.118171E-04
 -1.130123E-04
 -1.142074E-04
 -1.154023E-04
 -1.166364E-04
 -1.178872E-04
 -1.191378E-04
 -1.203882E-04
 -1.215904E-04
 -1.227912E-04
 -1.239917E-04
 -1.251302E-04
 -1.261889E-04
 -1.272474E-04
 -1.282904E-04
 -1.291467E-04
 -1.300028E-04
 -1.308587E-04
 -1.315334E-04
 -1.321837E-04
 -1.328339E-04
 -1.333467E-04
 -1.338348E-04
 -1.343228E-04
 -1.347092E-04
 -1.350919E-04
 -1.354621E-04
 -1.357898E-04
 -1.361175E-04
 -1.364354E-04
 -1.367475E-04
 -1.370614E-04
 -1.373854E-04
 -1.377094E-04
 -1.380544E-04
 -1.384043E-04
 -1.387682E-04
 -1.391422E-04
 -1.395183E-04
 -1.398972E-04
 -1.402637E-04
 -1.406152E-04
 -1.409341E-04
 -1.412246E-04
 -1.414618E-04
 -1.416781E-04
 -1.418618E-04
 -1.420819E-04
 -1.423690E-04
 -1.429510E-04
 -1.438547E-04
 -1.452900E-04
 -1.479040E-04
 -1.516925E-04
 -1.569731E-04
 -1.641255E-04
 -1.736349E-04
 -1.856854E-04
 -1.997610E-04
 -2.151025E-04
 -2.304373E-04
 -2.432095E-04
 -2.497326E-04
 -2.568681E-04
 -1.579668E-04
  7.573563E-04
  1.428561E-03
  6.468343E-03
  6.467951E-03
  6.467560E-03
  6.467168E-03
  6.466777E-03
  6.466386E-03
  6.465994E-03
  6.465603E-03
  6.465212E-03
  6.464480E-03
  6.463734E-03
  6.462988E-03
  6.462242E-03
  6.461497E-03
  6.460751E-03
  6.460005E-03
  6.459386E-03
  6.459032E-03
  6.458679E-03
  6.458325E-03
  6.457972E-03
  6.457618E-03
  6.457265E-03
  6.456940E-03
  6.457019E-03
  6.457099E-03
  6.457178E-03
  6.457257E-03
  6.457336E-03
  6.457415E-03
  6.457506E-03
  6.457657E-03
  6.457807E-03
  6.457957E-03
  6.458108E-03
  6.458258E-03
  6.458409E-03
  6.458485E-03
  6.458517E-03
  6.458549E-03
  6.458582E-03
  6.458614E-03
  6.458646E-03
  6.458609E-03
  6.458470E-03
  6.458330E-03
  6.458191E-03
  6.458052E-03
  6.457912E-03
  6.457698E-03
  6.457407E-03
  6.457116E-03
  6.456825E-03
  6.456534E-03
  6.456243E-03
  6.455869E-03
  6.455484E-03
  6.455099E-03
  6.454715E-03
  6.454330E-03
  6.453928E-03
  6.453512E-03
  6.453096E-03
  6.452680E-03
  6.452264E-03
  6.451857E-03
  6.451462E-03
  6.451066E-03
  6.450671E-03
  6.450275E-03
  6.449913E-03
  6.449568E-03
  6.449222E-03
  6.448877E-03
  6.448537E-03
  6.448237E-03
  6.447937E-03
  6.447638E-03
  6.447340E-03
  6.447054E-03
  6.446772E-03
  6.446492E-03
  6.446213E-03
  6.445932E-03
  6.445651E-03
  6.445371E-03
  6.445093E-03
  6.444792E-03
  6.444482E-03
  6.444174E-03
  6.443869E-03
  6.443484E-03
  6.443099E-03
  6.442716E-03
  6.442281E-03
  6.441778E-03
  6.441277E-03
  6.440767E-03
  6.440133E-03
  6.439499E-03
  6.438867E-03
  6.438109E-03
  6.437335E-03
  6.436562E-03
  6.435652E-03
  6.434719E-03
  6.433785E-03
  6.432686E-03
  6.431581E-03
  6.430437E-03
  6.429159E-03
  6.427882E-03
  6.426495E-03
  6.425042E-03
  6.423561E-03
  6.421924E-03
  6.420288E-03
  6.418481E-03
  6.416635E-03
  6.414633E-03
  6.412517E-03
  6.410233E-03
  6.407751E-03
  6.405047E-03
  6.402069E-03
  6.398745E-03
  6.395120E-03
  6.390966E-03
  6.386604E-03
  6.381628E-03
  6.376617E-03
  6.371549E-03
  6.367326E-03
  6.364257E-03
  6.363211E-03
  6.367280E-03
  6.376961E-03
  6.394257E-03
  6.421887E-03
  6.464090E-03
  6.524755E-03
  6.603700E-03
  6.699046E-03
  6.803005E-03
  6.899054E-03
  6.963969E-03
  7.003451E-03
  7.020154E-03
  6.594793E-03
  7.047602E-03
 -3.348778E-04
 -3.348589E-04
 -3.348399E-04
 -3.348209E-04
 -3.348019E-04
 -3.347829E-04
 -3.347639E-04
 -3.347449E-04
 -3.347259E-04
 -3.346874E-04
 -3.346482E-04
 -3.346090E-04
 -3.345697E-04
 -3.345305E-04
 -3.344912E-04
 -3.344520E-04
 -3.344168E-04
 -3.343903E-04
 -3.343638E-04
 -3.343372E-04
 -3.343107E-04
 -3.342842E-04
 -3.342577E-04
 -3.342322E-04
 -3.342211E-04
 -3.342100E-04
 -3.341988E-04
 -3.341877E-04
 -3.341766E-04
 -3.341655E-04
 -3.341542E-04
 -3.341417E-04
 -3.341292E-04
 -3.341167E-04
 -3.341041E-04
 -3.340916E-04
 -3.340791E-04
 -3.340592E-04
 -3.340349E-04
 -3.340106E-04
 -3.339863E-04
 -3.339620E-04
 -3.339377E-04
 -3.339065E-04
 -3.338652E-04
 -3.338239E-04
 -3.337825E-04
 -3.337412E-04
 -3.336999E-04
 -3.336478E-04
 -3.335846E-04
 -3.335214E-04
 -3.334582E-04
 -3.333950E-04
 -3.333318E-04
 -3.332317E-04
 -3.331266E-04
 -3.330215E-04
 -3.329164E-04
 -3.328113E-04
 -3.326476E-04
 -3.324352E-04
 -3.322228E-04
 -3.320104E-04
 -3.317980E-04
 -3.314874E-04
 -3.310702E-04
 -3.306530E-04
 -3.302358E-04
 -3.298186E-04
 -3.291905E-04
 -3.284565E-04
 -3.277225E-04
 -3.269886E-04
 -3.262164E-04
 -3.250686E-04
 -3.239210E-04
 -3.227735E-04
 -3.216261E-04
 -3.201640E-04
 -3.185962E-04
 -3.170287E-04
 -3.154615E-04
 -3.137172E-04
 -3.118652E-04
 -3.100135E-04
 -3.081622E-04
 -3.062266E-04
 -3.042553E-04
 -3.022843E-04
 -3.003138E-04
 -2.983806E-04
 -2.964487E-04
 -2.945173E-04
 -2.926656E-04
 -2.909165E-04
 -2.891678E-04
 -2.874416E-04
 -2.859872E-04
 -2.845331E-04
 -2.830793E-04
 -2.818973E-04
 -2.807518E-04
 -2.796066E-04
 -2.786810E-04
 -2.777948E-04
 -2.769089E-04
 -2.762164E-04
 -2.755308E-04
 -2.748784E-04
 -2.743373E-04
 -2.737964E-04
 -2.733150E-04
 -2.728691E-04
 -2.724315E-04
 -2.720382E-04
 -2.716450E-04
 -2.712646E-04
 -2.708874E-04
 -2.705010E-04
 -2.701081E-04
 -2.696967E-04
 -2.692636E-04
 -2.688016E-04
 -2.683038E-04
 -2.677583E-04
 -2.671714E-04
 -2.665116E-04
 -2.658232E-04
 -2.650530E-04
 -2.642796E-04
 -2.635013E-04
 -2.628369E-04
 -2.623204E-04
 -2.620603E-04
 -2.624113E-04
 -2.633898E-04
 -2.651764E-04
 -2.679907E-04
 -2.721205E-04
 -2.776968E-04
 -2.844377E-04
 -2.918609E-04
 -2.990381E-04
 -3.040588E-04
 -3.039979E-04
 -2.998923E-04
 -2.342316E-04
  1.482361E-04
  4.837973E-09
  1.273240E+00
  1.273211E+00
  1.273125E+00
  1.272981E+00
  1.272781E+00
  1.272522E+00
  1.272207E+00
  1.271834E+00
  1.271403E+00
  1.270915E+00
  1.270369E+00
  1.269765E+00
  1.269104E+00
  1.268384E+00
  1.267607E+00
  1.266771E+00
  1.265877E+00
  1.264925E+00
  1.263915E+00
  1.262845E+00
  1.261717E+00
  1.260530E+00
  1.259284E+00
  1.257979E+00
  1.256614E+00
  1.255190E+00
  1.253705E+00
  1.252161E+00
  1.250556E+00
  1.248891E+00
  1.247165E+00
  1.245378E+00
  1.243529E+00
  1.241620E+00
  1.239648E+00
  1.237614E+00
  1.235518E+00
  1.233359E+00
  1.231136E+00
  1.228851E+00
  1.226501E+00
  1.224088E+00
  1.221610E+00
  1.219067E+00
  1.216458E+00
  1.213784E+00
  1.211044E+00
  1.208237E+00
  1.205362E+00
  1.202421E+00
  1.199411E+00
  1.196332E+00
  1.193185E+00
  1.189968E+00
  1.186680E+00
  1.183322E+00
  1.179892E+00
  1.176390E+00
  1.172816E+00
  1.169168E+00
  1.165446E+00
  1.161649E+00
  1.157776E+00
  1.153828E+00
  1.149802E+00
  1.145699E+00
  1.141516E+00
  1.137254E+00
  1.132912E+00
  1.128488E+00
  1.123982E+00
  1.119393E+00
  1.114719E+00
  1.109960E+00
  1.105114E+00
  1.100180E+00
  1.095157E+00
  1.090045E+00
  1.084841E+00
  1.079544E+00
  1.074153E+00
  1.068667E+00
  1.063083E+00
  1.057401E+00
  1.051619E+00
  1.045735E+00
  1.039748E+00
  1.033655E+00
  1.027455E+00
  1.021146E+00
  1.014726E+00
  1.008193E+00
  1.001543E+00
  9.947766E-01
  9.878894E-01
  9.808795E-01
  9.737441E-01
  9.664805E-01
  9.590857E-01
  9.515567E-01
  9.438904E-01
  9.360832E-01
  9.281318E-01
  9.200322E-01
  9.117806E-01
  9.033729E-01
  8.948045E-01
  8.860709E-01
  8.771671E-01
  8.680879E-01
  8.588277E-01
  8.493806E-01
  8.397402E-01
  8.299000E-01
  8.198525E-01
  8.095903E-01
  7.991048E-01
  7.883874E-01
  7.774283E-01
  7.662172E-01
  7.547428E-01
  7.429930E-01
  7.309546E-01
  7.186128E-01
  7.059520E-01
  6.929545E-01
  6.796012E-01
  6.658704E-01
  6.517385E-01
  6.371787E-01
  6.221609E-01
  6.066513E-01
  5.906109E-01
  5.739954E-01
  5.567532E-01
  5.388241E-01
  5.201372E-01
  5.006076E-01
  4.801325E-01
  4.585853E-01
  4.358068E-01
  4.115929E-01
  3.856731E-01
  3.576769E-01
  3.270715E-01
  2.930404E-01
  2.542116E-01
  2.079144E-01
  1.472658E-01
  0.000000E+00
  8.624958E-02
  8.624957E-02
  8.624957E-02
  8.624956E-02
  8.624955E-02
  8.624955E-02
  8.624954E-02
  8.624954E-02
  8.624953E-02
  8.624953E-02
  8.624953E-02
  8.624953E-02
  8.624954E-02
  8.624954E-02
  8.624954E-02
  8.624954E-02
  8.624955E-02
  8.624957E-02
  8.624958E-02
  8.624960E-02
  8.624962E-02
  8.624964E-02
  8.624966E-02
  8.624968E-02
  8.624974E-02
  8.624980E-02
  8.624985E-02
  8.624991E-02
  8.624997E-02
  8.625003E-02
  8.625010E-02
  8.625022E-02
  8.625035E-02
  8.625047E-02
  8.625060E-02
  8.625073E-02
  8.625085E-02
  8.625105E-02
  8.625130E-02
  8.625155E-02
  8.625180E-02
  8.625205E-02
  8.625230E-02
  8.625264E-02
  8.625311E-02
  8.625358E-02
  8.625405E-02
  8.625452E-02
  8.625499E-02
  8.625564E-02
  8.625647E-02
  8.625731E-02
  8.625814E-02
  8.625897E-02
  8.625980E-02
  8.626059E-02
  8.626137E-02
  8.626214E-02
  8.626292E-02
  8.626370E-02
  8.626310E-02
  8.626134E-02
  8.625959E-02
  8.625784E-02
  8.625627E-02
  8.625263E-02
  8.624644E-02
  8.624024E-02
  8.623404E-02
  8.622785E-02
  8.621609E-02
  8.620153E-02
  8.618697E-02
  8.617241E-02
  8.615677E-02
  8.613056E-02
  8.610435E-02
  8.607813E-02
  8.605192E-02
  8.601692E-02
  8.597897E-02
  8.594101E-02
  8.590306E-02
  8.586641E-02
  8.583404E-02
  8.580168E-02
  8.576931E-02
  8.573747E-02
  8.570586E-02
  8.567424E-02
  8.564263E-02
  8.561613E-02
  8.558976E-02
  8.556902E-02
  8.555488E-02
  8.554463E-02
  8.553439E-02
  8.552485E-02
  8.552384E-02
  8.552284E-02
  8.552183E-02
  8.552813E-02
  8.553540E-02
  8.554267E-02
  8.555470E-02
  8.556757E-02
  8.558045E-02
  8.559641E-02
  8.561247E-02
  8.562881E-02
  8.564607E-02
  8.566333E-02
  8.568041E-02
  8.569736E-02
  8.571410E-02
  8.572968E-02
  8.574526E-02
  8.575954E-02
  8.577647E-02
  8.579161E-02
  8.580546E-02
  8.581803E-02
  8.582909E-02
  8.583914E-02
  8.584793E-02
  8.585575E-02
  8.586273E-02
  8.586868E-02
  8.587424E-02
  8.587868E-02
  8.588280E-02
  8.588634E-02
  8.588934E-02
  8.589202E-02
  8.589432E-02
  8.589622E-02
  8.589788E-02
  8.589930E-02
  8.590051E-02
  8.590150E-02
  8.590232E-02
  8.590300E-02
  8.590356E-02
  8.590401E-02
  8.590437E-02
  8.590464E-02
  8.590485E-02
  8.590501E-02
  9.859422E-02
  2.651405E-02
 -1.675777E-01
 -1.675801E-01
 -1.675825E-01
 -1.675849E-01
 -1.675873E-01
 -1.675897E-01
 -1.675920E-01
 -1.675944E-01
 -1.675968E-01
 -1.675963E-01
 -1.675957E-01
 -1.675951E-01
 -1.675945E-01
 -1.675939E-01
 -1.675932E-01
 -1.675926E-01
 -1.675899E-01
 -1.675829E-01
 -1.675759E-01
 -1.675689E-01
 -1.675619E-01
 -1.675549E-01
 -1.675478E-01
 -1.675400E-01
 -1.675208E-01
 -1.675016E-01
 -1.674824E-01
 -1.674631E-01
 -1.674439E-01
 -1.674247E-01
 -1.674016E-01
 -1.673599E-01
 -1.673183E-01
 -1.672766E-01
 -1.672350E-01
 -1.671933E-01
 -1.671516E-01
 -1.670844E-01
 -1.670018E-01
 -1.669192E-01
 -1.668366E-01
 -1.667540E-01
 -1.666714E-01
 -1.665591E-01
 -1.664030E-01
 -1.662469E-01
 -1.660908E-01
 -1.659348E-01
 -1.657787E-01
 -1.655632E-01
 -1.652870E-01
 -1.650109E-01
 -1.647347E-01
 -1.644585E-01
 -1.641823E-01
 -1.637614E-01
 -1.633207E-01
 -1.628801E-01
 -1.624394E-01
 -1.619988E-01
 -1.614374E-01
 -1.607758E-01
 -1.601142E-01
 -1.594527E-01
 -1.587911E-01
 -1.579925E-01
 -1.570452E-01
 -1.560978E-01
 -1.551504E-01
 -1.542031E-01
 -1.530268E-01
 -1.517354E-01
 -1.504441E-01
 -1.491527E-01
 -1.478263E-01
 -1.461564E-01
 -1.444864E-01
 -1.428164E-01
 -1.411465E-01
 -1.392483E-01
 -1.372733E-01
 -1.352983E-01
 -1.333233E-01
 -1.313210E-01
 -1.293022E-01
 -1.272834E-01
 -1.252646E-01
 -1.234028E-01
 -1.216081E-01
 -1.198134E-01
 -1.180187E-01
 -1.166817E-01
 -1.153561E-01
 -1.140306E-01
 -1.130068E-01
 -1.123716E-01
 -1.117365E-01
 -1.111664E-01
 -1.113925E-01
 -1.116187E-01
 -1.118449E-01
 -1.127347E-01
 -1.137133E-01
 -1.146919E-01
 -1.160923E-01
 -1.175682E-01
 -1.190441E-01
 -1.207791E-01
 -1.225233E-01
 -1.242860E-01
 -1.261119E-01
 -1.279377E-01
 -1.297267E-01
 -1.314938E-01
 -1.332363E-01
 -1.348457E-01
 -1.364551E-01
 -1.378848E-01
 -1.392717E-01
 -1.405118E-01
 -1.416446E-01
 -1.426724E-01
 -1.435769E-01
 -1.443983E-01
 -1.451170E-01
 -1.457564E-01
 -1.463270E-01
 -1.468137E-01
 -1.472676E-01
 -1.476303E-01
 -1.479669E-01
 -1.482569E-01
 -1.485016E-01
 -1.487204E-01
 -1.489084E-01
 -1.490637E-01
 -1.491993E-01
 -1.493155E-01
 -1.494139E-01
 -1.494955E-01
 -1.495626E-01
 -1.496183E-01
 -1.496639E-01
 -1.497009E-01
 -1.497302E-01
 -1.497527E-01
 -1.497701E-01
 -1.497833E-01
 -1.274164E+00
 -1.642842E+00
  9.895532E-01
  9.895532E-01
  9.895532E-01
  9.895532E-01
  9.895532E-01
  9.895532E-01
  9.895532E-01
  9.895532E-01
  9.895532E-01
  9.895532E-01
  9.895532E-01
  9.895532E-01
  9.895532E-01
  9.895532E-01
  9.895532E-01
  9.895532E-01
  9.895532E-01
  9.895532E-01
  9.895532E-01
  9.895532E-01
  9.895532E-01
  9.895532E-01
  9.895532E-01
  9.895532E-01
  9.895532E-01
  9.895532E-01
  9.895532E-01
  9.895532E-01
  9.895532E-01
  9.895532E-01
  9.895532E-01
  9.895532E-01
  9.895532E-01
  9.895532E-01
  9.895532E-01
  9.895531E-01
  9.895531E-01
  9.895531E-01
  9.895531E-01
  9.895531E-01
  9.895531E-01
  9.895531E-01
  9.895531E-01
  9.895531E-01
  9.895531E-01
  9.895531E-01
  9.895531E-01
  9.895531E-01
  9.895531E-01
  9.895531E-01
  9.895531E-01
  9.895530E-01
  9.895530E-01
  9.895530E-01
  9.895530E-01
  9.895530E-01
  9.895530E-01
  9.895529E-01
  9.895529E-01
  9.895529E-01
  9.895529E-01
  9.895528E-01
  9.895528E-01
  9.895528E-01
  9.895527E-01
  9.895527E-01
  9.895527E-01
  9.895526E-01
  9.895526E-01
  9.895525E-01
  9.895525E-01
  9.895524E-01
  9.895523E-01
  9.895523E-01
  9.895522E-01
  9.895522E-01
  9.895521E-01
  9.895520E-01
  9.895519E-01
  9.895519E-01
  9.895518E-01
  9.895517E-01
  9.895516E-01
  9.895515E-01
  9.895515E-01
  9.895514E-01
  9.895513E-01
  9.895512E-01
  9.895512E-01
  9.895511E-01
  9.895510E-01
  9.895510E-01
  9.895509E-01
  9.895509E-01
  9.895509E-01
  9.895508E-01
  9.895508E-01
  9.895508E-01
  9.895508E-01
  9.895508E-01
  9.895508E-01
  9.895509E-01
  9.895509E-01
  9.895509E-01
  9.895510E-01
  9.895510E-01
  9.895511E-01
  9.895511E-01
  9.895512E-01
  9.895513E-01
  9.895513E-01
  9.895514E-01
  9.895515E-01
  9.895515E-01
  9.895516E-01
  9.895517E-01
  9.895517E-01
  9.895518E-01
  9.895519E-01
  9.895519E-01
  9.895520E-01
  9.895520E-01
  9.895520E-01
  9.895521E-01
  9.895521E-01
  9.895521E-01
  9.895522E-01
  9.895522E-01
  9.895522E-01
  9.895522E-01
  9.895522E-01
  9.895522E-01
  9.895523E-01
  9.895523E-01
  9.895523E-01
  9.895523E-01
  9.895523E-01
  9.895523E-01
  9.895523E-01
  9.895523E-01
  9.895523E-01
  9.895523E-01
  9.895523E-01
  9.895523E-01
  9.895523E-01
  9.895523E-01
  9.895523E-01
  9.895523E-01
  8.087165E-01
  1.205208E-05
  5.662285E+00
  5.684728E+00
  5.707171E+00
  5.729614E+00
  5.752056E+00
  5.774499E+00
  5.796942E+00
  5.819384E+00
  5.841827E+00
  5.940035E+00
  6.041377E+00
  6.142719E+00
  6.244060E+00
  6.345402E+00
  6.446744E+00
  6.548085E+00
  6.688921E+00
  6.912705E+00
  7.136488E+00
  7.360272E+00
  7.584055E+00
  7.807838E+00
  8.031622E+00
  8.262652E+00
  8.595062E+00
  8.927473E+00
  9.259883E+00
  9.592293E+00
  9.924704E+00
  1.025711E+01
  1.060206E+01
  1.100663E+01
  1.141120E+01
  1.181577E+01
  1.222034E+01
  1.262491E+01
  1.302948E+01
  1.347116E+01
  1.393508E+01
  1.439900E+01
  1.486292E+01
  1.532684E+01
  1.579076E+01
  1.627715E+01
  1.679663E+01
  1.731610E+01
  1.783558E+01
  1.835506E+01
  1.887454E+01
  1.941852E+01
  1.998754E+01
  2.055657E+01
  2.112560E+01
  2.169463E+01
  2.226365E+01
  2.286676E+01
  2.347451E+01
  2.408225E+01
  2.468999E+01
  2.529772E+01
  2.591682E+01
  2.654535E+01
  2.717385E+01
  2.780232E+01
  2.843076E+01
  2.906100E+01
  2.969317E+01
  3.032526E+01
  3.095729E+01
  3.158925E+01
  3.221293E+01
  3.283238E+01
  3.345172E+01
  3.407093E+01
  3.468738E+01
  3.527764E+01
  3.586775E+01
  3.645773E+01
  3.704756E+01
  3.762620E+01
  3.820100E+01
  3.877565E+01
  3.935018E+01
  3.993928E+01
  4.053722E+01
  4.113504E+01
  4.173272E+01
  4.235940E+01
  4.299839E+01
  4.363721E+01
  4.427586E+01
  4.495482E+01
  4.563455E+01
  4.631403E+01
  4.701563E+01
  4.774570E+01
  4.847543E+01
  4.920971E+01
  5.000354E+01
  5.079694E+01
  5.158992E+01
  5.244855E+01
  5.331554E+01
  5.418208E+01
  5.513108E+01
  5.609445E+01
  5.705737E+01
  5.814217E+01
  5.923083E+01
  6.035228E+01
  6.158575E+01
  6.281882E+01
  6.414905E+01
  6.553696E+01
  6.694958E+01
  6.849753E+01
  7.004517E+01
  7.172330E+01
  7.343216E+01
  7.523509E+01
  7.710658E+01
  7.905419E+01
  8.109135E+01
  8.320402E+01
  8.541020E+01
  8.771270E+01
  9.009898E+01
  9.263308E+01
  9.522507E+01
  9.806478E+01
  1.010176E+02
  1.041741E+02
  1.076525E+02
  1.113767E+02
  1.154536E+02
  1.201182E+02
  1.252927E+02
  1.310871E+02
  1.376414E+02
  1.451963E+02
  1.541473E+02
  1.649703E+02
  1.785790E+02
  1.974573E+02
  2.291626E+02
  2.764404E+02
  3.312453E+02
  4.615506E+02
  1.291685E+02
  1.035742E-03
  7.288497E+03
  7.287603E+03
  7.286708E+03
  7.285814E+03
  7.284920E+03
  7.284025E+03
  7.283131E+03
  7.282237E+03
  7.281342E+03
  7.278783E+03
  7.276154E+03
  7.273526E+03
  7.270897E+03
  7.268269E+03
  7.265640E+03
  7.263012E+03
  7.259894E+03
  7.255747E+03
  7.251600E+03
  7.247453E+03
  7.243307E+03
  7.239160E+03
  7.235013E+03
  7.230765E+03
  7.225103E+03
  7.219440E+03
  7.213778E+03
  7.208115E+03
  7.202453E+03
  7.196791E+03
  7.190846E+03
  7.183556E+03
  7.176267E+03
  7.168977E+03
  7.161688E+03
  7.154398E+03
  7.147109E+03
  7.138736E+03
  7.129713E+03
  7.120691E+03
  7.111668E+03
  7.102646E+03
  7.093623E+03
  7.083857E+03
  7.072995E+03
  7.062133E+03
  7.051270E+03
  7.040408E+03
  7.029545E+03
  7.017699E+03
  7.004847E+03
  6.991995E+03
  6.979143E+03
  6.966290E+03
  6.953438E+03
  6.938658E+03
  6.923614E+03
  6.908570E+03
  6.893526E+03
  6.878482E+03
  6.862119E+03
  6.844660E+03
  6.827201E+03
  6.809742E+03
  6.792283E+03
  6.773565E+03
  6.753477E+03
  6.733390E+03
  6.713303E+03
  6.693216E+03
  6.671284E+03
  6.648425E+03
  6.625567E+03
  6.602710E+03
  6.579597E+03
  6.553981E+03
  6.528365E+03
  6.502751E+03
  6.477138E+03
  6.449572E+03
  6.421351E+03
  6.393131E+03
  6.364913E+03
  6.335206E+03
  6.304592E+03
  6.273981E+03
  6.243372E+03
  6.211275E+03
  6.178544E+03
  6.145816E+03
  6.113091E+03
  6.078583E+03
  6.044033E+03
  6.009485E+03
  5.974217E+03
  5.938018E+03
  5.901822E+03
  5.865506E+03
  5.827689E+03
  5.789873E+03
  5.752059E+03
  5.712803E+03
  5.673355E+03
  5.633908E+03
  5.593028E+03
  5.551892E+03
  5.510757E+03
  5.467831E+03
  5.424843E+03
  5.381385E+03
  5.336330E+03
  5.291276E+03
  5.244794E+03
  5.197464E+03
  5.149745E+03
  5.099927E+03
  5.050110E+03
  4.998117E+03
  4.945610E+03
  4.891438E+03
  4.836051E+03
  4.779256E+03
  4.720805E+03
  4.660908E+03
  4.599221E+03
  4.535729E+03
  4.470669E+03
  4.403121E+03
  4.334599E+03
  4.262609E+03
  4.189371E+03
  4.113897E+03
  4.035731E+03
  3.955833E+03
  3.873684E+03
  3.788577E+03
  3.701290E+03
  3.611545E+03
  3.519023E+03
  3.423203E+03
  3.324536E+03
  3.225305E+03
  3.128198E+03
  3.045074E+03
  3.027346E+03
  3.061355E+03
  2.992350E+03
  3.719551E+03
  1.111385E+03
  3.462389E-03
 -1.735640E-02
 -1.777293E-02
 -1.818947E-02
 -1.860600E-02
 -1.902253E-02
 -1.943907E-02
 -1.985560E-02
 -2.027213E-02
 -2.068867E-02
 -2.094197E-02
 -2.118853E-02
 -2.143509E-02
 -2.168164E-02
 -2.192820E-02
 -2.217475E-02
 -2.242131E-02
 -2.208062E-02
 -2.050656E-02
 -1.893250E-02
 -1.735844E-02
 -1.578439E-02
 -1.421033E-02
 -1.263627E-02
 -1.084368E-02
 -5.993800E-03
 -1.143926E-03
  3.705946E-03
  8.555816E-03
  1.340568E-02
  1.825555E-02
  2.416129E-02
  3.509114E-02
  4.602099E-02
  5.695084E-02
  6.788068E-02
  7.881051E-02
  8.974035E-02
  1.077285E-01
  1.299468E-01
  1.521651E-01
  1.743834E-01
  1.966017E-01
  2.188200E-01
  2.485123E-01
  2.892173E-01
  3.299223E-01
  3.706274E-01
  4.113324E-01
  4.520374E-01
  5.399243E-01
  6.760699E-01
  8.122155E-01
  9.483611E-01
  1.084507E+00
  1.220652E+00
  1.773157E+00
  2.382478E+00
  2.991799E+00
  3.601120E+00
  4.210441E+00
  5.369625E+00
  6.985620E+00
  8.601612E+00
  1.021760E+01
  1.183358E+01
  1.409826E+01
  1.706797E+01
  2.003765E+01
  2.300730E+01
  2.597693E+01
  2.992483E+01
  3.436434E+01
  3.880376E+01
  4.324310E+01
  4.776280E+01
  5.307133E+01
  5.837968E+01
  6.368786E+01
  6.899586E+01
  7.364389E+01
  7.806963E+01
  8.249516E+01
  8.692049E+01
  8.995606E+01
  9.214368E+01
  9.433116E+01
  9.651851E+01
  9.707168E+01
  9.692549E+01
  9.677929E+01
  9.663309E+01
  9.431837E+01
  9.194944E+01
  8.958062E+01
  8.632861E+01
  8.193910E+01
  7.754977E+01
  7.308004E+01
  6.762370E+01
  6.216753E+01
  5.671155E+01
  5.153294E+01
  4.639153E+01
  4.125025E+01
  3.686496E+01
  3.261503E+01
  2.836518E+01
  2.498897E+01
  2.164349E+01
  1.848809E+01
  1.597602E+01
  1.346397E+01
  1.140301E+01
  9.610488E+00
  7.910263E+00
  6.709843E+00
  5.509426E+00
  4.678233E+00
  3.934569E+00
  3.344900E+00
  2.867554E+00
  2.437872E+00
  2.064230E+00
  1.718272E+00
  1.406574E+00
  1.124184E+00
  8.672815E-01
  6.432505E-01
  4.321047E-01
  2.572469E-01
  9.249581E-02
 -5.424825E-02
 -1.850777E-01
 -3.074722E-01
 -4.204581E-01
 -5.232832E-01
 -6.157547E-01
 -6.900851E-01
 -7.303756E-01
 -6.942955E-01
 -4.839305E-01
  4.158472E-02
  1.128623E+00
  3.130151E+00
  6.495979E+00
  1.153714E+01
  1.761548E+01
  2.258971E+01
  3.034066E+03
  4.787052E-02
