 Title= "ADflow Lift Distribution Data"
Variables = "eta" "CoordinateX" "CoordinateY" "CoordinateZ" "Lift" "Drag" "Moment" "Normalized Lift" "Normalized Drag" "Normalized Moment" "CL" "CD" "CM" "CLp" "CDp" "CMp" "CLv" "CDv" "CMv" "Elliptical" "thickness" "twist" "chord" "fx" "fy" "fz" 
Zone T= "LiftDist_01 allWalls: : z normal"
 I=          150
 DATAPACKING=BLOCK
  0.000000E+00
  6.711405E-03
  1.342281E-02
  2.013422E-02
  2.684563E-02
  3.355704E-02
  4.026845E-02
  4.697986E-02
  5.369127E-02
  6.040268E-02
  6.711409E-02
  7.382550E-02
  8.053691E-02
  8.724832E-02
  9.395973E-02
  1.006711E-01
  1.073825E-01
  1.140940E-01
  1.208054E-01
  1.275168E-01
  1.342282E-01
  1.409396E-01
  1.476510E-01
  1.543624E-01
  1.610738E-01
  1.677852E-01
  1.744966E-01
  1.812081E-01
  1.879195E-01
  1.946309E-01
  2.013423E-01
  2.080537E-01
  2.147651E-01
  2.214765E-01
  2.281879E-01
  2.348993E-01
  2.416107E-01
  2.483221E-01
  2.550336E-01
  2.617450E-01
  2.684564E-01
  2.751678E-01
  2.818792E-01
  2.885906E-01
  2.953020E-01
  3.020134E-01
  3.087248E-01
  3.154362E-01
  3.221476E-01
  3.288591E-01
  3.355705E-01
  3.422819E-01
  3.489933E-01
  3.557047E-01
  3.624161E-01
  3.691275E-01
  3.758389E-01
  3.825503E-01
  3.892617E-01
  3.959732E-01
  4.026846E-01
  4.093960E-01
  4.161074E-01
  4.228188E-01
  4.295302E-01
  4.362416E-01
  4.429530E-01
  4.496644E-01
  4.563758E-01
  4.630872E-01
  4.697987E-01
  4.765101E-01
  4.832215E-01
  4.899329E-01
  4.966443E-01
  5.033557E-01
  5.100671E-01
  5.167785E-01
  5.234899E-01
  5.302013E-01
  5.369128E-01
  5.436242E-01
  5.503356E-01
  5.570470E-01
  5.637584E-01
  5.704698E-01
  5.771812E-01
  5.838926E-01
  5.906040E-01
  5.973154E-01
  6.040268E-01
  6.107383E-01
  6.174497E-01
  6.241611E-01
  6.308725E-01
  6.375839E-01
  6.442953E-01
  6.510067E-01
  6.577181E-01
  6.644295E-01
  6.711409E-01
  6.778524E-01
  6.845638E-01
  6.912752E-01
  6.979866E-01
  7.046980E-01
  7.114094E-01
  7.181208E-01
  7.248322E-01
  7.315436E-01
  7.382550E-01
  7.449664E-01
  7.516779E-01
  7.583893E-01
  7.651007E-01
  7.718121E-01
  7.785235E-01
  7.852349E-01
  7.919463E-01
  7.986577E-01
  8.053691E-01
  8.120805E-01
  8.187919E-01
  8.255034E-01
  8.322148E-01
  8.389262E-01
  8.456376E-01
  8.523490E-01
  8.590604E-01
  8.657718E-01
  8.724832E-01
  8.791946E-01
  8.859060E-01
  8.926175E-01
  8.993289E-01
  9.060403E-01
  9.127517E-01
  9.194631E-01
  9.261745E-01
  9.328859E-01
  9.395973E-01
  9.463087E-01
  9.530201E-01
  9.597315E-01
  9.664430E-01
  9.731544E-01
  9.798658E-01
  9.865772E-01
  9.932886E-01
  1.000000E+00
  0.000000E+00
  0.000000E+00
  0.000000E+00
  0.000000E+00
  0.000000E+00
  0.000000E+00
  0.000000E+00
  0.000000E+00
  0.000000E+00
  0.000000E+00
  0.000000E+00
  0.000000E+00
  0.000000E+00
  0.000000E+00
  0.000000E+00
  0.000000E+00
  0.000000E+00
  0.000000E+00
  0.000000E+00
  0.000000E+00
  0.000000E+00
  0.000000E+00
  0.000000E+00
  0.000000E+00
  0.000000E+00
  0.000000E+00
  0.000000E+00
  0.000000E+00
  0.000000E+00
  0.000000E+00
  0.000000E+00
  0.000000E+00
  0.000000E+00
  0.000000E+00
  0.000000E+00
  0.000000E+00
  0.000000E+00
  0.000000E+00
  0.000000E+00
  0.000000E+00
  0.000000E+00
  0.000000E+00
  0.000000E+00
  0.000000E+00
  0.000000E+00
  0.000000E+00
  0.000000E+00
  0.000000E+00
  0.000000E+00
  0.000000E+00
  0.000000E+00
  0.000000E+00
  0.000000E+00
  0.000000E+00
  0.000000E+00
  0.000000E+00
  0.000000E+00
  0.000000E+00
  0.000000E+00
  0.000000E+00
  0.000000E+00
  0.000000E+00
  0.000000E+00
  0.000000E+00
  0.000000E+00
  0.000000E+00
  0.000000E+00
  0.000000E+00
  0.000000E+00
  0.000000E+00
  0.000000E+00
  0.000000E+00
  0.000000E+00
  0.000000E+00
  0.000000E+00
  0.000000E+00
  0.000000E+00
  0.000000E+00
  0.000000E+00
  0.000000E+00
  0.000000E+00
  0.000000E+00
  0.000000E+00
  0.000000E+00
  0.000000E+00
  0.000000E+00
  0.000000E+00
  0.000000E+00
  0.000000E+00
  0.000000E+00
  0.000000E+00
  0.000000E+00
  0.000000E+00
  0.000000E+00
  0.000000E+00
  0.000000E+00
  0.000000E+00
  0.000000E+00
  0.000000E+00
  0.000000E+00
  0.000000E+00
  0.000000E+00
  0.000000E+00
  0.000000E+00
  0.000000E+00
  0.000000E+00
  0.000000E+00
  0.000000E+00
  0.000000E+00
  0.000000E+00
  0.000000E+00
  0.000000E+00
  0.000000E+00
  0.000000E+00
  0.000000E+00
  0.000000E+00
  0.000000E+00
  0.000000E+00
  0.000000E+00
  0.000000E+00
  0.000000E+00
  0.000000E+00
  0.000000E+00
  0.000000E+00
  0.000000E+00
  0.000000E+00
  0.000000E+00
  0.000000E+00
  0.000000E+00
  0.000000E+00
  0.000000E+00
  0.000000E+00
  0.000000E+00
  0.000000E+00
  0.000000E+00
  0.000000E+00
  0.000000E+00
  0.000000E+00
  0.000000E+00
  0.000000E+00
  0.000000E+00
  0.000000E+00
  0.000000E+00
  0.000000E+00
  0.000000E+00
  0.000000E+00
  0.000000E+00
  0.000000E+00
  0.000000E+00
  0.000000E+00
  0.000000E+00
  0.000000E+00
  0.000000E+00
  0.000000E+00
  0.000000E+00
  0.000000E+00
  0.000000E+00
  0.000000E+00
  0.000000E+00
  0.000000E+00
  0.000000E+00
  0.000000E+00
  0.000000E+00
  0.000000E+00
  0.000000E+00
  0.000000E+00
  0.000000E+00
  0.000000E+00
  0.000000E+00
  0.000000E+00
  0.000000E+00
  0.000000E+00
  0.000000E+00
  0.000000E+00
  0.000000E+00
  0.000000E+00
  0.000000E+00
  0.000000E+00
  0.000000E+00
  0.000000E+00
  0.000000E+00
  0.000000E+00
  0.000000E+00
  0.000000E+00
  0.000000E+00
  0.000000E+00
  0.000000E+00
  0.000000E+00
  0.000000E+00
  0.000000E+00
  0.000000E+00
  0.000000E+00
  0.000000E+00
  0.000000E+00
  0.000000E+00
  0.000000E+00
  0.000000E+00
  0.000000E+00
  0.000000E+00
  0.000000E+00
  0.000000E+00
  0.000000E+00
  0.000000E+00
  0.000000E+00
  0.000000E+00
  0.000000E+00
  0.000000E+00
  0.000000E+00
  0.000000E+00
  0.000000E+00
  0.000000E+00
  0.000000E+00
  0.000000E+00
  0.000000E+00
  0.000000E+00
  0.000000E+00
  0.000000E+00
  0.000000E+00
  0.000000E+00
  0.000000E+00
  0.000000E+00
  0.000000E+00
  0.000000E+00
  0.000000E+00
  0.000000E+00
  0.000000E+00
  0.000000E+00
  0.000000E+00
  0.000000E+00
  0.000000E+00
  0.000000E+00
  0.000000E+00
  0.000000E+00
  0.000000E+00
  0.000000E+00
  0.000000E+00
  0.000000E+00
  0.000000E+00
  0.000000E+00
  0.000000E+00
  0.000000E+00
  0.000000E+00
  0.000000E+00
  0.000000E+00
  0.000000E+00
  0.000000E+00
  0.000000E+00
  0.000000E+00
  0.000000E+00
  0.000000E+00
  0.000000E+00
  0.000000E+00
  0.000000E+00
  0.000000E+00
  0.000000E+00
  0.000000E+00
  0.000000E+00
  0.000000E+00
  0.000000E+00
  0.000000E+00
  0.000000E+00
  0.000000E+00
  0.000000E+00
  0.000000E+00
  0.000000E+00
  0.000000E+00
  0.000000E+00
  0.000000E+00
  0.000000E+00
  0.000000E+00
  0.000000E+00
  0.000000E+00
  0.000000E+00
  0.000000E+00
  0.000000E+00
  0.000000E+00
  0.000000E+00
  0.000000E+00
  0.000000E+00
  0.000000E+00
  0.000000E+00
  0.000000E+00
  0.000000E+00
  0.000000E+00
  0.000000E+00
  0.000000E+00
  0.000000E+00
  0.000000E+00
  0.000000E+00
  0.000000E+00
  0.000000E+00
  0.000000E+00
  0.000000E+00
  0.000000E+00
  0.000000E+00
  0.000000E+00
  0.000000E+00
  0.000000E+00
  0.000000E+00
  0.000000E+00
  1.000000E-08
  1.691809E-02
  3.383618E-02
  5.075427E-02
  6.767237E-02
  8.459046E-02
  1.015085E-01
  1.184266E-01
  1.353447E-01
  1.522628E-01
  1.691809E-01
  1.860990E-01
  2.030171E-01
  2.199352E-01
  2.368533E-01
  2.537714E-01
  2.706895E-01
  2.876076E-01
  3.045256E-01
  3.214437E-01
  3.383618E-01
  3.552799E-01
  3.721980E-01
  3.891161E-01
  4.060342E-01
  4.229523E-01
  4.398704E-01
  4.567885E-01
  4.737066E-01
  4.906247E-01
  5.075427E-01
  5.244608E-01
  5.413789E-01
  5.582970E-01
  5.752151E-01
  5.921332E-01
  6.090513E-01
  6.259694E-01
  6.428875E-01
  6.598056E-01
  6.767237E-01
  6.936418E-01
  7.105598E-01
  7.274779E-01
  7.443960E-01
  7.613141E-01
  7.782322E-01
  7.951503E-01
  8.120684E-01
  8.289865E-01
  8.459046E-01
  8.628227E-01
  8.797408E-01
  8.966589E-01
  9.135769E-01
  9.304950E-01
  9.474131E-01
  9.643312E-01
  9.812493E-01
  9.981674E-01
  1.015085E+00
  1.032004E+00
  1.048922E+00
  1.065840E+00
  1.082758E+00
  1.099676E+00
  1.116594E+00
  1.133512E+00
  1.150430E+00
  1.167348E+00
  1.184266E+00
  1.201185E+00
  1.218103E+00
  1.235021E+00
  1.251939E+00
  1.268857E+00
  1.285775E+00
  1.302693E+00
  1.319611E+00
  1.336529E+00
  1.353447E+00
  1.370365E+00
  1.387284E+00
  1.404202E+00
  1.421120E+00
  1.438038E+00
  1.454956E+00
  1.471874E+00
  1.488792E+00
  1.505710E+00
  1.522628E+00
  1.539546E+00
  1.556464E+00
  1.573383E+00
  1.590301E+00
  1.607219E+00
  1.624137E+00
  1.641055E+00
  1.657973E+00
  1.674891E+00
  1.691809E+00
  1.708727E+00
  1.725645E+00
  1.742563E+00
  1.759482E+00
  1.776400E+00
  1.793318E+00
  1.810236E+00
  1.827154E+00
  1.844072E+00
  1.860990E+00
  1.877908E+00
  1.894826E+00
  1.911744E+00
  1.928662E+00
  1.945581E+00
  1.962499E+00
  1.979417E+00
  1.996335E+00
  2.013253E+00
  2.030171E+00
  2.047089E+00
  2.064007E+00
  2.080925E+00
  2.097843E+00
  2.114761E+00
  2.131680E+00
  2.148598E+00
  2.165516E+00
  2.182434E+00
  2.199352E+00
  2.216270E+00
  2.233188E+00
  2.250106E+00
  2.267024E+00
  2.283942E+00
  2.300860E+00
  2.317779E+00
  2.334697E+00
  2.351615E+00
  2.368533E+00
  2.385451E+00
  2.402369E+00
  2.419287E+00
  2.436205E+00
  2.453123E+00
  2.470041E+00
  2.486959E+00
  2.503878E+00
  2.520796E+00
  1.138639E+04
  1.138462E+04
  1.138286E+04
  1.138109E+04
  1.137933E+04
  1.137756E+04
  1.137580E+04
  1.137403E+04
  1.137227E+04
  1.136718E+04
  1.136196E+04
  1.135673E+04
  1.135151E+04
  1.134628E+04
  1.134105E+04
  1.133583E+04
  1.132960E+04
  1.132125E+04
  1.131290E+04
  1.130456E+04
  1.129621E+04
  1.128787E+04
  1.127952E+04
  1.127096E+04
  1.125942E+04
  1.124787E+04
  1.123632E+04
  1.122478E+04
  1.121323E+04
  1.120169E+04
  1.118953E+04
  1.117448E+04
  1.115942E+04
  1.114437E+04
  1.112932E+04
  1.111426E+04
  1.109921E+04
  1.108176E+04
  1.106287E+04
  1.104398E+04
  1.102509E+04
  1.100620E+04
  1.098731E+04
  1.096671E+04
  1.094359E+04
  1.092047E+04
  1.089734E+04
  1.087422E+04
  1.085110E+04
  1.082557E+04
  1.079759E+04
  1.076961E+04
  1.074163E+04
  1.071364E+04
  1.068566E+04
  1.065265E+04
  1.061895E+04
  1.058525E+04
  1.055155E+04
  1.051786E+04
  1.048051E+04
  1.044013E+04
  1.039975E+04
  1.035937E+04
  1.031899E+04
  1.027488E+04
  1.022672E+04
  1.017856E+04
  1.013041E+04
  1.008225E+04
  1.002821E+04
  9.971202E+03
  9.914207E+03
  9.857221E+03
  9.799406E+03
  9.733389E+03
  9.667393E+03
  9.601419E+03
  9.535466E+03
  9.463809E+03
  9.390263E+03
  9.316756E+03
  9.243288E+03
  9.166397E+03
  9.087442E+03
  9.008536E+03
  8.929679E+03
  8.848459E+03
  8.766256E+03
  8.684103E+03
  8.601998E+03
  8.518919E+03
  8.435857E+03
  8.352836E+03
  8.270115E+03
  8.187763E+03
  8.105440E+03
  8.023223E+03
  7.941992E+03
  7.860777E+03
  7.779579E+03
  7.699460E+03
  7.619494E+03
  7.539539E+03
  7.460790E+03
  7.382265E+03
  7.303750E+03
  7.226196E+03
  7.148687E+03
  7.071254E+03
  6.994059E+03
  6.916874E+03
  6.839523E+03
  6.762078E+03
  6.684514E+03
  6.606268E+03
  6.528031E+03
  6.448718E+03
  6.369158E+03
  6.288572E+03
  6.207239E+03
  6.124934E+03
  6.041484E+03
  5.956961E+03
  5.871106E+03
  5.783853E+03
  5.695384E+03
  5.604961E+03
  5.513771E+03
  5.419832E+03
  5.324883E+03
  5.228120E+03
  5.129094E+03
  5.028567E+03
  4.926053E+03
  4.820873E+03
  4.713833E+03
  4.604940E+03
  4.494490E+03
  4.383690E+03
  4.277494E+03
  4.185364E+03
  4.121468E+03
  4.109415E+03
  4.207857E+03
  4.338800E+03
  4.092926E+03
  4.483534E+03
  9.964893E+02
  6.647671E-03
  6.692345E+02
  6.691768E+02
  6.691191E+02
  6.690615E+02
  6.690038E+02
  6.689461E+02
  6.688884E+02
  6.688307E+02
  6.687731E+02
  6.686602E+02
  6.685452E+02
  6.684301E+02
  6.683150E+02
  6.681999E+02
  6.680848E+02
  6.679697E+02
  6.678602E+02
  6.677625E+02
  6.676647E+02
  6.675670E+02
  6.674693E+02
  6.673716E+02
  6.672739E+02
  6.671735E+02
  6.670364E+02
  6.668992E+02
  6.667620E+02
  6.666248E+02
  6.664877E+02
  6.663505E+02
  6.661858E+02
  6.658900E+02
  6.655943E+02
  6.652986E+02
  6.650028E+02
  6.647071E+02
  6.644113E+02
  6.639487E+02
  6.633860E+02
  6.628233E+02
  6.622606E+02
  6.616979E+02
  6.611352E+02
  6.604144E+02
  6.594606E+02
  6.585069E+02
  6.575531E+02
  6.565992E+02
  6.556454E+02
  6.544272E+02
  6.529386E+02
  6.514500E+02
  6.499614E+02
  6.484727E+02
  6.469839E+02
  6.448994E+02
  6.427335E+02
  6.405675E+02
  6.384015E+02
  6.362354E+02
  6.336493E+02
  6.307144E+02
  6.277794E+02
  6.248445E+02
  6.219096E+02
  6.186087E+02
  6.149103E+02
  6.112125E+02
  6.075155E+02
  6.038192E+02
  5.996589E+02
  5.952675E+02
  5.908790E+02
  5.864933E+02
  5.820633E+02
  5.771773E+02
  5.722987E+02
  5.674276E+02
  5.625638E+02
  5.577099E+02
  5.528696E+02
  5.480429E+02
  5.432297E+02
  5.386772E+02
  5.342927E+02
  5.299258E+02
  5.255765E+02
  5.214750E+02
  5.174906E+02
  5.135247E+02
  5.095772E+02
  5.057307E+02
  5.019029E+02
  4.980917E+02
  4.941870E+02
  4.901543E+02
  4.861345E+02
  4.820764E+02
  4.774040E+02
  4.727401E+02
  4.680848E+02
  4.627531E+02
  4.573351E+02
  4.519223E+02
  4.462084E+02
  4.404423E+02
  4.346787E+02
  4.289938E+02
  4.233120E+02
  4.177098E+02
  4.123755E+02
  4.070399E+02
  4.020343E+02
  3.972236E+02
  3.925094E+02
  3.883287E+02
  3.841447E+02
  3.804946E+02
  3.769680E+02
  3.738231E+02
  3.709553E+02
  3.683876E+02
  3.661737E+02
  3.642418E+02
  3.626606E+02
  3.614054E+02
  3.604343E+02
  3.598970E+02
  3.595301E+02
  3.597772E+02
  3.602607E+02
  3.611685E+02
  3.626409E+02
  3.645099E+02
  3.669197E+02
  3.701474E+02
  3.740796E+02
  3.788979E+02
  3.848777E+02
  3.926237E+02
  4.034835E+02
  4.194528E+02
  4.439228E+02
  4.823842E+02
  5.457440E+02
  6.243479E+02
  6.618361E+02
  7.854166E+02
  3.226101E+02
  2.239609E-03
  1.979729E+03
  1.979472E+03
  1.979215E+03
  1.978958E+03
  1.978701E+03
  1.978444E+03
  1.978187E+03
  1.977930E+03
  1.977674E+03
  1.976992E+03
  1.976292E+03
  1.975593E+03
  1.974893E+03
  1.974194E+03
  1.973495E+03
  1.972795E+03
  1.971987E+03
  1.970950E+03
  1.969914E+03
  1.968877E+03
  1.967841E+03
  1.966804E+03
  1.965768E+03
  1.964703E+03
  1.963237E+03
  1.961771E+03
  1.960305E+03
  1.958839E+03
  1.957374E+03
  1.955908E+03
  1.954335E+03
  1.952254E+03
  1.950173E+03
  1.948092E+03
  1.946011E+03
  1.943930E+03
  1.941849E+03
  1.939256E+03
  1.936356E+03
  1.933456E+03
  1.930556E+03
  1.927656E+03
  1.924756E+03
  1.921426E+03
  1.917464E+03
  1.913502E+03
  1.909539E+03
  1.905577E+03
  1.901615E+03
  1.896981E+03
  1.891659E+03
  1.886337E+03
  1.881015E+03
  1.875693E+03
  1.870371E+03
  1.863388E+03
  1.856178E+03
  1.848969E+03
  1.841759E+03
  1.834549E+03
  1.825792E+03
  1.815749E+03
  1.805706E+03
  1.795663E+03
  1.785621E+03
  1.773644E+03
  1.759564E+03
  1.745486E+03
  1.731409E+03
  1.717333E+03
  1.699713E+03
  1.680315E+03
  1.660921E+03
  1.641533E+03
  1.621567E+03
  1.595914E+03
  1.570272E+03
  1.544642E+03
  1.519024E+03
  1.489195E+03
  1.457965E+03
  1.426759E+03
  1.395575E+03
  1.362332E+03
  1.327874E+03
  1.293421E+03
  1.258999E+03
  1.224030E+03
  1.188847E+03
  1.153697E+03
  1.118578E+03
  1.084819E+03
  1.051121E+03
  1.017452E+03
  9.852599E+02
  9.549579E+02
  9.246772E+02
  8.947647E+02
  8.691268E+02
  8.435022E+02
  8.178906E+02
  7.964535E+02
  7.755812E+02
  7.547164E+02
  7.373041E+02
  7.205131E+02
  7.037265E+02
  6.901022E+02
  6.765917E+02
  6.636626E+02
  6.526944E+02
  6.417279E+02
  6.319352E+02
  6.228411E+02
  6.139481E+02
  6.061382E+02
  5.983291E+02
  5.911319E+02
  5.841024E+02
  5.773250E+02
  5.707312E+02
  5.642769E+02
  5.579862E+02
  5.518179E+02
  5.458009E+02
  5.399409E+02
  5.342174E+02
  5.287760E+02
  5.234450E+02
  5.186707E+02
  5.141707E+02
  5.101653E+02
  5.069523E+02
  5.043204E+02
  5.025289E+02
  5.021279E+02
  5.029967E+02
  5.055562E+02
  5.105047E+02
  5.195038E+02
  5.365179E+02
  5.677454E+02
  6.237341E+02
  7.200497E+02
  8.828650E+02
  1.084773E+03
  1.170114E+03
  1.336010E+03
 -8.894989E+00
  2.082696E-08
  1.288544E+00
  1.288345E+00
  1.288145E+00
  1.287945E+00
  1.287746E+00
  1.287546E+00
  1.287346E+00
  1.287147E+00
  1.286947E+00
  1.286371E+00
  1.285780E+00
  1.285188E+00
  1.284597E+00
  1.284006E+00
  1.283414E+00
  1.282823E+00
  1.282118E+00
  1.281173E+00
  1.280229E+00
  1.279284E+00
  1.278340E+00
  1.277395E+00
  1.276451E+00
  1.275482E+00
  1.274176E+00
  1.272869E+00
  1.271562E+00
  1.270256E+00
  1.268949E+00
  1.267643E+00
  1.266267E+00
  1.264564E+00
  1.262860E+00
  1.261156E+00
  1.259453E+00
  1.257749E+00
  1.256046E+00
  1.254071E+00
  1.251933E+00
  1.249796E+00
  1.247658E+00
  1.245520E+00
  1.243383E+00
  1.241052E+00
  1.238435E+00
  1.235818E+00
  1.233202E+00
  1.230585E+00
  1.227968E+00
  1.225080E+00
  1.221913E+00
  1.218747E+00
  1.215580E+00
  1.212413E+00
  1.209247E+00
  1.205511E+00
  1.201697E+00
  1.197884E+00
  1.194070E+00
  1.190257E+00
  1.186030E+00
  1.181461E+00
  1.176891E+00
  1.172321E+00
  1.167752E+00
  1.162760E+00
  1.157310E+00
  1.151860E+00
  1.146411E+00
  1.140962E+00
  1.134845E+00
  1.128394E+00
  1.121945E+00
  1.115496E+00
  1.108953E+00
  1.101482E+00
  1.094014E+00
  1.086548E+00
  1.079084E+00
  1.070975E+00
  1.062652E+00
  1.054334E+00
  1.046020E+00
  1.037318E+00
  1.028383E+00
  1.019454E+00
  1.010530E+00
  1.001339E+00
  9.920364E-01
  9.827395E-01
  9.734480E-01
  9.640464E-01
  9.546467E-01
  9.452515E-01
  9.358905E-01
  9.265711E-01
  9.172549E-01
  9.079508E-01
  8.987583E-01
  8.895676E-01
  8.803787E-01
  8.713120E-01
  8.622627E-01
  8.532145E-01
  8.443028E-01
  8.354165E-01
  8.265314E-01
  8.177550E-01
  8.089836E-01
  8.002209E-01
  7.914851E-01
  7.827505E-01
  7.739970E-01
  7.652328E-01
  7.564554E-01
  7.476006E-01
  7.387469E-01
  7.297714E-01
  7.207679E-01
  7.116484E-01
  7.024443E-01
  6.931303E-01
  6.836866E-01
  6.741215E-01
  6.644057E-01
  6.545317E-01
  6.445201E-01
  6.342873E-01
  6.239678E-01
  6.133372E-01
  6.025922E-01
  5.916420E-01
  5.804357E-01
  5.690595E-01
  5.574585E-01
  5.455558E-01
  5.334425E-01
  5.211196E-01
  5.086205E-01
  4.960818E-01
  4.840641E-01
  4.736382E-01
  4.664073E-01
  4.650434E-01
  4.761836E-01
  4.910018E-01
  4.631774E-01
  5.073806E-01
  1.127681E-01
  7.522860E-07
  1.215941E+00
  1.215836E+00
  1.215731E+00
  1.215626E+00
  1.215521E+00
  1.215417E+00
  1.215312E+00
  1.215207E+00
  1.215102E+00
  1.214897E+00
  1.214688E+00
  1.214479E+00
  1.214270E+00
  1.214061E+00
  1.213852E+00
  1.213643E+00
  1.213444E+00
  1.213266E+00
  1.213089E+00
  1.212911E+00
  1.212733E+00
  1.212556E+00
  1.212378E+00
  1.212196E+00
  1.211947E+00
  1.211698E+00
  1.211448E+00
  1.211199E+00
  1.210950E+00
  1.210701E+00
  1.210401E+00
  1.209864E+00
  1.209327E+00
  1.208789E+00
  1.208252E+00
  1.207715E+00
  1.207177E+00
  1.206337E+00
  1.205314E+00
  1.204292E+00
  1.203270E+00
  1.202247E+00
  1.201225E+00
  1.199915E+00
  1.198182E+00
  1.196449E+00
  1.194716E+00
  1.192983E+00
  1.191250E+00
  1.189037E+00
  1.186332E+00
  1.183628E+00
  1.180923E+00
  1.178218E+00
  1.175513E+00
  1.171726E+00
  1.167791E+00
  1.163855E+00
  1.159920E+00
  1.155984E+00
  1.151285E+00
  1.145953E+00
  1.140620E+00
  1.135288E+00
  1.129955E+00
  1.123958E+00
  1.117238E+00
  1.110520E+00
  1.103803E+00
  1.097087E+00
  1.089528E+00
  1.081549E+00
  1.073575E+00
  1.065607E+00
  1.057558E+00
  1.048681E+00
  1.039817E+00
  1.030966E+00
  1.022129E+00
  1.013310E+00
  1.004516E+00
  9.957461E-01
  9.870008E-01
  9.787294E-01
  9.707631E-01
  9.628289E-01
  9.549265E-01
  9.474745E-01
  9.402351E-01
  9.330295E-01
  9.258573E-01
  9.188685E-01
  9.119138E-01
  9.049891E-01
  8.978945E-01
  8.905676E-01
  8.832639E-01
  8.758907E-01
  8.674013E-01
  8.589274E-01
  8.504692E-01
  8.407820E-01
  8.309380E-01
  8.211033E-01
  8.107216E-01
  8.002452E-01
  7.897732E-01
  7.794443E-01
  7.691209E-01
  7.589423E-01
  7.492503E-01
  7.395560E-01
  7.304612E-01
  7.217205E-01
  7.131553E-01
  7.055593E-01
  6.979573E-01
  6.913254E-01
  6.849180E-01
  6.792039E-01
  6.739933E-01
  6.693281E-01
  6.653055E-01
  6.617956E-01
  6.589227E-01
  6.566421E-01
  6.548776E-01
  6.539014E-01
  6.532349E-01
  6.536838E-01
  6.545622E-01
  6.562115E-01
  6.588869E-01
  6.622827E-01
  6.666610E-01
  6.725254E-01
  6.796700E-01
  6.884243E-01
  6.992891E-01
  7.133630E-01
  7.330942E-01
  7.621091E-01
  8.065689E-01
  8.764499E-01
  9.915691E-01
  1.134386E+00
  1.202498E+00
  1.427033E+00
  5.861543E-01
  4.069173E-06
  1.453900E+00
  1.453712E+00
  1.453523E+00
  1.453334E+00
  1.453145E+00
  1.452957E+00
  1.452768E+00
  1.452579E+00
  1.452391E+00
  1.451890E+00
  1.451376E+00
  1.450863E+00
  1.450349E+00
  1.449835E+00
  1.449322E+00
  1.448808E+00
  1.448214E+00
  1.447453E+00
  1.446692E+00
  1.445931E+00
  1.445170E+00
  1.444408E+00
  1.443647E+00
  1.442865E+00
  1.441788E+00
  1.440712E+00
  1.439635E+00
  1.438559E+00
  1.437482E+00
  1.436406E+00
  1.435251E+00
  1.433723E+00
  1.432194E+00
  1.430666E+00
  1.429138E+00
  1.427610E+00
  1.426081E+00
  1.424177E+00
  1.422047E+00
  1.419917E+00
  1.417788E+00
  1.415658E+00
  1.413528E+00
  1.411083E+00
  1.408173E+00
  1.405263E+00
  1.402353E+00
  1.399444E+00
  1.396534E+00
  1.393130E+00
  1.389222E+00
  1.385314E+00
  1.381405E+00
  1.377497E+00
  1.373589E+00
  1.368460E+00
  1.363165E+00
  1.357871E+00
  1.352576E+00
  1.347281E+00
  1.340850E+00
  1.333474E+00
  1.326099E+00
  1.318724E+00
  1.311348E+00
  1.302552E+00
  1.292212E+00
  1.281873E+00
  1.271535E+00
  1.261198E+00
  1.248258E+00
  1.234012E+00
  1.219770E+00
  1.205531E+00
  1.190869E+00
  1.172029E+00
  1.153197E+00
  1.134375E+00
  1.115562E+00
  1.093655E+00
  1.070720E+00
  1.047802E+00
  1.024901E+00
  1.000488E+00
  9.751823E-01
  9.498803E-01
  9.246004E-01
  8.989196E-01
  8.730818E-01
  8.472678E-01
  8.214768E-01
  7.966838E-01
  7.719367E-01
  7.472102E-01
  7.235685E-01
  7.013149E-01
  6.790769E-01
  6.571094E-01
  6.382811E-01
  6.194625E-01
  6.006535E-01
  5.849103E-01
  5.695818E-01
  5.542589E-01
  5.414714E-01
  5.291401E-01
  5.168122E-01
  5.068066E-01
  4.968846E-01
  4.873895E-01
  4.793345E-01
  4.712808E-01
  4.640891E-01
  4.574105E-01
  4.508795E-01
  4.451440E-01
  4.394090E-01
  4.341234E-01
  4.289610E-01
  4.239838E-01
  4.191413E-01
  4.144013E-01
  4.097815E-01
  4.052515E-01
  4.008326E-01
  3.965291E-01
  3.923258E-01
  3.883297E-01
  3.844147E-01
  3.809084E-01
  3.776036E-01
  3.746621E-01
  3.723025E-01
  3.703696E-01
  3.690540E-01
  3.687595E-01
  3.693975E-01
  3.712772E-01
  3.749114E-01
  3.815202E-01
  3.940152E-01
  4.169486E-01
  4.580663E-01
  5.287998E-01
  6.483704E-01
  7.966500E-01
  8.593242E-01
  9.811568E-01
 -6.532422E-03
  1.529519E-11
  1.008272E+00
  1.008115E+00
  1.007959E+00
  1.007803E+00
  1.007647E+00
  1.007490E+00
  1.007334E+00
  1.007178E+00
  1.007021E+00
  1.006571E+00
  1.006108E+00
  1.005645E+00
  1.005183E+00
  1.004720E+00
  1.004257E+00
  1.003795E+00
  1.003243E+00
  1.002504E+00
  1.001765E+00
  1.001026E+00
  1.000287E+00
  9.995476E-01
  9.988086E-01
  9.980506E-01
  9.970282E-01
  9.960058E-01
  9.949834E-01
  9.939610E-01
  9.929386E-01
  9.919162E-01
  9.908398E-01
  9.895068E-01
  9.881738E-01
  9.868407E-01
  9.855077E-01
  9.841747E-01
  9.828417E-01
  9.812963E-01
  9.796237E-01
  9.779510E-01
  9.762784E-01
  9.746058E-01
  9.729332E-01
  9.711090E-01
  9.690615E-01
  9.670140E-01
  9.649665E-01
  9.629190E-01
  9.608715E-01
  9.586113E-01
  9.561334E-01
  9.536556E-01
  9.511777E-01
  9.486999E-01
  9.462220E-01
  9.432988E-01
  9.403148E-01
  9.373308E-01
  9.343468E-01
  9.313628E-01
  9.280556E-01
  9.244800E-01
  9.209044E-01
  9.173288E-01
  9.137534E-01
  9.098477E-01
  9.055831E-01
  9.013188E-01
  8.970548E-01
  8.927911E-01
  8.880054E-01
  8.829580E-01
  8.779114E-01
  8.728656E-01
  8.677463E-01
  8.619009E-01
  8.560573E-01
  8.502157E-01
  8.443758E-01
  8.380309E-01
  8.315187E-01
  8.250099E-01
  8.185044E-01
  8.116957E-01
  8.047042E-01
  7.977169E-01
  7.907338E-01
  7.835414E-01
  7.762619E-01
  7.689867E-01
  7.617158E-01
  7.543586E-01
  7.470029E-01
  7.396508E-01
  7.323254E-01
  7.250327E-01
  7.177425E-01
  7.104618E-01
  7.032687E-01
  6.960771E-01
  6.888869E-01
  6.817925E-01
  6.747117E-01
  6.676319E-01
  6.606589E-01
  6.537059E-01
  6.467537E-01
  6.398866E-01
  6.330234E-01
  6.261670E-01
  6.193316E-01
  6.124971E-01
  6.056478E-01
  5.987900E-01
  5.919219E-01
  5.849931E-01
  5.780652E-01
  5.710420E-01
  5.639968E-01
  5.568607E-01
  5.496585E-01
  5.423703E-01
  5.349807E-01
  5.274960E-01
  5.198934E-01
  5.121670E-01
  5.043330E-01
  4.963260E-01
  4.882511E-01
  4.799327E-01
  4.715249E-01
  4.629565E-01
  4.541876E-01
  4.452858E-01
  4.362080E-01
  4.268941E-01
  4.174153E-01
  4.077724E-01
  3.979916E-01
  3.881797E-01
  3.787755E-01
  3.706167E-01
  3.649579E-01
  3.638897E-01
  3.726058E-01
  3.841995E-01
  3.624262E-01
  3.970126E-01
  1.079979E-01
  4.830134E-02
  5.926113E-02
  5.925602E-02
  5.925091E-02
  5.924580E-02
  5.924070E-02
  5.923559E-02
  5.923048E-02
  5.922537E-02
  5.922027E-02
  5.921028E-02
  5.920008E-02
  5.918989E-02
  5.917970E-02
  5.916951E-02
  5.915932E-02
  5.914912E-02
  5.913943E-02
  5.913078E-02
  5.912212E-02
  5.911347E-02
  5.910482E-02
  5.909616E-02
  5.908751E-02
  5.907863E-02
  5.906648E-02
  5.905433E-02
  5.904219E-02
  5.903004E-02
  5.901789E-02
  5.900574E-02
  5.899116E-02
  5.896497E-02
  5.893878E-02
  5.891260E-02
  5.888641E-02
  5.886022E-02
  5.883403E-02
  5.879306E-02
  5.874324E-02
  5.869341E-02
  5.864359E-02
  5.859376E-02
  5.854393E-02
  5.848010E-02
  5.839565E-02
  5.831119E-02
  5.822673E-02
  5.814227E-02
  5.805781E-02
  5.794994E-02
  5.781812E-02
  5.768630E-02
  5.755448E-02
  5.742266E-02
  5.729083E-02
  5.710624E-02
  5.691445E-02
  5.672266E-02
  5.653085E-02
  5.633905E-02
  5.611005E-02
  5.585016E-02
  5.559028E-02
  5.533039E-02
  5.507051E-02
  5.477821E-02
  5.445073E-02
  5.412331E-02
  5.379594E-02
  5.346864E-02
  5.310026E-02
  5.271142E-02
  5.232283E-02
  5.193449E-02
  5.154224E-02
  5.110960E-02
  5.067762E-02
  5.024630E-02
  4.981564E-02
  4.938584E-02
  4.895725E-02
  4.852985E-02
  4.810365E-02
  4.770053E-02
  4.731228E-02
  4.692558E-02
  4.654043E-02
  4.617722E-02
  4.582438E-02
  4.547317E-02
  4.512359E-02
  4.478295E-02
  4.444397E-02
  4.410645E-02
  4.376065E-02
  4.340354E-02
  4.304756E-02
  4.268819E-02
  4.227444E-02
  4.186145E-02
  4.144922E-02
  4.097711E-02
  4.049736E-02
  4.001806E-02
  3.951211E-02
  3.900154E-02
  3.849119E-02
  3.798781E-02
  3.748470E-02
  3.698865E-02
  3.651630E-02
  3.604385E-02
  3.560061E-02
  3.517462E-02
  3.475719E-02
  3.438698E-02
  3.401649E-02
  3.369326E-02
  3.338098E-02
  3.310249E-02
  3.284854E-02
  3.262117E-02
  3.242512E-02
  3.225405E-02
  3.211403E-02
  3.200288E-02
  3.191689E-02
  3.186931E-02
  3.183683E-02
  3.185871E-02
  3.190153E-02
  3.198191E-02
  3.211230E-02
  3.227780E-02
  3.249118E-02
  3.277699E-02
  3.312518E-02
  3.355182E-02
  3.408131E-02
  3.476719E-02
  3.572878E-02
  3.714281E-02
  3.930957E-02
  4.271524E-02
  4.832563E-02
  5.528583E-02
  5.860519E-02
  6.954788E-02
  3.496397E-02
  1.627278E-02
  1.753062E-01
  1.752835E-01
  1.752607E-01
  1.752380E-01
  1.752152E-01
  1.751925E-01
  1.751697E-01
  1.751470E-01
  1.751242E-01
  1.750638E-01
  1.750019E-01
  1.749400E-01
  1.748780E-01
  1.748161E-01
  1.747542E-01
  1.746922E-01
  1.746207E-01
  1.745289E-01
  1.744371E-01
  1.743453E-01
  1.742535E-01
  1.741617E-01
  1.740700E-01
  1.739756E-01
  1.738458E-01
  1.737160E-01
  1.735862E-01
  1.734564E-01
  1.733266E-01
  1.731968E-01
  1.730576E-01
  1.728733E-01
  1.726890E-01
  1.725047E-01
  1.723205E-01
  1.721362E-01
  1.719519E-01
  1.717223E-01
  1.714655E-01
  1.712087E-01
  1.709519E-01
  1.706951E-01
  1.704383E-01
  1.701435E-01
  1.697926E-01
  1.694418E-01
  1.690909E-01
  1.687400E-01
  1.683892E-01
  1.679788E-01
  1.675076E-01
  1.670363E-01
  1.665651E-01
  1.660938E-01
  1.656225E-01
  1.650042E-01
  1.643658E-01
  1.637273E-01
  1.630889E-01
  1.624505E-01
  1.616750E-01
  1.607857E-01
  1.598964E-01
  1.590072E-01
  1.581179E-01
  1.570573E-01
  1.558106E-01
  1.545640E-01
  1.533175E-01
  1.520711E-01
  1.505109E-01
  1.487932E-01
  1.470760E-01
  1.453592E-01
  1.435913E-01
  1.413197E-01
  1.390491E-01
  1.367797E-01
  1.345112E-01
  1.318698E-01
  1.291045E-01
  1.263412E-01
  1.235799E-01
  1.206362E-01
  1.175849E-01
  1.145341E-01
  1.114858E-01
  1.083893E-01
  1.052738E-01
  1.021611E-01
  9.905127E-02
  9.606176E-02
  9.307776E-02
  9.009626E-02
  8.724556E-02
  8.456225E-02
  8.188083E-02
  7.923202E-02
  7.696176E-02
  7.469268E-02
  7.242475E-02
  7.052651E-02
  6.867828E-02
  6.683071E-02
  6.528887E-02
  6.380205E-02
  6.231562E-02
  6.110921E-02
  5.991288E-02
  5.876802E-02
  5.779680E-02
  5.682574E-02
  5.595860E-02
  5.515332E-02
  5.436584E-02
  5.367428E-02
  5.298278E-02
  5.234546E-02
  5.172299E-02
  5.112284E-02
  5.053894E-02
  4.996740E-02
  4.941035E-02
  4.886413E-02
  4.833132E-02
  4.781241E-02
  4.730559E-02
  4.682375E-02
  4.635169E-02
  4.592892E-02
  4.553044E-02
  4.517576E-02
  4.489125E-02
  4.465819E-02
  4.449954E-02
  4.446402E-02
  4.454093E-02
  4.476755E-02
  4.520571E-02
  4.600253E-02
  4.750908E-02
  5.027422E-02
  5.523194E-02
  6.376058E-02
  7.817770E-02
  9.605632E-02
  1.036129E-01
  1.183024E-01
 -9.640248E-04
  1.513267E-07
  1.008520E+00
  1.008364E+00
  1.008208E+00
  1.008051E+00
  1.007895E+00
  1.007739E+00
  1.007583E+00
  1.007426E+00
  1.007270E+00
  1.006820E+00
  1.006357E+00
  1.005894E+00
  1.005431E+00
  1.004969E+00
  1.004506E+00
  1.004043E+00
  1.003491E+00
  1.002753E+00
  1.002014E+00
  1.001275E+00
  1.000536E+00
  9.997967E-01
  9.990577E-01
  9.982998E-01
  9.972776E-01
  9.962553E-01
  9.952330E-01
  9.942107E-01
  9.931884E-01
  9.921661E-01
  9.910899E-01
  9.897570E-01
  9.884242E-01
  9.870913E-01
  9.857585E-01
  9.844256E-01
  9.830928E-01
  9.815476E-01
  9.798752E-01
  9.782027E-01
  9.765303E-01
  9.748579E-01
  9.731855E-01
  9.713615E-01
  9.693142E-01
  9.672669E-01
  9.652196E-01
  9.631723E-01
  9.611250E-01
  9.588649E-01
  9.563873E-01
  9.539096E-01
  9.514320E-01
  9.489543E-01
  9.464767E-01
  9.435537E-01
  9.405700E-01
  9.375862E-01
  9.346025E-01
  9.316188E-01
  9.283120E-01
  9.247369E-01
  9.211618E-01
  9.175869E-01
  9.140120E-01
  9.101071E-01
  9.058437E-01
  9.015806E-01
  8.973178E-01
  8.930553E-01
  8.882715E-01
  8.832264E-01
  8.781820E-01
  8.731384E-01
  8.680215E-01
  8.621797E-01
  8.563398E-01
  8.505018E-01
  8.446656E-01
  8.383254E-01
  8.318182E-01
  8.253143E-01
  8.188138E-01
  8.120107E-01
  8.050251E-01
  7.980437E-01
  7.910664E-01
  7.838800E-01
  7.766065E-01
  7.693373E-01
  7.620723E-01
  7.547207E-01
  7.473704E-01
  7.400237E-01
  7.327032E-01
  7.254149E-01
  7.181290E-01
  7.108526E-01
  7.036625E-01
  6.964739E-01
  6.892867E-01
  6.821942E-01
  6.751152E-01
  6.680371E-01
  6.610652E-01
  6.541131E-01
  6.471618E-01
  6.402952E-01
  6.334325E-01
  6.265765E-01
  6.197413E-01
  6.129071E-01
  6.060581E-01
  5.992007E-01
  5.923329E-01
  5.854045E-01
  5.784771E-01
  5.714545E-01
  5.644099E-01
  5.572746E-01
  5.500733E-01
  5.427860E-01
  5.353975E-01
  5.279140E-01
  5.203128E-01
  5.125881E-01
  5.047559E-01
  4.967510E-01
  4.886783E-01
  4.803631E-01
  4.719587E-01
  4.633945E-01
  4.546313E-01
  4.457361E-01
  4.366666E-01
  4.273638E-01
  4.178986E-01
  4.082723E-01
  3.985117E-01
  3.887246E-01
  3.793502E-01
  3.712251E-01
  3.656020E-01
  3.645672E-01
  3.733056E-01
  3.848966E-01
  3.631037E-01
  3.975405E-01
  1.074786E-01
  4.679904E-02
  5.293023E-02
  5.292546E-02
  5.292068E-02
  5.291590E-02
  5.291112E-02
  5.290634E-02
  5.290156E-02
  5.289678E-02
  5.289200E-02
  5.288255E-02
  5.287291E-02
  5.286327E-02
  5.285364E-02
  5.284400E-02
  5.283436E-02
  5.282472E-02
  5.281541E-02
  5.280679E-02
  5.279817E-02
  5.278956E-02
  5.278094E-02
  5.277233E-02
  5.276371E-02
  5.275483E-02
  5.274218E-02
  5.272953E-02
  5.271688E-02
  5.270423E-02
  5.269158E-02
  5.267893E-02
  5.266381E-02
  5.263697E-02
  5.261013E-02
  5.258328E-02
  5.255644E-02
  5.252960E-02
  5.250275E-02
  5.246118E-02
  5.241077E-02
  5.236036E-02
  5.230996E-02
  5.225955E-02
  5.220914E-02
  5.214480E-02
  5.205994E-02
  5.197507E-02
  5.189020E-02
  5.180533E-02
  5.172046E-02
  5.161227E-02
  5.148025E-02
  5.134822E-02
  5.121619E-02
  5.108415E-02
  5.095211E-02
  5.076752E-02
  5.057576E-02
  5.038400E-02
  5.019222E-02
  5.000045E-02
  4.977173E-02
  4.951233E-02
  4.925294E-02
  4.899354E-02
  4.873415E-02
  4.844278E-02
  4.811668E-02
  4.779064E-02
  4.746466E-02
  4.713874E-02
  4.677277E-02
  4.638684E-02
  4.600116E-02
  4.561572E-02
  4.522657E-02
  4.479915E-02
  4.437237E-02
  4.394622E-02
  4.352072E-02
  4.309828E-02
  4.267776E-02
  4.225841E-02
  4.184021E-02
  4.144693E-02
  4.106961E-02
  4.069380E-02
  4.031948E-02
  3.996888E-02
  3.962936E-02
  3.929143E-02
  3.895505E-02
  3.862944E-02
  3.830547E-02
  3.798291E-02
  3.765240E-02
  3.731103E-02
  3.697074E-02
  3.662698E-02
  3.622840E-02
  3.583055E-02
  3.543341E-02
  3.497485E-02
  3.450842E-02
  3.404241E-02
  3.354752E-02
  3.304759E-02
  3.254785E-02
  3.205207E-02
  3.155644E-02
  3.106710E-02
  3.059891E-02
  3.013060E-02
  2.968951E-02
  2.926449E-02
  2.884757E-02
  2.847547E-02
  2.810307E-02
  2.777596E-02
  2.745932E-02
  2.717526E-02
  2.691487E-02
  2.668021E-02
  2.647591E-02
  2.629579E-02
  2.614573E-02
  2.602345E-02
  2.592538E-02
  2.586378E-02
  2.581652E-02
  2.581969E-02
  2.584170E-02
  2.589749E-02
  2.599664E-02
  2.612561E-02
  2.629474E-02
  2.652310E-02
  2.680221E-02
  2.714540E-02
  2.757357E-02
  2.813464E-02
  2.894352E-02
  3.017910E-02
  3.214736E-02
  3.535245E-02
  4.079872E-02
  4.768730E-02
  5.102142E-02
  6.201736E-02
  2.819408E-02
  8.721963E-03
  1.757613E-01
  1.757385E-01
  1.757157E-01
  1.756929E-01
  1.756702E-01
  1.756474E-01
  1.756246E-01
  1.756018E-01
  1.755791E-01
  1.755186E-01
  1.754567E-01
  1.753947E-01
  1.753327E-01
  1.752707E-01
  1.752087E-01
  1.751467E-01
  1.750751E-01
  1.749833E-01
  1.748915E-01
  1.747997E-01
  1.747079E-01
  1.746161E-01
  1.745243E-01
  1.744299E-01
  1.743001E-01
  1.741703E-01
  1.740405E-01
  1.739107E-01
  1.737808E-01
  1.736510E-01
  1.735118E-01
  1.733275E-01
  1.731432E-01
  1.729589E-01
  1.727746E-01
  1.725903E-01
  1.724060E-01
  1.721763E-01
  1.719195E-01
  1.716626E-01
  1.714058E-01
  1.711490E-01
  1.708921E-01
  1.705972E-01
  1.702463E-01
  1.698953E-01
  1.695444E-01
  1.691934E-01
  1.688425E-01
  1.684319E-01
  1.679605E-01
  1.674891E-01
  1.670177E-01
  1.665463E-01
  1.660749E-01
  1.654562E-01
  1.648174E-01
  1.641786E-01
  1.635398E-01
  1.629010E-01
  1.621249E-01
  1.612347E-01
  1.603445E-01
  1.594543E-01
  1.585641E-01
  1.575021E-01
  1.562533E-01
  1.550046E-01
  1.537560E-01
  1.525076E-01
  1.509441E-01
  1.492227E-01
  1.475016E-01
  1.457809E-01
  1.440090E-01
  1.417312E-01
  1.394545E-01
  1.371789E-01
  1.349043E-01
  1.322550E-01
  1.294812E-01
  1.267093E-01
  1.239395E-01
  1.209863E-01
  1.179256E-01
  1.148647E-01
  1.118064E-01
  1.086992E-01
  1.055730E-01
  1.024496E-01
  9.932901E-02
  9.632891E-02
  9.333437E-02
  9.034234E-02
  8.748155E-02
  8.478870E-02
  8.209776E-02
  7.943957E-02
  7.716141E-02
  7.488444E-02
  7.260864E-02
  7.070406E-02
  6.884969E-02
  6.699600E-02
  6.544933E-02
  6.395791E-02
  6.246689E-02
  6.125711E-02
  6.005746E-02
  5.890951E-02
  5.793595E-02
  5.696256E-02
  5.609356E-02
  5.528669E-02
  5.449771E-02
  5.380508E-02
  5.311251E-02
  5.247379E-02
  5.185059E-02
  5.124983E-02
  5.066543E-02
  5.009344E-02
  4.953605E-02
  4.898956E-02
  4.845657E-02
  4.793758E-02
  4.743076E-02
  4.694908E-02
  4.647725E-02
  4.605502E-02
  4.565725E-02
  4.530356E-02
  4.502119E-02
  4.479006E-02
  4.463395E-02
  4.460202E-02
  4.468344E-02
  4.491566E-02
  4.536076E-02
  4.616615E-02
  4.768290E-02
  5.045924E-02
  5.542806E-02
  6.396568E-02
  7.838571E-02
  9.625509E-02
  1.037909E-01
  1.184015E-01
 -1.119564E-03
  1.435214E-07
 -2.486521E-04
 -2.486489E-04
 -2.486456E-04
 -2.486424E-04
 -2.486391E-04
 -2.486358E-04
 -2.486326E-04
 -2.486293E-04
 -2.486261E-04
 -2.486371E-04
 -2.486488E-04
 -2.486605E-04
 -2.486722E-04
 -2.486839E-04
 -2.486955E-04
 -2.487072E-04
 -2.487359E-04
 -2.488004E-04
 -2.488649E-04
 -2.489294E-04
 -2.489939E-04
 -2.490584E-04
 -2.491229E-04
 -2.491916E-04
 -2.493182E-04
 -2.494448E-04
 -2.495713E-04
 -2.496979E-04
 -2.498245E-04
 -2.499511E-04
 -2.500856E-04
 -2.502577E-04
 -2.504298E-04
 -2.506019E-04
 -2.507740E-04
 -2.509461E-04
 -2.511182E-04
 -2.513050E-04
 -2.515008E-04
 -2.516965E-04
 -2.518923E-04
 -2.520880E-04
 -2.522837E-04
 -2.524805E-04
 -2.526787E-04
 -2.528769E-04
 -2.530751E-04
 -2.532733E-04
 -2.534715E-04
 -2.536689E-04
 -2.538653E-04
 -2.540618E-04
 -2.542582E-04
 -2.544546E-04
 -2.546510E-04
 -2.549086E-04
 -2.551744E-04
 -2.554402E-04
 -2.557060E-04
 -2.559718E-04
 -2.563932E-04
 -2.569437E-04
 -2.574942E-04
 -2.580446E-04
 -2.585949E-04
 -2.594503E-04
 -2.606370E-04
 -2.618234E-04
 -2.630097E-04
 -2.641956E-04
 -2.660865E-04
 -2.683312E-04
 -2.705751E-04
 -2.728183E-04
 -2.751907E-04
 -2.788350E-04
 -2.824776E-04
 -2.861185E-04
 -2.897578E-04
 -2.944281E-04
 -2.994430E-04
 -3.044549E-04
 -3.094638E-04
 -3.150123E-04
 -3.208874E-04
 -3.267582E-04
 -3.326246E-04
 -3.385866E-04
 -3.445857E-04
 -3.505791E-04
 -3.565669E-04
 -3.620224E-04
 -3.674579E-04
 -3.728867E-04
 -3.778433E-04
 -3.821932E-04
 -3.865358E-04
 -3.907714E-04
 -3.937785E-04
 -3.967786E-04
 -3.997718E-04
 -4.016940E-04
 -4.034679E-04
 -4.052360E-04
 -4.062860E-04
 -4.072040E-04
 -4.081176E-04
 -4.085911E-04
 -4.090462E-04
 -4.094622E-04
 -4.097538E-04
 -4.100435E-04
 -4.103493E-04
 -4.106645E-04
 -4.109991E-04
 -4.114442E-04
 -4.118886E-04
 -4.124829E-04
 -4.131125E-04
 -4.138705E-04
 -4.147221E-04
 -4.156919E-04
 -4.168007E-04
 -4.180435E-04
 -4.194519E-04
 -4.210580E-04
 -4.228357E-04
 -4.249809E-04
 -4.272696E-04
 -4.303248E-04
 -4.338010E-04
 -4.380376E-04
 -4.436444E-04
 -4.503504E-04
 -4.586732E-04
 -4.697829E-04
 -4.833367E-04
 -4.998746E-04
 -5.200558E-04
 -5.448385E-04
 -5.746551E-04
 -6.084349E-04
 -6.441506E-04
 -6.775108E-04
 -6.998267E-04
 -6.970826E-04
 -6.775507E-04
 -5.278793E-04
  5.193378E-04
  1.502303E-03
  6.330892E-03
  6.330563E-03
  6.330235E-03
  6.329906E-03
  6.329578E-03
  6.329250E-03
  6.328921E-03
  6.328593E-03
  6.328264E-03
  6.327721E-03
  6.327169E-03
  6.326617E-03
  6.326065E-03
  6.325512E-03
  6.324960E-03
  6.324408E-03
  6.324022E-03
  6.323985E-03
  6.323948E-03
  6.323911E-03
  6.323875E-03
  6.323838E-03
  6.323801E-03
  6.323800E-03
  6.324303E-03
  6.324806E-03
  6.325309E-03
  6.325813E-03
  6.326316E-03
  6.326819E-03
  6.327348E-03
  6.328003E-03
  6.328658E-03
  6.329313E-03
  6.329968E-03
  6.330623E-03
  6.331278E-03
  6.331886E-03
  6.332467E-03
  6.333047E-03
  6.333628E-03
  6.334208E-03
  6.334788E-03
  6.335300E-03
  6.335710E-03
  6.336120E-03
  6.336531E-03
  6.336941E-03
  6.337351E-03
  6.337663E-03
  6.337874E-03
  6.338086E-03
  6.338297E-03
  6.338509E-03
  6.338720E-03
  6.338720E-03
  6.338690E-03
  6.338660E-03
  6.338630E-03
  6.338601E-03
  6.338319E-03
  6.337829E-03
  6.337339E-03
  6.336849E-03
  6.336359E-03
  6.335439E-03
  6.334052E-03
  6.332666E-03
  6.331281E-03
  6.329898E-03
  6.327494E-03
  6.324582E-03
  6.321675E-03
  6.318774E-03
  6.315662E-03
  6.310452E-03
  6.305258E-03
  6.300081E-03
  6.294921E-03
  6.287559E-03
  6.279483E-03
  6.271444E-03
  6.263440E-03
  6.253598E-03
  6.242664E-03
  6.231781E-03
  6.220952E-03
  6.208343E-03
  6.195011E-03
  6.181742E-03
  6.168534E-03
  6.153506E-03
  6.138493E-03
  6.123541E-03
  6.108254E-03
  6.092509E-03
  6.076818E-03
  6.061210E-03
  6.046036E-03
  6.030901E-03
  6.015804E-03
  6.002257E-03
  5.988940E-03
  5.975651E-03
  5.964596E-03
  5.953956E-03
  5.943337E-03
  5.935739E-03
  5.928261E-03
  5.921550E-03
  5.917392E-03
  5.913246E-03
  5.911093E-03
  5.910130E-03
  5.909619E-03
  5.911512E-03
  5.913412E-03
  5.917302E-03
  5.921666E-03
  5.927233E-03
  5.933675E-03
  5.940951E-03
  5.949205E-03
  5.958258E-03
  5.968297E-03
  5.979427E-03
  5.991504E-03
  6.005527E-03
  6.020312E-03
  6.039021E-03
  6.059828E-03
  6.084419E-03
  6.115663E-03
  6.152189E-03
  6.196441E-03
  6.253890E-03
  6.322970E-03
  6.406413E-03
  6.507733E-03
  6.632547E-03
  6.785256E-03
  6.963718E-03
  7.162202E-03
  7.362788E-03
  7.526911E-03
  7.598533E-03
  7.583772E-03
  7.530517E-03
  6.769883E-03
  7.550821E-03
 -4.550485E-04
 -4.550244E-04
 -4.550003E-04
 -4.549762E-04
 -4.549521E-04
 -4.549279E-04
 -4.549038E-04
 -4.548797E-04
 -4.548556E-04
 -4.548080E-04
 -4.547595E-04
 -4.547109E-04
 -4.546624E-04
 -4.546139E-04
 -4.545653E-04
 -4.545168E-04
 -4.544743E-04
 -4.544445E-04
 -4.544147E-04
 -4.543849E-04
 -4.543551E-04
 -4.543253E-04
 -4.542955E-04
 -4.542670E-04
 -4.542567E-04
 -4.542465E-04
 -4.542362E-04
 -4.542259E-04
 -4.542157E-04
 -4.542054E-04
 -4.541937E-04
 -4.541752E-04
 -4.541566E-04
 -4.541380E-04
 -4.541195E-04
 -4.541009E-04
 -4.540824E-04
 -4.540456E-04
 -4.539978E-04
 -4.539501E-04
 -4.539024E-04
 -4.538547E-04
 -4.538070E-04
 -4.537407E-04
 -4.536473E-04
 -4.535538E-04
 -4.534604E-04
 -4.533669E-04
 -4.532735E-04
 -4.531440E-04
 -4.529777E-04
 -4.528114E-04
 -4.526452E-04
 -4.524789E-04
 -4.523126E-04
 -4.519784E-04
 -4.516212E-04
 -4.512640E-04
 -4.509069E-04
 -4.505497E-04
 -4.498825E-04
 -4.489576E-04
 -4.480328E-04
 -4.471081E-04
 -4.461835E-04
 -4.447167E-04
 -4.426609E-04
 -4.406059E-04
 -4.385515E-04
 -4.364978E-04
 -4.332582E-04
 -4.294248E-04
 -4.255940E-04
 -4.217661E-04
 -4.177236E-04
 -4.115564E-04
 -4.053969E-04
 -3.992451E-04
 -3.931009E-04
 -3.851718E-04
 -3.766541E-04
 -3.681521E-04
 -3.596657E-04
 -3.501647E-04
 -3.406943E-04
 -3.306089E-04
 -3.205464E-04
 -3.099733E-04
 -2.991990E-04
 -2.884522E-04
 -2.777326E-04
 -2.671526E-04
 -2.566033E-04
 -2.460816E-04
 -2.359919E-04
 -2.264483E-04
 -2.169288E-04
 -2.075520E-04
 -1.996481E-04
 -1.917623E-04
 -1.838944E-04
 -1.775459E-04
 -1.714107E-04
 -1.652874E-04
 -1.604553E-04
 -1.558603E-04
 -1.512731E-04
 -1.479013E-04
 -1.445773E-04
 -1.414829E-04
 -1.391521E-04
 -1.368253E-04
 -1.349611E-04
 -1.333731E-04
 -1.318682E-04
 -1.307979E-04
 -1.297302E-04
 -1.283337E-04
 -1.276036E-04
 -1.269975E-04
 -1.264821E-04
 -1.260453E-04
 -1.257004E-04
 -1.254297E-04
 -1.252502E-04
 -1.251677E-04
 -1.251692E-04
 -1.253330E-04
 -1.255600E-04
 -1.260998E-04
 -1.268030E-04
 -1.278011E-04
 -1.299345E-04
 -1.318700E-04
 -1.344116E-04
 -1.380026E-04
 -1.425057E-04
 -1.481134E-04
 -1.550518E-04
 -1.636213E-04
 -1.738215E-04
 -1.850184E-04
 -1.961245E-04
 -2.051041E-04
 -2.080080E-04
 -1.987726E-04
 -1.779969E-04
 -9.910458E-05
  1.555391E-04
  7.805323E-09
  1.273240E+00
  1.273211E+00
  1.273125E+00
  1.272981E+00
  1.272781E+00
  1.272522E+00
  1.272207E+00
  1.271834E+00
  1.271403E+00
  1.270915E+00
  1.270369E+00
  1.269765E+00
  1.269104E+00
  1.268384E+00
  1.267607E+00
  1.266771E+00
  1.265877E+00
  1.264925E+00
  1.263915E+00
  1.262845E+00
  1.261717E+00
  1.260530E+00
  1.259284E+00
  1.257979E+00
  1.256614E+00
  1.255190E+00
  1.253705E+00
  1.252161E+00
  1.250556E+00
  1.248891E+00
  1.247165E+00
  1.245378E+00
  1.243529E+00
  1.241620E+00
  1.239648E+00
  1.237614E+00
  1.235518E+00
  1.233359E+00
  1.231136E+00
  1.228851E+00
  1.226501E+00
  1.224088E+00
  1.221610E+00
  1.219067E+00
  1.216458E+00
  1.213784E+00
  1.211044E+00
  1.208237E+00
  1.205362E+00
  1.202421E+00
  1.199411E+00
  1.196332E+00
  1.193185E+00
  1.189968E+00
  1.186680E+00
  1.183322E+00
  1.179892E+00
  1.176390E+00
  1.172816E+00
  1.169168E+00
  1.165446E+00
  1.161649E+00
  1.157776E+00
  1.153828E+00
  1.149802E+00
  1.145699E+00
  1.141516E+00
  1.137254E+00
  1.132912E+00
  1.128488E+00
  1.123982E+00
  1.119393E+00
  1.114719E+00
  1.109960E+00
  1.105114E+00
  1.100180E+00
  1.095157E+00
  1.090045E+00
  1.084841E+00
  1.079544E+00
  1.074153E+00
  1.068667E+00
  1.063083E+00
  1.057401E+00
  1.051619E+00
  1.045735E+00
  1.039748E+00
  1.033655E+00
  1.027455E+00
  1.021146E+00
  1.014726E+00
  1.008193E+00
  1.001543E+00
  9.947766E-01
  9.878894E-01
  9.808795E-01
  9.737441E-01
  9.664805E-01
  9.590857E-01
  9.515567E-01
  9.438904E-01
  9.360832E-01
  9.281318E-01
  9.200322E-01
  9.117806E-01
  9.033729E-01
  8.948045E-01
  8.860709E-01
  8.771671E-01
  8.680879E-01
  8.588277E-01
  8.493806E-01
  8.397402E-01
  8.299000E-01
  8.198525E-01
  8.095903E-01
  7.991048E-01
  7.883874E-01
  7.774283E-01
  7.662172E-01
  7.547428E-01
  7.429930E-01
  7.309546E-01
  7.186128E-01
  7.059520E-01
  6.929545E-01
  6.796012E-01
  6.658704E-01
  6.517385E-01
  6.371787E-01
  6.221609E-01
  6.066513E-01
  5.906109E-01
  5.739954E-01
  5.567532E-01
  5.388241E-01
  5.201372E-01
  5.006076E-01
  4.801325E-01
  4.585853E-01
  4.358068E-01
  4.115929E-01
  3.856731E-01
  3.576769E-01
  3.270715E-01
  2.930404E-01
  2.542116E-01
  2.079144E-01
  1.472658E-01
  0.000000E+00
  9.203454E-02
  9.203454E-02
  9.203455E-02
  9.203456E-02
  9.203457E-02
  9.203458E-02
  9.203458E-02
  9.203459E-02
  9.203460E-02
  9.203462E-02
  9.203464E-02
  9.203466E-02
  9.203468E-02
  9.203470E-02
  9.203472E-02
  9.203474E-02
  9.203477E-02
  9.203479E-02
  9.203482E-02
  9.203485E-02
  9.203488E-02
  9.203490E-02
  9.203493E-02
  9.203496E-02
  9.203498E-02
  9.203500E-02
  9.203503E-02
  9.203505E-02
  9.203507E-02
  9.203510E-02
  9.203512E-02
  9.203511E-02
  9.203511E-02
  9.203511E-02
  9.203511E-02
  9.203510E-02
  9.203510E-02
  9.203505E-02
  9.203498E-02
  9.203491E-02
  9.203483E-02
  9.203476E-02
  9.203469E-02
  9.203455E-02
  9.203432E-02
  9.203409E-02
  9.203385E-02
  9.203362E-02
  9.203339E-02
  9.203300E-02
  9.203246E-02
  9.203192E-02
  9.203138E-02
  9.203084E-02
  9.203029E-02
  9.202249E-02
  9.201368E-02
  9.200488E-02
  9.199608E-02
  9.198728E-02
  9.195341E-02
  9.189872E-02
  9.184402E-02
  9.178933E-02
  9.173463E-02
  9.163508E-02
  9.148476E-02
  9.133444E-02
  9.118412E-02
  9.103379E-02
  9.077743E-02
  9.046777E-02
  9.015811E-02
  8.984845E-02
  8.953211E-02
  8.904028E-02
  8.856867E-02
  8.809705E-02
  8.764301E-02
  8.705661E-02
  8.646093E-02
  8.590208E-02
  8.537613E-02
  8.503659E-02
  8.504229E-02
  8.504985E-02
  8.505740E-02
  8.508254E-02
  8.514606E-02
  8.520957E-02
  8.527307E-02
  8.534592E-02
  8.543066E-02
  8.551539E-02
  8.558229E-02
  8.562625E-02
  8.567020E-02
  8.571012E-02
  8.570080E-02
  8.569147E-02
  8.568215E-02
  8.563118E-02
  8.557464E-02
  8.551809E-02
  8.543489E-02
  8.535418E-02
  8.530677E-02
  8.524975E-02
  8.519238E-02
  8.513421E-02
  8.507334E-02
  8.504718E-02
  8.503954E-02
  8.503191E-02
  8.502434E-02
  8.505971E-02
  8.509892E-02
  8.512232E-02
  8.515571E-02
  8.518500E-02
  8.521129E-02
  8.523342E-02
  8.525065E-02
  8.527487E-02
  8.529022E-02
  8.529295E-02
  8.528473E-02
  8.525999E-02
  8.524284E-02
  8.521937E-02
  8.519270E-02
  8.516031E-02
  8.513249E-02
  8.508969E-02
  8.504189E-02
  8.504902E-02
  8.506430E-02
  8.509789E-02
  8.520117E-02
  8.531141E-02
  8.543858E-02
  8.565500E-02
  8.589091E-02
  8.622258E-02
  8.656760E-02
  8.692610E-02
  8.729637E-02
  8.769518E-02
  1.035002E-01
  2.651671E-02
 -2.156330E-01
 -2.156313E-01
 -2.156296E-01
 -2.156279E-01
 -2.156262E-01
 -2.156245E-01
 -2.156228E-01
 -2.156211E-01
 -2.156194E-01
 -2.156142E-01
 -2.156089E-01
 -2.156035E-01
 -2.155982E-01
 -2.155929E-01
 -2.155876E-01
 -2.155822E-01
 -2.155754E-01
 -2.155652E-01
 -2.155551E-01
 -2.155450E-01
 -2.155349E-01
 -2.155247E-01
 -2.155146E-01
 -2.155040E-01
 -2.154874E-01
 -2.154707E-01
 -2.154540E-01
 -2.154373E-01
 -2.154206E-01
 -2.154040E-01
 -2.153857E-01
 -2.153598E-01
 -2.153339E-01
 -2.153080E-01
 -2.152821E-01
 -2.152562E-01
 -2.152303E-01
 -2.151961E-01
 -2.151569E-01
 -2.151177E-01
 -2.150786E-01
 -2.150394E-01
 -2.150002E-01
 -2.149534E-01
 -2.148953E-01
 -2.148373E-01
 -2.147792E-01
 -2.147211E-01
 -2.146630E-01
 -2.145931E-01
 -2.145110E-01
 -2.144288E-01
 -2.143467E-01
 -2.142646E-01
 -2.141825E-01
 -2.139318E-01
 -2.136580E-01
 -2.133843E-01
 -2.131105E-01
 -2.128368E-01
 -2.120182E-01
 -2.107470E-01
 -2.094758E-01
 -2.082046E-01
 -2.069334E-01
 -2.046157E-01
 -2.011606E-01
 -1.977054E-01
 -1.942503E-01
 -1.907951E-01
 -1.849733E-01
 -1.779619E-01
 -1.709506E-01
 -1.639393E-01
 -1.564798E-01
 -1.446250E-01
 -1.327702E-01
 -1.209154E-01
 -1.090606E-01
 -9.365900E-02
 -7.706362E-02
 -6.046822E-02
 -4.387282E-02
 -2.601309E-02
  1.623804E-02
  3.486363E-02
  5.348922E-02
  7.153464E-02
  8.933176E-02
  1.071289E-01
  1.249259E-01
  1.393479E-01
  1.536853E-01
  1.680227E-01
  1.798057E-01
  1.882987E-01
  1.967918E-01
  2.047016E-01
  2.054700E-01
  2.062383E-01
  2.070066E-01
  2.016880E-01
  1.955551E-01
  1.894222E-01
  1.793417E-01
  1.685546E-01
  1.577675E-01
  1.444466E-01
  1.310367E-01
  1.174081E-01
  1.030392E-01
  8.867029E-02
  7.449188E-02
  6.042682E-02
  4.654883E-02
  3.368396E-02
  2.081907E-02
 -1.404111E-02
 -2.509507E-02
 -3.484192E-02
 -4.363537E-02
 -5.104086E-02
 -5.681444E-02
 -6.100967E-02
 -6.325160E-02
 -6.352688E-02
 -6.209183E-02
 -5.807327E-02
 -5.304201E-02
 -4.464165E-02
 -3.510817E-02
 -2.354651E-02
  1.351150E-02
  2.875085E-02
  4.576824E-02
  6.492974E-02
  8.552557E-02
  1.076151E-01
  1.312151E-01
  1.563789E-01
  1.830544E-01
  2.110453E-01
  2.403159E-01
  2.708191E-01
  3.025372E-01
  3.354805E-01
  3.694952E-01
  4.045137E-01
  6.125667E-02
  2.632833E+00
  9.895559E-01
  9.895559E-01
  9.895559E-01
  9.895559E-01
  9.895559E-01
  9.895559E-01
  9.895559E-01
  9.895559E-01
  9.895559E-01
  9.895559E-01
  9.895559E-01
  9.895559E-01
  9.895559E-01
  9.895559E-01
  9.895559E-01
  9.895559E-01
  9.895559E-01
  9.895559E-01
  9.895559E-01
  9.895559E-01
  9.895559E-01
  9.895559E-01
  9.895559E-01
  9.895559E-01
  9.895559E-01
  9.895559E-01
  9.895559E-01
  9.895559E-01
  9.895559E-01
  9.895559E-01
  9.895559E-01
  9.895559E-01
  9.895559E-01
  9.895559E-01
  9.895559E-01
  9.895559E-01
  9.895559E-01
  9.895559E-01
  9.895559E-01
  9.895559E-01
  9.895559E-01
  9.895559E-01
  9.895559E-01
  9.895559E-01
  9.895559E-01
  9.895559E-01
  9.895559E-01
  9.895559E-01
  9.895559E-01
  9.895559E-01
  9.895559E-01
  9.895559E-01
  9.895559E-01
  9.895559E-01
  9.895559E-01
  9.895558E-01
  9.895558E-01
  9.895558E-01
  9.895558E-01
  9.895558E-01
  9.895557E-01
  9.895556E-01
  9.895555E-01
  9.895555E-01
  9.895554E-01
  9.895552E-01
  9.895550E-01
  9.895548E-01
  9.895546E-01
  9.895544E-01
  9.895541E-01
  9.895537E-01
  9.895533E-01
  9.895530E-01
  9.895526E-01
  9.895521E-01
  9.895516E-01
  9.895511E-01
  9.895507E-01
  9.895503E-01
  9.895498E-01
  9.895495E-01
  9.895492E-01
  9.895490E-01
  9.895490E-01
  9.895491E-01
  9.895494E-01
  9.895497E-01
  9.895501E-01
  9.895507E-01
  9.895513E-01
  9.895519E-01
  9.895525E-01
  9.895532E-01
  9.895538E-01
  9.895543E-01
  9.895548E-01
  9.895553E-01
  9.895553E-01
  9.895553E-01
  9.895554E-01
  9.895551E-01
  9.895547E-01
  9.895543E-01
  9.895538E-01
  9.895532E-01
  9.895527E-01
  9.895521E-01
  9.895515E-01
  9.895510E-01
  9.895505E-01
  9.895501E-01
  9.895498E-01
  9.895495E-01
  9.895493E-01
  9.895491E-01
  9.895490E-01
  9.895490E-01
  9.895490E-01
  9.895491E-01
  9.895492E-01
  9.895493E-01
  9.895494E-01
  9.895495E-01
  9.895495E-01
  9.895495E-01
  9.895495E-01
  9.895494E-01
  9.895494E-01
  9.895492E-01
  9.895491E-01
  9.895490E-01
  9.895490E-01
  9.895491E-01
  9.895493E-01
  9.895496E-01
  9.895500E-01
  9.895507E-01
  9.895515E-01
  9.895526E-01
  9.895540E-01
  9.895556E-01
  9.895576E-01
  9.895600E-01
  9.895627E-01
  9.895659E-01
  9.895695E-01
  9.895736E-01
  8.085170E-01
  1.205986E-05
 -3.159069E+02
 -3.158120E+02
 -3.157172E+02
 -3.156224E+02
 -3.155276E+02
 -3.154328E+02
 -3.153379E+02
 -3.152431E+02
 -3.151483E+02
 -3.148216E+02
 -3.144853E+02
 -3.141490E+02
 -3.138127E+02
 -3.134764E+02
 -3.131401E+02
 -3.128038E+02
 -3.123751E+02
 -3.117522E+02
 -3.111293E+02
 -3.105064E+02
 -3.098835E+02
 -3.092606E+02
 -3.086377E+02
 -3.079990E+02
 -3.071393E+02
 -3.062795E+02
 -3.054197E+02
 -3.045600E+02
 -3.037002E+02
 -3.028404E+02
 -3.019555E+02
 -3.009510E+02
 -2.999465E+02
 -2.989420E+02
 -2.979375E+02
 -2.969330E+02
 -2.959285E+02
 -2.948833E+02
 -2.938138E+02
 -2.927443E+02
 -2.916747E+02
 -2.906052E+02
 -2.895358E+02
 -2.884761E+02
 -2.874308E+02
 -2.863855E+02
 -2.853403E+02
 -2.842951E+02
 -2.832499E+02
 -2.822608E+02
 -2.813289E+02
 -2.803971E+02
 -2.794653E+02
 -2.785336E+02
 -2.776019E+02
 -2.768297E+02
 -2.760794E+02
 -2.753291E+02
 -2.745789E+02
 -2.738287E+02
 -2.731820E+02
 -2.726211E+02
 -2.720603E+02
 -2.714996E+02
 -2.709388E+02
 -2.704209E+02
 -2.699492E+02
 -2.694770E+02
 -2.690044E+02
 -2.685315E+02
 -2.680120E+02
 -2.674675E+02
 -2.669210E+02
 -2.663725E+02
 -2.657965E+02
 -2.649670E+02
 -2.641319E+02
 -2.632913E+02
 -2.624452E+02
 -2.610970E+02
 -2.595722E+02
 -2.580373E+02
 -2.564923E+02
 -2.543920E+02
 -2.519464E+02
 -2.494874E+02
 -2.470152E+02
 -2.440920E+02
 -2.409675E+02
 -2.378288E+02
 -2.346758E+02
 -2.313383E+02
 -2.279836E+02
 -2.246158E+02
 -2.213673E+02
 -2.182779E+02
 -2.151782E+02
 -2.121258E+02
 -2.097706E+02
 -2.074083E+02
 -2.050388E+02
 -2.034363E+02
 -2.019330E+02
 -2.004255E+02
 -1.993221E+02
 -1.982900E+02
 -1.972562E+02
 -1.962270E+02
 -1.951986E+02
 -1.940974E+02
 -1.927499E+02
 -1.914045E+02
 -1.897161E+02
 -1.878253E+02
 -1.858282E+02
 -1.832406E+02
 -1.806572E+02
 -1.774490E+02
 -1.740963E+02
 -1.702749E+02
 -1.661131E+02
 -1.615683E+02
 -1.565722E+02
 -1.512025E+02
 -1.453685E+02
 -1.390891E+02
 -1.324217E+02
 -1.251535E+02
 -1.176493E+02
 -1.092963E+02
 -1.006205E+02
 -9.136549E+01
 -8.135256E+01
 -7.081501E+01
 -5.956736E+01
 -4.727471E+01
 -3.411954E+01
 -1.992182E+01
 -4.432458E+00
  1.284672E+01
  3.283060E+01
  5.669120E+01
  8.658414E+01
  1.259422E+02
  1.805701E+02
  2.475804E+02
  3.061476E+02
  3.955576E+02
  2.354095E+02
  1.657560E-03
  1.140166E+04
  1.139990E+04
  1.139814E+04
  1.139637E+04
  1.139461E+04
  1.139285E+04
  1.139108E+04
  1.138932E+04
  1.138756E+04
  1.138248E+04
  1.137726E+04
  1.137205E+04
  1.136683E+04
  1.136161E+04
  1.135640E+04
  1.135118E+04
  1.134496E+04
  1.133664E+04
  1.132832E+04
  1.132000E+04
  1.131167E+04
  1.130335E+04
  1.129503E+04
  1.128649E+04
  1.127497E+04
  1.126346E+04
  1.125195E+04
  1.124043E+04
  1.122892E+04
  1.121740E+04
  1.120528E+04
  1.119025E+04
  1.117523E+04
  1.116021E+04
  1.114518E+04
  1.113016E+04
  1.111514E+04
  1.109771E+04
  1.107884E+04
  1.105998E+04
  1.104111E+04
  1.102224E+04
  1.100338E+04
  1.098279E+04
  1.095967E+04
  1.093655E+04
  1.091343E+04
  1.089032E+04
  1.086720E+04
  1.084166E+04
  1.081366E+04
  1.078565E+04
  1.075764E+04
  1.072964E+04
  1.070163E+04
  1.066856E+04
  1.063480E+04
  1.060104E+04
  1.056728E+04
  1.053352E+04
  1.049609E+04
  1.045561E+04
  1.041513E+04
  1.037464E+04
  1.033416E+04
  1.028993E+04
  1.024163E+04
  1.019333E+04
  1.014504E+04
  1.009675E+04
  1.004254E+04
  9.985373E+03
  9.928212E+03
  9.871060E+03
  9.813078E+03
  9.746886E+03
  9.680715E+03
  9.614567E+03
  9.548440E+03
  9.476632E+03
  9.402943E+03
  9.329293E+03
  9.255684E+03
  9.178687E+03
  9.099648E+03
  9.020660E+03
  8.941721E+03
  8.860450E+03
  8.778210E+03
  8.696021E+03
  8.613882E+03
  8.530781E+03
  8.447699E+03
  8.364658E+03
  8.281910E+03
  8.199517E+03
  8.117153E+03
  8.034893E+03
  7.953562E+03
  7.872248E+03
  7.790951E+03
  7.710670E+03
  7.630535E+03
  7.550411E+03
  7.471463E+03
  7.392733E+03
  7.314014E+03
  7.236259E+03
  7.158548E+03
  7.080921E+03
  7.003553E+03
  6.926196E+03
  6.848702E+03
  6.771130E+03
  6.693449E+03
  6.615134E+03
  6.536828E+03
  6.457496E+03
  6.377928E+03
  6.297371E+03
  6.216094E+03
  6.133875E+03
  6.050545E+03
  5.966170E+03
  5.880499E+03
  5.793464E+03
  5.705241E+03
  5.615109E+03
  5.524228E+03
  5.430661E+03
  5.336107E+03
  5.239784E+03
  5.141254E+03
  5.041263E+03
  4.939340E+03
  4.834831E+03
  4.728530E+03
  4.620459E+03
  4.510937E+03
  4.401219E+03
  4.296357E+03
  4.205948E+03
  4.144402E+03
  4.135713E+03
  4.239256E+03
  4.376494E+03
  4.134773E+03
  4.534588E+03
  1.020613E+03
  6.816148E-03
 -1.569304E-02
 -1.743099E-02
 -1.916894E-02
 -2.090689E-02
 -2.264483E-02
 -2.438278E-02
 -2.612073E-02
 -2.785868E-02
 -2.959663E-02
 -3.269994E-02
 -3.585973E-02
 -3.901951E-02
 -4.217930E-02
 -4.533909E-02
 -4.849887E-02
 -5.165866E-02
 -5.437316E-02
 -5.615243E-02
 -5.793170E-02
 -5.971097E-02
 -6.149024E-02
 -6.326952E-02
 -6.504880E-02
 -6.667424E-02
 -6.614750E-02
 -6.562076E-02
 -6.509403E-02
 -6.456731E-02
 -6.404058E-02
 -6.351386E-02
 -6.228193E-02
 -5.769444E-02
 -5.310695E-02
 -4.851947E-02
 -4.393199E-02
 -3.934451E-02
 -3.475704E-02
 -2.568460E-02
 -1.392423E-02
 -2.163859E-03
  9.596506E-03
  2.135687E-02
  3.311723E-02
  4.930634E-02
  7.202114E-02
  9.473593E-02
  1.174507E-01
  1.401655E-01
  1.628803E-01
  4.959170E-01
  1.146358E+00
  1.796799E+00
  2.447242E+00
  3.097684E+00
  3.748128E+00
  7.707541E+00
  1.211848E+01
  1.652941E+01
  2.094033E+01
  2.535124E+01
  3.415775E+01
  4.661580E+01
  5.907356E+01
  7.153103E+01
  8.398821E+01
  1.014932E+02
  1.244835E+02
  1.474721E+02
  1.704592E+02
  1.934446E+02
  2.236401E+02
  2.574558E+02
  2.912665E+02
  3.250725E+02
  3.593721E+02
  3.985532E+02
  4.377249E+02
  4.768875E+02
  5.160412E+02
  5.490770E+02
  5.800470E+02
  6.110074E+02
  6.419588E+02
  6.620604E+02
  6.755419E+02
  6.890191E+02
  7.024921E+02
  7.043204E+02
  7.011667E+02
  6.980138E+02
  6.948618E+02
  6.777943E+02
  6.603823E+02
  6.429743E+02
  6.204410E+02
  5.913067E+02
  5.621778E+02
  5.326310E+02
  4.979124E+02
  4.631990E+02
  4.284905E+02
  3.957297E+02
  3.632332E+02
  3.307410E+02
  3.025757E+02
  2.751877E+02
  2.478032E+02
  2.251858E+02
  2.027386E+02
  1.813144E+02
  1.633459E+02
  1.453796E+02
  1.298523E+02
  1.157768E+02
  1.022116E+02
  9.140317E+01
  8.059587E+01
  7.174441E+01
  6.335725E+01
  5.516933E+01
  4.712692E+01
  3.846510E+01
  2.907480E+01
  1.928030E+01
  8.985236E+00
 -1.345777E+00
 -1.170822E+01
 -2.174762E+01
 -3.166051E+01
 -4.084265E+01
 -4.970950E+01
 -5.800911E+01
 -6.556205E+01
 -7.261958E+01
 -7.902004E+01
 -8.452999E+01
 -8.937365E+01
 -9.346236E+01
 -9.669081E+01
 -9.885902E+01
 -9.972371E+01
 -9.911001E+01
 -9.657209E+01
 -9.159289E+01
 -8.401723E+01
 -7.236349E+01
 -5.326790E+01
 -5.269251E+01
  4.761793E+03
  1.037218E-01
