 Title= "ADflow Lift Distribution Data"
Variables = "eta" "CoordinateX" "CoordinateY" "CoordinateZ" "Lift" "Drag" "Moment" "Normalized Lift" "Normalized Drag" "Normalized Moment" "CL" "CD" "CM" "CLp" "CDp" "CMp" "CLv" "CDv" "CMv" "Elliptical" "thickness" "twist" "chord" "fx" "fy" "fz" 
Zone T= "LiftDist_01 allWalls: : z normal"
 I=          150
 DATAPACKING=BLOCK
  0.000000E+00
  6.711405E-03
  1.342281E-02
  2.013422E-02
  2.684563E-02
  3.355704E-02
  4.026845E-02
  4.697986E-02
  5.369127E-02
  6.040268E-02
  6.711409E-02
  7.382550E-02
  8.053691E-02
  8.724832E-02
  9.395973E-02
  1.006711E-01
  1.073825E-01
  1.140940E-01
  1.208054E-01
  1.275168E-01
  1.342282E-01
  1.409396E-01
  1.476510E-01
  1.543624E-01
  1.610738E-01
  1.677852E-01
  1.744966E-01
  1.812081E-01
  1.879195E-01
  1.946309E-01
  2.013423E-01
  2.080537E-01
  2.147651E-01
  2.214765E-01
  2.281879E-01
  2.348993E-01
  2.416107E-01
  2.483221E-01
  2.550336E-01
  2.617450E-01
  2.684564E-01
  2.751678E-01
  2.818792E-01
  2.885906E-01
  2.953020E-01
  3.020134E-01
  3.087248E-01
  3.154362E-01
  3.221476E-01
  3.288591E-01
  3.355705E-01
  3.422819E-01
  3.489933E-01
  3.557047E-01
  3.624161E-01
  3.691275E-01
  3.758389E-01
  3.825503E-01
  3.892617E-01
  3.959732E-01
  4.026846E-01
  4.093960E-01
  4.161074E-01
  4.228188E-01
  4.295302E-01
  4.362416E-01
  4.429530E-01
  4.496644E-01
  4.563758E-01
  4.630872E-01
  4.697987E-01
  4.765101E-01
  4.832215E-01
  4.899329E-01
  4.966443E-01
  5.033557E-01
  5.100671E-01
  5.167785E-01
  5.234899E-01
  5.302013E-01
  5.369128E-01
  5.436242E-01
  5.503356E-01
  5.570470E-01
  5.637584E-01
  5.704698E-01
  5.771812E-01
  5.838926E-01
  5.906040E-01
  5.973154E-01
  6.040268E-01
  6.107383E-01
  6.174497E-01
  6.241611E-01
  6.308725E-01
  6.375839E-01
  6.442953E-01
  6.510067E-01
  6.577181E-01
  6.644295E-01
  6.711409E-01
  6.778524E-01
  6.845638E-01
  6.912752E-01
  6.979866E-01
  7.046980E-01
  7.114094E-01
  7.181208E-01
  7.248322E-01
  7.315436E-01
  7.382550E-01
  7.449664E-01
  7.516779E-01
  7.583893E-01
  7.651007E-01
  7.718121E-01
  7.785235E-01
  7.852349E-01
  7.919463E-01
  7.986577E-01
  8.053691E-01
  8.120805E-01
  8.187919E-01
  8.255034E-01
  8.322148E-01
  8.389262E-01
  8.456376E-01
  8.523490E-01
  8.590604E-01
  8.657718E-01
  8.724832E-01
  8.791946E-01
  8.859060E-01
  8.926175E-01
  8.993289E-01
  9.060403E-01
  9.127517E-01
  9.194631E-01
  9.261745E-01
  9.328859E-01
  9.395973E-01
  9.463087E-01
  9.530201E-01
  9.597315E-01
  9.664430E-01
  9.731544E-01
  9.798658E-01
  9.865772E-01
  9.932886E-01
  1.000000E+00
  0.000000E+00
  0.000000E+00
  0.000000E+00
  0.000000E+00
  0.000000E+00
  0.000000E+00
  0.000000E+00
  0.000000E+00
  0.000000E+00
  0.000000E+00
  0.000000E+00
  0.000000E+00
  0.000000E+00
  0.000000E+00
  0.000000E+00
  0.000000E+00
  0.000000E+00
  0.000000E+00
  0.000000E+00
  0.000000E+00
  0.000000E+00
  0.000000E+00
  0.000000E+00
  0.000000E+00
  0.000000E+00
  0.000000E+00
  0.000000E+00
  0.000000E+00
  0.000000E+00
  0.000000E+00
  0.000000E+00
  0.000000E+00
  0.000000E+00
  0.000000E+00
  0.000000E+00
  0.000000E+00
  0.000000E+00
  0.000000E+00
  0.000000E+00
  0.000000E+00
  0.000000E+00
  0.000000E+00
  0.000000E+00
  0.000000E+00
  0.000000E+00
  0.000000E+00
  0.000000E+00
  0.000000E+00
  0.000000E+00
  0.000000E+00
  0.000000E+00
  0.000000E+00
  0.000000E+00
  0.000000E+00
  0.000000E+00
  0.000000E+00
  0.000000E+00
  0.000000E+00
  0.000000E+00
  0.000000E+00
  0.000000E+00
  0.000000E+00
  0.000000E+00
  0.000000E+00
  0.000000E+00
  0.000000E+00
  0.000000E+00
  0.000000E+00
  0.000000E+00
  0.000000E+00
  0.000000E+00
  0.000000E+00
  0.000000E+00
  0.000000E+00
  0.000000E+00
  0.000000E+00
  0.000000E+00
  0.000000E+00
  0.000000E+00
  0.000000E+00
  0.000000E+00
  0.000000E+00
  0.000000E+00
  0.000000E+00
  0.000000E+00
  0.000000E+00
  0.000000E+00
  0.000000E+00
  0.000000E+00
  0.000000E+00
  0.000000E+00
  0.000000E+00
  0.000000E+00
  0.000000E+00
  0.000000E+00
  0.000000E+00
  0.000000E+00
  0.000000E+00
  0.000000E+00
  0.000000E+00
  0.000000E+00
  0.000000E+00
  0.000000E+00
  0.000000E+00
  0.000000E+00
  0.000000E+00
  0.000000E+00
  0.000000E+00
  0.000000E+00
  0.000000E+00
  0.000000E+00
  0.000000E+00
  0.000000E+00
  0.000000E+00
  0.000000E+00
  0.000000E+00
  0.000000E+00
  0.000000E+00
  0.000000E+00
  0.000000E+00
  0.000000E+00
  0.000000E+00
  0.000000E+00
  0.000000E+00
  0.000000E+00
  0.000000E+00
  0.000000E+00
  0.000000E+00
  0.000000E+00
  0.000000E+00
  0.000000E+00
  0.000000E+00
  0.000000E+00
  0.000000E+00
  0.000000E+00
  0.000000E+00
  0.000000E+00
  0.000000E+00
  0.000000E+00
  0.000000E+00
  0.000000E+00
  0.000000E+00
  0.000000E+00
  0.000000E+00
  0.000000E+00
  0.000000E+00
  0.000000E+00
  0.000000E+00
  0.000000E+00
  0.000000E+00
  0.000000E+00
  0.000000E+00
  0.000000E+00
  0.000000E+00
  0.000000E+00
  0.000000E+00
  0.000000E+00
  0.000000E+00
  0.000000E+00
  0.000000E+00
  0.000000E+00
  0.000000E+00
  0.000000E+00
  0.000000E+00
  0.000000E+00
  0.000000E+00
  0.000000E+00
  0.000000E+00
  0.000000E+00
  0.000000E+00
  0.000000E+00
  0.000000E+00
  0.000000E+00
  0.000000E+00
  0.000000E+00
  0.000000E+00
  0.000000E+00
  0.000000E+00
  0.000000E+00
  0.000000E+00
  0.000000E+00
  0.000000E+00
  0.000000E+00
  0.000000E+00
  0.000000E+00
  0.000000E+00
  0.000000E+00
  0.000000E+00
  0.000000E+00
  0.000000E+00
  0.000000E+00
  0.000000E+00
  0.000000E+00
  0.000000E+00
  0.000000E+00
  0.000000E+00
  0.000000E+00
  0.000000E+00
  0.000000E+00
  0.000000E+00
  0.000000E+00
  0.000000E+00
  0.000000E+00
  0.000000E+00
  0.000000E+00
  0.000000E+00
  0.000000E+00
  0.000000E+00
  0.000000E+00
  0.000000E+00
  0.000000E+00
  0.000000E+00
  0.000000E+00
  0.000000E+00
  0.000000E+00
  0.000000E+00
  0.000000E+00
  0.000000E+00
  0.000000E+00
  0.000000E+00
  0.000000E+00
  0.000000E+00
  0.000000E+00
  0.000000E+00
  0.000000E+00
  0.000000E+00
  0.000000E+00
  0.000000E+00
  0.000000E+00
  0.000000E+00
  0.000000E+00
  0.000000E+00
  0.000000E+00
  0.000000E+00
  0.000000E+00
  0.000000E+00
  0.000000E+00
  0.000000E+00
  0.000000E+00
  0.000000E+00
  0.000000E+00
  0.000000E+00
  0.000000E+00
  0.000000E+00
  0.000000E+00
  0.000000E+00
  0.000000E+00
  0.000000E+00
  0.000000E+00
  0.000000E+00
  0.000000E+00
  0.000000E+00
  0.000000E+00
  0.000000E+00
  0.000000E+00
  0.000000E+00
  0.000000E+00
  0.000000E+00
  0.000000E+00
  0.000000E+00
  0.000000E+00
  0.000000E+00
  0.000000E+00
  0.000000E+00
  0.000000E+00
  0.000000E+00
  0.000000E+00
  0.000000E+00
  0.000000E+00
  0.000000E+00
  0.000000E+00
  0.000000E+00
  0.000000E+00
  0.000000E+00
  0.000000E+00
  0.000000E+00
  0.000000E+00
  0.000000E+00
  0.000000E+00
  0.000000E+00
  0.000000E+00
  0.000000E+00
  0.000000E+00
  0.000000E+00
  0.000000E+00
  0.000000E+00
  0.000000E+00
  0.000000E+00
  0.000000E+00
  0.000000E+00
  0.000000E+00
  0.000000E+00
  0.000000E+00
  0.000000E+00
  0.000000E+00
  0.000000E+00
  0.000000E+00
  0.000000E+00
  0.000000E+00
  0.000000E+00
  1.000000E-08
  1.691809E-02
  3.383618E-02
  5.075427E-02
  6.767237E-02
  8.459046E-02
  1.015085E-01
  1.184266E-01
  1.353447E-01
  1.522628E-01
  1.691809E-01
  1.860990E-01
  2.030171E-01
  2.199352E-01
  2.368533E-01
  2.537714E-01
  2.706895E-01
  2.876076E-01
  3.045256E-01
  3.214437E-01
  3.383618E-01
  3.552799E-01
  3.721980E-01
  3.891161E-01
  4.060342E-01
  4.229523E-01
  4.398704E-01
  4.567885E-01
  4.737066E-01
  4.906247E-01
  5.075427E-01
  5.244608E-01
  5.413789E-01
  5.582970E-01
  5.752151E-01
  5.921332E-01
  6.090513E-01
  6.259694E-01
  6.428875E-01
  6.598056E-01
  6.767237E-01
  6.936418E-01
  7.105598E-01
  7.274779E-01
  7.443960E-01
  7.613141E-01
  7.782322E-01
  7.951503E-01
  8.120684E-01
  8.289865E-01
  8.459046E-01
  8.628227E-01
  8.797408E-01
  8.966589E-01
  9.135769E-01
  9.304950E-01
  9.474131E-01
  9.643312E-01
  9.812493E-01
  9.981674E-01
  1.015085E+00
  1.032004E+00
  1.048922E+00
  1.065840E+00
  1.082758E+00
  1.099676E+00
  1.116594E+00
  1.133512E+00
  1.150430E+00
  1.167348E+00
  1.184266E+00
  1.201185E+00
  1.218103E+00
  1.235021E+00
  1.251939E+00
  1.268857E+00
  1.285775E+00
  1.302693E+00
  1.319611E+00
  1.336529E+00
  1.353447E+00
  1.370365E+00
  1.387284E+00
  1.404202E+00
  1.421120E+00
  1.438038E+00
  1.454956E+00
  1.471874E+00
  1.488792E+00
  1.505710E+00
  1.522628E+00
  1.539546E+00
  1.556464E+00
  1.573383E+00
  1.590301E+00
  1.607219E+00
  1.624137E+00
  1.641055E+00
  1.657973E+00
  1.674891E+00
  1.691809E+00
  1.708727E+00
  1.725645E+00
  1.742563E+00
  1.759482E+00
  1.776400E+00
  1.793318E+00
  1.810236E+00
  1.827154E+00
  1.844072E+00
  1.860990E+00
  1.877908E+00
  1.894826E+00
  1.911744E+00
  1.928662E+00
  1.945581E+00
  1.962499E+00
  1.979417E+00
  1.996335E+00
  2.013253E+00
  2.030171E+00
  2.047089E+00
  2.064007E+00
  2.080925E+00
  2.097843E+00
  2.114761E+00
  2.131680E+00
  2.148598E+00
  2.165516E+00
  2.182434E+00
  2.199352E+00
  2.216270E+00
  2.233188E+00
  2.250106E+00
  2.267024E+00
  2.283942E+00
  2.300860E+00
  2.317779E+00
  2.334697E+00
  2.351615E+00
  2.368533E+00
  2.385451E+00
  2.402369E+00
  2.419287E+00
  2.436205E+00
  2.453123E+00
  2.470041E+00
  2.486959E+00
  2.503878E+00
  2.520796E+00
  6.361767E+03
  6.361067E+03
  6.360367E+03
  6.359667E+03
  6.358967E+03
  6.358267E+03
  6.357566E+03
  6.356866E+03
  6.356166E+03
  6.354170E+03
  6.352120E+03
  6.350070E+03
  6.348020E+03
  6.345970E+03
  6.343920E+03
  6.341870E+03
  6.339446E+03
  6.336237E+03
  6.333028E+03
  6.329819E+03
  6.326610E+03
  6.323401E+03
  6.320192E+03
  6.316908E+03
  6.312570E+03
  6.308231E+03
  6.303893E+03
  6.299555E+03
  6.295217E+03
  6.290879E+03
  6.286334E+03
  6.280808E+03
  6.275282E+03
  6.269756E+03
  6.264229E+03
  6.258703E+03
  6.253177E+03
  6.246879E+03
  6.240120E+03
  6.233360E+03
  6.226600E+03
  6.219841E+03
  6.213081E+03
  6.205811E+03
  6.197788E+03
  6.189765E+03
  6.181743E+03
  6.173720E+03
  6.165697E+03
  6.157031E+03
  6.147708E+03
  6.138384E+03
  6.129061E+03
  6.119737E+03
  6.110414E+03
  6.099905E+03
  6.089233E+03
  6.078562E+03
  6.067891E+03
  6.057220E+03
  6.045784E+03
  6.033714E+03
  6.021643E+03
  6.009573E+03
  5.997502E+03
  5.984734E+03
  5.971207E+03
  5.957681E+03
  5.944154E+03
  5.930628E+03
  5.916090E+03
  5.901044E+03
  5.885999E+03
  5.870953E+03
  5.855760E+03
  5.839125E+03
  5.822490E+03
  5.805855E+03
  5.789219E+03
  5.771338E+03
  5.753038E+03
  5.734737E+03
  5.716437E+03
  5.697051E+03
  5.677004E+03
  5.656956E+03
  5.636909E+03
  5.615577E+03
  5.593695E+03
  5.571813E+03
  5.549932E+03
  5.526170E+03
  5.502362E+03
  5.478554E+03
  5.453861E+03
  5.428028E+03
  5.402196E+03
  5.376203E+03
  5.348243E+03
  5.320284E+03
  5.292325E+03
  5.262395E+03
  5.232202E+03
  5.202008E+03
  5.169824E+03
  5.137284E+03
  5.104744E+03
  5.069825E+03
  5.034821E+03
  4.999229E+03
  4.961641E+03
  4.924053E+03
  4.884765E+03
  4.844467E+03
  4.803725E+03
  4.760586E+03
  4.717446E+03
  4.671902E+03
  4.625789E+03
  4.577877E+03
  4.528653E+03
  4.477936E+03
  4.425461E+03
  4.371469E+03
  4.315599E+03
  4.257841E+03
  4.198441E+03
  4.136437E+03
  4.073411E+03
  4.006742E+03
  3.938755E+03
  3.868408E+03
  3.795217E+03
  3.720203E+03
  3.642822E+03
  3.562369E+03
  3.479679E+03
  3.394476E+03
  3.306434E+03
  3.214956E+03
  3.120121E+03
  3.023332E+03
  2.925697E+03
  2.836496E+03
  2.801542E+03
  2.812457E+03
  2.756905E+03
  3.484810E+03
  1.129313E+03
  3.186711E-03
  2.569171E+02
  2.569059E+02
  2.568947E+02
  2.568835E+02
  2.568723E+02
  2.568611E+02
  2.568500E+02
  2.568388E+02
  2.568276E+02
  2.568264E+02
  2.568256E+02
  2.568249E+02
  2.568241E+02
  2.568233E+02
  2.568226E+02
  2.568218E+02
  2.568403E+02
  2.568994E+02
  2.569584E+02
  2.570175E+02
  2.570765E+02
  2.571356E+02
  2.571946E+02
  2.572571E+02
  2.573682E+02
  2.574792E+02
  2.575902E+02
  2.577013E+02
  2.578123E+02
  2.579234E+02
  2.580379E+02
  2.581695E+02
  2.583010E+02
  2.584325E+02
  2.585640E+02
  2.586955E+02
  2.588270E+02
  2.589669E+02
  2.591119E+02
  2.592568E+02
  2.594018E+02
  2.595468E+02
  2.596917E+02
  2.598433E+02
  2.600048E+02
  2.601663E+02
  2.603278E+02
  2.604893E+02
  2.606508E+02
  2.608199E+02
  2.609967E+02
  2.611736E+02
  2.613505E+02
  2.615273E+02
  2.617042E+02
  2.618916E+02
  2.620804E+02
  2.622692E+02
  2.624580E+02
  2.626468E+02
  2.628406E+02
  2.630386E+02
  2.632366E+02
  2.634346E+02
  2.636326E+02
  2.638337E+02
  2.640382E+02
  2.642428E+02
  2.644473E+02
  2.646518E+02
  2.648587E+02
  2.650666E+02
  2.652746E+02
  2.654826E+02
  2.656906E+02
  2.658984E+02
  2.661063E+02
  2.663141E+02
  2.665220E+02
  2.667269E+02
  2.669308E+02
  2.671347E+02
  2.673386E+02
  2.675376E+02
  2.677336E+02
  2.679296E+02
  2.681256E+02
  2.683131E+02
  2.684970E+02
  2.686810E+02
  2.688649E+02
  2.690330E+02
  2.692006E+02
  2.693683E+02
  2.695271E+02
  2.696743E+02
  2.698216E+02
  2.699670E+02
  2.700898E+02
  2.702126E+02
  2.703355E+02
  2.704335E+02
  2.705282E+02
  2.706229E+02
  2.706910E+02
  2.707544E+02
  2.708178E+02
  2.708487E+02
  2.708785E+02
  2.709003E+02
  2.708950E+02
  2.708896E+02
  2.708612E+02
  2.708190E+02
  2.707710E+02
  2.706909E+02
  2.706109E+02
  2.705013E+02
  2.703846E+02
  2.702486E+02
  2.700985E+02
  2.699352E+02
  2.697563E+02
  2.695675E+02
  2.693661E+02
  2.691591E+02
  2.689471E+02
  2.687443E+02
  2.685450E+02
  2.683980E+02
  2.682923E+02
  2.682614E+02
  2.683935E+02
  2.686684E+02
  2.691613E+02
  2.700655E+02
  2.713503E+02
  2.731075E+02
  2.754528E+02
  2.785720E+02
  2.827888E+02
  2.885026E+02
  2.963907E+02
  3.089109E+02
  3.350685E+02
  3.771989E+02
  4.254717E+02
  5.895713E+02
  1.371675E+02
  1.109199E-03
  1.356326E+03
  1.356240E+03
  1.356154E+03
  1.356068E+03
  1.355982E+03
  1.355896E+03
  1.355810E+03
  1.355724E+03
  1.355638E+03
  1.355432E+03
  1.355222E+03
  1.355011E+03
  1.354801E+03
  1.354590E+03
  1.354380E+03
  1.354169E+03
  1.353944E+03
  1.353688E+03
  1.353432E+03
  1.353176E+03
  1.352920E+03
  1.352664E+03
  1.352408E+03
  1.352149E+03
  1.351844E+03
  1.351540E+03
  1.351235E+03
  1.350931E+03
  1.350626E+03
  1.350321E+03
  1.350002E+03
  1.349613E+03
  1.349224E+03
  1.348835E+03
  1.348446E+03
  1.348056E+03
  1.347667E+03
  1.347215E+03
  1.346724E+03
  1.346234E+03
  1.345744E+03
  1.345253E+03
  1.344763E+03
  1.344230E+03
  1.343632E+03
  1.343035E+03
  1.342438E+03
  1.341841E+03
  1.341244E+03
  1.340589E+03
  1.339876E+03
  1.339163E+03
  1.338450E+03
  1.337737E+03
  1.337024E+03
  1.336198E+03
  1.335358E+03
  1.334517E+03
  1.333676E+03
  1.332836E+03
  1.331919E+03
  1.330940E+03
  1.329960E+03
  1.328980E+03
  1.328000E+03
  1.326948E+03
  1.325816E+03
  1.324684E+03
  1.323553E+03
  1.322421E+03
  1.321179E+03
  1.319880E+03
  1.318582E+03
  1.317284E+03
  1.315969E+03
  1.314487E+03
  1.313006E+03
  1.311525E+03
  1.310043E+03
  1.308410E+03
  1.306727E+03
  1.305044E+03
  1.303360E+03
  1.301539E+03
  1.299633E+03
  1.297727E+03
  1.295821E+03
  1.293743E+03
  1.291593E+03
  1.289442E+03
  1.287291E+03
  1.284877E+03
  1.282457E+03
  1.280037E+03
  1.277487E+03
  1.274772E+03
  1.272056E+03
  1.269316E+03
  1.266277E+03
  1.263238E+03
  1.260199E+03
  1.256849E+03
  1.253457E+03
  1.250066E+03
  1.246349E+03
  1.242574E+03
  1.238799E+03
  1.234622E+03
  1.230432E+03
  1.226139E+03
  1.221500E+03
  1.216860E+03
  1.211919E+03
  1.206797E+03
  1.201595E+03
  1.195957E+03
  1.190319E+03
  1.184237E+03
  1.178049E+03
  1.171525E+03
  1.164756E+03
  1.157706E+03
  1.150324E+03
  1.142655E+03
  1.134631E+03
  1.126253E+03
  1.117568E+03
  1.108418E+03
  1.099085E+03
  1.089162E+03
  1.079061E+03
  1.068641E+03
  1.057945E+03
  1.047122E+03
  1.036178E+03
  1.025217E+03
  1.014304E+03
  1.003459E+03
  9.926891E+02
  9.819789E+02
  9.716737E+02
  9.627688E+02
  9.568376E+02
  9.603519E+02
  9.994113E+02
  1.079668E+03
  1.152659E+03
  1.533201E+03
  1.810835E+02
  9.655455E-09
  1.177848E+00
  1.177718E+00
  1.177589E+00
  1.177459E+00
  1.177329E+00
  1.177200E+00
  1.177070E+00
  1.176940E+00
  1.176811E+00
  1.176441E+00
  1.176062E+00
  1.175682E+00
  1.175302E+00
  1.174923E+00
  1.174543E+00
  1.174164E+00
  1.173715E+00
  1.173121E+00
  1.172527E+00
  1.171933E+00
  1.171339E+00
  1.170744E+00
  1.170150E+00
  1.169542E+00
  1.168739E+00
  1.167936E+00
  1.167133E+00
  1.166330E+00
  1.165526E+00
  1.164723E+00
  1.163882E+00
  1.162859E+00
  1.161835E+00
  1.160812E+00
  1.159789E+00
  1.158766E+00
  1.157743E+00
  1.156577E+00
  1.155325E+00
  1.154074E+00
  1.152822E+00
  1.151571E+00
  1.150319E+00
  1.148973E+00
  1.147488E+00
  1.146003E+00
  1.144517E+00
  1.143032E+00
  1.141546E+00
  1.139942E+00
  1.138216E+00
  1.136490E+00
  1.134763E+00
  1.133037E+00
  1.131311E+00
  1.129365E+00
  1.127390E+00
  1.125414E+00
  1.123438E+00
  1.121462E+00
  1.119345E+00
  1.117110E+00
  1.114876E+00
  1.112641E+00
  1.110406E+00
  1.108042E+00
  1.105538E+00
  1.103033E+00
  1.100529E+00
  1.098025E+00
  1.095333E+00
  1.092547E+00
  1.089762E+00
  1.086976E+00
  1.084163E+00
  1.081083E+00
  1.078003E+00
  1.074923E+00
  1.071844E+00
  1.068533E+00
  1.065145E+00
  1.061756E+00
  1.058368E+00
  1.054779E+00
  1.051067E+00
  1.047356E+00
  1.043644E+00
  1.039695E+00
  1.035643E+00
  1.031592E+00
  1.027541E+00
  1.023141E+00
  1.018733E+00
  1.014325E+00
  1.009754E+00
  1.004971E+00
  1.000188E+00
  9.953757E-01
  9.901992E-01
  9.850227E-01
  9.798461E-01
  9.743048E-01
  9.687146E-01
  9.631245E-01
  9.571658E-01
  9.511412E-01
  9.451166E-01
  9.386514E-01
  9.321707E-01
  9.255809E-01
  9.186217E-01
  9.116625E-01
  9.043886E-01
  8.969275E-01
  8.893845E-01
  8.813974E-01
  8.734104E-01
  8.649782E-01
  8.564405E-01
  8.475699E-01
  8.384564E-01
  8.290663E-01
  8.193509E-01
  8.093545E-01
  7.990104E-01
  7.883168E-01
  7.773194E-01
  7.658396E-01
  7.541707E-01
  7.418272E-01
  7.292398E-01
  7.162154E-01
  7.026646E-01
  6.887760E-01
  6.744493E-01
  6.595539E-01
  6.442444E-01
  6.284695E-01
  6.121688E-01
  5.952323E-01
  5.776741E-01
  5.597541E-01
  5.416774E-01
  5.251624E-01
  5.186908E-01
  5.207117E-01
  5.104264E-01
  6.451943E-01
  2.090864E-01
  5.900028E-07
  9.590178E-01
  9.589760E-01
  9.589343E-01
  9.588925E-01
  9.588508E-01
  9.588091E-01
  9.587673E-01
  9.587256E-01
  9.586838E-01
  9.586794E-01
  9.586765E-01
  9.586736E-01
  9.586708E-01
  9.586679E-01
  9.586650E-01
  9.586621E-01
  9.587313E-01
  9.589517E-01
  9.591721E-01
  9.593925E-01
  9.596129E-01
  9.598334E-01
  9.600538E-01
  9.602871E-01
  9.607016E-01
  9.611161E-01
  9.615306E-01
  9.619451E-01
  9.623596E-01
  9.627740E-01
  9.632018E-01
  9.636927E-01
  9.641836E-01
  9.646745E-01
  9.651654E-01
  9.656563E-01
  9.661472E-01
  9.666695E-01
  9.672106E-01
  9.677517E-01
  9.682928E-01
  9.688339E-01
  9.693750E-01
  9.699410E-01
  9.705438E-01
  9.711466E-01
  9.717493E-01
  9.723521E-01
  9.729549E-01
  9.735861E-01
  9.742463E-01
  9.749065E-01
  9.755667E-01
  9.762269E-01
  9.768871E-01
  9.775866E-01
  9.782914E-01
  9.789962E-01
  9.797010E-01
  9.804058E-01
  9.811292E-01
  9.818683E-01
  9.826073E-01
  9.833463E-01
  9.840853E-01
  9.848360E-01
  9.855995E-01
  9.863630E-01
  9.871265E-01
  9.878900E-01
  9.886621E-01
  9.894384E-01
  9.902147E-01
  9.909911E-01
  9.917674E-01
  9.925432E-01
  9.933191E-01
  9.940950E-01
  9.948708E-01
  9.956357E-01
  9.963969E-01
  9.971580E-01
  9.979192E-01
  9.986620E-01
  9.993936E-01
  1.000125E+00
  1.000857E+00
  1.001557E+00
  1.002243E+00
  1.002930E+00
  1.003617E+00
  1.004244E+00
  1.004870E+00
  1.005496E+00
  1.006088E+00
  1.006638E+00
  1.007188E+00
  1.007730E+00
  1.008189E+00
  1.008647E+00
  1.009106E+00
  1.009472E+00
  1.009825E+00
  1.010179E+00
  1.010433E+00
  1.010670E+00
  1.010906E+00
  1.011022E+00
  1.011133E+00
  1.011214E+00
  1.011194E+00
  1.011174E+00
  1.011068E+00
  1.010911E+00
  1.010731E+00
  1.010433E+00
  1.010134E+00
  1.009725E+00
  1.009289E+00
  1.008782E+00
  1.008221E+00
  1.007612E+00
  1.006944E+00
  1.006239E+00
  1.005488E+00
  1.004715E+00
  1.003924E+00
  1.003166E+00
  1.002422E+00
  1.001874E+00
  1.001479E+00
  1.001364E+00
  1.001857E+00
  1.002883E+00
  1.004723E+00
  1.008098E+00
  1.012894E+00
  1.019453E+00
  1.028208E+00
  1.039851E+00
  1.055592E+00
  1.076920E+00
  1.106365E+00
  1.153100E+00
  1.250741E+00
  1.408005E+00
  1.588197E+00
  2.200747E+00
  5.120176E-01
  4.140407E-06
  1.079561E+00
  1.079493E+00
  1.079424E+00
  1.079356E+00
  1.079288E+00
  1.079219E+00
  1.079151E+00
  1.079082E+00
  1.079014E+00
  1.078850E+00
  1.078683E+00
  1.078515E+00
  1.078347E+00
  1.078180E+00
  1.078012E+00
  1.077845E+00
  1.077666E+00
  1.077462E+00
  1.077258E+00
  1.077054E+00
  1.076851E+00
  1.076647E+00
  1.076443E+00
  1.076237E+00
  1.075994E+00
  1.075752E+00
  1.075510E+00
  1.075267E+00
  1.075025E+00
  1.074782E+00
  1.074528E+00
  1.074218E+00
  1.073909E+00
  1.073599E+00
  1.073289E+00
  1.072979E+00
  1.072670E+00
  1.072310E+00
  1.071919E+00
  1.071529E+00
  1.071139E+00
  1.070748E+00
  1.070358E+00
  1.069934E+00
  1.069458E+00
  1.068983E+00
  1.068508E+00
  1.068032E+00
  1.067557E+00
  1.067036E+00
  1.066468E+00
  1.065901E+00
  1.065333E+00
  1.064766E+00
  1.064198E+00
  1.063541E+00
  1.062872E+00
  1.062203E+00
  1.061534E+00
  1.060865E+00
  1.060135E+00
  1.059355E+00
  1.058576E+00
  1.057796E+00
  1.057016E+00
  1.056178E+00
  1.055277E+00
  1.054377E+00
  1.053476E+00
  1.052575E+00
  1.051586E+00
  1.050553E+00
  1.049520E+00
  1.048486E+00
  1.047440E+00
  1.046260E+00
  1.045081E+00
  1.043902E+00
  1.042723E+00
  1.041423E+00
  1.040084E+00
  1.038744E+00
  1.037404E+00
  1.035954E+00
  1.034437E+00
  1.032920E+00
  1.031403E+00
  1.029749E+00
  1.028037E+00
  1.026325E+00
  1.024613E+00
  1.022692E+00
  1.020766E+00
  1.018839E+00
  1.016810E+00
  1.014649E+00
  1.012487E+00
  1.010306E+00
  1.007887E+00
  1.005469E+00
  1.003050E+00
  1.000383E+00
  9.976837E-01
  9.949841E-01
  9.920257E-01
  9.890209E-01
  9.860162E-01
  9.826919E-01
  9.793565E-01
  9.759396E-01
  9.722471E-01
  9.685547E-01
  9.646215E-01
  9.605450E-01
  9.564045E-01
  9.519169E-01
  9.474294E-01
  9.425882E-01
  9.376631E-01
  9.324705E-01
  9.270827E-01
  9.214708E-01
  9.155954E-01
  9.094913E-01
  9.031042E-01
  8.964360E-01
  8.895235E-01
  8.822404E-01
  8.748121E-01
  8.669139E-01
  8.588738E-01
  8.505800E-01
  8.420667E-01
  8.334524E-01
  8.247416E-01
  8.160167E-01
  8.073308E-01
  7.986987E-01
  7.901264E-01
  7.816017E-01
  7.733993E-01
  7.663115E-01
  7.615906E-01
  7.643878E-01
  7.954769E-01
  8.593566E-01
  9.174538E-01
  1.220345E+00
  1.441326E-01
  7.685216E-12
  5.633403E-01
  5.632782E-01
  5.632162E-01
  5.631542E-01
  5.630922E-01
  5.630302E-01
  5.629682E-01
  5.629062E-01
  5.628442E-01
  5.626675E-01
  5.624859E-01
  5.623044E-01
  5.621229E-01
  5.619413E-01
  5.617598E-01
  5.615783E-01
  5.613636E-01
  5.610795E-01
  5.607953E-01
  5.605112E-01
  5.602270E-01
  5.599429E-01
  5.596587E-01
  5.593679E-01
  5.589837E-01
  5.585996E-01
  5.582154E-01
  5.578313E-01
  5.574471E-01
  5.570630E-01
  5.566606E-01
  5.561712E-01
  5.556819E-01
  5.551925E-01
  5.547032E-01
  5.542138E-01
  5.537245E-01
  5.531668E-01
  5.525682E-01
  5.519697E-01
  5.513711E-01
  5.507725E-01
  5.501739E-01
  5.495301E-01
  5.488197E-01
  5.481093E-01
  5.473989E-01
  5.466885E-01
  5.459780E-01
  5.452107E-01
  5.443851E-01
  5.435595E-01
  5.427339E-01
  5.419083E-01
  5.410827E-01
  5.401521E-01
  5.392071E-01
  5.382622E-01
  5.373172E-01
  5.363723E-01
  5.353596E-01
  5.342908E-01
  5.332219E-01
  5.321531E-01
  5.310842E-01
  5.299536E-01
  5.287558E-01
  5.275580E-01
  5.263602E-01
  5.251625E-01
  5.238751E-01
  5.225428E-01
  5.212105E-01
  5.198782E-01
  5.185328E-01
  5.170598E-01
  5.155867E-01
  5.141137E-01
  5.126406E-01
  5.110572E-01
  5.094367E-01
  5.078162E-01
  5.061956E-01
  5.044790E-01
  5.027038E-01
  5.009286E-01
  4.991533E-01
  4.972644E-01
  4.953267E-01
  4.933891E-01
  4.914514E-01
  4.893474E-01
  4.872391E-01
  4.851309E-01
  4.829443E-01
  4.806568E-01
  4.783693E-01
  4.760676E-01
  4.735918E-01
  4.711160E-01
  4.686401E-01
  4.659898E-01
  4.633162E-01
  4.606425E-01
  4.577926E-01
  4.549112E-01
  4.520297E-01
  4.489376E-01
  4.458380E-01
  4.426862E-01
  4.393578E-01
  4.360293E-01
  4.325504E-01
  4.289819E-01
  4.253742E-01
  4.215541E-01
  4.177341E-01
  4.137012E-01
  4.096178E-01
  4.053751E-01
  4.010163E-01
  3.965252E-01
  3.918786E-01
  3.870975E-01
  3.821501E-01
  3.770356E-01
  3.717758E-01
  3.662852E-01
  3.607043E-01
  3.548006E-01
  3.487803E-01
  3.425510E-01
  3.360699E-01
  3.294273E-01
  3.225752E-01
  3.154510E-01
  3.081288E-01
  3.005839E-01
  2.927877E-01
  2.846873E-01
  2.762896E-01
  2.677188E-01
  2.590731E-01
  2.511743E-01
  2.480791E-01
  2.490456E-01
  2.441264E-01
  3.085831E-01
  1.223563E-01
  2.316897E-02
  2.275024E-02
  2.274925E-02
  2.274826E-02
  2.274727E-02
  2.274628E-02
  2.274529E-02
  2.274430E-02
  2.274331E-02
  2.274232E-02
  2.274221E-02
  2.274214E-02
  2.274207E-02
  2.274201E-02
  2.274194E-02
  2.274187E-02
  2.274180E-02
  2.274344E-02
  2.274867E-02
  2.275390E-02
  2.275913E-02
  2.276436E-02
  2.276959E-02
  2.277481E-02
  2.278035E-02
  2.279018E-02
  2.280002E-02
  2.280985E-02
  2.281968E-02
  2.282951E-02
  2.283935E-02
  2.284949E-02
  2.286114E-02
  2.287278E-02
  2.288443E-02
  2.289608E-02
  2.290772E-02
  2.291937E-02
  2.293176E-02
  2.294459E-02
  2.295743E-02
  2.297026E-02
  2.298310E-02
  2.299594E-02
  2.300936E-02
  2.302366E-02
  2.303796E-02
  2.305226E-02
  2.306656E-02
  2.308086E-02
  2.309583E-02
  2.311150E-02
  2.312716E-02
  2.314282E-02
  2.315848E-02
  2.317414E-02
  2.319073E-02
  2.320745E-02
  2.322417E-02
  2.324089E-02
  2.325761E-02
  2.327478E-02
  2.329231E-02
  2.330984E-02
  2.332737E-02
  2.334490E-02
  2.336271E-02
  2.338082E-02
  2.339893E-02
  2.341705E-02
  2.343516E-02
  2.345347E-02
  2.347189E-02
  2.349031E-02
  2.350872E-02
  2.352714E-02
  2.354554E-02
  2.356395E-02
  2.358235E-02
  2.360076E-02
  2.361890E-02
  2.363696E-02
  2.365502E-02
  2.367307E-02
  2.369070E-02
  2.370805E-02
  2.372541E-02
  2.374276E-02
  2.375937E-02
  2.377565E-02
  2.379194E-02
  2.380823E-02
  2.382311E-02
  2.383796E-02
  2.385281E-02
  2.386687E-02
  2.387990E-02
  2.389294E-02
  2.390582E-02
  2.391670E-02
  2.392757E-02
  2.393845E-02
  2.394713E-02
  2.395551E-02
  2.396390E-02
  2.396993E-02
  2.397555E-02
  2.398116E-02
  2.398390E-02
  2.398653E-02
  2.398846E-02
  2.398799E-02
  2.398752E-02
  2.398500E-02
  2.398127E-02
  2.397701E-02
  2.396993E-02
  2.396284E-02
  2.395313E-02
  2.394280E-02
  2.393076E-02
  2.391747E-02
  2.390300E-02
  2.388717E-02
  2.387044E-02
  2.385261E-02
  2.383428E-02
  2.381551E-02
  2.379755E-02
  2.377990E-02
  2.376689E-02
  2.375753E-02
  2.375479E-02
  2.376649E-02
  2.379083E-02
  2.383448E-02
  2.391455E-02
  2.402831E-02
  2.418392E-02
  2.439160E-02
  2.466780E-02
  2.504120E-02
  2.554716E-02
  2.624567E-02
  2.735434E-02
  2.967062E-02
  3.340130E-02
  3.767590E-02
  5.220707E-02
  1.486152E-02
  8.064427E-03
  1.201039E-01
  1.200962E-01
  1.200886E-01
  1.200810E-01
  1.200734E-01
  1.200658E-01
  1.200582E-01
  1.200505E-01
  1.200429E-01
  1.200247E-01
  1.200061E-01
  1.199875E-01
  1.199688E-01
  1.199502E-01
  1.199315E-01
  1.199129E-01
  1.198930E-01
  1.198703E-01
  1.198476E-01
  1.198250E-01
  1.198023E-01
  1.197796E-01
  1.197570E-01
  1.197340E-01
  1.197070E-01
  1.196801E-01
  1.196531E-01
  1.196261E-01
  1.195992E-01
  1.195722E-01
  1.195439E-01
  1.195095E-01
  1.194750E-01
  1.194405E-01
  1.194061E-01
  1.193716E-01
  1.193371E-01
  1.192971E-01
  1.192537E-01
  1.192102E-01
  1.191668E-01
  1.191234E-01
  1.190800E-01
  1.190327E-01
  1.189799E-01
  1.189270E-01
  1.188741E-01
  1.188212E-01
  1.187683E-01
  1.187104E-01
  1.186472E-01
  1.185841E-01
  1.185209E-01
  1.184578E-01
  1.183946E-01
  1.183216E-01
  1.182471E-01
  1.181727E-01
  1.180983E-01
  1.180238E-01
  1.179427E-01
  1.178559E-01
  1.177691E-01
  1.176824E-01
  1.175956E-01
  1.175024E-01
  1.174022E-01
  1.173020E-01
  1.172018E-01
  1.171016E-01
  1.169916E-01
  1.168766E-01
  1.167616E-01
  1.166467E-01
  1.165302E-01
  1.163990E-01
  1.162679E-01
  1.161367E-01
  1.160055E-01
  1.158609E-01
  1.157119E-01
  1.155628E-01
  1.154137E-01
  1.152524E-01
  1.150837E-01
  1.149149E-01
  1.147461E-01
  1.145622E-01
  1.143717E-01
  1.141812E-01
  1.139908E-01
  1.137770E-01
  1.135627E-01
  1.133484E-01
  1.131226E-01
  1.128822E-01
  1.126417E-01
  1.123991E-01
  1.121300E-01
  1.118609E-01
  1.115917E-01
  1.112951E-01
  1.109948E-01
  1.106944E-01
  1.103653E-01
  1.100310E-01
  1.096967E-01
  1.093269E-01
  1.089558E-01
  1.085757E-01
  1.081649E-01
  1.077541E-01
  1.073165E-01
  1.068630E-01
  1.064024E-01
  1.059031E-01
  1.054039E-01
  1.048653E-01
  1.043173E-01
  1.037396E-01
  1.031402E-01
  1.025159E-01
  1.018622E-01
  1.011831E-01
  1.004726E-01
  9.973071E-02
  9.896168E-02
  9.815142E-02
  9.732500E-02
  9.644631E-02
  9.555182E-02
  9.462912E-02
  9.368199E-02
  9.272363E-02
  9.175453E-02
  9.078387E-02
  8.981754E-02
  8.885719E-02
  8.790351E-02
  8.695512E-02
  8.604258E-02
  8.525405E-02
  8.472883E-02
  8.504003E-02
  8.849877E-02
  9.560554E-02
  1.020690E-01
  1.357663E-01
  1.961964E-02
  7.019996E-08
  5.633944E-01
  5.633324E-01
  5.632704E-01
  5.632084E-01
  5.631464E-01
  5.630844E-01
  5.630224E-01
  5.629604E-01
  5.628984E-01
  5.627216E-01
  5.625401E-01
  5.623586E-01
  5.621770E-01
  5.619955E-01
  5.618140E-01
  5.616325E-01
  5.614179E-01
  5.611337E-01
  5.608496E-01
  5.605655E-01
  5.602814E-01
  5.599972E-01
  5.597131E-01
  5.594223E-01
  5.590382E-01
  5.586541E-01
  5.582700E-01
  5.578859E-01
  5.575018E-01
  5.571177E-01
  5.567153E-01
  5.562261E-01
  5.557368E-01
  5.552475E-01
  5.547582E-01
  5.542690E-01
  5.537797E-01
  5.532221E-01
  5.526236E-01
  5.520252E-01
  5.514267E-01
  5.508282E-01
  5.502297E-01
  5.495860E-01
  5.488757E-01
  5.481654E-01
  5.474551E-01
  5.467448E-01
  5.460344E-01
  5.452672E-01
  5.444417E-01
  5.436162E-01
  5.427907E-01
  5.419653E-01
  5.411398E-01
  5.402093E-01
  5.392645E-01
  5.383196E-01
  5.373748E-01
  5.364300E-01
  5.354175E-01
  5.343488E-01
  5.332801E-01
  5.322114E-01
  5.311426E-01
  5.300122E-01
  5.288145E-01
  5.276169E-01
  5.264193E-01
  5.252216E-01
  5.239345E-01
  5.226023E-01
  5.212702E-01
  5.199380E-01
  5.185928E-01
  5.171199E-01
  5.156471E-01
  5.141742E-01
  5.127013E-01
  5.111181E-01
  5.094978E-01
  5.078774E-01
  5.062571E-01
  5.045407E-01
  5.027657E-01
  5.009906E-01
  4.992156E-01
  4.973269E-01
  4.953894E-01
  4.934520E-01
  4.915146E-01
  4.894107E-01
  4.873027E-01
  4.851947E-01
  4.830083E-01
  4.807211E-01
  4.784338E-01
  4.761324E-01
  4.736568E-01
  4.711812E-01
  4.687057E-01
  4.660556E-01
  4.633822E-01
  4.607088E-01
  4.578592E-01
  4.549780E-01
  4.520968E-01
  4.490049E-01
  4.459056E-01
  4.427541E-01
  4.394260E-01
  4.360978E-01
  4.326192E-01
  4.290510E-01
  4.254436E-01
  4.216239E-01
  4.178041E-01
  4.137715E-01
  4.096885E-01
  4.054461E-01
  4.010877E-01
  3.965969E-01
  3.919506E-01
  3.871698E-01
  3.822227E-01
  3.771084E-01
  3.718487E-01
  3.663583E-01
  3.607774E-01
  3.548738E-01
  3.488535E-01
  3.426242E-01
  3.361433E-01
  3.295011E-01
  3.226498E-01
  3.155273E-01
  3.082078E-01
  3.006669E-01
  2.928762E-01
  2.847834E-01
  2.763954E-01
  2.678362E-01
  2.592032E-01
  2.513175E-01
  2.482336E-01
  2.492071E-01
  2.442971E-01
  3.086633E-01
  1.215469E-01
  2.172706E-02
  1.628176E-02
  1.628117E-02
  1.628058E-02
  1.627999E-02
  1.627940E-02
  1.627881E-02
  1.627822E-02
  1.627763E-02
  1.627704E-02
  1.627769E-02
  1.627839E-02
  1.627909E-02
  1.627979E-02
  1.628049E-02
  1.628120E-02
  1.628190E-02
  1.628419E-02
  1.628981E-02
  1.629543E-02
  1.630106E-02
  1.630668E-02
  1.631230E-02
  1.631792E-02
  1.632383E-02
  1.633363E-02
  1.634344E-02
  1.635325E-02
  1.636305E-02
  1.637286E-02
  1.638267E-02
  1.639278E-02
  1.640434E-02
  1.641590E-02
  1.642746E-02
  1.643901E-02
  1.645057E-02
  1.646213E-02
  1.647451E-02
  1.648739E-02
  1.650027E-02
  1.651314E-02
  1.652602E-02
  1.653890E-02
  1.655244E-02
  1.656697E-02
  1.658150E-02
  1.659602E-02
  1.661055E-02
  1.662508E-02
  1.664038E-02
  1.665645E-02
  1.667253E-02
  1.668861E-02
  1.670469E-02
  1.672077E-02
  1.673793E-02
  1.675523E-02
  1.677253E-02
  1.678983E-02
  1.680714E-02
  1.682496E-02
  1.684322E-02
  1.686147E-02
  1.687973E-02
  1.689798E-02
  1.691657E-02
  1.693553E-02
  1.695449E-02
  1.697345E-02
  1.699241E-02
  1.701165E-02
  1.703104E-02
  1.705042E-02
  1.706980E-02
  1.708919E-02
  1.710869E-02
  1.712818E-02
  1.714768E-02
  1.716717E-02
  1.718651E-02
  1.720578E-02
  1.722506E-02
  1.724434E-02
  1.726328E-02
  1.728200E-02
  1.730073E-02
  1.731945E-02
  1.733754E-02
  1.735536E-02
  1.737318E-02
  1.739100E-02
  1.740759E-02
  1.742414E-02
  1.744070E-02
  1.745655E-02
  1.747149E-02
  1.748644E-02
  1.750123E-02
  1.751422E-02
  1.752722E-02
  1.754021E-02
  1.755120E-02
  1.756193E-02
  1.757265E-02
  1.758123E-02
  1.758942E-02
  1.759762E-02
  1.760318E-02
  1.760864E-02
  1.761346E-02
  1.761606E-02
  1.761866E-02
  1.761935E-02
  1.761891E-02
  1.761799E-02
  1.761442E-02
  1.761086E-02
  1.760486E-02
  1.759828E-02
  1.759015E-02
  1.758087E-02
  1.757057E-02
  1.755908E-02
  1.754689E-02
  1.753384E-02
  1.752060E-02
  1.750720E-02
  1.749515E-02
  1.748363E-02
  1.747752E-02
  1.747524E-02
  1.747991E-02
  1.749874E-02
  1.752953E-02
  1.757833E-02
  1.765964E-02
  1.777004E-02
  1.791584E-02
  1.810475E-02
  1.834932E-02
  1.867462E-02
  1.911586E-02
  1.973400E-02
  2.075243E-02
  2.298117E-02
  2.664394E-02
  3.086298E-02
  4.535414E-02
  8.361001E-03
  1.195258E-03
  1.204113E-01
  1.204037E-01
  1.203960E-01
  1.203884E-01
  1.203808E-01
  1.203731E-01
  1.203655E-01
  1.203579E-01
  1.203502E-01
  1.203320E-01
  1.203133E-01
  1.202946E-01
  1.202760E-01
  1.202573E-01
  1.202386E-01
  1.202199E-01
  1.202000E-01
  1.201773E-01
  1.201546E-01
  1.201319E-01
  1.201092E-01
  1.200865E-01
  1.200638E-01
  1.200409E-01
  1.200139E-01
  1.199869E-01
  1.199599E-01
  1.199330E-01
  1.199060E-01
  1.198790E-01
  1.198508E-01
  1.198163E-01
  1.197818E-01
  1.197474E-01
  1.197129E-01
  1.196784E-01
  1.196440E-01
  1.196039E-01
  1.195605E-01
  1.195170E-01
  1.194736E-01
  1.194302E-01
  1.193868E-01
  1.193395E-01
  1.192866E-01
  1.192337E-01
  1.191808E-01
  1.191279E-01
  1.190750E-01
  1.190170E-01
  1.189538E-01
  1.188907E-01
  1.188275E-01
  1.187643E-01
  1.187011E-01
  1.186280E-01
  1.185536E-01
  1.184791E-01
  1.184046E-01
  1.183301E-01
  1.182489E-01
  1.181621E-01
  1.180753E-01
  1.179885E-01
  1.179017E-01
  1.178085E-01
  1.177082E-01
  1.176079E-01
  1.175077E-01
  1.174074E-01
  1.172973E-01
  1.171823E-01
  1.170673E-01
  1.169523E-01
  1.168358E-01
  1.167045E-01
  1.165733E-01
  1.164420E-01
  1.163108E-01
  1.161661E-01
  1.160170E-01
  1.158678E-01
  1.157187E-01
  1.155573E-01
  1.153884E-01
  1.152196E-01
  1.150507E-01
  1.148667E-01
  1.146761E-01
  1.144855E-01
  1.142950E-01
  1.140811E-01
  1.138667E-01
  1.136523E-01
  1.134264E-01
  1.131858E-01
  1.129452E-01
  1.127024E-01
  1.124332E-01
  1.121640E-01
  1.118947E-01
  1.115979E-01
  1.112974E-01
  1.109969E-01
  1.106676E-01
  1.103332E-01
  1.099987E-01
  1.096287E-01
  1.092574E-01
  1.088770E-01
  1.084660E-01
  1.080550E-01
  1.076172E-01
  1.071635E-01
  1.067026E-01
  1.062031E-01
  1.057035E-01
  1.051647E-01
  1.046164E-01
  1.040384E-01
  1.034387E-01
  1.028140E-01
  1.021600E-01
  1.014805E-01
  1.007694E-01
  1.000271E-01
  9.925751E-02
  9.844661E-02
  9.761952E-02
  9.674005E-02
  9.584474E-02
  9.492118E-02
  9.397324E-02
  9.301415E-02
  9.204450E-02
  9.107378E-02
  9.010792E-02
  8.914875E-02
  8.819718E-02
  8.725211E-02
  8.634425E-02
  8.556158E-02
  8.504305E-02
  8.536106E-02
  8.882515E-02
  9.593342E-02
  1.023958E-01
  1.360309E-01
  1.947760E-02
  6.554993E-08
 -5.412599E-05
 -5.412784E-05
 -5.412968E-05
 -5.413153E-05
 -5.413338E-05
 -5.413522E-05
 -5.413707E-05
 -5.413892E-05
 -5.414076E-05
 -5.415064E-05
 -5.416086E-05
 -5.417107E-05
 -5.418128E-05
 -5.419150E-05
 -5.420171E-05
 -5.421193E-05
 -5.422783E-05
 -5.425570E-05
 -5.428357E-05
 -5.431144E-05
 -5.433930E-05
 -5.436717E-05
 -5.439504E-05
 -5.442445E-05
 -5.447552E-05
 -5.452659E-05
 -5.457766E-05
 -5.462873E-05
 -5.467980E-05
 -5.473087E-05
 -5.478586E-05
 -5.485948E-05
 -5.493310E-05
 -5.500673E-05
 -5.508035E-05
 -5.515397E-05
 -5.522760E-05
 -5.531285E-05
 -5.540507E-05
 -5.549729E-05
 -5.558951E-05
 -5.568173E-05
 -5.577395E-05
 -5.587192E-05
 -5.597834E-05
 -5.608477E-05
 -5.619119E-05
 -5.629761E-05
 -5.640404E-05
 -5.651605E-05
 -5.663377E-05
 -5.675149E-05
 -5.686921E-05
 -5.698693E-05
 -5.710465E-05
 -5.723145E-05
 -5.735949E-05
 -5.748753E-05
 -5.761556E-05
 -5.774360E-05
 -5.787753E-05
 -5.801637E-05
 -5.815521E-05
 -5.829404E-05
 -5.843288E-05
 -5.857742E-05
 -5.872818E-05
 -5.887893E-05
 -5.902968E-05
 -5.918043E-05
 -5.933978E-05
 -5.950345E-05
 -5.966712E-05
 -5.983079E-05
 -5.999571E-05
 -6.017281E-05
 -6.034992E-05
 -6.052703E-05
 -6.070414E-05
 -6.089130E-05
 -6.108185E-05
 -6.127241E-05
 -6.146296E-05
 -6.166162E-05
 -6.186523E-05
 -6.206885E-05
 -6.227246E-05
 -6.248473E-05
 -6.270071E-05
 -6.291669E-05
 -6.313267E-05
 -6.335983E-05
 -6.358726E-05
 -6.381469E-05
 -6.404680E-05
 -6.428494E-05
 -6.452307E-05
 -6.476200E-05
 -6.501056E-05
 -6.525913E-05
 -6.550769E-05
 -6.576533E-05
 -6.602419E-05
 -6.628304E-05
 -6.655054E-05
 -6.681959E-05
 -6.708865E-05
 -6.736757E-05
 -6.764685E-05
 -6.792840E-05
 -6.821767E-05
 -6.850695E-05
 -6.880315E-05
 -6.910348E-05
 -6.940586E-05
 -6.971931E-05
 -7.003275E-05
 -7.035540E-05
 -7.068024E-05
 -7.100644E-05
 -7.133363E-05
 -7.165389E-05
 -7.196600E-05
 -7.225941E-05
 -7.252967E-05
 -7.275981E-05
 -7.295505E-05
 -7.307878E-05
 -7.317448E-05
 -7.318496E-05
 -7.319702E-05
 -7.321311E-05
 -7.340097E-05
 -7.381032E-05
 -7.460289E-05
 -7.632522E-05
 -7.901808E-05
 -8.296654E-05
 -8.851534E-05
 -9.609297E-05
 -1.058523E-04
 -1.173782E-04
 -1.301214E-04
 -1.431593E-04
 -1.544917E-04
 -1.614821E-04
 -1.707252E-04
 -8.022506E-05
  8.094140E-04
  1.441912E-03
  6.468474E-03
  6.468075E-03
  6.467676E-03
  6.467276E-03
  6.466877E-03
  6.466478E-03
  6.466078E-03
  6.465679E-03
  6.465280E-03
  6.464524E-03
  6.463754E-03
  6.462984E-03
  6.462213E-03
  6.461443E-03
  6.460673E-03
  6.459902E-03
  6.459253E-03
  6.458860E-03
  6.458466E-03
  6.458072E-03
  6.457678E-03
  6.457284E-03
  6.456890E-03
  6.456524E-03
  6.456550E-03
  6.456575E-03
  6.456601E-03
  6.456626E-03
  6.456652E-03
  6.456677E-03
  6.456714E-03
  6.456801E-03
  6.456887E-03
  6.456974E-03
  6.457061E-03
  6.457148E-03
  6.457235E-03
  6.457243E-03
  6.457202E-03
  6.457161E-03
  6.457121E-03
  6.457080E-03
  6.457040E-03
  6.456923E-03
  6.456695E-03
  6.456466E-03
  6.456238E-03
  6.456009E-03
  6.455781E-03
  6.455459E-03
  6.455042E-03
  6.454624E-03
  6.454207E-03
  6.453790E-03
  6.453373E-03
  6.452809E-03
  6.452226E-03
  6.451643E-03
  6.451059E-03
  6.450476E-03
  6.449816E-03
  6.449092E-03
  6.448368E-03
  6.447644E-03
  6.446920E-03
  6.446137E-03
  6.445289E-03
  6.444442E-03
  6.443594E-03
  6.442746E-03
  6.441820E-03
  6.440854E-03
  6.439888E-03
  6.438922E-03
  6.437944E-03
  6.436855E-03
  6.435766E-03
  6.434677E-03
  6.433588E-03
  6.432399E-03
  6.431177E-03
  6.429954E-03
  6.428732E-03
  6.427418E-03
  6.426048E-03
  6.424679E-03
  6.423309E-03
  6.421827E-03
  6.420295E-03
  6.418764E-03
  6.417232E-03
  6.415527E-03
  6.413818E-03
  6.412108E-03
  6.410314E-03
  6.408410E-03
  6.406506E-03
  6.404586E-03
  6.402472E-03
  6.400357E-03
  6.398243E-03
  6.395930E-03
  6.393589E-03
  6.391249E-03
  6.388705E-03
  6.386123E-03
  6.383542E-03
  6.380721E-03
  6.377891E-03
  6.375006E-03
  6.371936E-03
  6.368866E-03
  6.365654E-03
  6.362356E-03
  6.359024E-03
  6.355502E-03
  6.351980E-03
  6.348270E-03
  6.344516E-03
  6.340611E-03
  6.336595E-03
  6.332431E-03
  6.328091E-03
  6.323556E-03
  6.318779E-03
  6.313683E-03
  6.308310E-03
  6.302395E-03
  6.296268E-03
  6.289364E-03
  6.282281E-03
  6.274880E-03
  6.267752E-03
  6.261299E-03
  6.256153E-03
  6.254906E-03
  6.258269E-03
  6.268076E-03
  6.286848E-03
  6.318484E-03
  6.366583E-03
  6.431303E-03
  6.511663E-03
  6.601912E-03
  6.689445E-03
  6.757362E-03
  6.812924E-03
  6.852929E-03
  6.500521E-03
  6.869169E-03
 -3.074225E-04
 -3.074055E-04
 -3.073885E-04
 -3.073715E-04
 -3.073545E-04
 -3.073374E-04
 -3.073204E-04
 -3.073034E-04
 -3.072864E-04
 -3.072528E-04
 -3.072184E-04
 -3.071841E-04
 -3.071498E-04
 -3.071154E-04
 -3.070811E-04
 -3.070467E-04
 -3.070167E-04
 -3.069957E-04
 -3.069747E-04
 -3.069537E-04
 -3.069327E-04
 -3.069117E-04
 -3.068907E-04
 -3.068708E-04
 -3.068662E-04
 -3.068616E-04
 -3.068570E-04
 -3.068524E-04
 -3.068478E-04
 -3.068432E-04
 -3.068389E-04
 -3.068361E-04
 -3.068334E-04
 -3.068307E-04
 -3.068279E-04
 -3.068252E-04
 -3.068225E-04
 -3.068158E-04
 -3.068067E-04
 -3.067977E-04
 -3.067886E-04
 -3.067796E-04
 -3.067705E-04
 -3.067577E-04
 -3.067393E-04
 -3.067210E-04
 -3.067026E-04
 -3.066842E-04
 -3.066659E-04
 -3.066427E-04
 -3.066146E-04
 -3.065865E-04
 -3.065584E-04
 -3.065303E-04
 -3.065023E-04
 -3.064662E-04
 -3.064291E-04
 -3.063920E-04
 -3.063549E-04
 -3.063177E-04
 -3.062762E-04
 -3.062309E-04
 -3.061856E-04
 -3.061403E-04
 -3.060950E-04
 -3.060460E-04
 -3.059931E-04
 -3.059402E-04
 -3.058873E-04
 -3.058343E-04
 -3.057763E-04
 -3.057158E-04
 -3.056552E-04
 -3.055947E-04
 -3.055334E-04
 -3.054647E-04
 -3.053960E-04
 -3.053274E-04
 -3.052587E-04
 -3.051833E-04
 -3.051057E-04
 -3.050281E-04
 -3.049504E-04
 -3.048666E-04
 -3.047789E-04
 -3.046912E-04
 -3.046035E-04
 -3.045079E-04
 -3.044089E-04
 -3.043099E-04
 -3.042110E-04
 -3.040997E-04
 -3.039882E-04
 -3.038767E-04
 -3.037591E-04
 -3.036336E-04
 -3.035081E-04
 -3.033815E-04
 -3.032404E-04
 -3.030994E-04
 -3.029583E-04
 -3.028021E-04
 -3.026438E-04
 -3.024856E-04
 -3.023115E-04
 -3.021345E-04
 -3.019575E-04
 -3.017613E-04
 -3.015644E-04
 -3.013628E-04
 -3.011455E-04
 -3.009281E-04
 -3.006974E-04
 -3.004588E-04
 -3.002165E-04
 -2.999543E-04
 -2.996922E-04
 -2.994073E-04
 -2.991170E-04
 -2.988053E-04
 -2.984781E-04
 -2.981272E-04
 -2.977486E-04
 -2.973374E-04
 -2.968859E-04
 -2.963814E-04
 -2.958308E-04
 -2.951938E-04
 -2.945229E-04
 -2.937344E-04
 -2.929205E-04
 -2.920620E-04
 -2.912445E-04
 -2.905188E-04
 -2.899684E-04
 -2.899051E-04
 -2.903774E-04
 -2.915591E-04
 -2.936672E-04
 -2.969875E-04
 -3.016734E-04
 -3.075281E-04
 -3.142187E-04
 -3.210304E-04
 -3.263781E-04
 -3.278766E-04
 -3.267589E-04
 -2.645280E-04
  1.420394E-04
  4.650028E-09
  1.273240E+00
  1.273211E+00
  1.273125E+00
  1.272981E+00
  1.272781E+00
  1.272522E+00
  1.272207E+00
  1.271834E+00
  1.271403E+00
  1.270915E+00
  1.270369E+00
  1.269765E+00
  1.269104E+00
  1.268384E+00
  1.267607E+00
  1.266771E+00
  1.265877E+00
  1.264925E+00
  1.263915E+00
  1.262845E+00
  1.261717E+00
  1.260530E+00
  1.259284E+00
  1.257979E+00
  1.256614E+00
  1.255190E+00
  1.253705E+00
  1.252161E+00
  1.250556E+00
  1.248891E+00
  1.247165E+00
  1.245378E+00
  1.243529E+00
  1.241620E+00
  1.239648E+00
  1.237614E+00
  1.235518E+00
  1.233359E+00
  1.231136E+00
  1.228851E+00
  1.226501E+00
  1.224088E+00
  1.221610E+00
  1.219067E+00
  1.216458E+00
  1.213784E+00
  1.211044E+00
  1.208237E+00
  1.205362E+00
  1.202421E+00
  1.199411E+00
  1.196332E+00
  1.193185E+00
  1.189968E+00
  1.186680E+00
  1.183322E+00
  1.179892E+00
  1.176390E+00
  1.172816E+00
  1.169168E+00
  1.165446E+00
  1.161649E+00
  1.157776E+00
  1.153828E+00
  1.149802E+00
  1.145699E+00
  1.141516E+00
  1.137254E+00
  1.132912E+00
  1.128488E+00
  1.123982E+00
  1.119393E+00
  1.114719E+00
  1.109960E+00
  1.105114E+00
  1.100180E+00
  1.095157E+00
  1.090045E+00
  1.084841E+00
  1.079544E+00
  1.074153E+00
  1.068667E+00
  1.063083E+00
  1.057401E+00
  1.051619E+00
  1.045735E+00
  1.039748E+00
  1.033655E+00
  1.027455E+00
  1.021146E+00
  1.014726E+00
  1.008193E+00
  1.001543E+00
  9.947766E-01
  9.878894E-01
  9.808795E-01
  9.737441E-01
  9.664805E-01
  9.590857E-01
  9.515567E-01
  9.438904E-01
  9.360832E-01
  9.281318E-01
  9.200322E-01
  9.117806E-01
  9.033729E-01
  8.948045E-01
  8.860709E-01
  8.771671E-01
  8.680879E-01
  8.588277E-01
  8.493806E-01
  8.397402E-01
  8.299000E-01
  8.198525E-01
  8.095903E-01
  7.991048E-01
  7.883874E-01
  7.774283E-01
  7.662172E-01
  7.547428E-01
  7.429930E-01
  7.309546E-01
  7.186128E-01
  7.059520E-01
  6.929545E-01
  6.796012E-01
  6.658704E-01
  6.517385E-01
  6.371787E-01
  6.221609E-01
  6.066513E-01
  5.906109E-01
  5.739954E-01
  5.567532E-01
  5.388241E-01
  5.201372E-01
  5.006076E-01
  4.801325E-01
  4.585853E-01
  4.358068E-01
  4.115929E-01
  3.856731E-01
  3.576769E-01
  3.270715E-01
  2.930404E-01
  2.542116E-01
  2.079144E-01
  1.472658E-01
  0.000000E+00
  8.602960E-02
  8.602960E-02
  8.602960E-02
  8.602960E-02
  8.602960E-02
  8.602960E-02
  8.602960E-02
  8.602960E-02
  8.602960E-02
  8.602960E-02
  8.602960E-02
  8.602960E-02
  8.602960E-02
  8.602960E-02
  8.602960E-02
  8.602960E-02
  8.602960E-02
  8.602960E-02
  8.602960E-02
  8.602960E-02
  8.602960E-02
  8.602960E-02
  8.602960E-02
  8.602960E-02
  8.602960E-02
  8.602960E-02
  8.602960E-02
  8.602960E-02
  8.602960E-02
  8.602960E-02
  8.602960E-02
  8.602960E-02
  8.602960E-02
  8.602960E-02
  8.602960E-02
  8.602960E-02
  8.602960E-02
  8.602960E-02
  8.602960E-02
  8.602960E-02
  8.602960E-02
  8.602960E-02
  8.602960E-02
  8.602960E-02
  8.602960E-02
  8.602960E-02
  8.602960E-02
  8.602960E-02
  8.602960E-02
  8.602960E-02
  8.602960E-02
  8.602960E-02
  8.602960E-02
  8.602960E-02
  8.602960E-02
  8.602960E-02
  8.602960E-02
  8.602960E-02
  8.602960E-02
  8.602960E-02
  8.602960E-02
  8.602960E-02
  8.602960E-02
  8.602960E-02
  8.602960E-02
  8.602960E-02
  8.602960E-02
  8.602960E-02
  8.602960E-02
  8.602960E-02
  8.602960E-02
  8.602960E-02
  8.602960E-02
  8.602960E-02
  8.602960E-02
  8.602960E-02
  8.602960E-02
  8.602960E-02
  8.602960E-02
  8.602960E-02
  8.602960E-02
  8.602960E-02
  8.602960E-02
  8.602960E-02
  8.602960E-02
  8.602960E-02
  8.602960E-02
  8.602960E-02
  8.602960E-02
  8.602960E-02
  8.602960E-02
  8.602960E-02
  8.602960E-02
  8.602960E-02
  8.602960E-02
  8.602960E-02
  8.602960E-02
  8.602960E-02
  8.602960E-02
  8.602960E-02
  8.602960E-02
  8.602960E-02
  8.602960E-02
  8.602960E-02
  8.602960E-02
  8.602960E-02
  8.602960E-02
  8.602960E-02
  8.602960E-02
  8.602960E-02
  8.602960E-02
  8.602960E-02
  8.602960E-02
  8.602960E-02
  8.602960E-02
  8.602960E-02
  8.602960E-02
  8.602960E-02
  8.602960E-02
  8.602960E-02
  8.602960E-02
  8.602960E-02
  8.602960E-02
  8.602960E-02
  8.602960E-02
  8.602960E-02
  8.602960E-02
  8.602960E-02
  8.602960E-02
  8.602960E-02
  8.602960E-02
  8.602960E-02
  8.602960E-02
  8.602960E-02
  8.602960E-02
  8.602960E-02
  8.602960E-02
  8.602960E-02
  8.602960E-02
  8.602960E-02
  8.602960E-02
  8.602960E-02
  8.602960E-02
  8.602960E-02
  8.602960E-02
  8.602960E-02
  8.602960E-02
  8.602960E-02
  9.859493E-02
  2.651346E-02
 -1.583722E-01
 -1.583722E-01
 -1.583722E-01
 -1.583722E-01
 -1.583722E-01
 -1.583722E-01
 -1.583722E-01
 -1.583722E-01
 -1.583722E-01
 -1.583722E-01
 -1.583722E-01
 -1.583722E-01
 -1.583722E-01
 -1.583722E-01
 -1.583722E-01
 -1.583722E-01
 -1.583722E-01
 -1.583722E-01
 -1.583722E-01
 -1.583722E-01
 -1.583722E-01
 -1.583722E-01
 -1.583722E-01
 -1.583722E-01
 -1.583722E-01
 -1.583722E-01
 -1.583722E-01
 -1.583722E-01
 -1.583722E-01
 -1.583722E-01
 -1.583722E-01
 -1.583722E-01
 -1.583722E-01
 -1.583722E-01
 -1.583722E-01
 -1.583722E-01
 -1.583722E-01
 -1.583722E-01
 -1.583722E-01
 -1.583722E-01
 -1.583722E-01
 -1.583722E-01
 -1.583722E-01
 -1.583722E-01
 -1.583722E-01
 -1.583722E-01
 -1.583722E-01
 -1.583722E-01
 -1.583722E-01
 -1.583722E-01
 -1.583722E-01
 -1.583722E-01
 -1.583722E-01
 -1.583722E-01
 -1.583722E-01
 -1.583722E-01
 -1.583722E-01
 -1.583722E-01
 -1.583722E-01
 -1.583722E-01
 -1.583722E-01
 -1.583722E-01
 -1.583722E-01
 -1.583722E-01
 -1.583722E-01
 -1.583722E-01
 -1.583722E-01
 -1.583722E-01
 -1.583722E-01
 -1.583722E-01
 -1.583722E-01
 -1.583722E-01
 -1.583722E-01
 -1.583722E-01
 -1.583722E-01
 -1.583722E-01
 -1.583722E-01
 -1.583722E-01
 -1.583722E-01
 -1.583722E-01
 -1.583722E-01
 -1.583722E-01
 -1.583722E-01
 -1.583722E-01
 -1.583722E-01
 -1.583722E-01
 -1.583722E-01
 -1.583722E-01
 -1.583722E-01
 -1.583722E-01
 -1.583722E-01
 -1.583722E-01
 -1.583722E-01
 -1.583722E-01
 -1.583722E-01
 -1.583722E-01
 -1.583722E-01
 -1.583722E-01
 -1.583722E-01
 -1.583722E-01
 -1.583722E-01
 -1.583722E-01
 -1.583722E-01
 -1.583722E-01
 -1.583722E-01
 -1.583722E-01
 -1.583722E-01
 -1.583722E-01
 -1.583722E-01
 -1.583722E-01
 -1.583722E-01
 -1.583722E-01
 -1.583722E-01
 -1.583722E-01
 -1.583722E-01
 -1.583722E-01
 -1.583722E-01
 -1.583722E-01
 -1.583722E-01
 -1.583722E-01
 -1.583722E-01
 -1.583722E-01
 -1.583722E-01
 -1.583722E-01
 -1.583722E-01
 -1.583722E-01
 -1.583722E-01
 -1.583722E-01
 -1.583722E-01
 -1.583722E-01
 -1.583722E-01
 -1.583722E-01
 -1.583722E-01
 -1.583722E-01
 -1.583722E-01
 -1.583722E-01
 -1.583722E-01
 -1.583722E-01
 -1.583722E-01
 -1.583722E-01
 -1.583722E-01
 -1.583722E-01
 -1.583722E-01
 -1.583722E-01
 -1.583722E-01
 -1.583722E-01
 -1.583722E-01
 -1.583722E-01
 -1.406958E+00
 -1.668793E+00
  9.895527E-01
  9.895527E-01
  9.895527E-01
  9.895527E-01
  9.895527E-01
  9.895527E-01
  9.895527E-01
  9.895527E-01
  9.895527E-01
  9.895527E-01
  9.895527E-01
  9.895527E-01
  9.895527E-01
  9.895527E-01
  9.895527E-01
  9.895527E-01
  9.895527E-01
  9.895527E-01
  9.895527E-01
  9.895527E-01
  9.895527E-01
  9.895527E-01
  9.895527E-01
  9.895527E-01
  9.895527E-01
  9.895527E-01
  9.895527E-01
  9.895527E-01
  9.895527E-01
  9.895527E-01
  9.895527E-01
  9.895527E-01
  9.895527E-01
  9.895527E-01
  9.895527E-01
  9.895527E-01
  9.895527E-01
  9.895527E-01
  9.895527E-01
  9.895527E-01
  9.895527E-01
  9.895527E-01
  9.895527E-01
  9.895527E-01
  9.895527E-01
  9.895527E-01
  9.895527E-01
  9.895527E-01
  9.895527E-01
  9.895527E-01
  9.895527E-01
  9.895527E-01
  9.895527E-01
  9.895527E-01
  9.895527E-01
  9.895527E-01
  9.895527E-01
  9.895527E-01
  9.895527E-01
  9.895527E-01
  9.895527E-01
  9.895527E-01
  9.895527E-01
  9.895527E-01
  9.895527E-01
  9.895527E-01
  9.895527E-01
  9.895527E-01
  9.895527E-01
  9.895527E-01
  9.895527E-01
  9.895527E-01
  9.895527E-01
  9.895527E-01
  9.895527E-01
  9.895527E-01
  9.895527E-01
  9.895527E-01
  9.895527E-01
  9.895527E-01
  9.895527E-01
  9.895527E-01
  9.895527E-01
  9.895527E-01
  9.895527E-01
  9.895527E-01
  9.895527E-01
  9.895527E-01
  9.895527E-01
  9.895527E-01
  9.895527E-01
  9.895527E-01
  9.895527E-01
  9.895527E-01
  9.895527E-01
  9.895527E-01
  9.895527E-01
  9.895527E-01
  9.895527E-01
  9.895527E-01
  9.895527E-01
  9.895527E-01
  9.895527E-01
  9.895527E-01
  9.895527E-01
  9.895527E-01
  9.895527E-01
  9.895527E-01
  9.895527E-01
  9.895527E-01
  9.895527E-01
  9.895527E-01
  9.895527E-01
  9.895527E-01
  9.895527E-01
  9.895527E-01
  9.895527E-01
  9.895527E-01
  9.895527E-01
  9.895527E-01
  9.895527E-01
  9.895527E-01
  9.895527E-01
  9.895527E-01
  9.895527E-01
  9.895527E-01
  9.895527E-01
  9.895527E-01
  9.895527E-01
  9.895527E-01
  9.895527E-01
  9.895527E-01
  9.895527E-01
  9.895527E-01
  9.895527E-01
  9.895527E-01
  9.895527E-01
  9.895527E-01
  9.895527E-01
  9.895527E-01
  9.895527E-01
  9.895527E-01
  9.895527E-01
  9.895527E-01
  9.895527E-01
  9.895527E-01
  9.895527E-01
  9.895527E-01
  8.087603E-01
  1.205224E-05
  5.003740E+01
  5.004898E+01
  5.006055E+01
  5.007213E+01
  5.008371E+01
  5.009528E+01
  5.010686E+01
  5.011844E+01
  5.013001E+01
  5.019371E+01
  5.025956E+01
  5.032541E+01
  5.039126E+01
  5.045711E+01
  5.052296E+01
  5.058881E+01
  5.068610E+01
  5.084940E+01
  5.101270E+01
  5.117600E+01
  5.133930E+01
  5.150261E+01
  5.166591E+01
  5.183513E+01
  5.208709E+01
  5.233905E+01
  5.259101E+01
  5.284297E+01
  5.309493E+01
  5.334689E+01
  5.360911E+01
  5.392014E+01
  5.423118E+01
  5.454221E+01
  5.485324E+01
  5.516427E+01
  5.547531E+01
  5.581981E+01
  5.618436E+01
  5.654891E+01
  5.691347E+01
  5.727802E+01
  5.764257E+01
  5.803040E+01
  5.845252E+01
  5.887464E+01
  5.929676E+01
  5.971888E+01
  6.014101E+01
  6.059162E+01
  6.107139E+01
  6.155115E+01
  6.203092E+01
  6.251068E+01
  6.299045E+01
  6.351926E+01
  6.405477E+01
  6.459028E+01
  6.512578E+01
  6.566129E+01
  6.622664E+01
  6.681678E+01
  6.740692E+01
  6.799706E+01
  6.858720E+01
  6.920315E+01
  6.984716E+01
  7.049117E+01
  7.113519E+01
  7.177920E+01
  7.245836E+01
  7.315518E+01
  7.385201E+01
  7.454883E+01
  7.525042E+01
  7.599877E+01
  7.674712E+01
  7.749547E+01
  7.824382E+01
  7.902972E+01
  7.982825E+01
  8.062678E+01
  8.142532E+01
  8.225419E+01
  8.310158E+01
  8.394896E+01
  8.479635E+01
  8.567704E+01
  8.657198E+01
  8.746693E+01
  8.836187E+01
  8.930204E+01
  9.024335E+01
  9.118465E+01
  9.214579E+01
  9.313246E+01
  9.411914E+01
  9.510919E+01
  9.614057E+01
  9.717195E+01
  9.820333E+01
  9.927396E+01
  1.003498E+02
  1.014257E+02
  1.025397E+02
  1.036605E+02
  1.047814E+02
  1.059471E+02
  1.071144E+02
  1.082928E+02
  1.095091E+02
  1.107253E+02
  1.119736E+02
  1.132411E+02
  1.145171E+02
  1.158390E+02
  1.171610E+02
  1.185315E+02
  1.199135E+02
  1.213346E+02
  1.227842E+02
  1.242692E+02
  1.257957E+02
  1.273616E+02
  1.289760E+02
  1.306461E+02
  1.323646E+02
  1.341769E+02
  1.360259E+02
  1.380456E+02
  1.401494E+02
  1.424046E+02
  1.449152E+02
  1.476278E+02
  1.506352E+02
  1.541534E+02
  1.581247E+02
  1.626500E+02
  1.678552E+02
  1.739456E+02
  1.812421E+02
  1.900983E+02
  2.011552E+02
  2.165677E+02
  2.438474E+02
  2.856008E+02
  3.356534E+02
  4.760110E+02
  1.003948E+02
  1.005051E-03
  6.366756E+03
  6.366056E+03
  6.365356E+03
  6.364656E+03
  6.363956E+03
  6.363256E+03
  6.362555E+03
  6.361855E+03
  6.361155E+03
  6.359160E+03
  6.357111E+03
  6.355062E+03
  6.353013E+03
  6.350964E+03
  6.348915E+03
  6.346866E+03
  6.344444E+03
  6.341239E+03
  6.338033E+03
  6.334828E+03
  6.331623E+03
  6.328417E+03
  6.325212E+03
  6.321931E+03
  6.317599E+03
  6.313267E+03
  6.308935E+03
  6.304602E+03
  6.300270E+03
  6.295938E+03
  6.291399E+03
  6.285880E+03
  6.280361E+03
  6.274842E+03
  6.269323E+03
  6.263804E+03
  6.258285E+03
  6.251996E+03
  6.245244E+03
  6.238493E+03
  6.231742E+03
  6.224990E+03
  6.218239E+03
  6.210977E+03
  6.202964E+03
  6.194951E+03
  6.186937E+03
  6.178924E+03
  6.170911E+03
  6.162255E+03
  6.152942E+03
  6.143630E+03
  6.134317E+03
  6.125004E+03
  6.115691E+03
  6.105194E+03
  6.094534E+03
  6.083875E+03
  6.073215E+03
  6.062556E+03
  6.051132E+03
  6.039075E+03
  6.027017E+03
  6.014959E+03
  6.002902E+03
  5.990147E+03
  5.976634E+03
  5.963121E+03
  5.949609E+03
  5.936096E+03
  5.921573E+03
  5.906542E+03
  5.891511E+03
  5.876479E+03
  5.861301E+03
  5.844682E+03
  5.828062E+03
  5.811443E+03
  5.794823E+03
  5.776958E+03
  5.758674E+03
  5.740389E+03
  5.722105E+03
  5.702736E+03
  5.682706E+03
  5.662675E+03
  5.642645E+03
  5.621330E+03
  5.599466E+03
  5.577602E+03
  5.555738E+03
  5.531994E+03
  5.508204E+03
  5.484414E+03
  5.459739E+03
  5.433925E+03
  5.408111E+03
  5.382136E+03
  5.354196E+03
  5.326255E+03
  5.298315E+03
  5.268404E+03
  5.238229E+03
  5.208055E+03
  5.175890E+03
  5.143370E+03
  5.110849E+03
  5.075949E+03
  5.040965E+03
  5.005392E+03
  4.967823E+03
  4.930255E+03
  4.890988E+03
  4.850709E+03
  4.809987E+03
  4.766868E+03
  4.723749E+03
  4.678225E+03
  4.632132E+03
  4.584241E+03
  4.535039E+03
  4.484343E+03
  4.431890E+03
  4.377920E+03
  4.322073E+03
  4.264339E+03
  4.204964E+03
  4.142986E+03
  4.079987E+03
  4.013348E+03
  3.945394E+03
  3.875082E+03
  3.801935E+03
  3.726969E+03
  3.649645E+03
  3.569264E+03
  3.486660E+03
  3.401559E+03
  3.313639E+03
  3.222311E+03
  3.127663E+03
  3.031111E+03
  2.933784E+03
  2.845037E+03
  2.810951E+03
  2.823230E+03
  2.769276E+03
  3.502130E+03
  1.133174E+03
  3.221074E-03
 -5.649828E-03
 -6.310546E-03
 -6.971265E-03
 -7.631983E-03
 -8.292702E-03
 -8.953420E-03
 -9.614139E-03
 -1.027486E-02
 -1.093558E-02
 -1.227651E-02
 -1.364559E-02
 -1.501466E-02
 -1.638373E-02
 -1.775280E-02
 -1.912187E-02
 -2.049094E-02
 -2.184403E-02
 -2.316357E-02
 -2.448310E-02
 -2.580264E-02
 -2.712217E-02
 -2.844171E-02
 -2.976125E-02
 -3.107953E-02
 -3.238027E-02
 -3.368102E-02
 -3.498176E-02
 -3.628250E-02
 -3.758325E-02
 -3.888399E-02
 -4.019401E-02
 -4.154817E-02
 -4.290232E-02
 -4.425647E-02
 -4.561063E-02
 -4.696478E-02
 -4.831894E-02
 -4.975243E-02
 -5.123347E-02
 -5.271451E-02
 -5.419555E-02
 -5.567659E-02
 -5.715764E-02
 -5.871143E-02
 -6.037242E-02
 -6.203341E-02
 -6.369440E-02
 -6.535539E-02
 -6.701638E-02
 -6.878260E-02
 -7.065646E-02
 -7.253032E-02
 -7.440417E-02
 -7.627803E-02
 -7.815188E-02
 -8.023165E-02
 -8.233952E-02
 -8.444739E-02
 -8.655526E-02
 -8.866312E-02
 -9.090878E-02
 -9.326891E-02
 -9.562904E-02
 -9.798917E-02
 -1.003493E-01
 -1.028412E-01
 -1.054764E-01
 -1.081115E-01
 -1.107467E-01
 -1.133819E-01
 -1.162214E-01
 -1.191638E-01
 -1.221061E-01
 -1.250484E-01
 -1.280232E-01
 -1.313161E-01
 -1.346090E-01
 -1.379019E-01
 -1.411948E-01
 -1.447909E-01
 -1.484890E-01
 -1.521871E-01
 -1.558852E-01
 -1.598751E-01
 -1.640431E-01
 -1.682110E-01
 -1.723790E-01
 -1.769275E-01
 -1.816389E-01
 -1.863502E-01
 -1.910616E-01
 -1.963828E-01
 -2.017192E-01
 -2.070557E-01
 -2.127043E-01
 -2.187550E-01
 -2.248057E-01
 -2.309177E-01
 -2.377794E-01
 -2.446411E-01
 -2.515028E-01
 -2.591729E-01
 -2.669512E-01
 -2.747295E-01
 -2.833840E-01
 -2.921953E-01
 -3.010066E-01
 -3.109402E-01
 -3.209133E-01
 -3.311834E-01
 -3.424587E-01
 -3.537340E-01
 -3.659186E-01
 -3.786442E-01
 -3.916181E-01
 -4.059365E-01
 -4.202550E-01
 -4.359490E-01
 -4.519691E-01
 -4.689942E-01
 -4.867523E-01
 -5.052781E-01
 -5.247066E-01
 -5.448119E-01
 -5.657547E-01
 -5.874335E-01
 -6.097522E-01
 -6.331223E-01
 -6.569044E-01
 -6.827283E-01
 -7.097700E-01
 -7.390126E-01
 -7.726419E-01
 -8.098587E-01
 -8.523957E-01
 -9.026772E-01
 -9.560228E-01
 -1.007215E+00
 -1.044292E+00
 -1.033678E+00
 -8.918755E-01
 -4.915837E-01
  3.945418E-01
  2.107659E+00
  5.112335E+00
  9.809266E+00
  1.570350E+01
  2.071610E+01
  2.751062E+03
  4.375314E-02
