 Title= "ADflow Lift Distribution Data"
Variables = "eta" "CoordinateX" "CoordinateY" "CoordinateZ" "Lift" "Drag" "Moment" "Normalized Lift" "Normalized Drag" "Normalized Moment" "CL" "CD" "CM" "CLp" "CDp" "CMp" "CLv" "CDv" "CMv" "Elliptical" "thickness" "twist" "chord" "fx" "fy" "fz" 
Zone T= "LiftDist_01 allWalls: : z normal"
 I=          150
 DATAPACKING=BLOCK
  0.000000E+00
  6.711405E-03
  1.342281E-02
  2.013422E-02
  2.684563E-02
  3.355704E-02
  4.026845E-02
  4.697986E-02
  5.369127E-02
  6.040268E-02
  6.711409E-02
  7.382550E-02
  8.053691E-02
  8.724832E-02
  9.395973E-02
  1.006711E-01
  1.073825E-01
  1.140940E-01
  1.208054E-01
  1.275168E-01
  1.342282E-01
  1.409396E-01
  1.476510E-01
  1.543624E-01
  1.610738E-01
  1.677852E-01
  1.744966E-01
  1.812081E-01
  1.879195E-01
  1.946309E-01
  2.013423E-01
  2.080537E-01
  2.147651E-01
  2.214765E-01
  2.281879E-01
  2.348993E-01
  2.416107E-01
  2.483221E-01
  2.550336E-01
  2.617450E-01
  2.684564E-01
  2.751678E-01
  2.818792E-01
  2.885906E-01
  2.953020E-01
  3.020134E-01
  3.087248E-01
  3.154362E-01
  3.221476E-01
  3.288591E-01
  3.355705E-01
  3.422819E-01
  3.489933E-01
  3.557047E-01
  3.624161E-01
  3.691275E-01
  3.758389E-01
  3.825503E-01
  3.892617E-01
  3.959732E-01
  4.026846E-01
  4.093960E-01
  4.161074E-01
  4.228188E-01
  4.295302E-01
  4.362416E-01
  4.429530E-01
  4.496644E-01
  4.563758E-01
  4.630872E-01
  4.697987E-01
  4.765101E-01
  4.832215E-01
  4.899329E-01
  4.966443E-01
  5.033557E-01
  5.100671E-01
  5.167785E-01
  5.234899E-01
  5.302013E-01
  5.369128E-01
  5.436242E-01
  5.503356E-01
  5.570470E-01
  5.637584E-01
  5.704698E-01
  5.771812E-01
  5.838926E-01
  5.906040E-01
  5.973154E-01
  6.040268E-01
  6.107383E-01
  6.174497E-01
  6.241611E-01
  6.308725E-01
  6.375839E-01
  6.442953E-01
  6.510067E-01
  6.577181E-01
  6.644295E-01
  6.711409E-01
  6.778524E-01
  6.845638E-01
  6.912752E-01
  6.979866E-01
  7.046980E-01
  7.114094E-01
  7.181208E-01
  7.248322E-01
  7.315436E-01
  7.382550E-01
  7.449664E-01
  7.516779E-01
  7.583893E-01
  7.651007E-01
  7.718121E-01
  7.785235E-01
  7.852349E-01
  7.919463E-01
  7.986577E-01
  8.053691E-01
  8.120805E-01
  8.187919E-01
  8.255034E-01
  8.322148E-01
  8.389262E-01
  8.456376E-01
  8.523490E-01
  8.590604E-01
  8.657718E-01
  8.724832E-01
  8.791946E-01
  8.859060E-01
  8.926175E-01
  8.993289E-01
  9.060403E-01
  9.127517E-01
  9.194631E-01
  9.261745E-01
  9.328859E-01
  9.395973E-01
  9.463087E-01
  9.530201E-01
  9.597315E-01
  9.664430E-01
  9.731544E-01
  9.798658E-01
  9.865772E-01
  9.932886E-01
  1.000000E+00
  0.000000E+00
  0.000000E+00
  0.000000E+00
  0.000000E+00
  0.000000E+00
  0.000000E+00
  0.000000E+00
  0.000000E+00
  0.000000E+00
  0.000000E+00
  0.000000E+00
  0.000000E+00
  0.000000E+00
  0.000000E+00
  0.000000E+00
  0.000000E+00
  0.000000E+00
  0.000000E+00
  0.000000E+00
  0.000000E+00
  0.000000E+00
  0.000000E+00
  0.000000E+00
  0.000000E+00
  0.000000E+00
  0.000000E+00
  0.000000E+00
  0.000000E+00
  0.000000E+00
  0.000000E+00
  0.000000E+00
  0.000000E+00
  0.000000E+00
  0.000000E+00
  0.000000E+00
  0.000000E+00
  0.000000E+00
  0.000000E+00
  0.000000E+00
  0.000000E+00
  0.000000E+00
  0.000000E+00
  0.000000E+00
  0.000000E+00
  0.000000E+00
  0.000000E+00
  0.000000E+00
  0.000000E+00
  0.000000E+00
  0.000000E+00
  0.000000E+00
  0.000000E+00
  0.000000E+00
  0.000000E+00
  0.000000E+00
  0.000000E+00
  0.000000E+00
  0.000000E+00
  0.000000E+00
  0.000000E+00
  0.000000E+00
  0.000000E+00
  0.000000E+00
  0.000000E+00
  0.000000E+00
  0.000000E+00
  0.000000E+00
  0.000000E+00
  0.000000E+00
  0.000000E+00
  0.000000E+00
  0.000000E+00
  0.000000E+00
  0.000000E+00
  0.000000E+00
  0.000000E+00
  0.000000E+00
  0.000000E+00
  0.000000E+00
  0.000000E+00
  0.000000E+00
  0.000000E+00
  0.000000E+00
  0.000000E+00
  0.000000E+00
  0.000000E+00
  0.000000E+00
  0.000000E+00
  0.000000E+00
  0.000000E+00
  0.000000E+00
  0.000000E+00
  0.000000E+00
  0.000000E+00
  0.000000E+00
  0.000000E+00
  0.000000E+00
  0.000000E+00
  0.000000E+00
  0.000000E+00
  0.000000E+00
  0.000000E+00
  0.000000E+00
  0.000000E+00
  0.000000E+00
  0.000000E+00
  0.000000E+00
  0.000000E+00
  0.000000E+00
  0.000000E+00
  0.000000E+00
  0.000000E+00
  0.000000E+00
  0.000000E+00
  0.000000E+00
  0.000000E+00
  0.000000E+00
  0.000000E+00
  0.000000E+00
  0.000000E+00
  0.000000E+00
  0.000000E+00
  0.000000E+00
  0.000000E+00
  0.000000E+00
  0.000000E+00
  0.000000E+00
  0.000000E+00
  0.000000E+00
  0.000000E+00
  0.000000E+00
  0.000000E+00
  0.000000E+00
  0.000000E+00
  0.000000E+00
  0.000000E+00
  0.000000E+00
  0.000000E+00
  0.000000E+00
  0.000000E+00
  0.000000E+00
  0.000000E+00
  0.000000E+00
  0.000000E+00
  0.000000E+00
  0.000000E+00
  0.000000E+00
  0.000000E+00
  0.000000E+00
  0.000000E+00
  0.000000E+00
  0.000000E+00
  0.000000E+00
  0.000000E+00
  0.000000E+00
  0.000000E+00
  0.000000E+00
  0.000000E+00
  0.000000E+00
  0.000000E+00
  0.000000E+00
  0.000000E+00
  0.000000E+00
  0.000000E+00
  0.000000E+00
  0.000000E+00
  0.000000E+00
  0.000000E+00
  0.000000E+00
  0.000000E+00
  0.000000E+00
  0.000000E+00
  0.000000E+00
  0.000000E+00
  0.000000E+00
  0.000000E+00
  0.000000E+00
  0.000000E+00
  0.000000E+00
  0.000000E+00
  0.000000E+00
  0.000000E+00
  0.000000E+00
  0.000000E+00
  0.000000E+00
  0.000000E+00
  0.000000E+00
  0.000000E+00
  0.000000E+00
  0.000000E+00
  0.000000E+00
  0.000000E+00
  0.000000E+00
  0.000000E+00
  0.000000E+00
  0.000000E+00
  0.000000E+00
  0.000000E+00
  0.000000E+00
  0.000000E+00
  0.000000E+00
  0.000000E+00
  0.000000E+00
  0.000000E+00
  0.000000E+00
  0.000000E+00
  0.000000E+00
  0.000000E+00
  0.000000E+00
  0.000000E+00
  0.000000E+00
  0.000000E+00
  0.000000E+00
  0.000000E+00
  0.000000E+00
  0.000000E+00
  0.000000E+00
  0.000000E+00
  0.000000E+00
  0.000000E+00
  0.000000E+00
  0.000000E+00
  0.000000E+00
  0.000000E+00
  0.000000E+00
  0.000000E+00
  0.000000E+00
  0.000000E+00
  0.000000E+00
  0.000000E+00
  0.000000E+00
  0.000000E+00
  0.000000E+00
  0.000000E+00
  0.000000E+00
  0.000000E+00
  0.000000E+00
  0.000000E+00
  0.000000E+00
  0.000000E+00
  0.000000E+00
  0.000000E+00
  0.000000E+00
  0.000000E+00
  0.000000E+00
  0.000000E+00
  0.000000E+00
  0.000000E+00
  0.000000E+00
  0.000000E+00
  0.000000E+00
  0.000000E+00
  0.000000E+00
  0.000000E+00
  0.000000E+00
  0.000000E+00
  0.000000E+00
  0.000000E+00
  0.000000E+00
  0.000000E+00
  0.000000E+00
  0.000000E+00
  0.000000E+00
  0.000000E+00
  0.000000E+00
  0.000000E+00
  0.000000E+00
  0.000000E+00
  0.000000E+00
  0.000000E+00
  0.000000E+00
  0.000000E+00
  0.000000E+00
  0.000000E+00
  0.000000E+00
  0.000000E+00
  0.000000E+00
  0.000000E+00
  0.000000E+00
  0.000000E+00
  0.000000E+00
  0.000000E+00
  0.000000E+00
  0.000000E+00
  0.000000E+00
  0.000000E+00
  0.000000E+00
  0.000000E+00
  0.000000E+00
  0.000000E+00
  0.000000E+00
  0.000000E+00
  0.000000E+00
  0.000000E+00
  0.000000E+00
  0.000000E+00
  0.000000E+00
  0.000000E+00
  0.000000E+00
  0.000000E+00
  1.000000E-08
  1.691809E-02
  3.383618E-02
  5.075427E-02
  6.767237E-02
  8.459046E-02
  1.015085E-01
  1.184266E-01
  1.353447E-01
  1.522628E-01
  1.691809E-01
  1.860990E-01
  2.030171E-01
  2.199352E-01
  2.368533E-01
  2.537714E-01
  2.706895E-01
  2.876076E-01
  3.045256E-01
  3.214437E-01
  3.383618E-01
  3.552799E-01
  3.721980E-01
  3.891161E-01
  4.060342E-01
  4.229523E-01
  4.398704E-01
  4.567885E-01
  4.737066E-01
  4.906247E-01
  5.075427E-01
  5.244608E-01
  5.413789E-01
  5.582970E-01
  5.752151E-01
  5.921332E-01
  6.090513E-01
  6.259694E-01
  6.428875E-01
  6.598056E-01
  6.767237E-01
  6.936418E-01
  7.105598E-01
  7.274779E-01
  7.443960E-01
  7.613141E-01
  7.782322E-01
  7.951503E-01
  8.120684E-01
  8.289865E-01
  8.459046E-01
  8.628227E-01
  8.797408E-01
  8.966589E-01
  9.135769E-01
  9.304950E-01
  9.474131E-01
  9.643312E-01
  9.812493E-01
  9.981674E-01
  1.015085E+00
  1.032004E+00
  1.048922E+00
  1.065840E+00
  1.082758E+00
  1.099676E+00
  1.116594E+00
  1.133512E+00
  1.150430E+00
  1.167348E+00
  1.184266E+00
  1.201185E+00
  1.218103E+00
  1.235021E+00
  1.251939E+00
  1.268857E+00
  1.285775E+00
  1.302693E+00
  1.319611E+00
  1.336529E+00
  1.353447E+00
  1.370365E+00
  1.387284E+00
  1.404202E+00
  1.421120E+00
  1.438038E+00
  1.454956E+00
  1.471874E+00
  1.488792E+00
  1.505710E+00
  1.522628E+00
  1.539546E+00
  1.556464E+00
  1.573383E+00
  1.590301E+00
  1.607219E+00
  1.624137E+00
  1.641055E+00
  1.657973E+00
  1.674891E+00
  1.691809E+00
  1.708727E+00
  1.725645E+00
  1.742563E+00
  1.759482E+00
  1.776400E+00
  1.793318E+00
  1.810236E+00
  1.827154E+00
  1.844072E+00
  1.860990E+00
  1.877908E+00
  1.894826E+00
  1.911744E+00
  1.928662E+00
  1.945581E+00
  1.962499E+00
  1.979417E+00
  1.996335E+00
  2.013253E+00
  2.030171E+00
  2.047089E+00
  2.064007E+00
  2.080925E+00
  2.097843E+00
  2.114761E+00
  2.131680E+00
  2.148598E+00
  2.165516E+00
  2.182434E+00
  2.199352E+00
  2.216270E+00
  2.233188E+00
  2.250106E+00
  2.267024E+00
  2.283942E+00
  2.300860E+00
  2.317779E+00
  2.334697E+00
  2.351615E+00
  2.368533E+00
  2.385451E+00
  2.402369E+00
  2.419287E+00
  2.436205E+00
  2.453123E+00
  2.470041E+00
  2.486959E+00
  2.503878E+00
  2.520796E+00
  1.097805E+04
  1.097657E+04
  1.097510E+04
  1.097363E+04
  1.097215E+04
  1.097068E+04
  1.096921E+04
  1.096773E+04
  1.096626E+04
  1.096191E+04
  1.095744E+04
  1.095297E+04
  1.094851E+04
  1.094404E+04
  1.093957E+04
  1.093510E+04
  1.092975E+04
  1.092256E+04
  1.091537E+04
  1.090818E+04
  1.090099E+04
  1.089380E+04
  1.088660E+04
  1.087923E+04
  1.086939E+04
  1.085954E+04
  1.084969E+04
  1.083984E+04
  1.082999E+04
  1.082014E+04
  1.080979E+04
  1.079707E+04
  1.078434E+04
  1.077161E+04
  1.075889E+04
  1.074616E+04
  1.073344E+04
  1.071880E+04
  1.070302E+04
  1.068724E+04
  1.067146E+04
  1.065569E+04
  1.063991E+04
  1.062287E+04
  1.060397E+04
  1.058507E+04
  1.056617E+04
  1.054727E+04
  1.052837E+04
  1.050787E+04
  1.048573E+04
  1.046360E+04
  1.044146E+04
  1.041932E+04
  1.039719E+04
  1.037204E+04
  1.034648E+04
  1.032092E+04
  1.029536E+04
  1.026981E+04
  1.024231E+04
  1.021321E+04
  1.018411E+04
  1.015500E+04
  1.012590E+04
  1.009501E+04
  1.006217E+04
  1.002932E+04
  9.996484E+03
  9.963644E+03
  9.928112E+03
  9.891228E+03
  9.854345E+03
  9.817462E+03
  9.780190E+03
  9.739097E+03
  9.698006E+03
  9.656915E+03
  9.615825E+03
  9.571574E+03
  9.526260E+03
  9.480947E+03
  9.435635E+03
  9.387723E+03
  9.338226E+03
  9.288730E+03
  9.239236E+03
  9.187041E+03
  9.133692E+03
  9.080347E+03
  9.027005E+03
  8.970428E+03
  8.913777E+03
  8.857133E+03
  8.799135E+03
  8.739398E+03
  8.679674E+03
  8.619728E+03
  8.556906E+03
  8.494113E+03
  8.431347E+03
  8.366110E+03
  8.300581E+03
  8.235094E+03
  8.167127E+03
  8.098761E+03
  8.030445E+03
  7.958488E+03
  7.886456E+03
  7.813432E+03
  7.736923E+03
  7.660465E+03
  7.580940E+03
  7.499605E+03
  7.417515E+03
  7.331139E+03
  7.244801E+03
  7.154425E+03
  7.063115E+03
  6.969088E+03
  6.873083E+03
  6.775019E+03
  6.674525E+03
  6.572117E+03
  6.467332E+03
  6.360468E+03
  6.251794E+03
  6.140624E+03
  6.028483E+03
  5.913240E+03
  5.796985E+03
  5.678910E+03
  5.558783E+03
  5.437348E+03
  5.314221E+03
  5.188785E+03
  5.061591E+03
  4.932489E+03
  4.801512E+03
  4.669472E+03
  4.541133E+03
  4.426593E+03
  4.341961E+03
  4.314335E+03
  4.405340E+03
  4.539119E+03
  4.288108E+03
  4.577606E+03
  1.333683E+03
  7.258997E-03
  5.968868E+02
  5.968705E+02
  5.968541E+02
  5.968378E+02
  5.968215E+02
  5.968051E+02
  5.967888E+02
  5.967725E+02
  5.967562E+02
  5.967348E+02
  5.967133E+02
  5.966918E+02
  5.966703E+02
  5.966488E+02
  5.966273E+02
  5.966058E+02
  5.966027E+02
  5.966381E+02
  5.966735E+02
  5.967089E+02
  5.967444E+02
  5.967799E+02
  5.968153E+02
  5.968546E+02
  5.969466E+02
  5.970387E+02
  5.971308E+02
  5.972229E+02
  5.973150E+02
  5.974072E+02
  5.974998E+02
  5.975946E+02
  5.976895E+02
  5.977844E+02
  5.978793E+02
  5.979743E+02
  5.980694E+02
  5.981546E+02
  5.982340E+02
  5.983135E+02
  5.983931E+02
  5.984728E+02
  5.985525E+02
  5.986251E+02
  5.986871E+02
  5.987493E+02
  5.988116E+02
  5.988741E+02
  5.989368E+02
  5.989691E+02
  5.989704E+02
  5.989719E+02
  5.989737E+02
  5.989756E+02
  5.989778E+02
  5.988607E+02
  5.987276E+02
  5.985948E+02
  5.984621E+02
  5.983296E+02
  5.981075E+02
  5.978111E+02
  5.975148E+02
  5.972187E+02
  5.969229E+02
  5.965486E+02
  5.960892E+02
  5.956300E+02
  5.951711E+02
  5.947123E+02
  5.941490E+02
  5.935334E+02
  5.929180E+02
  5.923029E+02
  5.916772E+02
  5.909465E+02
  5.902161E+02
  5.894860E+02
  5.887563E+02
  5.878888E+02
  5.869752E+02
  5.860619E+02
  5.851489E+02
  5.839503E+02
  5.825772E+02
  5.812041E+02
  5.798310E+02
  5.779526E+02
  5.758577E+02
  5.737626E+02
  5.716672E+02
  5.687214E+02
  5.657548E+02
  5.627888E+02
  5.593405E+02
  5.552730E+02
  5.512086E+02
  5.470557E+02
  5.417851E+02
  5.365228E+02
  5.312686E+02
  5.253177E+02
  5.192852E+02
  5.132653E+02
  5.071166E+02
  5.009566E+02
  4.948103E+02
  4.889276E+02
  4.830659E+02
  4.773357E+02
  4.720205E+02
  4.667141E+02
  4.618591E+02
  4.572735E+02
  4.528166E+02
  4.490320E+02
  4.452498E+02
  4.421053E+02
  4.391121E+02
  4.365392E+02
  4.342724E+02
  4.322533E+02
  4.305258E+02
  4.289200E+02
  4.274657E+02
  4.260714E+02
  4.247308E+02
  4.234324E+02
  4.221540E+02
  4.209512E+02
  4.198076E+02
  4.187669E+02
  4.179452E+02
  4.173194E+02
  4.169889E+02
  4.172147E+02
  4.179837E+02
  4.194784E+02
  4.219863E+02
  4.261457E+02
  4.334151E+02
  4.460244E+02
  4.678210E+02
  5.051618E+02
  5.707803E+02
  6.568633E+02
  7.002832E+02
  8.259865E+02
  3.715417E+02
  2.325636E-03
  2.005355E+03
  2.005002E+03
  2.004648E+03
  2.004295E+03
  2.003942E+03
  2.003588E+03
  2.003235E+03
  2.002881E+03
  2.002528E+03
  2.001526E+03
  2.000498E+03
  1.999470E+03
  1.998442E+03
  1.997413E+03
  1.996385E+03
  1.995357E+03
  1.994151E+03
  1.992573E+03
  1.990994E+03
  1.989415E+03
  1.987837E+03
  1.986258E+03
  1.984680E+03
  1.983063E+03
  1.980913E+03
  1.978763E+03
  1.976614E+03
  1.974464E+03
  1.972314E+03
  1.970165E+03
  1.967892E+03
  1.965032E+03
  1.962172E+03
  1.959312E+03
  1.956452E+03
  1.953593E+03
  1.950733E+03
  1.947369E+03
  1.943703E+03
  1.940037E+03
  1.936371E+03
  1.932706E+03
  1.929040E+03
  1.925045E+03
  1.920567E+03
  1.916088E+03
  1.911609E+03
  1.907130E+03
  1.902652E+03
  1.897790E+03
  1.892537E+03
  1.887285E+03
  1.882032E+03
  1.876779E+03
  1.871527E+03
  1.865631E+03
  1.859647E+03
  1.853663E+03
  1.847679E+03
  1.841695E+03
  1.835323E+03
  1.828629E+03
  1.821935E+03
  1.815240E+03
  1.808546E+03
  1.801477E+03
  1.793999E+03
  1.786537E+03
  1.779059E+03
  1.771580E+03
  1.763524E+03
  1.755177E+03
  1.746830E+03
  1.738482E+03
  1.730066E+03
  1.720968E+03
  1.711871E+03
  1.702773E+03
  1.693676E+03
  1.684164E+03
  1.674513E+03
  1.664862E+03
  1.655211E+03
  1.645284E+03
  1.635189E+03
  1.625093E+03
  1.614998E+03
  1.604804E+03
  1.594568E+03
  1.584333E+03
  1.574098E+03
  1.564177E+03
  1.554265E+03
  1.544355E+03
  1.534599E+03
  1.525041E+03
  1.515489E+03
  1.505935E+03
  1.496309E+03
  1.486694E+03
  1.477080E+03
  1.467147E+03
  1.457187E+03
  1.447244E+03
  1.436673E+03
  1.426008E+03
  1.415365E+03
  1.403294E+03
  1.391196E+03
  1.378631E+03
  1.364432E+03
  1.350253E+03
  1.334571E+03
  1.317999E+03
  1.301058E+03
  1.282042E+03
  1.263038E+03
  1.242132E+03
  1.220780E+03
  1.198271E+03
  1.174917E+03
  1.150905E+03
  1.126116E+03
  1.100956E+03
  1.075335E+03
  1.049568E+03
  1.023675E+03
  9.979727E+02
  9.723476E+02
  9.475092E+02
  9.231377E+02
  8.996067E+02
  8.774652E+02
  8.563517E+02
  8.366866E+02
  8.192102E+02
  8.034878E+02
  7.898727E+02
  7.789119E+02
  7.720067E+02
  7.728890E+02
  7.879074E+02
  8.283109E+02
  9.109675E+02
  1.062902E+03
  1.252126E+03
  1.305073E+03
  1.410540E+03
  3.868409E-01
  2.257110E-08
  1.232614E+00
  1.232449E+00
  1.232283E+00
  1.232118E+00
  1.231952E+00
  1.231787E+00
  1.231621E+00
  1.231456E+00
  1.231290E+00
  1.230802E+00
  1.230300E+00
  1.229799E+00
  1.229297E+00
  1.228795E+00
  1.228294E+00
  1.227792E+00
  1.227192E+00
  1.226384E+00
  1.225577E+00
  1.224769E+00
  1.223962E+00
  1.223154E+00
  1.222347E+00
  1.221519E+00
  1.220414E+00
  1.219308E+00
  1.218202E+00
  1.217096E+00
  1.215990E+00
  1.214884E+00
  1.213722E+00
  1.212294E+00
  1.210865E+00
  1.209436E+00
  1.208007E+00
  1.206578E+00
  1.205149E+00
  1.203506E+00
  1.201734E+00
  1.199963E+00
  1.198191E+00
  1.196419E+00
  1.194648E+00
  1.192735E+00
  1.190612E+00
  1.188490E+00
  1.186368E+00
  1.184246E+00
  1.182125E+00
  1.179823E+00
  1.177337E+00
  1.174852E+00
  1.172366E+00
  1.169881E+00
  1.167395E+00
  1.164571E+00
  1.161702E+00
  1.158832E+00
  1.155962E+00
  1.153093E+00
  1.150006E+00
  1.146738E+00
  1.143470E+00
  1.140203E+00
  1.136935E+00
  1.133467E+00
  1.129779E+00
  1.126092E+00
  1.122404E+00
  1.118717E+00
  1.114728E+00
  1.110586E+00
  1.106445E+00
  1.102304E+00
  1.098119E+00
  1.093505E+00
  1.088891E+00
  1.084277E+00
  1.079664E+00
  1.074695E+00
  1.069608E+00
  1.064520E+00
  1.059432E+00
  1.054053E+00
  1.048495E+00
  1.042938E+00
  1.037381E+00
  1.031520E+00
  1.025530E+00
  1.019540E+00
  1.013551E+00
  1.007199E+00
  1.000838E+00
  9.944781E-01
  9.879661E-01
  9.812587E-01
  9.745530E-01
  9.678223E-01
  9.607686E-01
  9.537182E-01
  9.466709E-01
  9.393460E-01
  9.319884E-01
  9.246356E-01
  9.170043E-01
  9.093281E-01
  9.016576E-01
  8.935783E-01
  8.854905E-01
  8.772914E-01
  8.687010E-01
  8.601163E-01
  8.511872E-01
  8.420549E-01
  8.328379E-01
  8.231396E-01
  8.134456E-01
  8.032981E-01
  7.930459E-01
  7.824885E-01
  7.717091E-01
  7.606985E-01
  7.494150E-01
  7.379167E-01
  7.261515E-01
  7.141527E-01
  7.019508E-01
  6.894687E-01
  6.768775E-01
  6.639380E-01
  6.508849E-01
  6.376275E-01
  6.241396E-01
  6.105049E-01
  5.966802E-01
  5.825963E-01
  5.683149E-01
  5.538194E-01
  5.391133E-01
  5.242879E-01
  5.098780E-01
  4.970174E-01
  4.875150E-01
  4.844131E-01
  4.946312E-01
  5.096519E-01
  4.814683E-01
  5.139731E-01
  1.497458E-01
  8.150395E-07
  1.087000E+00
  1.086970E+00
  1.086940E+00
  1.086911E+00
  1.086881E+00
  1.086851E+00
  1.086821E+00
  1.086792E+00
  1.086762E+00
  1.086723E+00
  1.086684E+00
  1.086645E+00
  1.086606E+00
  1.086566E+00
  1.086527E+00
  1.086488E+00
  1.086482E+00
  1.086547E+00
  1.086611E+00
  1.086676E+00
  1.086740E+00
  1.086805E+00
  1.086870E+00
  1.086941E+00
  1.087109E+00
  1.087276E+00
  1.087444E+00
  1.087612E+00
  1.087780E+00
  1.087947E+00
  1.088116E+00
  1.088289E+00
  1.088462E+00
  1.088634E+00
  1.088807E+00
  1.088980E+00
  1.089153E+00
  1.089309E+00
  1.089453E+00
  1.089598E+00
  1.089743E+00
  1.089888E+00
  1.090033E+00
  1.090166E+00
  1.090278E+00
  1.090392E+00
  1.090505E+00
  1.090619E+00
  1.090733E+00
  1.090792E+00
  1.090794E+00
  1.090797E+00
  1.090800E+00
  1.090804E+00
  1.090808E+00
  1.090595E+00
  1.090352E+00
  1.090110E+00
  1.089869E+00
  1.089627E+00
  1.089223E+00
  1.088683E+00
  1.088143E+00
  1.087604E+00
  1.087065E+00
  1.086384E+00
  1.085547E+00
  1.084711E+00
  1.083875E+00
  1.083040E+00
  1.082014E+00
  1.080893E+00
  1.079772E+00
  1.078652E+00
  1.077513E+00
  1.076182E+00
  1.074852E+00
  1.073522E+00
  1.072193E+00
  1.070613E+00
  1.068950E+00
  1.067286E+00
  1.065624E+00
  1.063441E+00
  1.060940E+00
  1.058440E+00
  1.055939E+00
  1.052518E+00
  1.048703E+00
  1.044888E+00
  1.041072E+00
  1.035707E+00
  1.030305E+00
  1.024903E+00
  1.018624E+00
  1.011216E+00
  1.003815E+00
  9.962516E-01
  9.866532E-01
  9.770699E-01
  9.675015E-01
  9.566642E-01
  9.456783E-01
  9.347154E-01
  9.235178E-01
  9.122997E-01
  9.011066E-01
  8.903935E-01
  8.797188E-01
  8.692834E-01
  8.596039E-01
  8.499402E-01
  8.410987E-01
  8.327479E-01
  8.246312E-01
  8.177392E-01
  8.108512E-01
  8.051247E-01
  7.996739E-01
  7.949882E-01
  7.908602E-01
  7.871833E-01
  7.840371E-01
  7.811128E-01
  7.784644E-01
  7.759252E-01
  7.734838E-01
  7.711192E-01
  7.687912E-01
  7.666008E-01
  7.645181E-01
  7.626228E-01
  7.611265E-01
  7.599868E-01
  7.593849E-01
  7.597962E-01
  7.611966E-01
  7.639186E-01
  7.684858E-01
  7.760606E-01
  7.892989E-01
  8.122620E-01
  8.519561E-01
  9.199579E-01
  1.039457E+00
  1.196224E+00
  1.275296E+00
  1.504217E+00
  6.766203E-01
  4.235251E-06
  1.257784E+00
  1.257563E+00
  1.257341E+00
  1.257119E+00
  1.256898E+00
  1.256676E+00
  1.256454E+00
  1.256233E+00
  1.256011E+00
  1.255383E+00
  1.254738E+00
  1.254093E+00
  1.253448E+00
  1.252803E+00
  1.252158E+00
  1.251513E+00
  1.250757E+00
  1.249767E+00
  1.248777E+00
  1.247787E+00
  1.246797E+00
  1.245806E+00
  1.244816E+00
  1.243802E+00
  1.242454E+00
  1.241106E+00
  1.239757E+00
  1.238409E+00
  1.237061E+00
  1.235712E+00
  1.234287E+00
  1.232493E+00
  1.230699E+00
  1.228906E+00
  1.227112E+00
  1.225318E+00
  1.223525E+00
  1.221415E+00
  1.219115E+00
  1.216816E+00
  1.214517E+00
  1.212218E+00
  1.209918E+00
  1.207413E+00
  1.204604E+00
  1.201795E+00
  1.198986E+00
  1.196176E+00
  1.193367E+00
  1.190318E+00
  1.187024E+00
  1.183729E+00
  1.180435E+00
  1.177140E+00
  1.173846E+00
  1.170147E+00
  1.166394E+00
  1.162641E+00
  1.158888E+00
  1.155134E+00
  1.151138E+00
  1.146939E+00
  1.142741E+00
  1.138542E+00
  1.134343E+00
  1.129909E+00
  1.125219E+00
  1.120539E+00
  1.115848E+00
  1.111158E+00
  1.106105E+00
  1.100869E+00
  1.095634E+00
  1.090398E+00
  1.085119E+00
  1.079413E+00
  1.073707E+00
  1.068001E+00
  1.062295E+00
  1.056329E+00
  1.050276E+00
  1.044223E+00
  1.038170E+00
  1.031943E+00
  1.025611E+00
  1.019279E+00
  1.012947E+00
  1.006554E+00
  1.000134E+00
  9.937139E-01
  9.872947E-01
  9.810717E-01
  9.748548E-01
  9.686392E-01
  9.625198E-01
  9.565254E-01
  9.505342E-01
  9.445419E-01
  9.385043E-01
  9.324736E-01
  9.264433E-01
  9.202134E-01
  9.139661E-01
  9.077298E-01
  9.010995E-01
  8.944104E-01
  8.877348E-01
  8.801642E-01
  8.725759E-01
  8.646949E-01
  8.557890E-01
  8.468959E-01
  8.370598E-01
  8.266659E-01
  8.160404E-01
  8.041132E-01
  7.921936E-01
  7.790809E-01
  7.656891E-01
  7.515709E-01
  7.369230E-01
  7.218622E-01
  7.063147E-01
  6.905340E-01
  6.744639E-01
  6.583026E-01
  6.420623E-01
  6.259413E-01
  6.098689E-01
  5.942899E-01
  5.790038E-01
  5.642448E-01
  5.503574E-01
  5.371147E-01
  5.247806E-01
  5.138191E-01
  5.039578E-01
  4.954183E-01
  4.885435E-01
  4.842125E-01
  4.847659E-01
  4.941856E-01
  5.195272E-01
  5.713705E-01
  6.666659E-01
  7.853493E-01
  8.185584E-01
  8.847088E-01
  2.426315E-04
  1.415688E-11
  9.721129E-01
  9.719824E-01
  9.718520E-01
  9.717215E-01
  9.715910E-01
  9.714606E-01
  9.713301E-01
  9.711996E-01
  9.710692E-01
  9.706841E-01
  9.702885E-01
  9.698929E-01
  9.694974E-01
  9.691018E-01
  9.687062E-01
  9.683106E-01
  9.678372E-01
  9.672005E-01
  9.665637E-01
  9.659270E-01
  9.652902E-01
  9.646535E-01
  9.640167E-01
  9.633643E-01
  9.624922E-01
  9.616202E-01
  9.607482E-01
  9.598761E-01
  9.590041E-01
  9.581321E-01
  9.572159E-01
  9.560891E-01
  9.549623E-01
  9.538356E-01
  9.527088E-01
  9.515821E-01
  9.504554E-01
  9.491596E-01
  9.477625E-01
  9.463654E-01
  9.449683E-01
  9.435712E-01
  9.421742E-01
  9.406654E-01
  9.389920E-01
  9.373185E-01
  9.356452E-01
  9.339718E-01
  9.322985E-01
  9.304834E-01
  9.285232E-01
  9.265630E-01
  9.246029E-01
  9.226429E-01
  9.206829E-01
  9.184560E-01
  9.161929E-01
  9.139297E-01
  9.116666E-01
  9.094036E-01
  9.069690E-01
  9.043920E-01
  9.018150E-01
  8.992380E-01
  8.966611E-01
  8.939254E-01
  8.910173E-01
  8.881091E-01
  8.852010E-01
  8.822930E-01
  8.791466E-01
  8.758804E-01
  8.726142E-01
  8.693481E-01
  8.660475E-01
  8.624086E-01
  8.587697E-01
  8.551309E-01
  8.514922E-01
  8.475735E-01
  8.435607E-01
  8.395479E-01
  8.355353E-01
  8.312924E-01
  8.269091E-01
  8.225260E-01
  8.181430E-01
  8.135210E-01
  8.087968E-01
  8.040730E-01
  7.993494E-01
  7.943397E-01
  7.893234E-01
  7.843077E-01
  7.791723E-01
  7.738829E-01
  7.685947E-01
  7.632868E-01
  7.577243E-01
  7.521641E-01
  7.466062E-01
  7.408291E-01
  7.350259E-01
  7.292262E-01
  7.232066E-01
  7.171512E-01
  7.111002E-01
  7.047265E-01
  6.983460E-01
  6.918776E-01
  6.851008E-01
  6.783284E-01
  6.712846E-01
  6.640809E-01
  6.568104E-01
  6.491611E-01
  6.415152E-01
  6.335124E-01
  6.254272E-01
  6.171019E-01
  6.086018E-01
  5.999196E-01
  5.910225E-01
  5.819561E-01
  5.726793E-01
  5.632182E-01
  5.535969E-01
  5.437544E-01
  5.338258E-01
  5.236222E-01
  5.133287E-01
  5.028738E-01
  4.922369E-01
  4.814839E-01
  4.705805E-01
  4.594724E-01
  4.482084E-01
  4.367752E-01
  4.251756E-01
  4.134817E-01
  4.021153E-01
  3.919706E-01
  3.844741E-01
  3.820251E-01
  3.900803E-01
  4.019225E-01
  3.796927E-01
  4.053224E-01
  1.445392E-01
  5.275828E-02
  5.285469E-02
  5.285325E-02
  5.285180E-02
  5.285036E-02
  5.284891E-02
  5.284747E-02
  5.284603E-02
  5.284458E-02
  5.284314E-02
  5.284125E-02
  5.283935E-02
  5.283745E-02
  5.283555E-02
  5.283365E-02
  5.283175E-02
  5.282985E-02
  5.282957E-02
  5.283271E-02
  5.283586E-02
  5.283900E-02
  5.284214E-02
  5.284529E-02
  5.284843E-02
  5.285191E-02
  5.286007E-02
  5.286823E-02
  5.287639E-02
  5.288455E-02
  5.289272E-02
  5.290088E-02
  5.290909E-02
  5.291749E-02
  5.292590E-02
  5.293431E-02
  5.294273E-02
  5.295115E-02
  5.295958E-02
  5.296713E-02
  5.297417E-02
  5.298122E-02
  5.298827E-02
  5.299534E-02
  5.300241E-02
  5.300885E-02
  5.301435E-02
  5.301986E-02
  5.302539E-02
  5.303094E-02
  5.303649E-02
  5.303936E-02
  5.303949E-02
  5.303963E-02
  5.303979E-02
  5.303997E-02
  5.304017E-02
  5.302981E-02
  5.301803E-02
  5.300627E-02
  5.299453E-02
  5.298280E-02
  5.296314E-02
  5.293689E-02
  5.291066E-02
  5.288445E-02
  5.285825E-02
  5.282512E-02
  5.278444E-02
  5.274378E-02
  5.270313E-02
  5.266251E-02
  5.261263E-02
  5.255811E-02
  5.250361E-02
  5.244913E-02
  5.239373E-02
  5.232901E-02
  5.226433E-02
  5.219967E-02
  5.213504E-02
  5.205821E-02
  5.197730E-02
  5.189641E-02
  5.181554E-02
  5.170939E-02
  5.158779E-02
  5.146619E-02
  5.134458E-02
  5.117823E-02
  5.099272E-02
  5.080720E-02
  5.062165E-02
  5.036080E-02
  5.009812E-02
  4.983549E-02
  4.953016E-02
  4.917001E-02
  4.881013E-02
  4.844241E-02
  4.797572E-02
  4.750975E-02
  4.704449E-02
  4.651752E-02
  4.598330E-02
  4.545018E-02
  4.490563E-02
  4.436007E-02
  4.381571E-02
  4.329468E-02
  4.277551E-02
  4.226797E-02
  4.179719E-02
  4.132718E-02
  4.089716E-02
  4.049101E-02
  4.009626E-02
  3.976110E-02
  3.942613E-02
  3.914769E-02
  3.888266E-02
  3.865487E-02
  3.845421E-02
  3.827550E-02
  3.812263E-02
  3.798055E-02
  3.785189E-02
  3.772854E-02
  3.760995E-02
  3.749509E-02
  3.738199E-02
  3.727557E-02
  3.717438E-02
  3.708228E-02
  3.700956E-02
  3.695415E-02
  3.692486E-02
  3.694481E-02
  3.701283E-02
  3.714509E-02
  3.736704E-02
  3.773520E-02
  3.837871E-02
  3.949504E-02
  4.142484E-02
  4.473098E-02
  5.054096E-02
  5.816286E-02
  6.200694E-02
  7.313666E-02
  4.026620E-02
  1.690268E-02
  1.775754E-01
  1.775441E-01
  1.775129E-01
  1.774816E-01
  1.774503E-01
  1.774190E-01
  1.773877E-01
  1.773564E-01
  1.773251E-01
  1.772365E-01
  1.771454E-01
  1.770544E-01
  1.769633E-01
  1.768723E-01
  1.767812E-01
  1.766902E-01
  1.765834E-01
  1.764437E-01
  1.763039E-01
  1.761641E-01
  1.760244E-01
  1.758846E-01
  1.757448E-01
  1.756017E-01
  1.754113E-01
  1.752210E-01
  1.750307E-01
  1.748403E-01
  1.746500E-01
  1.744597E-01
  1.742584E-01
  1.740052E-01
  1.737520E-01
  1.734988E-01
  1.732455E-01
  1.729923E-01
  1.727391E-01
  1.724413E-01
  1.721167E-01
  1.717921E-01
  1.714675E-01
  1.711429E-01
  1.708184E-01
  1.704647E-01
  1.700681E-01
  1.696715E-01
  1.692750E-01
  1.688784E-01
  1.684818E-01
  1.680514E-01
  1.675863E-01
  1.671212E-01
  1.666561E-01
  1.661910E-01
  1.657259E-01
  1.652038E-01
  1.646739E-01
  1.641440E-01
  1.636141E-01
  1.630843E-01
  1.625201E-01
  1.619273E-01
  1.613345E-01
  1.607418E-01
  1.601490E-01
  1.595230E-01
  1.588608E-01
  1.582000E-01
  1.575378E-01
  1.568756E-01
  1.561622E-01
  1.554230E-01
  1.546839E-01
  1.539447E-01
  1.531994E-01
  1.523938E-01
  1.515882E-01
  1.507825E-01
  1.499769E-01
  1.491346E-01
  1.482800E-01
  1.474253E-01
  1.465707E-01
  1.456916E-01
  1.447976E-01
  1.439036E-01
  1.430096E-01
  1.421069E-01
  1.412005E-01
  1.402941E-01
  1.393878E-01
  1.385093E-01
  1.376316E-01
  1.367541E-01
  1.358902E-01
  1.350440E-01
  1.341982E-01
  1.333523E-01
  1.325000E-01
  1.316486E-01
  1.307972E-01
  1.299176E-01
  1.290355E-01
  1.281549E-01
  1.272187E-01
  1.262740E-01
  1.253313E-01
  1.242621E-01
  1.231905E-01
  1.220775E-01
  1.208198E-01
  1.195639E-01
  1.181749E-01
  1.167072E-01
  1.152069E-01
  1.135229E-01
  1.118399E-01
  1.099887E-01
  1.080981E-01
  1.061050E-01
  1.040372E-01
  1.019112E-01
  9.971650E-02
  9.748888E-02
  9.522043E-02
  9.293907E-02
  9.064654E-02
  8.837084E-02
  8.610196E-02
  8.390271E-02
  8.174476E-02
  7.966118E-02
  7.770060E-02
  7.583100E-02
  7.408959E-02
  7.254194E-02
  7.114957E-02
  6.994375E-02
  6.897293E-02
  6.836119E-02
  6.843898E-02
  6.976845E-02
  7.334567E-02
  8.066421E-02
  9.411696E-02
  1.108712E-01
  1.155584E-01
  1.248957E-01
  4.192426E-05
  1.640464E-07
  9.723029E-01
  9.721725E-01
  9.720420E-01
  9.719116E-01
  9.717811E-01
  9.716507E-01
  9.715202E-01
  9.713898E-01
  9.712594E-01
  9.708744E-01
  9.704788E-01
  9.700833E-01
  9.696878E-01
  9.692923E-01
  9.688967E-01
  9.685012E-01
  9.680279E-01
  9.673913E-01
  9.667547E-01
  9.661180E-01
  9.654814E-01
  9.648448E-01
  9.642082E-01
  9.635559E-01
  9.626840E-01
  9.618122E-01
  9.609404E-01
  9.600686E-01
  9.591968E-01
  9.583250E-01
  9.574090E-01
  9.562825E-01
  9.551560E-01
  9.540296E-01
  9.529032E-01
  9.517767E-01
  9.506503E-01
  9.493549E-01
  9.479581E-01
  9.465614E-01
  9.451647E-01
  9.437681E-01
  9.423714E-01
  9.408630E-01
  9.391901E-01
  9.375171E-01
  9.358442E-01
  9.341714E-01
  9.324985E-01
  9.306839E-01
  9.287242E-01
  9.267646E-01
  9.248050E-01
  9.228455E-01
  9.208860E-01
  9.186597E-01
  9.163971E-01
  9.141345E-01
  9.118720E-01
  9.096095E-01
  9.071755E-01
  9.045990E-01
  9.020226E-01
  8.994462E-01
  8.968698E-01
  8.941348E-01
  8.912272E-01
  8.883198E-01
  8.854123E-01
  8.825048E-01
  8.793591E-01
  8.760936E-01
  8.728282E-01
  8.695628E-01
  8.662630E-01
  8.626250E-01
  8.589870E-01
  8.553491E-01
  8.517112E-01
  8.477936E-01
  8.437818E-01
  8.397702E-01
  8.357586E-01
  8.315170E-01
  8.271350E-01
  8.227532E-01
  8.183716E-01
  8.137511E-01
  8.090285E-01
  8.043062E-01
  7.995843E-01
  7.945764E-01
  7.895619E-01
  7.845480E-01
  7.794144E-01
  7.741270E-01
  7.688407E-01
  7.635348E-01
  7.579743E-01
  7.524162E-01
  7.468604E-01
  7.410854E-01
  7.352844E-01
  7.294869E-01
  7.234696E-01
  7.174166E-01
  7.113678E-01
  7.049968E-01
  6.986189E-01
  6.921531E-01
  6.853791E-01
  6.786094E-01
  6.715687E-01
  6.643681E-01
  6.571007E-01
  6.494548E-01
  6.418123E-01
  6.338132E-01
  6.257318E-01
  6.174103E-01
  6.089143E-01
  6.002362E-01
  5.913434E-01
  5.822812E-01
  5.730087E-01
  5.635519E-01
  5.539349E-01
  5.440967E-01
  5.341723E-01
  5.239730E-01
  5.136840E-01
  5.032339E-01
  4.926024E-01
  4.818554E-01
  4.709591E-01
  4.598604E-01
  4.486081E-01
  4.371898E-01
  4.256094E-01
  4.139405E-01
  4.026061E-01
  3.924997E-01
  3.850458E-01
  3.826385E-01
  3.907229E-01
  4.025634E-01
  3.803098E-01
  4.057895E-01
  1.439332E-01
  5.031222E-02
  4.644650E-02
  4.644543E-02
  4.644436E-02
  4.644330E-02
  4.644223E-02
  4.644116E-02
  4.644009E-02
  4.643902E-02
  4.643795E-02
  4.643673E-02
  4.643551E-02
  4.643429E-02
  4.643307E-02
  4.643185E-02
  4.643063E-02
  4.642942E-02
  4.642968E-02
  4.643304E-02
  4.643641E-02
  4.643978E-02
  4.644315E-02
  4.644652E-02
  4.644989E-02
  4.645357E-02
  4.646146E-02
  4.646935E-02
  4.647725E-02
  4.648515E-02
  4.649305E-02
  4.650095E-02
  4.650888E-02
  4.651690E-02
  4.652492E-02
  4.653295E-02
  4.654099E-02
  4.654903E-02
  4.655708E-02
  4.656431E-02
  4.657107E-02
  4.657783E-02
  4.658460E-02
  4.659139E-02
  4.659818E-02
  4.660440E-02
  4.660980E-02
  4.661521E-02
  4.662064E-02
  4.662608E-02
  4.663154E-02
  4.663440E-02
  4.663462E-02
  4.663485E-02
  4.663510E-02
  4.663538E-02
  4.663567E-02
  4.662555E-02
  4.661403E-02
  4.660253E-02
  4.659105E-02
  4.657959E-02
  4.656026E-02
  4.653441E-02
  4.650857E-02
  4.648275E-02
  4.645694E-02
  4.642424E-02
  4.638402E-02
  4.634383E-02
  4.630365E-02
  4.626349E-02
  4.621406E-02
  4.615997E-02
  4.610591E-02
  4.605187E-02
  4.599688E-02
  4.593239E-02
  4.586794E-02
  4.580351E-02
  4.573911E-02
  4.566221E-02
  4.558112E-02
  4.550006E-02
  4.541902E-02
  4.531237E-02
  4.519009E-02
  4.506780E-02
  4.494551E-02
  4.477812E-02
  4.459142E-02
  4.440470E-02
  4.421795E-02
  4.395557E-02
  4.369134E-02
  4.342715E-02
  4.312026E-02
  4.275854E-02
  4.239708E-02
  4.202781E-02
  4.156005E-02
  4.109298E-02
  4.062660E-02
  4.009937E-02
  3.956497E-02
  3.903164E-02
  3.848796E-02
  3.794343E-02
  3.740005E-02
  3.688142E-02
  3.636465E-02
  3.585979E-02
  3.539277E-02
  3.492648E-02
  3.450084E-02
  3.409946E-02
  3.370953E-02
  3.337966E-02
  3.304996E-02
  3.277674E-02
  3.251691E-02
  3.229400E-02
  3.209798E-02
  3.192347E-02
  3.177428E-02
  3.163533E-02
  3.150911E-02
  3.138745E-02
  3.126987E-02
  3.115484E-02
  3.104110E-02
  3.093181E-02
  3.082650E-02
  3.072805E-02
  3.064455E-02
  3.057449E-02
  3.052461E-02
  3.051222E-02
  3.053636E-02
  3.060974E-02
  3.075333E-02
  3.101690E-02
  3.152419E-02
  3.247378E-02
  3.421037E-02
  3.731406E-02
  4.295354E-02
  5.050201E-02
  5.436960E-02
  6.556463E-02
  3.356360E-02
  8.801694E-03
  1.780363E-01
  1.780050E-01
  1.779737E-01
  1.779424E-01
  1.779111E-01
  1.778798E-01
  1.778484E-01
  1.778171E-01
  1.777858E-01
  1.776971E-01
  1.776060E-01
  1.775149E-01
  1.774238E-01
  1.773327E-01
  1.772416E-01
  1.771505E-01
  1.770437E-01
  1.769039E-01
  1.767641E-01
  1.766243E-01
  1.764844E-01
  1.763446E-01
  1.762048E-01
  1.760616E-01
  1.758713E-01
  1.756809E-01
  1.754905E-01
  1.753002E-01
  1.751098E-01
  1.749195E-01
  1.747182E-01
  1.744649E-01
  1.742117E-01
  1.739584E-01
  1.737052E-01
  1.734519E-01
  1.731987E-01
  1.729008E-01
  1.725762E-01
  1.722515E-01
  1.719269E-01
  1.716022E-01
  1.712776E-01
  1.709239E-01
  1.705272E-01
  1.701305E-01
  1.697339E-01
  1.693372E-01
  1.689406E-01
  1.685100E-01
  1.680447E-01
  1.675795E-01
  1.671142E-01
  1.666490E-01
  1.661838E-01
  1.656615E-01
  1.651314E-01
  1.646013E-01
  1.640713E-01
  1.635412E-01
  1.629768E-01
  1.623838E-01
  1.617908E-01
  1.611977E-01
  1.606047E-01
  1.599784E-01
  1.593160E-01
  1.586556E-01
  1.579931E-01
  1.573306E-01
  1.566169E-01
  1.558774E-01
  1.551379E-01
  1.543984E-01
  1.536528E-01
  1.528469E-01
  1.520409E-01
  1.512350E-01
  1.504290E-01
  1.495863E-01
  1.487312E-01
  1.478761E-01
  1.470210E-01
  1.461412E-01
  1.452463E-01
  1.443514E-01
  1.434565E-01
  1.425523E-01
  1.416442E-01
  1.407361E-01
  1.398281E-01
  1.389466E-01
  1.380660E-01
  1.371855E-01
  1.363180E-01
  1.354672E-01
  1.346169E-01
  1.337663E-01
  1.329077E-01
  1.320501E-01
  1.311918E-01
  1.303047E-01
  1.294148E-01
  1.285265E-01
  1.275817E-01
  1.266285E-01
  1.256771E-01
  1.245990E-01
  1.235183E-01
  1.223964E-01
  1.211298E-01
  1.198650E-01
  1.184674E-01
  1.169912E-01
  1.154825E-01
  1.137906E-01
  1.120998E-01
  1.102414E-01
  1.083437E-01
  1.063441E-01
  1.042701E-01
  1.021384E-01
  9.993852E-02
  9.770625E-02
  9.543376E-02
  9.314896E-02
  9.085349E-02
  8.857562E-02
  8.630487E-02
  8.410479E-02
  8.194641E-02
  7.986311E-02
  7.790376E-02
  7.603672E-02
  7.429817E-02
  7.275493E-02
  7.136835E-02
  7.017001E-02
  6.920880E-02
  6.860942E-02
  6.870271E-02
  7.005040E-02
  7.364770E-02
  8.098591E-02
  9.445286E-02
  1.112074E-01
  1.158806E-01
  1.251416E-01
 -4.032055E-06
  1.538053E-07
 -1.900504E-04
 -1.900664E-04
 -1.900825E-04
 -1.900985E-04
 -1.901145E-04
 -1.901305E-04
 -1.901465E-04
 -1.901626E-04
 -1.901786E-04
 -1.902377E-04
 -1.902985E-04
 -1.903594E-04
 -1.904203E-04
 -1.904811E-04
 -1.905420E-04
 -1.906029E-04
 -1.906858E-04
 -1.908151E-04
 -1.909444E-04
 -1.910737E-04
 -1.912030E-04
 -1.913323E-04
 -1.914616E-04
 -1.915965E-04
 -1.918098E-04
 -1.920230E-04
 -1.922362E-04
 -1.924495E-04
 -1.926628E-04
 -1.928761E-04
 -1.931047E-04
 -1.934061E-04
 -1.937076E-04
 -1.940092E-04
 -1.943107E-04
 -1.946123E-04
 -1.949138E-04
 -1.952709E-04
 -1.956612E-04
 -1.960516E-04
 -1.964420E-04
 -1.968324E-04
 -1.972229E-04
 -1.976458E-04
 -1.981164E-04
 -1.985872E-04
 -1.990579E-04
 -1.995288E-04
 -1.999997E-04
 -2.004981E-04
 -2.010246E-04
 -2.015512E-04
 -2.020779E-04
 -2.026046E-04
 -2.031315E-04
 -2.036821E-04
 -2.042361E-04
 -2.047902E-04
 -2.053443E-04
 -2.058986E-04
 -2.064639E-04
 -2.070385E-04
 -2.076131E-04
 -2.081879E-04
 -2.087627E-04
 -2.093608E-04
 -2.099841E-04
 -2.106076E-04
 -2.112311E-04
 -2.118548E-04
 -2.125467E-04
 -2.132731E-04
 -2.139996E-04
 -2.147262E-04
 -2.154677E-04
 -2.163539E-04
 -2.172403E-04
 -2.181269E-04
 -2.190136E-04
 -2.200555E-04
 -2.211497E-04
 -2.222440E-04
 -2.233386E-04
 -2.245849E-04
 -2.259237E-04
 -2.272625E-04
 -2.286013E-04
 -2.301142E-04
 -2.317011E-04
 -2.332876E-04
 -2.348737E-04
 -2.366652E-04
 -2.384606E-04
 -2.402547E-04
 -2.421158E-04
 -2.440629E-04
 -2.460075E-04
 -2.479595E-04
 -2.500270E-04
 -2.520908E-04
 -2.541510E-04
 -2.563238E-04
 -2.585074E-04
 -2.606863E-04
 -2.630089E-04
 -2.653526E-04
 -2.676909E-04
 -2.702503E-04
 -2.728120E-04
 -2.754302E-04
 -2.782530E-04
 -2.810710E-04
 -2.840670E-04
 -2.871682E-04
 -2.903142E-04
 -2.937200E-04
 -2.971237E-04
 -3.007922E-04
 -3.045233E-04
 -3.084313E-04
 -3.124694E-04
 -3.166011E-04
 -3.208437E-04
 -3.251140E-04
 -3.294186E-04
 -3.337065E-04
 -3.379800E-04
 -3.422364E-04
 -3.464872E-04
 -3.508419E-04
 -3.553301E-04
 -3.600598E-04
 -3.654517E-04
 -3.714981E-04
 -3.785912E-04
 -3.879609E-04
 -3.997078E-04
 -4.146330E-04
 -4.338106E-04
 -4.588405E-04
 -4.908557E-04
 -5.291188E-04
 -5.717153E-04
 -6.133999E-04
 -6.426357E-04
 -6.409270E-04
 -6.170777E-04
 -4.671306E-04
  6.059368E-04
  2.446053E-03
  6.408188E-03
  6.407813E-03
  6.407438E-03
  6.407064E-03
  6.406689E-03
  6.406314E-03
  6.405939E-03
  6.405564E-03
  6.405189E-03
  6.404520E-03
  6.403839E-03
  6.403157E-03
  6.402476E-03
  6.401795E-03
  6.401113E-03
  6.400432E-03
  6.399898E-03
  6.399671E-03
  6.399445E-03
  6.399219E-03
  6.398992E-03
  6.398766E-03
  6.398539E-03
  6.398346E-03
  6.398610E-03
  6.398875E-03
  6.399139E-03
  6.399404E-03
  6.399668E-03
  6.399933E-03
  6.400217E-03
  6.400598E-03
  6.400978E-03
  6.401358E-03
  6.401738E-03
  6.402119E-03
  6.402499E-03
  6.402818E-03
  6.403102E-03
  6.403385E-03
  6.403669E-03
  6.403952E-03
  6.404236E-03
  6.404446E-03
  6.404548E-03
  6.404650E-03
  6.404753E-03
  6.404855E-03
  6.404957E-03
  6.404964E-03
  6.404871E-03
  6.404779E-03
  6.404687E-03
  6.404595E-03
  6.404503E-03
  6.404262E-03
  6.404000E-03
  6.403738E-03
  6.403477E-03
  6.403215E-03
  6.402882E-03
  6.402489E-03
  6.402096E-03
  6.401704E-03
  6.401311E-03
  6.400883E-03
  6.400417E-03
  6.399950E-03
  6.399483E-03
  6.399017E-03
  6.398571E-03
  6.398136E-03
  6.397701E-03
  6.397266E-03
  6.396851E-03
  6.396620E-03
  6.396390E-03
  6.396160E-03
  6.395931E-03
  6.396003E-03
  6.396177E-03
  6.396351E-03
  6.396525E-03
  6.397016E-03
  6.397701E-03
  6.398386E-03
  6.399072E-03
  6.400112E-03
  6.401305E-03
  6.402499E-03
  6.403694E-03
  6.405233E-03
  6.406784E-03
  6.408340E-03
  6.409899E-03
  6.411468E-03
  6.413047E-03
  6.414596E-03
  6.415670E-03
  6.416768E-03
  6.417888E-03
  6.418148E-03
  6.418326E-03
  6.418543E-03
  6.417669E-03
  6.416640E-03
  6.415658E-03
  6.413260E-03
  6.410861E-03
  6.408179E-03
  6.404415E-03
  6.400699E-03
  6.396316E-03
  6.391551E-03
  6.386732E-03
  6.381436E-03
  6.376174E-03
  6.370945E-03
  6.365744E-03
  6.360866E-03
  6.356227E-03
  6.352030E-03
  6.348343E-03
  6.345216E-03
  6.342776E-03
  6.341097E-03
  6.340079E-03
  6.340251E-03
  6.340893E-03
  6.343760E-03
  6.347872E-03
  6.354225E-03
  6.365002E-03
  6.379662E-03
  6.400254E-03
  6.432585E-03
  6.476474E-03
  6.535352E-03
  6.613712E-03
  6.718296E-03
  6.854519E-03
  7.021257E-03
  7.214472E-03
  7.416927E-03
  7.587427E-03
  7.660851E-03
  7.637336E-03
  7.572034E-03
  6.702601E-03
  8.100990E-03
 -4.609072E-04
 -4.608793E-04
 -4.608513E-04
 -4.608233E-04
 -4.607954E-04
 -4.607674E-04
 -4.607395E-04
 -4.607115E-04
 -4.606836E-04
 -4.606292E-04
 -4.605737E-04
 -4.605183E-04
 -4.604629E-04
 -4.604075E-04
 -4.603520E-04
 -4.602966E-04
 -4.602458E-04
 -4.602044E-04
 -4.601630E-04
 -4.601217E-04
 -4.600804E-04
 -4.600391E-04
 -4.599978E-04
 -4.599575E-04
 -4.599323E-04
 -4.599071E-04
 -4.598819E-04
 -4.598567E-04
 -4.598315E-04
 -4.598064E-04
 -4.597799E-04
 -4.597470E-04
 -4.597142E-04
 -4.596814E-04
 -4.596486E-04
 -4.596159E-04
 -4.595831E-04
 -4.595355E-04
 -4.594790E-04
 -4.594226E-04
 -4.593662E-04
 -4.593098E-04
 -4.592535E-04
 -4.591825E-04
 -4.590901E-04
 -4.589978E-04
 -4.589055E-04
 -4.588133E-04
 -4.587212E-04
 -4.586055E-04
 -4.584657E-04
 -4.583260E-04
 -4.581864E-04
 -4.580469E-04
 -4.579074E-04
 -4.577206E-04
 -4.575274E-04
 -4.573342E-04
 -4.571412E-04
 -4.569483E-04
 -4.567259E-04
 -4.564790E-04
 -4.562323E-04
 -4.559856E-04
 -4.557390E-04
 -4.554720E-04
 -4.551829E-04
 -4.555453E-04
 -4.552553E-04
 -4.549653E-04
 -4.546608E-04
 -4.543489E-04
 -4.540370E-04
 -4.537252E-04
 -4.534122E-04
 -4.530878E-04
 -4.527632E-04
 -4.524385E-04
 -4.521138E-04
 -4.516982E-04
 -4.512519E-04
 -4.508053E-04
 -4.503584E-04
 -4.496308E-04
 -4.487317E-04
 -4.478321E-04
 -4.469322E-04
 -4.454443E-04
 -4.437047E-04
 -4.419649E-04
 -4.402250E-04
 -4.372926E-04
 -4.343314E-04
 -4.313710E-04
 -4.277258E-04
 -4.232002E-04
 -4.186781E-04
 -4.140264E-04
 -4.077495E-04
 -4.014810E-04
 -3.945718E-04
 -3.870040E-04
 -3.792739E-04
 -3.715575E-04
 -3.630577E-04
 -3.544325E-04
 -3.458248E-04
 -3.368429E-04
 -3.278664E-04
 -3.189159E-04
 -3.100083E-04
 -3.011195E-04
 -2.924753E-04
 -2.839831E-04
 -2.756008E-04
 -2.677370E-04
 -2.598877E-04
 -2.526619E-04
 -2.455923E-04
 -2.390387E-04
 -2.328625E-04
 -2.271629E-04
 -2.220202E-04
 -2.173729E-04
 -2.133356E-04
 -2.098869E-04
 -2.069494E-04
 -2.047791E-04
 -2.029089E-04
 -2.020861E-04
 -2.016558E-04
 -2.019283E-04
 -2.031583E-04
 -2.057209E-04
 -2.085778E-04
 -2.129952E-04
 -2.187815E-04
 -2.262651E-04
 -2.358691E-04
 -2.482302E-04
 -2.637323E-04
 -2.819497E-04
 -3.020285E-04
 -3.217011E-04
 -3.358935E-04
 -3.361711E-04
 -3.222834E-04
 -2.458733E-04
  4.595632E-05
  1.024106E-08
  1.273240E+00
  1.273211E+00
  1.273125E+00
  1.272981E+00
  1.272781E+00
  1.272522E+00
  1.272207E+00
  1.271834E+00
  1.271403E+00
  1.270915E+00
  1.270369E+00
  1.269765E+00
  1.269104E+00
  1.268384E+00
  1.267607E+00
  1.266771E+00
  1.265877E+00
  1.264925E+00
  1.263915E+00
  1.262845E+00
  1.261717E+00
  1.260530E+00
  1.259284E+00
  1.257979E+00
  1.256614E+00
  1.255190E+00
  1.253705E+00
  1.252161E+00
  1.250556E+00
  1.248891E+00
  1.247165E+00
  1.245378E+00
  1.243529E+00
  1.241620E+00
  1.239648E+00
  1.237614E+00
  1.235518E+00
  1.233359E+00
  1.231136E+00
  1.228851E+00
  1.226501E+00
  1.224088E+00
  1.221610E+00
  1.219067E+00
  1.216458E+00
  1.213784E+00
  1.211044E+00
  1.208237E+00
  1.205362E+00
  1.202421E+00
  1.199411E+00
  1.196332E+00
  1.193185E+00
  1.189968E+00
  1.186680E+00
  1.183322E+00
  1.179892E+00
  1.176390E+00
  1.172816E+00
  1.169168E+00
  1.165446E+00
  1.161649E+00
  1.157776E+00
  1.153828E+00
  1.149802E+00
  1.145699E+00
  1.141516E+00
  1.137254E+00
  1.132912E+00
  1.128488E+00
  1.123982E+00
  1.119393E+00
  1.114719E+00
  1.109960E+00
  1.105114E+00
  1.100180E+00
  1.095157E+00
  1.090045E+00
  1.084841E+00
  1.079544E+00
  1.074153E+00
  1.068667E+00
  1.063083E+00
  1.057401E+00
  1.051619E+00
  1.045735E+00
  1.039748E+00
  1.033655E+00
  1.027455E+00
  1.021146E+00
  1.014726E+00
  1.008193E+00
  1.001543E+00
  9.947766E-01
  9.878894E-01
  9.808795E-01
  9.737441E-01
  9.664805E-01
  9.590857E-01
  9.515567E-01
  9.438904E-01
  9.360832E-01
  9.281318E-01
  9.200322E-01
  9.117806E-01
  9.033729E-01
  8.948045E-01
  8.860709E-01
  8.771671E-01
  8.680879E-01
  8.588277E-01
  8.493806E-01
  8.397402E-01
  8.299000E-01
  8.198525E-01
  8.095903E-01
  7.991048E-01
  7.883874E-01
  7.774283E-01
  7.662172E-01
  7.547428E-01
  7.429930E-01
  7.309546E-01
  7.186128E-01
  7.059520E-01
  6.929545E-01
  6.796012E-01
  6.658704E-01
  6.517385E-01
  6.371787E-01
  6.221609E-01
  6.066513E-01
  5.906109E-01
  5.739954E-01
  5.567532E-01
  5.388241E-01
  5.201372E-01
  5.006076E-01
  4.801325E-01
  4.585853E-01
  4.358068E-01
  4.115929E-01
  3.856731E-01
  3.576769E-01
  3.270715E-01
  2.930404E-01
  2.542116E-01
  2.079144E-01
  1.472658E-01
  0.000000E+00
  9.203574E-02
  9.203889E-02
  9.204205E-02
  9.204520E-02
  9.204836E-02
  9.205151E-02
  9.205467E-02
  9.205782E-02
  9.206098E-02
  9.206641E-02
  9.207193E-02
  9.207745E-02
  9.208297E-02
  9.208849E-02
  9.209401E-02
  9.209953E-02
  9.210596E-02
  9.211430E-02
  9.212263E-02
  9.213097E-02
  9.213931E-02
  9.214765E-02
  9.215598E-02
  9.216455E-02
  9.217627E-02
  9.218800E-02
  9.219973E-02
  9.221145E-02
  9.222318E-02
  9.223491E-02
  9.224734E-02
  9.226314E-02
  9.227895E-02
  9.229475E-02
  9.231055E-02
  9.232635E-02
  9.234215E-02
  9.236091E-02
  9.238145E-02
  9.240198E-02
  9.242252E-02
  9.244306E-02
  9.246359E-02
  9.248605E-02
  9.251135E-02
  9.253664E-02
  9.256194E-02
  9.258724E-02
  9.261253E-02
  9.263906E-02
  9.266685E-02
  9.269464E-02
  9.272243E-02
  9.275022E-02
  9.277800E-02
  9.280442E-02
  9.283064E-02
  9.285686E-02
  9.288308E-02
  9.290929E-02
  9.293509E-02
  9.296054E-02
  9.298598E-02
  9.301143E-02
  9.303687E-02
  9.306327E-02
  9.309071E-02
  9.325641E-02
  9.328363E-02
  9.331085E-02
  9.334175E-02
  9.337450E-02
  9.340725E-02
  9.344000E-02
  9.347359E-02
  9.351551E-02
  9.355743E-02
  9.359935E-02
  9.364126E-02
  9.368011E-02
  9.371792E-02
  9.375573E-02
  9.379354E-02
  9.379706E-02
  9.377966E-02
  9.376226E-02
  9.374486E-02
  9.365202E-02
  9.352689E-02
  9.340177E-02
  9.327664E-02
  9.299987E-02
  9.272026E-02
  9.245479E-02
  9.210687E-02
  9.165273E-02
  9.119858E-02
  9.073173E-02
  9.009830E-02
  8.948826E-02
  8.878642E-02
  8.811746E-02
  8.748099E-02
  8.690455E-02
  8.632812E-02
  8.585862E-02
  8.548467E-02
  8.523473E-02
  8.515635E-02
  8.510488E-02
  8.504925E-02
  8.505843E-02
  8.506795E-02
  8.507767E-02
  8.508745E-02
  8.515557E-02
  8.529321E-02
  8.545055E-02
  8.560919E-02
  8.577028E-02
  8.593314E-02
  8.609836E-02
  8.633366E-02
  8.656047E-02
  8.677675E-02
  8.700684E-02
  8.725492E-02
  8.748266E-02
  8.770238E-02
  8.789331E-02
  8.807392E-02
  8.823613E-02
  8.837675E-02
  8.844830E-02
  8.855788E-02
  8.864594E-02
  8.874253E-02
  8.888483E-02
  8.901387E-02
  8.912900E-02
  8.923047E-02
  8.931992E-02
  8.949663E-02
  8.970194E-02
  9.013160E-02
  9.070525E-02
  9.133732E-02
  9.200204E-02
  1.097348E-01
  2.649720E-02
 -2.154283E-01
 -2.148904E-01
 -2.143525E-01
 -2.138146E-01
 -2.132768E-01
 -2.127389E-01
 -2.122010E-01
 -2.116631E-01
 -2.111252E-01
 -2.101966E-01
 -2.092517E-01
 -2.083069E-01
 -2.073620E-01
 -2.064172E-01
 -2.054723E-01
 -2.045275E-01
 -2.034244E-01
 -2.019890E-01
 -2.005536E-01
 -1.991182E-01
 -1.976829E-01
 -1.962475E-01
 -1.948121E-01
 -1.933367E-01
 -1.913020E-01
 -1.892673E-01
 -1.872326E-01
 -1.851979E-01
 -1.831632E-01
 -1.811285E-01
 -1.789659E-01
 -1.761947E-01
 -1.734236E-01
 -1.706525E-01
 -1.678813E-01
 -1.651102E-01
 -1.623390E-01
 -1.590139E-01
 -1.553568E-01
 -1.516996E-01
 -1.480425E-01
 -1.443854E-01
 -1.407282E-01
 -1.366844E-01
 -1.320708E-01
 -1.274571E-01
 -1.228435E-01
 -1.182299E-01
 -1.136162E-01
 -1.086730E-01
 -1.033928E-01
 -9.811247E-02
 -9.283218E-02
 -8.755189E-02
 -8.227160E-02
 -7.696487E-02
 -7.165454E-02
 -6.634421E-02
 -6.103388E-02
 -5.572354E-02
 -5.035761E-02
 -4.494549E-02
 -3.953336E-02
 -3.412124E-02
 -2.870911E-02
 -2.308533E-02
 -1.723152E-02
  1.220651E-02
  1.802459E-02
  2.384268E-02
  3.023145E-02
  3.690704E-02
  4.358264E-02
  5.025823E-02
  5.705120E-02
  6.499533E-02
  7.293946E-02
  8.088359E-02
  8.882771E-02
  9.728511E-02
  1.059153E-01
  1.145454E-01
  1.231756E-01
  1.305427E-01
  1.371392E-01
  1.437357E-01
  1.503322E-01
  1.535343E-01
  1.552837E-01
  1.570330E-01
  1.587824E-01
  1.533053E-01
  1.476472E-01
  1.419891E-01
  1.320878E-01
  1.167215E-01
  1.013551E-01
  8.513935E-02
  5.852269E-02
  3.190600E-02
 -1.813127E-02
 -5.164641E-02
 -8.608152E-02
 -1.205166E-01
 -1.567046E-01
 -1.932062E-01
 -2.297076E-01
 -2.636364E-01
 -2.974747E-01
 -3.299065E-01
 -3.575784E-01
 -3.852502E-01
 -4.075898E-01
 -4.267566E-01
 -4.443835E-01
 -4.536713E-01
 -4.629591E-01
 -4.637379E-01
 -4.624994E-01
 -4.552122E-01
 -4.435129E-01
 -4.277079E-01
 -4.070755E-01
 -3.832904E-01
 -3.556035E-01
 -3.250022E-01
 -2.918664E-01
 -2.557442E-01
 -2.184512E-01
 -1.780286E-01
 -1.367403E-01
 -9.391007E-02
 -4.964483E-02
  1.905891E-02
  6.503102E-02
  1.119375E-01
  1.593797E-01
  2.073269E-01
  2.557185E-01
  3.044957E-01
  3.535744E-01
  4.028633E-01
  4.523136E-01
  5.018788E-01
  5.515182E-01
  6.011930E-01
  6.508667E-01
  7.005136E-01
  3.880704E-01
  2.248117E+00
  9.895559E-01
  9.895559E-01
  9.895559E-01
  9.895558E-01
  9.895558E-01
  9.895558E-01
  9.895557E-01
  9.895557E-01
  9.895557E-01
  9.895556E-01
  9.895555E-01
  9.895555E-01
  9.895554E-01
  9.895554E-01
  9.895553E-01
  9.895552E-01
  9.895552E-01
  9.895551E-01
  9.895550E-01
  9.895549E-01
  9.895548E-01
  9.895547E-01
  9.895547E-01
  9.895546E-01
  9.895545E-01
  9.895543E-01
  9.895542E-01
  9.895541E-01
  9.895540E-01
  9.895539E-01
  9.895538E-01
  9.895536E-01
  9.895535E-01
  9.895533E-01
  9.895532E-01
  9.895530E-01
  9.895529E-01
  9.895527E-01
  9.895526E-01
  9.895524E-01
  9.895522E-01
  9.895521E-01
  9.895519E-01
  9.895518E-01
  9.895516E-01
  9.895514E-01
  9.895512E-01
  9.895510E-01
  9.895509E-01
  9.895507E-01
  9.895505E-01
  9.895504E-01
  9.895502E-01
  9.895501E-01
  9.895500E-01
  9.895498E-01
  9.895497E-01
  9.895496E-01
  9.895495E-01
  9.895494E-01
  9.895493E-01
  9.895492E-01
  9.895492E-01
  9.895491E-01
  9.895491E-01
  9.895490E-01
  9.895490E-01
  9.895490E-01
  9.895490E-01
  9.895490E-01
  9.895491E-01
  9.895491E-01
  9.895492E-01
  9.895493E-01
  9.895494E-01
  9.895496E-01
  9.895497E-01
  9.895499E-01
  9.895501E-01
  9.895504E-01
  9.895506E-01
  9.895509E-01
  9.895512E-01
  9.895515E-01
  9.895518E-01
  9.895521E-01
  9.895523E-01
  9.895525E-01
  9.895526E-01
  9.895527E-01
  9.895527E-01
  9.895525E-01
  9.895522E-01
  9.895520E-01
  9.895516E-01
  9.895510E-01
  9.895505E-01
  9.895500E-01
  9.895495E-01
  9.895491E-01
  9.895490E-01
  9.895493E-01
  9.895501E-01
  9.895511E-01
  9.895526E-01
  9.895546E-01
  9.895569E-01
  9.895594E-01
  9.895623E-01
  9.895653E-01
  9.895682E-01
  9.895713E-01
  9.895740E-01
  9.895764E-01
  9.895787E-01
  9.895800E-01
  9.895812E-01
  9.895813E-01
  9.895812E-01
  9.895802E-01
  9.895786E-01
  9.895765E-01
  9.895739E-01
  9.895711E-01
  9.895680E-01
  9.895649E-01
  9.895618E-01
  9.895588E-01
  9.895561E-01
  9.895537E-01
  9.895518E-01
  9.895503E-01
  9.895493E-01
  9.895490E-01
  9.895496E-01
  9.895508E-01
  9.895528E-01
  9.895554E-01
  9.895588E-01
  9.895629E-01
  9.895678E-01
  9.895734E-01
  9.895798E-01
  9.895869E-01
  9.895948E-01
  9.896034E-01
  9.896128E-01
  9.896229E-01
  8.085350E-01
  1.205641E-05
 -2.277451E+02
 -2.276509E+02
 -2.275567E+02
 -2.274625E+02
 -2.273683E+02
 -2.272741E+02
 -2.271800E+02
 -2.270858E+02
 -2.269916E+02
 -2.266868E+02
 -2.263733E+02
 -2.260598E+02
 -2.257463E+02
 -2.254329E+02
 -2.251194E+02
 -2.248058E+02
 -2.244082E+02
 -2.238337E+02
 -2.232593E+02
 -2.226848E+02
 -2.221104E+02
 -2.215359E+02
 -2.209614E+02
 -2.203698E+02
 -2.195397E+02
 -2.187096E+02
 -2.178795E+02
 -2.170493E+02
 -2.162191E+02
 -2.153889E+02
 -2.145208E+02
 -2.134723E+02
 -2.124237E+02
 -2.113751E+02
 -2.103264E+02
 -2.092777E+02
 -2.082290E+02
 -2.070469E+02
 -2.057848E+02
 -2.045227E+02
 -2.032605E+02
 -2.019982E+02
 -2.007359E+02
 -1.993861E+02
 -1.979074E+02
 -1.964286E+02
 -1.949497E+02
 -1.934707E+02
 -1.919916E+02
 -1.904226E+02
 -1.887617E+02
 -1.871007E+02
 -1.854395E+02
 -1.837782E+02
 -1.821166E+02
 -1.803481E+02
 -1.785649E+02
 -1.767814E+02
 -1.749978E+02
 -1.732140E+02
 -1.713744E+02
 -1.694884E+02
 -1.676022E+02
 -1.657158E+02
 -1.638293E+02
 -1.618866E+02
 -1.598827E+02
 -1.578787E+02
 -1.558746E+02
 -1.538703E+02
 -1.517683E+02
 -1.496173E+02
 -1.474660E+02
 -1.453146E+02
 -1.431444E+02
 -1.407927E+02
 -1.384406E+02
 -1.360883E+02
 -1.337358E+02
 -1.312836E+02
 -1.287977E+02
 -1.263116E+02
 -1.238254E+02
 -1.214290E+02
 -1.190877E+02
 -1.167465E+02
 -1.144056E+02
 -1.123660E+02
 -1.104558E+02
 -1.085460E+02
 -1.066368E+02
 -1.053331E+02
 -1.040446E+02
 -1.027561E+02
 -1.018469E+02
 -1.014249E+02
 -1.010007E+02
 -1.006482E+02
 -1.011946E+02
 -1.017349E+02
 -1.022692E+02
 -1.033129E+02
 -1.044161E+02
 -1.055100E+02
 -1.065464E+02
 -1.075641E+02
 -1.085719E+02
 -1.090439E+02
 -1.094893E+02
 -1.097293E+02
 -1.092941E+02
 -1.088541E+02
 -1.077339E+02
 -1.062094E+02
 -1.045001E+02
 -1.017990E+02
 -9.909835E+01
 -9.545909E+01
 -9.159895E+01
 -8.711602E+01
 -8.217955E+01
 -7.684171E+01
 -7.103107E+01
 -6.495548E+01
 -5.855069E+01
 -5.193007E+01
 -4.512038E+01
 -3.808145E+01
 -3.094974E+01
 -2.351009E+01
 -1.593564E+01
 -8.122117E+00
  6.369440E-02
  8.542788E+00
  1.744325E+01
  2.707155E+01
  3.737329E+01
  4.854166E+01
  6.086101E+01
  7.490691E+01
  9.177654E+01
  1.129368E+02
  1.410163E+02
  1.803229E+02
  2.389348E+02
  3.147470E+02
  3.768614E+02
  4.805093E+02
  2.705188E+02
  1.774933E-03
  1.099190E+04
  1.099043E+04
  1.098896E+04
  1.098749E+04
  1.098602E+04
  1.098455E+04
  1.098308E+04
  1.098161E+04
  1.098014E+04
  1.097580E+04
  1.097134E+04
  1.096688E+04
  1.096243E+04
  1.095797E+04
  1.095351E+04
  1.094906E+04
  1.094372E+04
  1.093656E+04
  1.092939E+04
  1.092222E+04
  1.091505E+04
  1.090788E+04
  1.090071E+04
  1.089337E+04
  1.088355E+04
  1.087374E+04
  1.086392E+04
  1.085411E+04
  1.084429E+04
  1.083448E+04
  1.082417E+04
  1.081148E+04
  1.079880E+04
  1.078612E+04
  1.077344E+04
  1.076075E+04
  1.074807E+04
  1.073348E+04
  1.071775E+04
  1.070202E+04
  1.068630E+04
  1.067057E+04
  1.065484E+04
  1.063785E+04
  1.061901E+04
  1.060017E+04
  1.058133E+04
  1.056249E+04
  1.054365E+04
  1.052321E+04
  1.050113E+04
  1.047906E+04
  1.045698E+04
  1.043491E+04
  1.041283E+04
  1.038775E+04
  1.036225E+04
  1.033675E+04
  1.031126E+04
  1.028576E+04
  1.025833E+04
  1.022928E+04
  1.020024E+04
  1.017120E+04
  1.014216E+04
  1.011132E+04
  1.007854E+04
  1.004576E+04
  1.001297E+04
  9.980191E+03
  9.944717E+03
  9.907890E+03
  9.871065E+03
  9.834239E+03
  9.797026E+03
  9.755994E+03
  9.714963E+03
  9.673933E+03
  9.632904E+03
  9.588712E+03
  9.543457E+03
  9.498203E+03
  9.452951E+03
  9.405084E+03
  9.355623E+03
  9.306163E+03
  9.256706E+03
  9.204517E+03
  9.151161E+03
  9.097808E+03
  9.044459E+03
  8.987821E+03
  8.931107E+03
  8.874400E+03
  8.816307E+03
  8.756433E+03
  8.696573E+03
  8.636484E+03
  8.573444E+03
  8.510432E+03
  8.447450E+03
  8.381950E+03
  8.316153E+03
  8.250399E+03
  8.182163E+03
  8.113526E+03
  8.044942E+03
  7.972747E+03
  7.900478E+03
  7.827230E+03
  7.750538E+03
  7.673897E+03
  7.594232E+03
  7.512782E+03
  7.430589E+03
  7.344172E+03
  7.257794E+03
  7.167436E+03
  7.076159E+03
  6.982203E+03
  6.886299E+03
  6.788359E+03
  6.688018E+03
  6.585778E+03
  6.481180E+03
  6.374511E+03
  6.266042E+03
  6.155088E+03
  6.043167E+03
  5.928157E+03
  5.812144E+03
  5.694323E+03
  5.574473E+03
  5.453332E+03
  5.330527E+03
  5.205461E+03
  5.078682E+03
  4.950056E+03
  4.819636E+03
  4.688279E+03
  4.560846E+03
  4.447573E+03
  4.364813E+03
  4.340064E+03
  4.435733E+03
  4.575588E+03
  4.328538E+03
  4.626644E+03
  1.357782E+03
  7.412910E-03
  2.216042E+00
  2.318605E+00
  2.421168E+00
  2.523732E+00
  2.626295E+00
  2.728858E+00
  2.831421E+00
  2.933984E+00
  3.036547E+00
  3.274838E+00
  3.518741E+00
  3.762644E+00
  4.006548E+00
  4.250451E+00
  4.494355E+00
  4.738258E+00
  5.004118E+00
  5.316089E+00
  5.628062E+00
  5.940034E+00
  6.252006E+00
  6.563979E+00
  6.875951E+00
  7.193983E+00
  7.596776E+00
  7.999568E+00
  8.402362E+00
  8.805156E+00
  9.207950E+00
  9.610746E+00
  1.003335E+01
  1.055020E+01
  1.106706E+01
  1.158392E+01
  1.210078E+01
  1.261764E+01
  1.313450E+01
  1.372054E+01
  1.434803E+01
  1.497553E+01
  1.560303E+01
  1.623054E+01
  1.685805E+01
  1.748121E+01
  1.809798E+01
  1.871475E+01
  1.933152E+01
  1.994831E+01
  2.056510E+01
  2.105500E+01
  2.141512E+01
  2.177525E+01
  2.213539E+01
  2.249553E+01
  2.285569E+01
  2.304221E+01
  2.320505E+01
  2.336789E+01
  2.353074E+01
  2.369360E+01
  2.391220E+01
  2.417709E+01
  2.444200E+01
  2.470692E+01
  2.497184E+01
  2.532953E+01
  2.578806E+01
  2.624659E+01
  2.670513E+01
  2.716368E+01
  2.775000E+01
  2.840055E+01
  2.905110E+01
  2.970167E+01
  3.043812E+01
  3.201672E+01
  3.359537E+01
  3.517404E+01
  3.675275E+01
  4.104077E+01
  4.624074E+01
  5.144083E+01
  5.664103E+01
  6.546399E+01
  7.649725E+01
  8.753045E+01
  9.856358E+01
  1.136153E+02
  1.303860E+02
  1.471557E+02
  1.639243E+02
  1.856382E+02
  2.074728E+02
  2.293043E+02
  2.527521E+02
  2.782801E+02
  3.038019E+02
  3.291573E+02
  3.525436E+02
  3.759217E+02
  3.992919E+02
  4.141452E+02
  4.278547E+02
  4.415593E+02
  4.457620E+02
  4.482650E+02
  4.507683E+02
  4.446012E+02
  4.381344E+02
  4.301936E+02
  4.172537E+02
  4.043214E+02
  3.887338E+02
  3.715702E+02
  3.540269E+02
  3.343907E+02
  3.147623E+02
  2.939919E+02
  2.729556E+02
  2.509659E+02
  2.282813E+02
  2.048177E+02
  1.804360E+02
  1.559197E+02
  1.312347E+02
  1.070717E+02
  8.336138E+01
  6.084693E+01
  3.879966E+01
  1.870762E+01
 -6.462377E-01
 -1.867350E+01
 -3.508902E+01
 -5.047555E+01
 -6.452954E+01
 -7.687891E+01
 -8.801714E+01
 -9.782433E+01
 -1.061657E+02
 -1.127424E+02
 -1.170987E+02
 -1.187466E+02
 -1.165558E+02
 -1.091686E+02
 -9.639279E+01
 -7.866106E+01
 -5.456555E+01
 -7.613482E+01
  4.559423E+03
  1.055908E-01
