 Title= "ADflow Lift Distribution Data"
Variables = "eta" "CoordinateX" "CoordinateY" "CoordinateZ" "Lift" "Drag" "Moment" "Normalized Lift" "Normalized Drag" "Normalized Moment" "CL" "CD" "CM" "CLp" "CDp" "CMp" "CLv" "CDv" "CMv" "Elliptical" "thickness" "twist" "chord" "fx" "fy" "fz" 
Zone T= "LiftDist_01 allWalls: : z normal"
 I=          150
 DATAPACKING=BLOCK
  0.000000E+00
  6.711405E-03
  1.342281E-02
  2.013422E-02
  2.684563E-02
  3.355704E-02
  4.026845E-02
  4.697986E-02
  5.369127E-02
  6.040268E-02
  6.711409E-02
  7.382550E-02
  8.053691E-02
  8.724832E-02
  9.395973E-02
  1.006711E-01
  1.073825E-01
  1.140940E-01
  1.208054E-01
  1.275168E-01
  1.342282E-01
  1.409396E-01
  1.476510E-01
  1.543624E-01
  1.610738E-01
  1.677852E-01
  1.744966E-01
  1.812081E-01
  1.879195E-01
  1.946309E-01
  2.013423E-01
  2.080537E-01
  2.147651E-01
  2.214765E-01
  2.281879E-01
  2.348993E-01
  2.416107E-01
  2.483221E-01
  2.550336E-01
  2.617450E-01
  2.684564E-01
  2.751678E-01
  2.818792E-01
  2.885906E-01
  2.953020E-01
  3.020134E-01
  3.087248E-01
  3.154362E-01
  3.221476E-01
  3.288591E-01
  3.355705E-01
  3.422819E-01
  3.489933E-01
  3.557047E-01
  3.624161E-01
  3.691275E-01
  3.758389E-01
  3.825503E-01
  3.892617E-01
  3.959732E-01
  4.026846E-01
  4.093960E-01
  4.161074E-01
  4.228188E-01
  4.295302E-01
  4.362416E-01
  4.429530E-01
  4.496644E-01
  4.563758E-01
  4.630872E-01
  4.697987E-01
  4.765101E-01
  4.832215E-01
  4.899329E-01
  4.966443E-01
  5.033557E-01
  5.100671E-01
  5.167785E-01
  5.234899E-01
  5.302013E-01
  5.369128E-01
  5.436242E-01
  5.503356E-01
  5.570470E-01
  5.637584E-01
  5.704698E-01
  5.771812E-01
  5.838926E-01
  5.906040E-01
  5.973154E-01
  6.040268E-01
  6.107383E-01
  6.174497E-01
  6.241611E-01
  6.308725E-01
  6.375839E-01
  6.442953E-01
  6.510067E-01
  6.577181E-01
  6.644295E-01
  6.711409E-01
  6.778524E-01
  6.845638E-01
  6.912752E-01
  6.979866E-01
  7.046980E-01
  7.114094E-01
  7.181208E-01
  7.248322E-01
  7.315436E-01
  7.382550E-01
  7.449664E-01
  7.516779E-01
  7.583893E-01
  7.651007E-01
  7.718121E-01
  7.785235E-01
  7.852349E-01
  7.919463E-01
  7.986577E-01
  8.053691E-01
  8.120805E-01
  8.187919E-01
  8.255034E-01
  8.322148E-01
  8.389262E-01
  8.456376E-01
  8.523490E-01
  8.590604E-01
  8.657718E-01
  8.724832E-01
  8.791946E-01
  8.859060E-01
  8.926175E-01
  8.993289E-01
  9.060403E-01
  9.127517E-01
  9.194631E-01
  9.261745E-01
  9.328859E-01
  9.395973E-01
  9.463087E-01
  9.530201E-01
  9.597315E-01
  9.664430E-01
  9.731544E-01
  9.798658E-01
  9.865772E-01
  9.932886E-01
  1.000000E+00
  0.000000E+00
  0.000000E+00
  0.000000E+00
  0.000000E+00
  0.000000E+00
  0.000000E+00
  0.000000E+00
  0.000000E+00
  0.000000E+00
  0.000000E+00
  0.000000E+00
  0.000000E+00
  0.000000E+00
  0.000000E+00
  0.000000E+00
  0.000000E+00
  0.000000E+00
  0.000000E+00
  0.000000E+00
  0.000000E+00
  0.000000E+00
  0.000000E+00
  0.000000E+00
  0.000000E+00
  0.000000E+00
  0.000000E+00
  0.000000E+00
  0.000000E+00
  0.000000E+00
  0.000000E+00
  0.000000E+00
  0.000000E+00
  0.000000E+00
  0.000000E+00
  0.000000E+00
  0.000000E+00
  0.000000E+00
  0.000000E+00
  0.000000E+00
  0.000000E+00
  0.000000E+00
  0.000000E+00
  0.000000E+00
  0.000000E+00
  0.000000E+00
  0.000000E+00
  0.000000E+00
  0.000000E+00
  0.000000E+00
  0.000000E+00
  0.000000E+00
  0.000000E+00
  0.000000E+00
  0.000000E+00
  0.000000E+00
  0.000000E+00
  0.000000E+00
  0.000000E+00
  0.000000E+00
  0.000000E+00
  0.000000E+00
  0.000000E+00
  0.000000E+00
  0.000000E+00
  0.000000E+00
  0.000000E+00
  0.000000E+00
  0.000000E+00
  0.000000E+00
  0.000000E+00
  0.000000E+00
  0.000000E+00
  0.000000E+00
  0.000000E+00
  0.000000E+00
  0.000000E+00
  0.000000E+00
  0.000000E+00
  0.000000E+00
  0.000000E+00
  0.000000E+00
  0.000000E+00
  0.000000E+00
  0.000000E+00
  0.000000E+00
  0.000000E+00
  0.000000E+00
  0.000000E+00
  0.000000E+00
  0.000000E+00
  0.000000E+00
  0.000000E+00
  0.000000E+00
  0.000000E+00
  0.000000E+00
  0.000000E+00
  0.000000E+00
  0.000000E+00
  0.000000E+00
  0.000000E+00
  0.000000E+00
  0.000000E+00
  0.000000E+00
  0.000000E+00
  0.000000E+00
  0.000000E+00
  0.000000E+00
  0.000000E+00
  0.000000E+00
  0.000000E+00
  0.000000E+00
  0.000000E+00
  0.000000E+00
  0.000000E+00
  0.000000E+00
  0.000000E+00
  0.000000E+00
  0.000000E+00
  0.000000E+00
  0.000000E+00
  0.000000E+00
  0.000000E+00
  0.000000E+00
  0.000000E+00
  0.000000E+00
  0.000000E+00
  0.000000E+00
  0.000000E+00
  0.000000E+00
  0.000000E+00
  0.000000E+00
  0.000000E+00
  0.000000E+00
  0.000000E+00
  0.000000E+00
  0.000000E+00
  0.000000E+00
  0.000000E+00
  0.000000E+00
  0.000000E+00
  0.000000E+00
  0.000000E+00
  0.000000E+00
  0.000000E+00
  0.000000E+00
  0.000000E+00
  0.000000E+00
  0.000000E+00
  0.000000E+00
  0.000000E+00
  0.000000E+00
  0.000000E+00
  0.000000E+00
  0.000000E+00
  0.000000E+00
  0.000000E+00
  0.000000E+00
  0.000000E+00
  0.000000E+00
  0.000000E+00
  0.000000E+00
  0.000000E+00
  0.000000E+00
  0.000000E+00
  0.000000E+00
  0.000000E+00
  0.000000E+00
  0.000000E+00
  0.000000E+00
  0.000000E+00
  0.000000E+00
  0.000000E+00
  0.000000E+00
  0.000000E+00
  0.000000E+00
  0.000000E+00
  0.000000E+00
  0.000000E+00
  0.000000E+00
  0.000000E+00
  0.000000E+00
  0.000000E+00
  0.000000E+00
  0.000000E+00
  0.000000E+00
  0.000000E+00
  0.000000E+00
  0.000000E+00
  0.000000E+00
  0.000000E+00
  0.000000E+00
  0.000000E+00
  0.000000E+00
  0.000000E+00
  0.000000E+00
  0.000000E+00
  0.000000E+00
  0.000000E+00
  0.000000E+00
  0.000000E+00
  0.000000E+00
  0.000000E+00
  0.000000E+00
  0.000000E+00
  0.000000E+00
  0.000000E+00
  0.000000E+00
  0.000000E+00
  0.000000E+00
  0.000000E+00
  0.000000E+00
  0.000000E+00
  0.000000E+00
  0.000000E+00
  0.000000E+00
  0.000000E+00
  0.000000E+00
  0.000000E+00
  0.000000E+00
  0.000000E+00
  0.000000E+00
  0.000000E+00
  0.000000E+00
  0.000000E+00
  0.000000E+00
  0.000000E+00
  0.000000E+00
  0.000000E+00
  0.000000E+00
  0.000000E+00
  0.000000E+00
  0.000000E+00
  0.000000E+00
  0.000000E+00
  0.000000E+00
  0.000000E+00
  0.000000E+00
  0.000000E+00
  0.000000E+00
  0.000000E+00
  0.000000E+00
  0.000000E+00
  0.000000E+00
  0.000000E+00
  0.000000E+00
  0.000000E+00
  0.000000E+00
  0.000000E+00
  0.000000E+00
  0.000000E+00
  0.000000E+00
  0.000000E+00
  0.000000E+00
  0.000000E+00
  0.000000E+00
  0.000000E+00
  0.000000E+00
  0.000000E+00
  0.000000E+00
  0.000000E+00
  0.000000E+00
  0.000000E+00
  0.000000E+00
  0.000000E+00
  0.000000E+00
  0.000000E+00
  0.000000E+00
  0.000000E+00
  0.000000E+00
  0.000000E+00
  0.000000E+00
  0.000000E+00
  0.000000E+00
  0.000000E+00
  0.000000E+00
  0.000000E+00
  0.000000E+00
  0.000000E+00
  0.000000E+00
  0.000000E+00
  0.000000E+00
  0.000000E+00
  0.000000E+00
  0.000000E+00
  0.000000E+00
  0.000000E+00
  0.000000E+00
  0.000000E+00
  0.000000E+00
  0.000000E+00
  0.000000E+00
  0.000000E+00
  0.000000E+00
  0.000000E+00
  0.000000E+00
  0.000000E+00
  0.000000E+00
  0.000000E+00
  0.000000E+00
  0.000000E+00
  1.000000E-08
  1.691809E-02
  3.383618E-02
  5.075427E-02
  6.767237E-02
  8.459046E-02
  1.015085E-01
  1.184266E-01
  1.353447E-01
  1.522628E-01
  1.691809E-01
  1.860990E-01
  2.030171E-01
  2.199352E-01
  2.368533E-01
  2.537714E-01
  2.706895E-01
  2.876076E-01
  3.045256E-01
  3.214437E-01
  3.383618E-01
  3.552799E-01
  3.721980E-01
  3.891161E-01
  4.060342E-01
  4.229523E-01
  4.398704E-01
  4.567885E-01
  4.737066E-01
  4.906247E-01
  5.075427E-01
  5.244608E-01
  5.413789E-01
  5.582970E-01
  5.752151E-01
  5.921332E-01
  6.090513E-01
  6.259694E-01
  6.428875E-01
  6.598056E-01
  6.767237E-01
  6.936418E-01
  7.105598E-01
  7.274779E-01
  7.443960E-01
  7.613141E-01
  7.782322E-01
  7.951503E-01
  8.120684E-01
  8.289865E-01
  8.459046E-01
  8.628227E-01
  8.797408E-01
  8.966589E-01
  9.135769E-01
  9.304950E-01
  9.474131E-01
  9.643312E-01
  9.812493E-01
  9.981674E-01
  1.015085E+00
  1.032004E+00
  1.048922E+00
  1.065840E+00
  1.082758E+00
  1.099676E+00
  1.116594E+00
  1.133512E+00
  1.150430E+00
  1.167348E+00
  1.184266E+00
  1.201185E+00
  1.218103E+00
  1.235021E+00
  1.251939E+00
  1.268857E+00
  1.285775E+00
  1.302693E+00
  1.319611E+00
  1.336529E+00
  1.353447E+00
  1.370365E+00
  1.387284E+00
  1.404202E+00
  1.421120E+00
  1.438038E+00
  1.454956E+00
  1.471874E+00
  1.488792E+00
  1.505710E+00
  1.522628E+00
  1.539546E+00
  1.556464E+00
  1.573383E+00
  1.590301E+00
  1.607219E+00
  1.624137E+00
  1.641055E+00
  1.657973E+00
  1.674891E+00
  1.691809E+00
  1.708727E+00
  1.725645E+00
  1.742563E+00
  1.759482E+00
  1.776400E+00
  1.793318E+00
  1.810236E+00
  1.827154E+00
  1.844072E+00
  1.860990E+00
  1.877908E+00
  1.894826E+00
  1.911744E+00
  1.928662E+00
  1.945581E+00
  1.962499E+00
  1.979417E+00
  1.996335E+00
  2.013253E+00
  2.030171E+00
  2.047089E+00
  2.064007E+00
  2.080925E+00
  2.097843E+00
  2.114761E+00
  2.131680E+00
  2.148598E+00
  2.165516E+00
  2.182434E+00
  2.199352E+00
  2.216270E+00
  2.233188E+00
  2.250106E+00
  2.267024E+00
  2.283942E+00
  2.300860E+00
  2.317779E+00
  2.334697E+00
  2.351615E+00
  2.368533E+00
  2.385451E+00
  2.402369E+00
  2.419287E+00
  2.436205E+00
  2.453123E+00
  2.470041E+00
  2.486959E+00
  2.503878E+00
  2.520796E+00
  1.098183E+04
  1.098030E+04
  1.097877E+04
  1.097725E+04
  1.097572E+04
  1.097419E+04
  1.097266E+04
  1.097114E+04
  1.096961E+04
  1.096519E+04
  1.096065E+04
  1.095610E+04
  1.095156E+04
  1.094702E+04
  1.094248E+04
  1.093794E+04
  1.093252E+04
  1.092526E+04
  1.091800E+04
  1.091073E+04
  1.090347E+04
  1.089621E+04
  1.088895E+04
  1.088150E+04
  1.087148E+04
  1.086145E+04
  1.085143E+04
  1.084140E+04
  1.083138E+04
  1.082135E+04
  1.081081E+04
  1.079779E+04
  1.078477E+04
  1.077175E+04
  1.075874E+04
  1.074572E+04
  1.073270E+04
  1.071773E+04
  1.070160E+04
  1.068546E+04
  1.066933E+04
  1.065320E+04
  1.063706E+04
  1.061967E+04
  1.060043E+04
  1.058118E+04
  1.056194E+04
  1.054269E+04
  1.052345E+04
  1.050263E+04
  1.048019E+04
  1.045776E+04
  1.043532E+04
  1.041289E+04
  1.039046E+04
  1.036507E+04
  1.033929E+04
  1.031351E+04
  1.028772E+04
  1.026194E+04
  1.023430E+04
  1.020511E+04
  1.017592E+04
  1.014673E+04
  1.011754E+04
  1.008662E+04
  1.005384E+04
  1.002105E+04
  9.988269E+03
  9.955485E+03
  9.920054E+03
  9.883292E+03
  9.846530E+03
  9.809769E+03
  9.772620E+03
  9.731654E+03
  9.690690E+03
  9.649726E+03
  9.608762E+03
  9.564617E+03
  9.519403E+03
  9.474190E+03
  9.428978E+03
  9.381128E+03
  9.331670E+03
  9.282214E+03
  9.232760E+03
  9.180582E+03
  9.127241E+03
  9.073903E+03
  9.020568E+03
  8.964041E+03
  8.907440E+03
  8.850845E+03
  8.792935E+03
  8.733333E+03
  8.673745E+03
  8.613945E+03
  8.551394E+03
  8.488871E+03
  8.426378E+03
  8.361597E+03
  8.296551E+03
  8.231550E+03
  8.164233E+03
  8.096549E+03
  8.028921E+03
  7.957753E+03
  7.886518E+03
  7.814301E+03
  7.738619E+03
  7.662993E+03
  7.584279E+03
  7.503744E+03
  7.422444E+03
  7.336786E+03
  7.251167E+03
  7.161409E+03
  7.070693E+03
  6.977172E+03
  6.881608E+03
  6.783922E+03
  6.683732E+03
  6.581595E+03
  6.477040E+03
  6.370390E+03
  6.261919E+03
  6.150947E+03
  6.039001E+03
  5.923955E+03
  5.807899E+03
  5.690028E+03
  5.570116E+03
  5.448906E+03
  5.326020E+03
  5.200848E+03
  5.073926E+03
  4.945093E+03
  4.814360E+03
  4.682495E+03
  4.554199E+03
  4.439530E+03
  4.354567E+03
  4.326345E+03
  4.416204E+03
  4.547806E+03
  4.293233E+03
  4.578808E+03
  1.332236E+03
  7.356274E-03
  5.975656E+02
  5.975301E+02
  5.974945E+02
  5.974590E+02
  5.974235E+02
  5.973879E+02
  5.973524E+02
  5.973169E+02
  5.972813E+02
  5.972322E+02
  5.971825E+02
  5.971328E+02
  5.970832E+02
  5.970335E+02
  5.969838E+02
  5.969342E+02
  5.969081E+02
  5.969314E+02
  5.969548E+02
  5.969782E+02
  5.970016E+02
  5.970250E+02
  5.970484E+02
  5.970760E+02
  5.971613E+02
  5.972467E+02
  5.973321E+02
  5.974176E+02
  5.975031E+02
  5.975886E+02
  5.976759E+02
  5.977714E+02
  5.978669E+02
  5.979626E+02
  5.980583E+02
  5.981541E+02
  5.982500E+02
  5.983440E+02
  5.984371E+02
  5.985303E+02
  5.986237E+02
  5.987171E+02
  5.988107E+02
  5.989003E+02
  5.989838E+02
  5.990675E+02
  5.991514E+02
  5.992355E+02
  5.993198E+02
  5.993626E+02
  5.993628E+02
  5.993633E+02
  5.993640E+02
  5.993649E+02
  5.993661E+02
  5.991981E+02
  5.990073E+02
  5.988167E+02
  5.986262E+02
  5.984359E+02
  5.981256E+02
  5.977156E+02
  5.973058E+02
  5.968961E+02
  5.964866E+02
  5.959820E+02
  5.953740E+02
  5.947662E+02
  5.941585E+02
  5.935510E+02
  5.928308E+02
  5.920541E+02
  5.912775E+02
  5.905011E+02
  5.897160E+02
  5.888453E+02
  5.879749E+02
  5.871046E+02
  5.862347E+02
  5.852605E+02
  5.842515E+02
  5.832428E+02
  5.822344E+02
  5.809655E+02
  5.795376E+02
  5.781097E+02
  5.766818E+02
  5.747758E+02
  5.726651E+02
  5.705541E+02
  5.684429E+02
  5.655307E+02
  5.625987E+02
  5.596672E+02
  5.562724E+02
  5.522827E+02
  5.482960E+02
  5.442232E+02
  5.390655E+02
  5.339160E+02
  5.287746E+02
  5.229855E+02
  5.171214E+02
  5.112700E+02
  5.053463E+02
  4.994215E+02
  4.935105E+02
  4.879155E+02
  4.823431E+02
  4.769109E+02
  4.719230E+02
  4.669435E+02
  4.624278E+02
  4.581888E+02
  4.540780E+02
  4.506402E+02
  4.472043E+02
  4.443957E+02
  4.417362E+02
  4.394756E+02
  4.375065E+02
  4.357534E+02
  4.342548E+02
  4.328417E+02
  4.315351E+02
  4.302469E+02
  4.289768E+02
  4.276978E+02
  4.264204E+02
  4.251548E+02
  4.239299E+02
  4.227729E+02
  4.217985E+02
  4.209995E+02
  4.204707E+02
  4.204722E+02
  4.210005E+02
  4.222370E+02
  4.244678E+02
  4.283271E+02
  4.352689E+02
  4.475216E+02
  4.689254E+02
  5.058165E+02
  5.708723E+02
  6.561809E+02
  6.984908E+02
  8.228172E+02
  3.675729E+02
  2.361651E-03
  2.005311E+03
  2.004950E+03
  2.004589E+03
  2.004228E+03
  2.003867E+03
  2.003506E+03
  2.003144E+03
  2.002783E+03
  2.002422E+03
  2.001405E+03
  2.000361E+03
  1.999317E+03
  1.998272E+03
  1.997228E+03
  1.996184E+03
  1.995140E+03
  1.993904E+03
  1.992265E+03
  1.990625E+03
  1.988986E+03
  1.987347E+03
  1.985708E+03
  1.984068E+03
  1.982384E+03
  1.980076E+03
  1.977768E+03
  1.975460E+03
  1.973152E+03
  1.970844E+03
  1.968537E+03
  1.966089E+03
  1.962976E+03
  1.959864E+03
  1.956751E+03
  1.953639E+03
  1.950527E+03
  1.947414E+03
  1.943765E+03
  1.939795E+03
  1.935824E+03
  1.931854E+03
  1.927883E+03
  1.923913E+03
  1.919620E+03
  1.914852E+03
  1.910083E+03
  1.905315E+03
  1.900547E+03
  1.895779E+03
  1.890669E+03
  1.885210E+03
  1.879751E+03
  1.874292E+03
  1.868833E+03
  1.863375E+03
  1.857397E+03
  1.851349E+03
  1.845301E+03
  1.839253E+03
  1.833205E+03
  1.826868E+03
  1.820291E+03
  1.813714E+03
  1.807138E+03
  1.800561E+03
  1.793680E+03
  1.786468E+03
  1.779255E+03
  1.772043E+03
  1.764847E+03
  1.757097E+03
  1.749077E+03
  1.741058E+03
  1.733038E+03
  1.724949E+03
  1.716182E+03
  1.707416E+03
  1.698650E+03
  1.689883E+03
  1.680668E+03
  1.671303E+03
  1.661937E+03
  1.652572E+03
  1.642859E+03
  1.632935E+03
  1.623011E+03
  1.613087E+03
  1.602982E+03
  1.592798E+03
  1.582616E+03
  1.572434E+03
  1.562504E+03
  1.552583E+03
  1.542663E+03
  1.532875E+03
  1.523259E+03
  1.513647E+03
  1.504029E+03
  1.494277E+03
  1.484537E+03
  1.474797E+03
  1.464720E+03
  1.454614E+03
  1.444527E+03
  1.433842E+03
  1.423071E+03
  1.412323E+03
  1.400187E+03
  1.388026E+03
  1.375406E+03
  1.361174E+03
  1.346964E+03
  1.331269E+03
  1.314694E+03
  1.297757E+03
  1.278772E+03
  1.259799E+03
  1.238966E+03
  1.217698E+03
  1.195303E+03
  1.172086E+03
  1.148221E+03
  1.123592E+03
  1.098590E+03
  1.073124E+03
  1.047509E+03
  1.021766E+03
  9.962122E+02
  9.707357E+02
  9.460462E+02
  9.218268E+02
  8.984527E+02
  8.764818E+02
  8.555512E+02
  8.360881E+02
  8.188418E+02
  8.033663E+02
  7.900084E+02
  7.793022E+02
  7.726201E+02
  7.736483E+02
  7.887003E+02
  8.289894E+02
  9.113049E+02
  1.062351E+03
  1.249782E+03
  1.300614E+03
  1.402917E+03
 -3.678374E+00
  2.288876E-08
  1.233029E+00
  1.232858E+00
  1.232686E+00
  1.232515E+00
  1.232343E+00
  1.232172E+00
  1.232000E+00
  1.231829E+00
  1.231657E+00
  1.231161E+00
  1.230651E+00
  1.230141E+00
  1.229631E+00
  1.229121E+00
  1.228611E+00
  1.228101E+00
  1.227493E+00
  1.226678E+00
  1.225862E+00
  1.225047E+00
  1.224231E+00
  1.223416E+00
  1.222601E+00
  1.221765E+00
  1.220639E+00
  1.219513E+00
  1.218388E+00
  1.217262E+00
  1.216137E+00
  1.215011E+00
  1.213827E+00
  1.212365E+00
  1.210904E+00
  1.209442E+00
  1.207981E+00
  1.206519E+00
  1.205057E+00
  1.203377E+00
  1.201565E+00
  1.199754E+00
  1.197942E+00
  1.196131E+00
  1.194320E+00
  1.192367E+00
  1.190206E+00
  1.188045E+00
  1.185884E+00
  1.183724E+00
  1.181563E+00
  1.179225E+00
  1.176706E+00
  1.174187E+00
  1.171668E+00
  1.169149E+00
  1.166630E+00
  1.163781E+00
  1.160886E+00
  1.157991E+00
  1.155096E+00
  1.152201E+00
  1.149097E+00
  1.145820E+00
  1.142542E+00
  1.139265E+00
  1.135987E+00
  1.132517E+00
  1.128835E+00
  1.125154E+00
  1.121473E+00
  1.117792E+00
  1.113814E+00
  1.109687E+00
  1.105559E+00
  1.101432E+00
  1.097260E+00
  1.092661E+00
  1.088061E+00
  1.083462E+00
  1.078863E+00
  1.073906E+00
  1.068830E+00
  1.063753E+00
  1.058677E+00
  1.053304E+00
  1.047751E+00
  1.042198E+00
  1.036645E+00
  1.030787E+00
  1.024798E+00
  1.018809E+00
  1.012821E+00
  1.006474E+00
  1.000119E+00
  9.937645E-01
  9.872624E-01
  9.805703E-01
  9.738799E-01
  9.671656E-01
  9.601423E-01
  9.531224E-01
  9.461057E-01
  9.388322E-01
  9.315288E-01
  9.242306E-01
  9.166724E-01
  9.090729E-01
  9.014796E-01
  8.934889E-01
  8.854907E-01
  8.773823E-01
  8.688848E-01
  8.603936E-01
  8.515556E-01
  8.425132E-01
  8.333850E-01
  8.237673E-01
  8.141542E-01
  8.040762E-01
  7.938907E-01
  7.833902E-01
  7.726604E-01
  7.616923E-01
  7.504431E-01
  7.389752E-01
  7.272359E-01
  7.152613E-01
  7.030823E-01
  6.906225E-01
  6.780533E-01
  6.651361E-01
  6.521054E-01
  6.388710E-01
  6.254074E-01
  6.117980E-01
  5.980005E-01
  5.839463E-01
  5.696956E-01
  5.552304E-01
  5.405518E-01
  5.257461E-01
  5.113411E-01
  4.984662E-01
  4.889266E-01
  4.857579E-01
  4.958471E-01
  5.106233E-01
  4.820401E-01
  5.141042E-01
  1.495822E-01
  8.259554E-07
  1.088232E+00
  1.088167E+00
  1.088103E+00
  1.088038E+00
  1.087973E+00
  1.087908E+00
  1.087844E+00
  1.087779E+00
  1.087714E+00
  1.087625E+00
  1.087534E+00
  1.087444E+00
  1.087353E+00
  1.087263E+00
  1.087173E+00
  1.087082E+00
  1.087035E+00
  1.087077E+00
  1.087120E+00
  1.087162E+00
  1.087205E+00
  1.087247E+00
  1.087290E+00
  1.087340E+00
  1.087496E+00
  1.087651E+00
  1.087807E+00
  1.087962E+00
  1.088118E+00
  1.088274E+00
  1.088433E+00
  1.088607E+00
  1.088781E+00
  1.088955E+00
  1.089129E+00
  1.089304E+00
  1.089478E+00
  1.089650E+00
  1.089819E+00
  1.089989E+00
  1.090159E+00
  1.090329E+00
  1.090500E+00
  1.090663E+00
  1.090815E+00
  1.090967E+00
  1.091120E+00
  1.091273E+00
  1.091427E+00
  1.091504E+00
  1.091505E+00
  1.091506E+00
  1.091507E+00
  1.091509E+00
  1.091511E+00
  1.091205E+00
  1.090858E+00
  1.090510E+00
  1.090163E+00
  1.089817E+00
  1.089252E+00
  1.088505E+00
  1.087759E+00
  1.087013E+00
  1.086267E+00
  1.085348E+00
  1.084241E+00
  1.083134E+00
  1.082027E+00
  1.080921E+00
  1.079609E+00
  1.078195E+00
  1.076781E+00
  1.075367E+00
  1.073937E+00
  1.072351E+00
  1.070766E+00
  1.069181E+00
  1.067597E+00
  1.065823E+00
  1.063986E+00
  1.062149E+00
  1.060312E+00
  1.058001E+00
  1.055401E+00
  1.052801E+00
  1.050200E+00
  1.046729E+00
  1.042885E+00
  1.039041E+00
  1.035196E+00
  1.029893E+00
  1.024554E+00
  1.019215E+00
  1.013033E+00
  1.005767E+00
  9.985067E-01
  9.910897E-01
  9.816970E-01
  9.723193E-01
  9.629561E-01
  9.524135E-01
  9.417344E-01
  9.310784E-01
  9.202907E-01
  9.095010E-01
  8.987364E-01
  8.885472E-01
  8.783994E-01
  8.685066E-01
  8.594232E-01
  8.503549E-01
  8.421314E-01
  8.344116E-01
  8.269254E-01
  8.206649E-01
  8.144078E-01
  8.092930E-01
  8.044496E-01
  8.003330E-01
  7.967470E-01
  7.935543E-01
  7.908253E-01
  7.882519E-01
  7.858723E-01
  7.835265E-01
  7.812134E-01
  7.788843E-01
  7.765580E-01
  7.742532E-01
  7.720225E-01
  7.699154E-01
  7.681410E-01
  7.666859E-01
  7.657230E-01
  7.657257E-01
  7.666878E-01
  7.689395E-01
  7.730021E-01
  7.800303E-01
  7.926720E-01
  8.149856E-01
  8.539642E-01
  9.211469E-01
  1.039621E+00
  1.194977E+00
  1.272028E+00
  1.498440E+00
  6.693903E-01
  4.300824E-06
  1.260155E+00
  1.259928E+00
  1.259701E+00
  1.259474E+00
  1.259247E+00
  1.259020E+00
  1.258793E+00
  1.258566E+00
  1.258339E+00
  1.257700E+00
  1.257044E+00
  1.256388E+00
  1.255731E+00
  1.255075E+00
  1.254419E+00
  1.253763E+00
  1.252986E+00
  1.251956E+00
  1.250926E+00
  1.249896E+00
  1.248866E+00
  1.247835E+00
  1.246805E+00
  1.245747E+00
  1.244297E+00
  1.242846E+00
  1.241396E+00
  1.239946E+00
  1.238495E+00
  1.237045E+00
  1.235507E+00
  1.233551E+00
  1.231595E+00
  1.229639E+00
  1.227683E+00
  1.225728E+00
  1.223772E+00
  1.221479E+00
  1.218984E+00
  1.216488E+00
  1.213993E+00
  1.211498E+00
  1.209003E+00
  1.206306E+00
  1.203309E+00
  1.200312E+00
  1.197316E+00
  1.194320E+00
  1.191323E+00
  1.188112E+00
  1.184682E+00
  1.181251E+00
  1.177821E+00
  1.174391E+00
  1.170960E+00
  1.167204E+00
  1.163403E+00
  1.159603E+00
  1.155802E+00
  1.152001E+00
  1.148019E+00
  1.143886E+00
  1.139754E+00
  1.135621E+00
  1.131488E+00
  1.127164E+00
  1.122631E+00
  1.118099E+00
  1.113567E+00
  1.109045E+00
  1.104175E+00
  1.099135E+00
  1.094095E+00
  1.089056E+00
  1.083972E+00
  1.078464E+00
  1.072955E+00
  1.067446E+00
  1.061937E+00
  1.056146E+00
  1.050261E+00
  1.044375E+00
  1.038490E+00
  1.032387E+00
  1.026150E+00
  1.019914E+00
  1.013678E+00
  1.007327E+00
  1.000928E+00
  9.945292E-01
  9.881309E-01
  9.818909E-01
  9.756562E-01
  9.694228E-01
  9.632720E-01
  9.572288E-01
  9.511888E-01
  9.451447E-01
  9.390163E-01
  9.328954E-01
  9.267750E-01
  9.204427E-01
  9.140919E-01
  9.077530E-01
  9.010387E-01
  8.942698E-01
  8.875157E-01
  8.798892E-01
  8.722471E-01
  8.643167E-01
  8.553733E-01
  8.464437E-01
  8.365805E-01
  8.261652E-01
  8.155214E-01
  8.035912E-01
  7.916686E-01
  7.785769E-01
  7.652116E-01
  7.511384E-01
  7.365489E-01
  7.215520E-01
  7.060749E-01
  6.903631E-01
  6.743601E-01
  6.582637E-01
  6.420867E-01
  6.260282E-01
  6.100186E-01
  5.945034E-01
  5.792838E-01
  5.645953E-01
  5.507886E-01
  5.376356E-01
  5.254049E-01
  5.145672E-01
  5.048422E-01
  4.964480E-01
  4.897201E-01
  4.855211E-01
  4.861672E-01
  4.956260E-01
  5.209440E-01
  5.726718E-01
  6.675904E-01
  7.853738E-01
  8.173172E-01
  8.816048E-01
 -2.311521E-03
  1.438349E-11
  9.724475E-01
  9.723123E-01
  9.721771E-01
  9.720419E-01
  9.719066E-01
  9.717714E-01
  9.716362E-01
  9.715010E-01
  9.713657E-01
  9.709742E-01
  9.705722E-01
  9.701701E-01
  9.697680E-01
  9.693659E-01
  9.689638E-01
  9.685617E-01
  9.680819E-01
  9.674389E-01
  9.667959E-01
  9.661530E-01
  9.655100E-01
  9.648670E-01
  9.642240E-01
  9.635648E-01
  9.626772E-01
  9.617896E-01
  9.609020E-01
  9.600144E-01
  9.591268E-01
  9.582393E-01
  9.573057E-01
  9.561531E-01
  9.550005E-01
  9.538479E-01
  9.526953E-01
  9.515427E-01
  9.503902E-01
  9.490651E-01
  9.476365E-01
  9.462080E-01
  9.447795E-01
  9.433511E-01
  9.419226E-01
  9.403828E-01
  9.386787E-01
  9.369747E-01
  9.352708E-01
  9.335669E-01
  9.318630E-01
  9.300194E-01
  9.280328E-01
  9.260463E-01
  9.240598E-01
  9.220733E-01
  9.200870E-01
  9.178394E-01
  9.155563E-01
  9.132733E-01
  9.109902E-01
  9.087073E-01
  9.062594E-01
  9.036746E-01
  9.010897E-01
  8.985050E-01
  8.959203E-01
  8.931829E-01
  8.902798E-01
  8.873767E-01
  8.844736E-01
  8.815705E-01
  8.784330E-01
  8.751777E-01
  8.719224E-01
  8.686671E-01
  8.653774E-01
  8.617498E-01
  8.581223E-01
  8.544948E-01
  8.508673E-01
  8.469581E-01
  8.429541E-01
  8.389503E-01
  8.349465E-01
  8.307092E-01
  8.263294E-01
  8.219498E-01
  8.175704E-01
  8.129498E-01
  8.082263E-01
  8.035031E-01
  7.987802E-01
  7.937747E-01
  7.887628E-01
  7.837514E-01
  7.786236E-01
  7.733462E-01
  7.680699E-01
  7.627748E-01
  7.572362E-01
  7.517000E-01
  7.461662E-01
  7.404294E-01
  7.346690E-01
  7.289123E-01
  7.229503E-01
  7.169555E-01
  7.109653E-01
  7.046616E-01
  6.983518E-01
  6.919549E-01
  6.852514E-01
  6.785527E-01
  6.715809E-01
  6.644481E-01
  6.572477E-01
  6.496620E-01
  6.420800E-01
  6.341320E-01
  6.260995E-01
  6.178190E-01
  6.093581E-01
  6.007094E-01
  5.918393E-01
  5.827968E-01
  5.735402E-01
  5.640981E-01
  5.544946E-01
  5.446696E-01
  5.347580E-01
  5.245718E-01
  5.142958E-01
  5.038587E-01
  4.932407E-01
  4.825072E-01
  4.716251E-01
  4.605401E-01
  4.493000E-01
  4.378905E-01
  4.263124E-01
  4.146338E-01
  4.032711E-01
  3.931149E-01
  3.855890E-01
  3.830872E-01
  3.910408E-01
  4.026902E-01
  3.801452E-01
  4.054274E-01
  1.443821E-01
  5.346018E-02
  5.291480E-02
  5.291165E-02
  5.290851E-02
  5.290536E-02
  5.290222E-02
  5.289907E-02
  5.289593E-02
  5.289278E-02
  5.288964E-02
  5.288529E-02
  5.288089E-02
  5.287650E-02
  5.287210E-02
  5.286771E-02
  5.286331E-02
  5.285892E-02
  5.285661E-02
  5.285868E-02
  5.286075E-02
  5.286283E-02
  5.286491E-02
  5.286698E-02
  5.286906E-02
  5.287151E-02
  5.287907E-02
  5.288664E-02
  5.289421E-02
  5.290179E-02
  5.290936E-02
  5.291694E-02
  5.292468E-02
  5.293314E-02
  5.294162E-02
  5.295010E-02
  5.295858E-02
  5.296707E-02
  5.297557E-02
  5.298391E-02
  5.299216E-02
  5.300043E-02
  5.300870E-02
  5.301699E-02
  5.302529E-02
  5.303322E-02
  5.304063E-02
  5.304805E-02
  5.305549E-02
  5.306295E-02
  5.307042E-02
  5.307422E-02
  5.307425E-02
  5.307430E-02
  5.307437E-02
  5.307446E-02
  5.307457E-02
  5.305970E-02
  5.304281E-02
  5.302593E-02
  5.300907E-02
  5.299222E-02
  5.296475E-02
  5.292844E-02
  5.289216E-02
  5.285588E-02
  5.281962E-02
  5.277494E-02
  5.272110E-02
  5.266728E-02
  5.261347E-02
  5.255968E-02
  5.249590E-02
  5.242712E-02
  5.235835E-02
  5.228959E-02
  5.222008E-02
  5.214297E-02
  5.206588E-02
  5.198882E-02
  5.191177E-02
  5.182550E-02
  5.173614E-02
  5.164681E-02
  5.155751E-02
  5.144513E-02
  5.131867E-02
  5.119222E-02
  5.106576E-02
  5.089698E-02
  5.071007E-02
  5.052313E-02
  5.033618E-02
  5.007830E-02
  4.981868E-02
  4.955910E-02
  4.925850E-02
  4.890524E-02
  4.855223E-02
  4.819160E-02
  4.773490E-02
  4.727892E-02
  4.682364E-02
  4.631099E-02
  4.579169E-02
  4.527349E-02
  4.474888E-02
  4.422415E-02
  4.370062E-02
  4.320507E-02
  4.271152E-02
  4.223037E-02
  4.178858E-02
  4.134752E-02
  4.094756E-02
  4.057210E-02
  4.020801E-02
  3.990356E-02
  3.959927E-02
  3.935057E-02
  3.911509E-02
  3.891497E-02
  3.874067E-02
  3.858552E-02
  3.845293E-02
  3.832791E-02
  3.821232E-02
  3.809837E-02
  3.798602E-02
  3.787287E-02
  3.775985E-02
  3.764786E-02
  3.753945E-02
  3.743704E-02
  3.735078E-02
  3.728001E-02
  3.723316E-02
  3.723322E-02
  3.727992E-02
  3.738929E-02
  3.758669E-02
  3.792826E-02
  3.854275E-02
  3.962749E-02
  4.152249E-02
  4.478880E-02
  5.054892E-02
  5.810222E-02
  6.184801E-02
  7.285578E-02
  3.983600E-02
  1.716280E-02
  1.775716E-01
  1.775396E-01
  1.775076E-01
  1.774756E-01
  1.774436E-01
  1.774117E-01
  1.773797E-01
  1.773477E-01
  1.773157E-01
  1.772257E-01
  1.771332E-01
  1.770408E-01
  1.769483E-01
  1.768559E-01
  1.767634E-01
  1.766710E-01
  1.765615E-01
  1.764164E-01
  1.762712E-01
  1.761261E-01
  1.759809E-01
  1.758358E-01
  1.756907E-01
  1.755416E-01
  1.753372E-01
  1.751329E-01
  1.749285E-01
  1.747242E-01
  1.745198E-01
  1.743155E-01
  1.740988E-01
  1.738232E-01
  1.735476E-01
  1.732720E-01
  1.729964E-01
  1.727209E-01
  1.724453E-01
  1.721222E-01
  1.717706E-01
  1.714191E-01
  1.710675E-01
  1.707160E-01
  1.703644E-01
  1.699843E-01
  1.695621E-01
  1.691399E-01
  1.687177E-01
  1.682955E-01
  1.678733E-01
  1.674208E-01
  1.669374E-01
  1.664541E-01
  1.659707E-01
  1.654874E-01
  1.650040E-01
  1.644747E-01
  1.639391E-01
  1.634036E-01
  1.628680E-01
  1.623325E-01
  1.617714E-01
  1.611890E-01
  1.606066E-01
  1.600243E-01
  1.594419E-01
  1.588326E-01
  1.581939E-01
  1.575553E-01
  1.569166E-01
  1.562794E-01
  1.555931E-01
  1.548830E-01
  1.541728E-01
  1.534626E-01
  1.527463E-01
  1.519700E-01
  1.511937E-01
  1.504175E-01
  1.496412E-01
  1.488251E-01
  1.479958E-01
  1.471664E-01
  1.463371E-01
  1.454770E-01
  1.445981E-01
  1.437193E-01
  1.428405E-01
  1.419456E-01
  1.410439E-01
  1.401422E-01
  1.392406E-01
  1.383613E-01
  1.374828E-01
  1.366044E-01
  1.357377E-01
  1.348862E-01
  1.340352E-01
  1.331835E-01
  1.323200E-01
  1.314575E-01
  1.305951E-01
  1.297027E-01
  1.288077E-01
  1.279144E-01
  1.269680E-01
  1.260140E-01
  1.250620E-01
  1.239870E-01
  1.229098E-01
  1.217919E-01
  1.205314E-01
  1.192727E-01
  1.178826E-01
  1.164147E-01
  1.149147E-01
  1.132335E-01
  1.115533E-01
  1.097086E-01
  1.078253E-01
  1.058424E-01
  1.037868E-01
  1.016738E-01
  9.949322E-02
  9.727954E-02
  9.502484E-02
  9.275696E-02
  9.047770E-02
  8.821512E-02
  8.595937E-02
  8.377327E-02
  8.162876E-02
  7.955905E-02
  7.761354E-02
  7.576009E-02
  7.403654E-02
  7.250924E-02
  7.113870E-02
  6.995564E-02
  6.900734E-02
  6.841533E-02
  6.850602E-02
  6.983845E-02
  7.340551E-02
  8.069380E-02
  9.406780E-02
  1.106633E-01
  1.151632E-01
  1.242203E-01
 -3.986466E-04
  1.663393E-07
  9.726383E-01
  9.725031E-01
  9.723679E-01
  9.722326E-01
  9.720974E-01
  9.719622E-01
  9.718270E-01
  9.716918E-01
  9.715566E-01
  9.711651E-01
  9.707631E-01
  9.703610E-01
  9.699590E-01
  9.695570E-01
  9.691549E-01
  9.687529E-01
  9.682732E-01
  9.676303E-01
  9.669874E-01
  9.663446E-01
  9.657017E-01
  9.650589E-01
  9.644161E-01
  9.637569E-01
  9.628695E-01
  9.619822E-01
  9.610948E-01
  9.602075E-01
  9.593201E-01
  9.584328E-01
  9.574995E-01
  9.563472E-01
  9.551949E-01
  9.540426E-01
  9.528904E-01
  9.517382E-01
  9.505860E-01
  9.492612E-01
  9.478331E-01
  9.464050E-01
  9.449770E-01
  9.435490E-01
  9.421210E-01
  9.405816E-01
  9.388781E-01
  9.371746E-01
  9.354712E-01
  9.337678E-01
  9.320645E-01
  9.302214E-01
  9.282354E-01
  9.262494E-01
  9.242635E-01
  9.222777E-01
  9.202919E-01
  9.180450E-01
  9.157624E-01
  9.134800E-01
  9.111975E-01
  9.089151E-01
  9.064679E-01
  9.038836E-01
  9.012993E-01
  8.987152E-01
  8.961310E-01
  8.933943E-01
  8.904917E-01
  8.875892E-01
  8.846867E-01
  8.817843E-01
  8.786474E-01
  8.753927E-01
  8.721381E-01
  8.688835E-01
  8.655945E-01
  8.619677E-01
  8.583409E-01
  8.547143E-01
  8.510876E-01
  8.471794E-01
  8.431764E-01
  8.391736E-01
  8.351709E-01
  8.309347E-01
  8.265562E-01
  8.221779E-01
  8.177998E-01
  8.131807E-01
  8.084588E-01
  8.037372E-01
  7.990158E-01
  7.940122E-01
  7.890021E-01
  7.839926E-01
  7.788668E-01
  7.735915E-01
  7.683173E-01
  7.630243E-01
  7.574880E-01
  7.519541E-01
  7.464225E-01
  7.406882E-01
  7.349302E-01
  7.291760E-01
  7.232166E-01
  7.172244E-01
  7.112369E-01
  7.049361E-01
  6.986291E-01
  6.922351E-01
  6.855346E-01
  6.788390E-01
  6.718703E-01
  6.647408E-01
  6.575436E-01
  6.499614E-01
  6.423828E-01
  6.344385E-01
  6.264097E-01
  6.181330E-01
  6.096760E-01
  6.010313E-01
  5.921653E-01
  5.831269E-01
  5.738744E-01
  5.644364E-01
  5.548370E-01
  5.450160E-01
  5.351085E-01
  5.249263E-01
  5.146546E-01
  5.042221E-01
  4.936092E-01
  4.828816E-01
  4.720064E-01
  4.609306E-01
  4.497020E-01
  4.383072E-01
  4.267482E-01
  4.150946E-01
  4.037639E-01
  3.936461E-01
  3.861630E-01
  3.837032E-01
  3.916864E-01
  4.033345E-01
  3.807663E-01
  4.058994E-01
  1.437793E-01
  5.100743E-02
  4.650747E-02
  4.650469E-02
  4.650192E-02
  4.649914E-02
  4.649637E-02
  4.649359E-02
  4.649082E-02
  4.648804E-02
  4.648527E-02
  4.648159E-02
  4.647787E-02
  4.647415E-02
  4.647043E-02
  4.646672E-02
  4.646300E-02
  4.645928E-02
  4.645751E-02
  4.645981E-02
  4.646211E-02
  4.646442E-02
  4.646673E-02
  4.646904E-02
  4.647135E-02
  4.647399E-02
  4.648130E-02
  4.648862E-02
  4.649593E-02
  4.650325E-02
  4.651058E-02
  4.651790E-02
  4.652536E-02
  4.653346E-02
  4.654157E-02
  4.654968E-02
  4.655779E-02
  4.656591E-02
  4.657404E-02
  4.658207E-02
  4.659005E-02
  4.659804E-02
  4.660604E-02
  4.661405E-02
  4.662207E-02
  4.662980E-02
  4.663711E-02
  4.664442E-02
  4.665176E-02
  4.665911E-02
  4.666648E-02
  4.667026E-02
  4.667037E-02
  4.667049E-02
  4.667063E-02
  4.667080E-02
  4.667098E-02
  4.665632E-02
  4.663965E-02
  4.662300E-02
  4.660636E-02
  4.658974E-02
  4.656256E-02
  4.652660E-02
  4.649065E-02
  4.645472E-02
  4.641880E-02
  4.637449E-02
  4.632107E-02
  4.626767E-02
  4.621427E-02
  4.616089E-02
  4.609751E-02
  4.602913E-02
  4.596075E-02
  4.589239E-02
  4.582325E-02
  4.574635E-02
  4.566947E-02
  4.559261E-02
  4.551577E-02
  4.542941E-02
  4.533987E-02
  4.525036E-02
  4.516087E-02
  4.504801E-02
  4.492087E-02
  4.479374E-02
  4.466662E-02
  4.449683E-02
  4.430876E-02
  4.412067E-02
  4.393256E-02
  4.367323E-02
  4.341214E-02
  4.315108E-02
  4.284903E-02
  4.249435E-02
  4.213991E-02
  4.177787E-02
  4.132035E-02
  4.086351E-02
  4.040735E-02
  3.989476E-02
  3.937561E-02
  3.885753E-02
  3.833418E-02
  3.781089E-02
  3.728874E-02
  3.679602E-02
  3.630530E-02
  3.582725E-02
  3.538965E-02
  3.495272E-02
  3.455751E-02
  3.418717E-02
  3.382821E-02
  3.352926E-02
  3.323045E-02
  3.298704E-02
  3.275678E-02
  3.256144E-02
  3.239160E-02
  3.224037E-02
  3.211109E-02
  3.198878E-02
  3.187514E-02
  3.176238E-02
  3.165053E-02
  3.153676E-02
  3.142267E-02
  3.130753E-02
  3.119482E-02
  3.108599E-02
  3.098908E-02
  3.090390E-02
  3.083685E-02
  3.080510E-02
  3.080843E-02
  3.085943E-02
  3.097886E-02
  3.121603E-02
  3.169417E-02
  3.261171E-02
  3.431275E-02
  3.737571E-02
  4.296457E-02
  5.044421E-02
  5.421396E-02
  6.528725E-02
  3.314213E-02
  9.052999E-03
  1.780324E-01
  1.780004E-01
  1.779684E-01
  1.779364E-01
  1.779044E-01
  1.778724E-01
  1.778404E-01
  1.778084E-01
  1.777763E-01
  1.776862E-01
  1.775937E-01
  1.775012E-01
  1.774087E-01
  1.773162E-01
  1.772237E-01
  1.771312E-01
  1.770217E-01
  1.768765E-01
  1.767313E-01
  1.765861E-01
  1.764409E-01
  1.762957E-01
  1.761505E-01
  1.760014E-01
  1.757970E-01
  1.755926E-01
  1.753882E-01
  1.751839E-01
  1.749795E-01
  1.747751E-01
  1.745583E-01
  1.742827E-01
  1.740071E-01
  1.737315E-01
  1.734558E-01
  1.731802E-01
  1.729046E-01
  1.725814E-01
  1.722298E-01
  1.718782E-01
  1.715265E-01
  1.711749E-01
  1.708233E-01
  1.704431E-01
  1.700207E-01
  1.695984E-01
  1.691760E-01
  1.687537E-01
  1.683314E-01
  1.678788E-01
  1.673952E-01
  1.669116E-01
  1.664280E-01
  1.659445E-01
  1.654609E-01
  1.649313E-01
  1.643954E-01
  1.638596E-01
  1.633237E-01
  1.627879E-01
  1.622264E-01
  1.616437E-01
  1.610609E-01
  1.604782E-01
  1.598954E-01
  1.592857E-01
  1.586467E-01
  1.580076E-01
  1.573685E-01
  1.567315E-01
  1.560449E-01
  1.553343E-01
  1.546237E-01
  1.539132E-01
  1.531965E-01
  1.524199E-01
  1.516433E-01
  1.508667E-01
  1.500900E-01
  1.492737E-01
  1.484439E-01
  1.476142E-01
  1.467845E-01
  1.459238E-01
  1.450442E-01
  1.441646E-01
  1.432851E-01
  1.423888E-01
  1.414854E-01
  1.405821E-01
  1.396788E-01
  1.387967E-01
  1.379152E-01
  1.370339E-01
  1.361635E-01
  1.353074E-01
  1.344517E-01
  1.335953E-01
  1.327252E-01
  1.318562E-01
  1.309866E-01
  1.300863E-01
  1.291832E-01
  1.282817E-01
  1.273264E-01
  1.263633E-01
  1.254023E-01
  1.243179E-01
  1.232314E-01
  1.221042E-01
  1.208345E-01
  1.195667E-01
  1.181677E-01
  1.166912E-01
  1.151827E-01
  1.134936E-01
  1.118057E-01
  1.099539E-01
  1.080637E-01
  1.060745E-01
  1.040131E-01
  1.018948E-01
  9.970951E-02
  9.749165E-02
  9.523341E-02
  9.296258E-02
  9.068089E-02
  8.841663E-02
  8.615949E-02
  8.397301E-02
  8.182850E-02
  7.975946E-02
  7.781552E-02
  7.596496E-02
  7.424455E-02
  7.272189E-02
  7.135733E-02
  7.018193E-02
  6.924338E-02
  6.866386E-02
  6.877018E-02
  7.012096E-02
  7.370826E-02
  8.101639E-02
  9.440474E-02
  1.110006E-01
  1.154869E-01
  1.244680E-01
 -4.421207E-04
  1.560141E-07
 -1.907465E-04
 -1.907565E-04
 -1.907665E-04
 -1.907765E-04
 -1.907865E-04
 -1.907966E-04
 -1.908066E-04
 -1.908166E-04
 -1.908266E-04
 -1.908756E-04
 -1.909261E-04
 -1.909767E-04
 -1.910273E-04
 -1.910779E-04
 -1.911284E-04
 -1.911790E-04
 -1.912546E-04
 -1.913829E-04
 -1.915111E-04
 -1.916393E-04
 -1.917676E-04
 -1.918958E-04
 -1.920241E-04
 -1.921589E-04
 -1.923855E-04
 -1.926122E-04
 -1.928389E-04
 -1.930656E-04
 -1.932923E-04
 -1.935190E-04
 -1.937638E-04
 -1.940950E-04
 -1.944263E-04
 -1.947575E-04
 -1.950888E-04
 -1.954201E-04
 -1.957515E-04
 -1.961491E-04
 -1.965865E-04
 -1.970239E-04
 -1.974614E-04
 -1.978989E-04
 -1.983364E-04
 -1.988113E-04
 -1.993412E-04
 -1.998711E-04
 -2.004012E-04
 -2.009312E-04
 -2.014614E-04
 -2.020175E-04
 -2.026000E-04
 -2.031827E-04
 -2.037654E-04
 -2.043483E-04
 -2.049312E-04
 -2.055184E-04
 -2.061063E-04
 -2.066942E-04
 -2.072823E-04
 -2.078703E-04
 -2.084518E-04
 -2.090277E-04
 -2.096037E-04
 -2.101797E-04
 -2.107558E-04
 -2.113396E-04
 -2.119316E-04
 -2.125237E-04
 -2.131159E-04
 -2.137081E-04
 -2.143514E-04
 -2.150205E-04
 -2.156897E-04
 -2.163590E-04
 -2.170417E-04
 -2.178567E-04
 -2.186718E-04
 -2.194869E-04
 -2.203023E-04
 -2.212744E-04
 -2.222993E-04
 -2.233245E-04
 -2.243499E-04
 -2.255411E-04
 -2.268333E-04
 -2.281257E-04
 -2.294181E-04
 -2.309157E-04
 -2.325007E-04
 -2.340852E-04
 -2.356693E-04
 -2.375216E-04
 -2.393791E-04
 -2.412353E-04
 -2.431934E-04
 -2.452823E-04
 -2.473683E-04
 -2.494675E-04
 -2.517587E-04
 -2.540456E-04
 -2.563280E-04
 -2.587780E-04
 -2.612456E-04
 -2.637076E-04
 -2.663319E-04
 -2.689803E-04
 -2.716225E-04
 -2.744622E-04
 -2.773032E-04
 -2.801865E-04
 -2.832273E-04
 -2.862633E-04
 -2.894253E-04
 -2.926616E-04
 -2.959292E-04
 -2.993803E-04
 -3.028303E-04
 -3.064749E-04
 -3.101664E-04
 -3.139918E-04
 -3.179161E-04
 -3.219100E-04
 -3.259857E-04
 -3.300757E-04
 -3.341829E-04
 -3.382668E-04
 -3.423307E-04
 -3.463769E-04
 -3.504173E-04
 -3.545638E-04
 -3.588440E-04
 -3.633660E-04
 -3.685518E-04
 -3.743935E-04
 -3.812844E-04
 -3.904570E-04
 -4.020174E-04
 -4.167765E-04
 -4.358233E-04
 -4.607841E-04
 -4.928186E-04
 -5.311996E-04
 -5.740187E-04
 -6.160130E-04
 -6.456103E-04
 -6.443054E-04
 -6.210325E-04
 -4.720031E-04
  6.027948E-04
  2.452748E-03
  6.407333E-03
  6.406962E-03
  6.406591E-03
  6.406220E-03
  6.405849E-03
  6.405479E-03
  6.405108E-03
  6.404737E-03
  6.404366E-03
  6.403701E-03
  6.403023E-03
  6.402345E-03
  6.401668E-03
  6.400990E-03
  6.400312E-03
  6.399635E-03
  6.399101E-03
  6.398870E-03
  6.398639E-03
  6.398407E-03
  6.398176E-03
  6.397945E-03
  6.397713E-03
  6.397515E-03
  6.397769E-03
  6.398023E-03
  6.398277E-03
  6.398532E-03
  6.398786E-03
  6.399040E-03
  6.399314E-03
  6.399683E-03
  6.400051E-03
  6.400420E-03
  6.400788E-03
  6.401157E-03
  6.401525E-03
  6.401836E-03
  6.402111E-03
  6.402386E-03
  6.402662E-03
  6.402937E-03
  6.403213E-03
  6.403419E-03
  6.403523E-03
  6.403627E-03
  6.403731E-03
  6.403835E-03
  6.403940E-03
  6.403956E-03
  6.403881E-03
  6.403807E-03
  6.403733E-03
  6.403659E-03
  6.403585E-03
  6.403378E-03
  6.403153E-03
  6.402928E-03
  6.402703E-03
  6.402478E-03
  6.402189E-03
  6.401847E-03
  6.401505E-03
  6.401163E-03
  6.400821E-03
  6.400444E-03
  6.400029E-03
  6.399615E-03
  6.399201E-03
  6.398786E-03
  6.398386E-03
  6.397992E-03
  6.397598E-03
  6.397204E-03
  6.396828E-03
  6.396622E-03
  6.396417E-03
  6.396211E-03
  6.396006E-03
  6.396091E-03
  6.396274E-03
  6.396457E-03
  6.396640E-03
  6.397127E-03
  6.397800E-03
  6.398473E-03
  6.399147E-03
  6.400155E-03
  6.401308E-03
  6.402462E-03
  6.403618E-03
  6.405076E-03
  6.406546E-03
  6.408020E-03
  6.409470E-03
  6.410892E-03
  6.412326E-03
  6.413723E-03
  6.414556E-03
  6.415414E-03
  6.416299E-03
  6.416232E-03
  6.416076E-03
  6.415963E-03
  6.414694E-03
  6.413263E-03
  6.411886E-03
  6.409052E-03
  6.406222E-03
  6.403115E-03
  6.398932E-03
  6.394801E-03
  6.390048E-03
  6.384938E-03
  6.379799E-03
  6.374293E-03
  6.368822E-03
  6.363533E-03
  6.358305E-03
  6.353525E-03
  6.349072E-03
  6.345147E-03
  6.341835E-03
  6.339132E-03
  6.337178E-03
  6.335995E-03
  6.335482E-03
  6.336105E-03
  6.337178E-03
  6.340322E-03
  6.344634E-03
  6.351050E-03
  6.361698E-03
  6.376111E-03
  6.396310E-03
  6.428127E-03
  6.471483E-03
  6.529860E-03
  6.607826E-03
  6.712230E-03
  6.848586E-03
  7.015778E-03
  7.209739E-03
  7.413089E-03
  7.584354E-03
  7.658009E-03
  7.634050E-03
  7.568528E-03
  6.693867E-03
  8.109805E-03
 -4.608435E-04
 -4.608156E-04
 -4.607877E-04
 -4.607598E-04
 -4.607320E-04
 -4.607041E-04
 -4.606762E-04
 -4.606483E-04
 -4.606204E-04
 -4.605624E-04
 -4.605031E-04
 -4.604439E-04
 -4.603846E-04
 -4.603254E-04
 -4.602661E-04
 -4.602069E-04
 -4.601517E-04
 -4.601047E-04
 -4.600578E-04
 -4.600109E-04
 -4.599641E-04
 -4.599172E-04
 -4.598704E-04
 -4.598244E-04
 -4.597914E-04
 -4.597585E-04
 -4.597255E-04
 -4.596926E-04
 -4.596597E-04
 -4.596268E-04
 -4.595917E-04
 -4.595465E-04
 -4.595013E-04
 -4.594561E-04
 -4.594110E-04
 -4.593659E-04
 -4.593208E-04
 -4.592552E-04
 -4.591773E-04
 -4.590994E-04
 -4.590216E-04
 -4.589438E-04
 -4.588661E-04
 -4.587665E-04
 -4.586347E-04
 -4.585030E-04
 -4.583713E-04
 -4.582397E-04
 -4.581081E-04
 -4.579378E-04
 -4.577278E-04
 -4.575178E-04
 -4.573079E-04
 -4.570981E-04
 -4.568884E-04
 -4.565990E-04
 -4.562989E-04
 -4.559988E-04
 -4.556988E-04
 -4.553988E-04
 -4.550564E-04
 -4.546787E-04
 -4.543011E-04
 -4.539235E-04
 -4.535460E-04
 -4.531504E-04
 -4.527353E-04
 -4.523202E-04
 -4.519051E-04
 -4.521435E-04
 -4.517418E-04
 -4.513475E-04
 -4.509533E-04
 -4.505590E-04
 -4.501712E-04
 -4.498471E-04
 -4.495228E-04
 -4.491985E-04
 -4.488741E-04
 -4.485261E-04
 -4.481699E-04
 -4.478136E-04
 -4.474570E-04
 -4.468446E-04
 -4.460759E-04
 -4.453069E-04
 -4.445376E-04
 -4.431645E-04
 -4.415329E-04
 -4.399012E-04
 -4.382694E-04
 -4.353643E-04
 -4.324282E-04
 -4.294932E-04
 -4.258140E-04
 -4.211782E-04
 -4.165462E-04
 -4.117722E-04
 -4.052203E-04
 -3.986776E-04
 -3.915010E-04
 -3.835537E-04
 -3.754313E-04
 -3.673239E-04
 -3.584038E-04
 -3.493548E-04
 -3.403251E-04
 -3.309617E-04
 -3.216073E-04
 -3.123030E-04
 -3.031185E-04
 -2.939547E-04
 -2.851222E-04
 -2.764938E-04
 -2.680014E-04
 -2.601619E-04
 -2.523378E-04
 -2.452717E-04
 -2.383939E-04
 -2.321206E-04
 -2.262889E-04
 -2.209815E-04
 -2.162869E-04
 -2.121096E-04
 -2.085695E-04
 -2.056221E-04
 -2.031891E-04
 -2.015081E-04
 -2.001213E-04
 -1.997424E-04
 -1.997380E-04
 -2.004038E-04
 -2.019814E-04
 -2.048726E-04
 -2.080068E-04
 -2.126527E-04
 -2.186372E-04
 -2.262902E-04
 -2.360396E-04
 -2.485307E-04
 -2.641616E-04
 -2.825186E-04
 -3.027531E-04
 -3.225913E-04
 -3.369435E-04
 -3.373777E-04
 -3.237078E-04
 -2.476877E-04
  4.347412E-05
  1.032518E-08
  1.273240E+00
  1.273211E+00
  1.273125E+00
  1.272981E+00
  1.272781E+00
  1.272522E+00
  1.272207E+00
  1.271834E+00
  1.271403E+00
  1.270915E+00
  1.270369E+00
  1.269765E+00
  1.269104E+00
  1.268384E+00
  1.267607E+00
  1.266771E+00
  1.265877E+00
  1.264925E+00
  1.263915E+00
  1.262845E+00
  1.261717E+00
  1.260530E+00
  1.259284E+00
  1.257979E+00
  1.256614E+00
  1.255190E+00
  1.253705E+00
  1.252161E+00
  1.250556E+00
  1.248891E+00
  1.247165E+00
  1.245378E+00
  1.243529E+00
  1.241620E+00
  1.239648E+00
  1.237614E+00
  1.235518E+00
  1.233359E+00
  1.231136E+00
  1.228851E+00
  1.226501E+00
  1.224088E+00
  1.221610E+00
  1.219067E+00
  1.216458E+00
  1.213784E+00
  1.211044E+00
  1.208237E+00
  1.205362E+00
  1.202421E+00
  1.199411E+00
  1.196332E+00
  1.193185E+00
  1.189968E+00
  1.186680E+00
  1.183322E+00
  1.179892E+00
  1.176390E+00
  1.172816E+00
  1.169168E+00
  1.165446E+00
  1.161649E+00
  1.157776E+00
  1.153828E+00
  1.149802E+00
  1.145699E+00
  1.141516E+00
  1.137254E+00
  1.132912E+00
  1.128488E+00
  1.123982E+00
  1.119393E+00
  1.114719E+00
  1.109960E+00
  1.105114E+00
  1.100180E+00
  1.095157E+00
  1.090045E+00
  1.084841E+00
  1.079544E+00
  1.074153E+00
  1.068667E+00
  1.063083E+00
  1.057401E+00
  1.051619E+00
  1.045735E+00
  1.039748E+00
  1.033655E+00
  1.027455E+00
  1.021146E+00
  1.014726E+00
  1.008193E+00
  1.001543E+00
  9.947766E-01
  9.878894E-01
  9.808795E-01
  9.737441E-01
  9.664805E-01
  9.590857E-01
  9.515567E-01
  9.438904E-01
  9.360832E-01
  9.281318E-01
  9.200322E-01
  9.117806E-01
  9.033729E-01
  8.948045E-01
  8.860709E-01
  8.771671E-01
  8.680879E-01
  8.588277E-01
  8.493806E-01
  8.397402E-01
  8.299000E-01
  8.198525E-01
  8.095903E-01
  7.991048E-01
  7.883874E-01
  7.774283E-01
  7.662172E-01
  7.547428E-01
  7.429930E-01
  7.309546E-01
  7.186128E-01
  7.059520E-01
  6.929545E-01
  6.796012E-01
  6.658704E-01
  6.517385E-01
  6.371787E-01
  6.221609E-01
  6.066513E-01
  5.906109E-01
  5.739954E-01
  5.567532E-01
  5.388241E-01
  5.201372E-01
  5.006076E-01
  4.801325E-01
  4.585853E-01
  4.358068E-01
  4.115929E-01
  3.856731E-01
  3.576769E-01
  3.270715E-01
  2.930404E-01
  2.542116E-01
  2.079144E-01
  1.472658E-01
  0.000000E+00
  9.203466E-02
  9.203632E-02
  9.203798E-02
  9.203964E-02
  9.204130E-02
  9.204296E-02
  9.204462E-02
  9.204628E-02
  9.204794E-02
  9.205269E-02
  9.205757E-02
  9.206245E-02
  9.206733E-02
  9.207221E-02
  9.207709E-02
  9.208196E-02
  9.208803E-02
  9.209658E-02
  9.210513E-02
  9.211368E-02
  9.212223E-02
  9.213078E-02
  9.213933E-02
  9.214815E-02
  9.216086E-02
  9.217357E-02
  9.218628E-02
  9.219899E-02
  9.221170E-02
  9.222441E-02
  9.223791E-02
  9.225518E-02
  9.227245E-02
  9.228972E-02
  9.230698E-02
  9.232425E-02
  9.234152E-02
  9.236157E-02
  9.238328E-02
  9.240500E-02
  9.242672E-02
  9.244843E-02
  9.247014E-02
  9.249292E-02
  9.251727E-02
  9.254162E-02
  9.256597E-02
  9.259032E-02
  9.261466E-02
  9.263739E-02
  9.265847E-02
  9.267955E-02
  9.270062E-02
  9.272170E-02
  9.274277E-02
  9.275453E-02
  9.276501E-02
  9.277550E-02
  9.278598E-02
  9.279647E-02
  9.280273E-02
  9.280548E-02
  9.280824E-02
  9.281099E-02
  9.281374E-02
  9.281641E-02
  9.281897E-02
  9.282154E-02
  9.282411E-02
  9.296537E-02
  9.297428E-02
  9.298652E-02
  9.299877E-02
  9.301100E-02
  9.302520E-02
  9.305857E-02
  9.309194E-02
  9.312530E-02
  9.315867E-02
  9.319954E-02
  9.324293E-02
  9.328632E-02
  9.332970E-02
  9.334158E-02
  9.333424E-02
  9.332690E-02
  9.331956E-02
  9.323250E-02
  9.311133E-02
  9.299016E-02
  9.286899E-02
  9.258079E-02
  9.229162E-02
  9.201430E-02
  9.164392E-02
  9.115368E-02
  9.066343E-02
  9.016297E-02
  8.946378E-02
  8.879735E-02
  8.804669E-02
  8.731832E-02
  8.662978E-02
  8.603950E-02
  8.549722E-02
  8.518804E-02
  8.513623E-02
  8.507720E-02
  8.505859E-02
  8.506935E-02
  8.508060E-02
  8.509182E-02
  8.512985E-02
  8.522055E-02
  8.537037E-02
  8.553973E-02
  8.570909E-02
  8.588248E-02
  8.608722E-02
  8.634824E-02
  8.660958E-02
  8.686509E-02
  8.711374E-02
  8.735150E-02
  8.763534E-02
  8.790754E-02
  8.817579E-02
  8.843825E-02
  8.868660E-02
  8.888533E-02
  8.906659E-02
  8.921663E-02
  8.933042E-02
  8.935280E-02
  8.941490E-02
  8.947786E-02
  8.960929E-02
  8.972658E-02
  8.982707E-02
  8.990995E-02
  8.997558E-02
  9.002603E-02
  9.018081E-02
  9.034291E-02
  9.067963E-02
  9.121214E-02
  9.174438E-02
  9.232344E-02
  1.100354E-01
  2.649212E-02
 -2.156122E-01
 -2.153273E-01
 -2.150424E-01
 -2.147574E-01
 -2.144725E-01
 -2.141876E-01
 -2.139027E-01
 -2.136178E-01
 -2.133329E-01
 -2.125086E-01
 -2.116620E-01
 -2.108154E-01
 -2.099688E-01
 -2.091222E-01
 -2.082756E-01
 -2.074291E-01
 -2.063695E-01
 -2.048626E-01
 -2.033557E-01
 -2.018488E-01
 -2.003419E-01
 -1.988350E-01
 -1.973282E-01
 -1.957692E-01
 -1.934818E-01
 -1.911944E-01
 -1.889070E-01
 -1.866196E-01
 -1.843321E-01
 -1.820447E-01
 -1.795985E-01
 -1.763966E-01
 -1.731946E-01
 -1.699926E-01
 -1.667907E-01
 -1.635887E-01
 -1.603868E-01
 -1.565491E-01
 -1.523304E-01
 -1.481116E-01
 -1.438929E-01
 -1.396742E-01
 -1.354555E-01
 -1.308638E-01
 -1.257226E-01
 -1.205814E-01
 -1.154402E-01
 -1.102990E-01
 -1.051578E-01
 -9.990252E-02
 -9.453066E-02
 -8.915881E-02
 -8.378695E-02
 -7.841510E-02
 -7.304324E-02
 -6.842497E-02
 -6.390954E-02
 -5.939411E-02
 -5.487867E-02
 -5.036324E-02
 -4.622072E-02
 -4.238800E-02
 -3.855528E-02
 -3.472257E-02
 -3.088985E-02
 -2.704915E-02
 -2.319978E-02
 -1.935040E-02
 -1.550102E-02
  1.200715E-02
  1.644493E-02
  2.120171E-02
  2.595850E-02
  3.071528E-02
  3.565615E-02
  4.240247E-02
  4.914879E-02
  5.589511E-02
  6.264143E-02
  7.071395E-02
  7.923282E-02
  8.775169E-02
  9.627056E-02
  1.040532E-01
  1.113867E-01
  1.187201E-01
  1.260536E-01
  1.303727E-01
  1.334017E-01
  1.364307E-01
  1.394598E-01
  1.355155E-01
  1.313966E-01
  1.272777E-01
  1.189155E-01
  1.050882E-01
  9.126089E-02
  7.656777E-02
  5.127371E-02
  2.597964E-02
 -2.251993E-02
 -5.491811E-02
 -8.826332E-02
 -1.216085E-01
 -1.568147E-01
 -1.923540E-01
 -2.278930E-01
 -2.608971E-01
 -2.938120E-01
 -3.253135E-01
 -3.520317E-01
 -3.787496E-01
 -4.000852E-01
 -4.182179E-01
 -4.347930E-01
 -4.429335E-01
 -4.510740E-01
 -4.505979E-01
 -4.480792E-01
 -4.394410E-01
 -4.263390E-01
 -4.091300E-01
 -3.870922E-01
 -3.619520E-01
 -3.329724E-01
 -3.011760E-01
 -2.669299E-01
 -2.298542E-01
 -1.916693E-01
 -1.505857E-01
 -1.087205E-01
 -6.546392E-02
 -2.095204E-02
  4.830018E-02
  9.425029E-02
  1.409476E-01
  1.880522E-01
  2.355264E-01
  2.833056E-01
  3.313237E-01
  3.794988E-01
  4.277567E-01
  4.760505E-01
  5.243370E-01
  5.725758E-01
  6.207258E-01
  6.687649E-01
  7.166736E-01
  4.042244E-01
  2.383418E+00
  9.895559E-01
  9.895559E-01
  9.895559E-01
  9.895559E-01
  9.895559E-01
  9.895559E-01
  9.895558E-01
  9.895558E-01
  9.895558E-01
  9.895557E-01
  9.895557E-01
  9.895556E-01
  9.895556E-01
  9.895555E-01
  9.895555E-01
  9.895554E-01
  9.895554E-01
  9.895553E-01
  9.895552E-01
  9.895551E-01
  9.895550E-01
  9.895549E-01
  9.895548E-01
  9.895547E-01
  9.895546E-01
  9.895544E-01
  9.895543E-01
  9.895542E-01
  9.895541E-01
  9.895539E-01
  9.895538E-01
  9.895536E-01
  9.895535E-01
  9.895533E-01
  9.895531E-01
  9.895530E-01
  9.895528E-01
  9.895526E-01
  9.895524E-01
  9.895522E-01
  9.895521E-01
  9.895519E-01
  9.895517E-01
  9.895515E-01
  9.895513E-01
  9.895511E-01
  9.895509E-01
  9.895508E-01
  9.895506E-01
  9.895504E-01
  9.895503E-01
  9.895501E-01
  9.895500E-01
  9.895499E-01
  9.895497E-01
  9.895496E-01
  9.895496E-01
  9.895495E-01
  9.895494E-01
  9.895493E-01
  9.895493E-01
  9.895492E-01
  9.895492E-01
  9.895491E-01
  9.895491E-01
  9.895490E-01
  9.895490E-01
  9.895490E-01
  9.895490E-01
  9.895490E-01
  9.895490E-01
  9.895490E-01
  9.895490E-01
  9.895491E-01
  9.895491E-01
  9.895492E-01
  9.895493E-01
  9.895494E-01
  9.895495E-01
  9.895497E-01
  9.895499E-01
  9.895501E-01
  9.895503E-01
  9.895506E-01
  9.895508E-01
  9.895511E-01
  9.895513E-01
  9.895515E-01
  9.895516E-01
  9.895517E-01
  9.895519E-01
  9.895517E-01
  9.895515E-01
  9.895514E-01
  9.895511E-01
  9.895506E-01
  9.895502E-01
  9.895498E-01
  9.895493E-01
  9.895490E-01
  9.895490E-01
  9.895494E-01
  9.895501E-01
  9.895512E-01
  9.895526E-01
  9.895545E-01
  9.895568E-01
  9.895592E-01
  9.895619E-01
  9.895649E-01
  9.895676E-01
  9.895706E-01
  9.895731E-01
  9.895753E-01
  9.895774E-01
  9.895785E-01
  9.895796E-01
  9.895795E-01
  9.895792E-01
  9.895780E-01
  9.895763E-01
  9.895742E-01
  9.895715E-01
  9.895687E-01
  9.895656E-01
  9.895626E-01
  9.895597E-01
  9.895569E-01
  9.895545E-01
  9.895524E-01
  9.895507E-01
  9.895496E-01
  9.895490E-01
  9.895493E-01
  9.895503E-01
  9.895519E-01
  9.895543E-01
  9.895573E-01
  9.895610E-01
  9.895655E-01
  9.895706E-01
  9.895765E-01
  9.895831E-01
  9.895904E-01
  9.895983E-01
  9.896070E-01
  9.896163E-01
  9.896264E-01
  8.085366E-01
  1.205756E-05
 -2.289128E+02
 -2.288336E+02
 -2.287543E+02
 -2.286750E+02
 -2.285957E+02
 -2.285165E+02
 -2.284372E+02
 -2.283579E+02
 -2.282787E+02
 -2.279955E+02
 -2.277040E+02
 -2.274125E+02
 -2.271209E+02
 -2.268293E+02
 -2.265378E+02
 -2.262462E+02
 -2.258653E+02
 -2.252966E+02
 -2.247278E+02
 -2.241591E+02
 -2.235903E+02
 -2.230216E+02
 -2.224528E+02
 -2.218661E+02
 -2.210280E+02
 -2.201900E+02
 -2.193519E+02
 -2.185137E+02
 -2.176756E+02
 -2.168374E+02
 -2.159584E+02
 -2.148854E+02
 -2.138124E+02
 -2.127393E+02
 -2.116662E+02
 -2.105930E+02
 -2.095197E+02
 -2.083019E+02
 -2.069972E+02
 -2.056925E+02
 -2.043877E+02
 -2.030828E+02
 -2.017778E+02
 -2.003824E+02
 -1.988536E+02
 -1.973247E+02
 -1.957957E+02
 -1.942665E+02
 -1.927372E+02
 -1.911307E+02
 -1.894454E+02
 -1.877599E+02
 -1.860743E+02
 -1.843884E+02
 -1.827024E+02
 -1.809636E+02
 -1.792174E+02
 -1.774710E+02
 -1.757245E+02
 -1.739779E+02
 -1.722111E+02
 -1.704276E+02
 -1.686439E+02
 -1.668601E+02
 -1.650762E+02
 -1.632577E+02
 -1.614016E+02
 -1.595454E+02
 -1.576891E+02
 -1.558327E+02
 -1.538897E+02
 -1.519033E+02
 -1.499167E+02
 -1.479300E+02
 -1.459226E+02
 -1.437142E+02
 -1.415055E+02
 -1.392967E+02
 -1.370877E+02
 -1.347436E+02
 -1.323539E+02
 -1.299640E+02
 -1.275739E+02
 -1.252454E+02
 -1.229548E+02
 -1.206643E+02
 -1.183739E+02
 -1.163556E+02
 -1.144542E+02
 -1.125533E+02
 -1.106528E+02
 -1.093113E+02
 -1.079840E+02
 -1.066567E+02
 -1.056926E+02
 -1.051946E+02
 -1.046947E+02
 -1.042647E+02
 -1.047098E+02
 -1.051490E+02
 -1.055824E+02
 -1.064898E+02
 -1.074520E+02
 -1.084050E+02
 -1.092561E+02
 -1.100808E+02
 -1.108959E+02
 -1.111300E+02
 -1.113365E+02
 -1.113296E+02
 -1.106193E+02
 -1.099049E+02
 -1.084959E+02
 -1.066744E+02
 -1.046676E+02
 -1.016622E+02
 -9.865802E+01
 -9.471739E+01
 -9.055623E+01
 -8.578645E+01
 -8.057268E+01
 -7.498418E+01
 -6.895372E+01
 -6.269181E+01
 -5.614216E+01
 -4.941674E+01
 -4.253651E+01
 -3.547737E+01
 -2.834343E+01
 -2.096496E+01
 -1.347000E+01
 -5.771078E+00
  2.263316E+00
  1.057005E+01
  1.927215E+01
  2.867468E+01
  3.873398E+01
  4.964294E+01
  6.168614E+01
  7.543831E+01
  9.199619E+01
  1.128265E+02
  1.405510E+02
  1.794575E+02
  2.375807E+02
  3.127643E+02
  3.740745E+02
  4.766016E+02
  2.664771E+02
  1.802488E-03
  1.099569E+04
  1.099416E+04
  1.099264E+04
  1.099111E+04
  1.098959E+04
  1.098806E+04
  1.098654E+04
  1.098501E+04
  1.098349E+04
  1.097907E+04
  1.097454E+04
  1.097001E+04
  1.096548E+04
  1.096094E+04
  1.095641E+04
  1.095188E+04
  1.094647E+04
  1.093923E+04
  1.093199E+04
  1.092475E+04
  1.091751E+04
  1.091027E+04
  1.090303E+04
  1.089561E+04
  1.088562E+04
  1.087563E+04
  1.086564E+04
  1.085565E+04
  1.084566E+04
  1.083567E+04
  1.082516E+04
  1.081219E+04
  1.079921E+04
  1.078624E+04
  1.077327E+04
  1.076029E+04
  1.074732E+04
  1.073240E+04
  1.071632E+04
  1.070024E+04
  1.068416E+04
  1.066808E+04
  1.065200E+04
  1.063466E+04
  1.061547E+04
  1.059629E+04
  1.057711E+04
  1.055792E+04
  1.053874E+04
  1.051798E+04
  1.049561E+04
  1.047324E+04
  1.045086E+04
  1.042849E+04
  1.040612E+04
  1.038080E+04
  1.035508E+04
  1.032935E+04
  1.030363E+04
  1.027790E+04
  1.025031E+04
  1.022117E+04
  1.019204E+04
  1.016290E+04
  1.013376E+04
  1.010290E+04
  1.007016E+04
  1.003742E+04
  1.000468E+04
  9.971946E+03
  9.936560E+03
  9.899844E+03
  9.863128E+03
  9.826412E+03
  9.789309E+03
  9.748394E+03
  9.707479E+03
  9.666566E+03
  9.625653E+03
  9.581559E+03
  9.536397E+03
  9.491236E+03
  9.446076E+03
  9.398266E+03
  9.348840E+03
  9.299416E+03
  9.249995E+03
  9.197821E+03
  9.144472E+03
  9.091126E+03
  9.037784E+03
  8.981197E+03
  8.924536E+03
  8.867881E+03
  8.809879E+03
  8.750146E+03
  8.690427E+03
  8.630490E+03
  8.567728E+03
  8.504995E+03
  8.442293E+03
  8.377259E+03
  8.311957E+03
  8.246700E+03
  8.179128E+03
  8.111191E+03
  8.043309E+03
  7.971922E+03
  7.900470E+03
  7.828049E+03
  7.752206E+03
  7.676420E+03
  7.597588E+03
  7.516963E+03
  7.435584E+03
  7.349909E+03
  7.264275E+03
  7.174559E+03
  7.083899E+03
  6.990472E+03
  6.895031E+03
  6.797489E+03
  6.697470E+03
  6.595515E+03
  6.491157E+03
  6.384711E+03
  6.276451E+03
  6.165697E+03
  6.053971E+03
  5.939155E+03
  5.823335E+03
  5.705710E+03
  5.586063E+03
  5.465136E+03
  5.342557E+03
  5.217738E+03
  5.091215E+03
  4.962839E+03
  4.832643E+03
  4.701440E+03
  4.574027E+03
  4.460602E+03
  4.377486E+03
  4.352116E+03
  4.446606E+03
  4.584244E+03
  4.333568E+03
  4.627673E+03
  1.356080E+03
  7.512869E-03
  1.188710E+00
  1.332343E+00
  1.475976E+00
  1.619609E+00
  1.763242E+00
  1.906875E+00
  2.050508E+00
  2.194140E+00
  2.337773E+00
  2.670074E+00
  3.010178E+00
  3.350282E+00
  3.690386E+00
  4.030490E+00
  4.370594E+00
  4.710697E+00
  5.079985E+00
  5.510565E+00
  5.941145E+00
  6.371725E+00
  6.802305E+00
  7.232886E+00
  7.663466E+00
  8.101879E+00
  8.649854E+00
  9.197829E+00
  9.745804E+00
  1.029378E+01
  1.084176E+01
  1.138974E+01
  1.196227E+01
  1.265162E+01
  1.334097E+01
  1.403033E+01
  1.471969E+01
  1.540905E+01
  1.609842E+01
  1.686430E+01
  1.767605E+01
  1.848781E+01
  1.929957E+01
  2.011134E+01
  2.092311E+01
  2.170883E+01
  2.245616E+01
  2.320350E+01
  2.395086E+01
  2.469822E+01
  2.544560E+01
  2.598443E+01
  2.630996E+01
  2.663550E+01
  2.696106E+01
  2.728665E+01
  2.761226E+01
  2.760125E+01
  2.754433E+01
  2.748744E+01
  2.743056E+01
  2.737371E+01
  2.729832E+01
  2.720754E+01
  2.711676E+01
  2.702600E+01
  2.693524E+01
  2.687077E+01
  2.683485E+01
  2.679892E+01
  2.676299E+01
  2.672704E+01
  2.672933E+01
  2.675082E+01
  2.677228E+01
  2.679370E+01
  2.689971E+01
  2.783558E+01
  2.877142E+01
  2.970722E+01
  3.064300E+01
  3.453745E+01
  3.942774E+01
  4.431809E+01
  4.920850E+01
  5.809979E+01
  6.943208E+01
  8.076424E+01
  9.209627E+01
  1.078812E+02
  1.255709E+02
  1.432594E+02
  1.609466E+02
  1.841256E+02
  2.074385E+02
  2.307478E+02
  2.558446E+02
  2.832420E+02
  3.106321E+02
  3.378284E+02
  3.627322E+02
  3.876264E+02
  4.125115E+02
  4.277695E+02
  4.417349E+02
  4.556949E+02
  4.590029E+02
  4.604060E+02
  4.618103E+02
  4.535982E+02
  4.450547E+02
  4.349022E+02
  4.192897E+02
  4.036865E+02
  3.852521E+02
  3.651373E+02
  3.446354E+02
  3.219946E+02
  2.993623E+02
  2.757423E+02
  2.518928E+02
  2.276137E+02
  2.030211E+02
  1.783419E+02
  1.535586E+02
  1.292033E+02
  1.053759E+02
  8.249962E+01
  6.044958E+01
  3.992361E+01
  1.999319E+01
  2.232502E+00
 -1.476833E+01
 -3.040535E+01
 -4.446426E+01
 -5.753521E+01
 -6.934373E+01
 -7.957394E+01
 -8.869703E+01
 -9.660927E+01
 -1.031923E+02
 -1.081689E+02
 -1.110914E+02
 -1.114510E+02
 -1.080990E+02
 -9.964872E+01
 -8.591128E+01
 -6.755124E+01
 -4.356347E+01
 -6.483109E+01
  4.554602E+03
  1.072889E-01
