 Title= "ADflow Lift Distribution Data"
Variables = "eta" "CoordinateX" "CoordinateY" "CoordinateZ" "Lift" "Drag" "Moment" "Normalized Lift" "Normalized Drag" "Normalized Moment" "CL" "CD" "CM" "CLp" "CDp" "CMp" "CLv" "CDv" "CMv" "Elliptical" "thickness" "twist" "chord" "fx" "fy" "fz" 
Zone T= "LiftDist_01 allWalls: : z normal"
 I=          150
 DATAPACKING=BLOCK
  0.000000E+00
  6.711405E-03
  1.342281E-02
  2.013422E-02
  2.684563E-02
  3.355704E-02
  4.026845E-02
  4.697986E-02
  5.369127E-02
  6.040268E-02
  6.711409E-02
  7.382550E-02
  8.053691E-02
  8.724832E-02
  9.395973E-02
  1.006711E-01
  1.073825E-01
  1.140940E-01
  1.208054E-01
  1.275168E-01
  1.342282E-01
  1.409396E-01
  1.476510E-01
  1.543624E-01
  1.610738E-01
  1.677852E-01
  1.744966E-01
  1.812081E-01
  1.879195E-01
  1.946309E-01
  2.013423E-01
  2.080537E-01
  2.147651E-01
  2.214765E-01
  2.281879E-01
  2.348993E-01
  2.416107E-01
  2.483221E-01
  2.550336E-01
  2.617450E-01
  2.684564E-01
  2.751678E-01
  2.818792E-01
  2.885906E-01
  2.953020E-01
  3.020134E-01
  3.087248E-01
  3.154362E-01
  3.221476E-01
  3.288591E-01
  3.355705E-01
  3.422819E-01
  3.489933E-01
  3.557047E-01
  3.624161E-01
  3.691275E-01
  3.758389E-01
  3.825503E-01
  3.892617E-01
  3.959732E-01
  4.026846E-01
  4.093960E-01
  4.161074E-01
  4.228188E-01
  4.295302E-01
  4.362416E-01
  4.429530E-01
  4.496644E-01
  4.563758E-01
  4.630872E-01
  4.697987E-01
  4.765101E-01
  4.832215E-01
  4.899329E-01
  4.966443E-01
  5.033557E-01
  5.100671E-01
  5.167785E-01
  5.234899E-01
  5.302013E-01
  5.369128E-01
  5.436242E-01
  5.503356E-01
  5.570470E-01
  5.637584E-01
  5.704698E-01
  5.771812E-01
  5.838926E-01
  5.906040E-01
  5.973154E-01
  6.040268E-01
  6.107383E-01
  6.174497E-01
  6.241611E-01
  6.308725E-01
  6.375839E-01
  6.442953E-01
  6.510067E-01
  6.577181E-01
  6.644295E-01
  6.711409E-01
  6.778524E-01
  6.845638E-01
  6.912752E-01
  6.979866E-01
  7.046980E-01
  7.114094E-01
  7.181208E-01
  7.248322E-01
  7.315436E-01
  7.382550E-01
  7.449664E-01
  7.516779E-01
  7.583893E-01
  7.651007E-01
  7.718121E-01
  7.785235E-01
  7.852349E-01
  7.919463E-01
  7.986577E-01
  8.053691E-01
  8.120805E-01
  8.187919E-01
  8.255034E-01
  8.322148E-01
  8.389262E-01
  8.456376E-01
  8.523490E-01
  8.590604E-01
  8.657718E-01
  8.724832E-01
  8.791946E-01
  8.859060E-01
  8.926175E-01
  8.993289E-01
  9.060403E-01
  9.127517E-01
  9.194631E-01
  9.261745E-01
  9.328859E-01
  9.395973E-01
  9.463087E-01
  9.530201E-01
  9.597315E-01
  9.664430E-01
  9.731544E-01
  9.798658E-01
  9.865772E-01
  9.932886E-01
  1.000000E+00
  0.000000E+00
  0.000000E+00
  0.000000E+00
  0.000000E+00
  0.000000E+00
  0.000000E+00
  0.000000E+00
  0.000000E+00
  0.000000E+00
  0.000000E+00
  0.000000E+00
  0.000000E+00
  0.000000E+00
  0.000000E+00
  0.000000E+00
  0.000000E+00
  0.000000E+00
  0.000000E+00
  0.000000E+00
  0.000000E+00
  0.000000E+00
  0.000000E+00
  0.000000E+00
  0.000000E+00
  0.000000E+00
  0.000000E+00
  0.000000E+00
  0.000000E+00
  0.000000E+00
  0.000000E+00
  0.000000E+00
  0.000000E+00
  0.000000E+00
  0.000000E+00
  0.000000E+00
  0.000000E+00
  0.000000E+00
  0.000000E+00
  0.000000E+00
  0.000000E+00
  0.000000E+00
  0.000000E+00
  0.000000E+00
  0.000000E+00
  0.000000E+00
  0.000000E+00
  0.000000E+00
  0.000000E+00
  0.000000E+00
  0.000000E+00
  0.000000E+00
  0.000000E+00
  0.000000E+00
  0.000000E+00
  0.000000E+00
  0.000000E+00
  0.000000E+00
  0.000000E+00
  0.000000E+00
  0.000000E+00
  0.000000E+00
  0.000000E+00
  0.000000E+00
  0.000000E+00
  0.000000E+00
  0.000000E+00
  0.000000E+00
  0.000000E+00
  0.000000E+00
  0.000000E+00
  0.000000E+00
  0.000000E+00
  0.000000E+00
  0.000000E+00
  0.000000E+00
  0.000000E+00
  0.000000E+00
  0.000000E+00
  0.000000E+00
  0.000000E+00
  0.000000E+00
  0.000000E+00
  0.000000E+00
  0.000000E+00
  0.000000E+00
  0.000000E+00
  0.000000E+00
  0.000000E+00
  0.000000E+00
  0.000000E+00
  0.000000E+00
  0.000000E+00
  0.000000E+00
  0.000000E+00
  0.000000E+00
  0.000000E+00
  0.000000E+00
  0.000000E+00
  0.000000E+00
  0.000000E+00
  0.000000E+00
  0.000000E+00
  0.000000E+00
  0.000000E+00
  0.000000E+00
  0.000000E+00
  0.000000E+00
  0.000000E+00
  0.000000E+00
  0.000000E+00
  0.000000E+00
  0.000000E+00
  0.000000E+00
  0.000000E+00
  0.000000E+00
  0.000000E+00
  0.000000E+00
  0.000000E+00
  0.000000E+00
  0.000000E+00
  0.000000E+00
  0.000000E+00
  0.000000E+00
  0.000000E+00
  0.000000E+00
  0.000000E+00
  0.000000E+00
  0.000000E+00
  0.000000E+00
  0.000000E+00
  0.000000E+00
  0.000000E+00
  0.000000E+00
  0.000000E+00
  0.000000E+00
  0.000000E+00
  0.000000E+00
  0.000000E+00
  0.000000E+00
  0.000000E+00
  0.000000E+00
  0.000000E+00
  0.000000E+00
  0.000000E+00
  0.000000E+00
  0.000000E+00
  0.000000E+00
  0.000000E+00
  0.000000E+00
  0.000000E+00
  0.000000E+00
  0.000000E+00
  0.000000E+00
  0.000000E+00
  0.000000E+00
  0.000000E+00
  0.000000E+00
  0.000000E+00
  0.000000E+00
  0.000000E+00
  0.000000E+00
  0.000000E+00
  0.000000E+00
  0.000000E+00
  0.000000E+00
  0.000000E+00
  0.000000E+00
  0.000000E+00
  0.000000E+00
  0.000000E+00
  0.000000E+00
  0.000000E+00
  0.000000E+00
  0.000000E+00
  0.000000E+00
  0.000000E+00
  0.000000E+00
  0.000000E+00
  0.000000E+00
  0.000000E+00
  0.000000E+00
  0.000000E+00
  0.000000E+00
  0.000000E+00
  0.000000E+00
  0.000000E+00
  0.000000E+00
  0.000000E+00
  0.000000E+00
  0.000000E+00
  0.000000E+00
  0.000000E+00
  0.000000E+00
  0.000000E+00
  0.000000E+00
  0.000000E+00
  0.000000E+00
  0.000000E+00
  0.000000E+00
  0.000000E+00
  0.000000E+00
  0.000000E+00
  0.000000E+00
  0.000000E+00
  0.000000E+00
  0.000000E+00
  0.000000E+00
  0.000000E+00
  0.000000E+00
  0.000000E+00
  0.000000E+00
  0.000000E+00
  0.000000E+00
  0.000000E+00
  0.000000E+00
  0.000000E+00
  0.000000E+00
  0.000000E+00
  0.000000E+00
  0.000000E+00
  0.000000E+00
  0.000000E+00
  0.000000E+00
  0.000000E+00
  0.000000E+00
  0.000000E+00
  0.000000E+00
  0.000000E+00
  0.000000E+00
  0.000000E+00
  0.000000E+00
  0.000000E+00
  0.000000E+00
  0.000000E+00
  0.000000E+00
  0.000000E+00
  0.000000E+00
  0.000000E+00
  0.000000E+00
  0.000000E+00
  0.000000E+00
  0.000000E+00
  0.000000E+00
  0.000000E+00
  0.000000E+00
  0.000000E+00
  0.000000E+00
  0.000000E+00
  0.000000E+00
  0.000000E+00
  0.000000E+00
  0.000000E+00
  0.000000E+00
  0.000000E+00
  0.000000E+00
  0.000000E+00
  0.000000E+00
  0.000000E+00
  0.000000E+00
  0.000000E+00
  0.000000E+00
  0.000000E+00
  0.000000E+00
  0.000000E+00
  0.000000E+00
  0.000000E+00
  0.000000E+00
  0.000000E+00
  0.000000E+00
  0.000000E+00
  0.000000E+00
  0.000000E+00
  0.000000E+00
  0.000000E+00
  0.000000E+00
  0.000000E+00
  0.000000E+00
  0.000000E+00
  0.000000E+00
  0.000000E+00
  0.000000E+00
  0.000000E+00
  0.000000E+00
  0.000000E+00
  0.000000E+00
  0.000000E+00
  0.000000E+00
  0.000000E+00
  0.000000E+00
  0.000000E+00
  0.000000E+00
  0.000000E+00
  0.000000E+00
  0.000000E+00
  0.000000E+00
  0.000000E+00
  0.000000E+00
  0.000000E+00
  0.000000E+00
  0.000000E+00
  1.000000E-08
  1.691809E-02
  3.383618E-02
  5.075427E-02
  6.767237E-02
  8.459046E-02
  1.015085E-01
  1.184266E-01
  1.353447E-01
  1.522628E-01
  1.691809E-01
  1.860990E-01
  2.030171E-01
  2.199352E-01
  2.368533E-01
  2.537714E-01
  2.706895E-01
  2.876076E-01
  3.045256E-01
  3.214437E-01
  3.383618E-01
  3.552799E-01
  3.721980E-01
  3.891161E-01
  4.060342E-01
  4.229523E-01
  4.398704E-01
  4.567885E-01
  4.737066E-01
  4.906247E-01
  5.075427E-01
  5.244608E-01
  5.413789E-01
  5.582970E-01
  5.752151E-01
  5.921332E-01
  6.090513E-01
  6.259694E-01
  6.428875E-01
  6.598056E-01
  6.767237E-01
  6.936418E-01
  7.105598E-01
  7.274779E-01
  7.443960E-01
  7.613141E-01
  7.782322E-01
  7.951503E-01
  8.120684E-01
  8.289865E-01
  8.459046E-01
  8.628227E-01
  8.797408E-01
  8.966589E-01
  9.135769E-01
  9.304950E-01
  9.474131E-01
  9.643312E-01
  9.812493E-01
  9.981674E-01
  1.015085E+00
  1.032004E+00
  1.048922E+00
  1.065840E+00
  1.082758E+00
  1.099676E+00
  1.116594E+00
  1.133512E+00
  1.150430E+00
  1.167348E+00
  1.184266E+00
  1.201185E+00
  1.218103E+00
  1.235021E+00
  1.251939E+00
  1.268857E+00
  1.285775E+00
  1.302693E+00
  1.319611E+00
  1.336529E+00
  1.353447E+00
  1.370365E+00
  1.387284E+00
  1.404202E+00
  1.421120E+00
  1.438038E+00
  1.454956E+00
  1.471874E+00
  1.488792E+00
  1.505710E+00
  1.522628E+00
  1.539546E+00
  1.556464E+00
  1.573383E+00
  1.590301E+00
  1.607219E+00
  1.624137E+00
  1.641055E+00
  1.657973E+00
  1.674891E+00
  1.691809E+00
  1.708727E+00
  1.725645E+00
  1.742563E+00
  1.759482E+00
  1.776400E+00
  1.793318E+00
  1.810236E+00
  1.827154E+00
  1.844072E+00
  1.860990E+00
  1.877908E+00
  1.894826E+00
  1.911744E+00
  1.928662E+00
  1.945581E+00
  1.962499E+00
  1.979417E+00
  1.996335E+00
  2.013253E+00
  2.030171E+00
  2.047089E+00
  2.064007E+00
  2.080925E+00
  2.097843E+00
  2.114761E+00
  2.131680E+00
  2.148598E+00
  2.165516E+00
  2.182434E+00
  2.199352E+00
  2.216270E+00
  2.233188E+00
  2.250106E+00
  2.267024E+00
  2.283942E+00
  2.300860E+00
  2.317779E+00
  2.334697E+00
  2.351615E+00
  2.368533E+00
  2.385451E+00
  2.402369E+00
  2.419287E+00
  2.436205E+00
  2.453123E+00
  2.470041E+00
  2.486959E+00
  2.503878E+00
  2.520796E+00
  1.098176E+04
  1.098024E+04
  1.097871E+04
  1.097719E+04
  1.097566E+04
  1.097414E+04
  1.097262E+04
  1.097109E+04
  1.096957E+04
  1.096516E+04
  1.096062E+04
  1.095609E+04
  1.095156E+04
  1.094703E+04
  1.094250E+04
  1.093797E+04
  1.093256E+04
  1.092531E+04
  1.091807E+04
  1.091082E+04
  1.090357E+04
  1.089633E+04
  1.088908E+04
  1.088165E+04
  1.087164E+04
  1.086164E+04
  1.085163E+04
  1.084162E+04
  1.083162E+04
  1.082161E+04
  1.081109E+04
  1.079809E+04
  1.078509E+04
  1.077209E+04
  1.075909E+04
  1.074609E+04
  1.073309E+04
  1.071813E+04
  1.070201E+04
  1.068588E+04
  1.066976E+04
  1.065363E+04
  1.063751E+04
  1.062011E+04
  1.060086E+04
  1.058160E+04
  1.056234E+04
  1.054308E+04
  1.052383E+04
  1.050298E+04
  1.048050E+04
  1.045803E+04
  1.043556E+04
  1.041308E+04
  1.039061E+04
  1.036517E+04
  1.033932E+04
  1.031347E+04
  1.028762E+04
  1.026177E+04
  1.023405E+04
  1.020478E+04
  1.017550E+04
  1.014622E+04
  1.011695E+04
  1.008595E+04
  1.005308E+04
  1.002021E+04
  9.987340E+03
  9.954471E+03
  9.918976E+03
  9.882162E+03
  9.845348E+03
  9.808535E+03
  9.771338E+03
  9.730370E+03
  9.689403E+03
  9.648437E+03
  9.607471E+03
  9.563366E+03
  9.518205E+03
  9.473045E+03
  9.427887E+03
  9.380128E+03
  9.330784E+03
  9.281442E+03
  9.232102E+03
  9.180066E+03
  9.126880E+03
  9.073696E+03
  9.020517E+03
  8.964142E+03
  8.907694E+03
  8.851253E+03
  8.793485E+03
  8.734011E+03
  8.674551E+03
  8.614877E+03
  8.552414E+03
  8.489981E+03
  8.427577E+03
  8.362827E+03
  8.297803E+03
  8.232825E+03
  8.165467E+03
  8.097731E+03
  8.030050E+03
  7.958783E+03
  7.887448E+03
  7.815126E+03
  7.739330E+03
  7.663588E+03
  7.584764E+03
  7.504123E+03
  7.422721E+03
  7.336985E+03
  7.251289E+03
  7.161486E+03
  7.070733E+03
  6.977197E+03
  6.881635E+03
  6.783965E+03
  6.683808E+03
  6.581711E+03
  6.477203E+03
  6.370599E+03
  6.262171E+03
  6.151232E+03
  6.039315E+03
  5.924280E+03
  5.808229E+03
  5.690351E+03
  5.570419E+03
  5.449180E+03
  5.326254E+03
  5.201027E+03
  5.074041E+03
  4.945133E+03
  4.814314E+03
  4.682351E+03
  4.553946E+03
  4.439157E+03
  4.354053E+03
  4.325665E+03
  4.415349E+03
  4.546839E+03
  4.292526E+03
  4.578857E+03
  1.331710E+03
  7.336173E-03
  5.974034E+02
  5.973680E+02
  5.973325E+02
  5.972971E+02
  5.972616E+02
  5.972261E+02
  5.971907E+02
  5.971552E+02
  5.971198E+02
  5.970707E+02
  5.970212E+02
  5.969716E+02
  5.969220E+02
  5.968725E+02
  5.968229E+02
  5.967734E+02
  5.967473E+02
  5.967707E+02
  5.967941E+02
  5.968175E+02
  5.968409E+02
  5.968643E+02
  5.968877E+02
  5.969153E+02
  5.970005E+02
  5.970858E+02
  5.971711E+02
  5.972565E+02
  5.973418E+02
  5.974273E+02
  5.975144E+02
  5.976097E+02
  5.977051E+02
  5.978005E+02
  5.978961E+02
  5.979917E+02
  5.980873E+02
  5.981813E+02
  5.982743E+02
  5.983674E+02
  5.984607E+02
  5.985541E+02
  5.986477E+02
  5.987378E+02
  5.988230E+02
  5.989084E+02
  5.989940E+02
  5.990798E+02
  5.991658E+02
  5.992131E+02
  5.992206E+02
  5.992285E+02
  5.992366E+02
  5.992449E+02
  5.992534E+02
  5.991001E+02
  5.989248E+02
  5.987498E+02
  5.985749E+02
  5.984003E+02
  5.981085E+02
  5.977196E+02
  5.973308E+02
  5.969421E+02
  5.965537E+02
  5.960700E+02
  5.954829E+02
  5.948960E+02
  5.943092E+02
  5.937226E+02
  5.930184E+02
  5.922553E+02
  5.914923E+02
  5.907295E+02
  5.899566E+02
  5.890832E+02
  5.882101E+02
  5.873372E+02
  5.864645E+02
  5.854743E+02
  5.844446E+02
  5.834153E+02
  5.823862E+02
  5.810932E+02
  5.796390E+02
  5.781849E+02
  5.767307E+02
  5.748049E+02
  5.726770E+02
  5.705489E+02
  5.684206E+02
  5.655085E+02
  5.625772E+02
  5.596463E+02
  5.562643E+02
  5.523030E+02
  5.483448E+02
  5.443029E+02
  5.392066E+02
  5.341183E+02
  5.290381E+02
  5.233261E+02
  5.175411E+02
  5.117686E+02
  5.059183E+02
  5.000656E+02
  4.942264E+02
  4.886812E+02
  4.831577E+02
  4.777669E+02
  4.727969E+02
  4.678349E+02
  4.633157E+02
  4.590605E+02
  4.549286E+02
  4.514426E+02
  4.479585E+02
  4.450793E+02
  4.423439E+02
  4.399961E+02
  4.379313E+02
  4.360789E+02
  4.344767E+02
  4.329613E+02
  4.315539E+02
  4.301700E+02
  4.288083E+02
  4.274467E+02
  4.260898E+02
  4.247588E+02
  4.234735E+02
  4.222655E+02
  4.212515E+02
  4.204198E+02
  4.198674E+02
  4.198561E+02
  4.203783E+02
  4.216156E+02
  4.238537E+02
  4.277263E+02
  4.346858E+02
  4.469585E+02
  4.683826E+02
  5.052919E+02
  5.703569E+02
  6.556868E+02
  6.981411E+02
  8.225901E+02
  3.676302E+02
  2.353418E-03
  2.005437E+03
  2.005077E+03
  2.004717E+03
  2.004356E+03
  2.003996E+03
  2.003635E+03
  2.003275E+03
  2.002915E+03
  2.002554E+03
  2.001539E+03
  2.000497E+03
  1.999454E+03
  1.998412E+03
  1.997370E+03
  1.996327E+03
  1.995285E+03
  1.994051E+03
  1.992413E+03
  1.990775E+03
  1.989138E+03
  1.987500E+03
  1.985863E+03
  1.984225E+03
  1.982543E+03
  1.980234E+03
  1.977925E+03
  1.975616E+03
  1.973307E+03
  1.970998E+03
  1.968689E+03
  1.966239E+03
  1.963119E+03
  1.959998E+03
  1.956878E+03
  1.953757E+03
  1.950637E+03
  1.947517E+03
  1.943850E+03
  1.939856E+03
  1.935862E+03
  1.931868E+03
  1.927874E+03
  1.923880E+03
  1.919554E+03
  1.914736E+03
  1.909918E+03
  1.905101E+03
  1.900284E+03
  1.895466E+03
  1.890292E+03
  1.884752E+03
  1.879212E+03
  1.873672E+03
  1.868132E+03
  1.862593E+03
  1.856508E+03
  1.850349E+03
  1.844189E+03
  1.838030E+03
  1.831871E+03
  1.825412E+03
  1.818706E+03
  1.811999E+03
  1.805292E+03
  1.798585E+03
  1.791578E+03
  1.784244E+03
  1.776926E+03
  1.769592E+03
  1.762258E+03
  1.754414E+03
  1.746314E+03
  1.738215E+03
  1.730115E+03
  1.721952E+03
  1.713168E+03
  1.704384E+03
  1.695600E+03
  1.686815E+03
  1.677632E+03
  1.668314E+03
  1.658997E+03
  1.649679E+03
  1.640051E+03
  1.630232E+03
  1.620414E+03
  1.610596E+03
  1.600617E+03
  1.590569E+03
  1.580522E+03
  1.570475E+03
  1.560670E+03
  1.550872E+03
  1.541077E+03
  1.531397E+03
  1.521869E+03
  1.512346E+03
  1.502813E+03
  1.493110E+03
  1.483419E+03
  1.473728E+03
  1.463666E+03
  1.453569E+03
  1.443492E+03
  1.432792E+03
  1.422000E+03
  1.411232E+03
  1.399070E+03
  1.386882E+03
  1.374239E+03
  1.359997E+03
  1.345776E+03
  1.330088E+03
  1.313533E+03
  1.296620E+03
  1.277691E+03
  1.258774E+03
  1.238025E+03
  1.216847E+03
  1.194560E+03
  1.171464E+03
  1.147729E+03
  1.123244E+03
  1.098391E+03
  1.073083E+03
  1.047627E+03
  1.022045E+03
  9.966454E+02
  9.713215E+02
  9.467714E+02
  9.226853E+02
  8.994332E+02
  8.775681E+02
  8.567323E+02
  8.373488E+02
  8.201607E+02
  8.047274E+02
  7.913943E+02
  7.806940E+02
  7.739971E+02
  7.749898E+02
  7.899874E+02
  8.302016E+02
  9.124258E+02
  1.063405E+03
  1.250868E+03
  1.301868E+03
  1.404748E+03
 -3.008580E+00
  2.282233E-08
  1.233019E+00
  1.232848E+00
  1.232677E+00
  1.232506E+00
  1.232335E+00
  1.232164E+00
  1.231993E+00
  1.231822E+00
  1.231650E+00
  1.231155E+00
  1.230646E+00
  1.230138E+00
  1.229629E+00
  1.229120E+00
  1.228611E+00
  1.228102E+00
  1.227495E+00
  1.226682E+00
  1.225868E+00
  1.225054E+00
  1.224241E+00
  1.223427E+00
  1.222613E+00
  1.221779E+00
  1.220655E+00
  1.219532E+00
  1.218408E+00
  1.217285E+00
  1.216162E+00
  1.215038E+00
  1.213856E+00
  1.212397E+00
  1.210937E+00
  1.209478E+00
  1.208018E+00
  1.206558E+00
  1.205099E+00
  1.203420E+00
  1.201609E+00
  1.199799E+00
  1.197988E+00
  1.196177E+00
  1.194367E+00
  1.192414E+00
  1.190252E+00
  1.188090E+00
  1.185927E+00
  1.183765E+00
  1.181603E+00
  1.179262E+00
  1.176739E+00
  1.174216E+00
  1.171692E+00
  1.169169E+00
  1.166646E+00
  1.163789E+00
  1.160887E+00
  1.157984E+00
  1.155082E+00
  1.152180E+00
  1.149068E+00
  1.145781E+00
  1.142493E+00
  1.139206E+00
  1.135919E+00
  1.132439E+00
  1.128748E+00
  1.125058E+00
  1.121367E+00
  1.117677E+00
  1.113691E+00
  1.109558E+00
  1.105424E+00
  1.101291E+00
  1.097115E+00
  1.092515E+00
  1.087915E+00
  1.083315E+00
  1.078716E+00
  1.073764E+00
  1.068693E+00
  1.063623E+00
  1.058552E+00
  1.053190E+00
  1.047650E+00
  1.042110E+00
  1.036570E+00
  1.030727E+00
  1.024756E+00
  1.018784E+00
  1.012813E+00
  1.006484E+00
  1.000146E+00
  9.938085E-01
  9.873224E-01
  9.806447E-01
  9.739686E-01
  9.672684E-01
  9.602552E-01
  9.532453E-01
  9.462387E-01
  9.389685E-01
  9.316678E-01
  9.243721E-01
  9.168093E-01
  9.092039E-01
  9.016047E-01
  8.936030E-01
  8.855935E-01
  8.774734E-01
  8.689630E-01
  8.604588E-01
  8.516085E-01
  8.425543E-01
  8.334145E-01
  8.237882E-01
  8.141664E-01
  8.040834E-01
  7.938937E-01
  7.833916E-01
  7.726621E-01
  7.616958E-01
  7.504503E-01
  7.389869E-01
  7.272529E-01
  7.152835E-01
  7.031094E-01
  6.906533E-01
  6.780874E-01
  6.651714E-01
  6.521413E-01
  6.389061E-01
  6.254402E-01
  6.118277E-01
  5.980257E-01
  5.839654E-01
  5.697075E-01
  5.552338E-01
  5.405456E-01
  5.257290E-01
  5.113118E-01
  4.984234E-01
  4.888681E-01
  4.856807E-01
  4.957503E-01
  5.105138E-01
  4.819598E-01
  5.141088E-01
  1.495228E-01
  8.236971E-07
  1.087945E+00
  1.087880E+00
  1.087816E+00
  1.087751E+00
  1.087687E+00
  1.087622E+00
  1.087558E+00
  1.087493E+00
  1.087428E+00
  1.087339E+00
  1.087249E+00
  1.087159E+00
  1.087068E+00
  1.086978E+00
  1.086888E+00
  1.086798E+00
  1.086750E+00
  1.086793E+00
  1.086835E+00
  1.086878E+00
  1.086921E+00
  1.086963E+00
  1.087006E+00
  1.087056E+00
  1.087211E+00
  1.087367E+00
  1.087522E+00
  1.087677E+00
  1.087833E+00
  1.087988E+00
  1.088147E+00
  1.088321E+00
  1.088494E+00
  1.088668E+00
  1.088842E+00
  1.089016E+00
  1.089190E+00
  1.089362E+00
  1.089531E+00
  1.089701E+00
  1.089870E+00
  1.090041E+00
  1.090211E+00
  1.090375E+00
  1.090530E+00
  1.090686E+00
  1.090842E+00
  1.090998E+00
  1.091155E+00
  1.091241E+00
  1.091254E+00
  1.091269E+00
  1.091283E+00
  1.091299E+00
  1.091314E+00
  1.091035E+00
  1.090716E+00
  1.090397E+00
  1.090078E+00
  1.089760E+00
  1.089229E+00
  1.088521E+00
  1.087813E+00
  1.087105E+00
  1.086398E+00
  1.085517E+00
  1.084448E+00
  1.083379E+00
  1.082310E+00
  1.081242E+00
  1.079959E+00
  1.078570E+00
  1.077180E+00
  1.075791E+00
  1.074383E+00
  1.072793E+00
  1.071203E+00
  1.069613E+00
  1.068024E+00
  1.066221E+00
  1.064345E+00
  1.062471E+00
  1.060597E+00
  1.058242E+00
  1.055594E+00
  1.052946E+00
  1.050297E+00
  1.046790E+00
  1.042915E+00
  1.039040E+00
  1.035164E+00
  1.029860E+00
  1.024522E+00
  1.019185E+00
  1.013026E+00
  1.005812E+00
  9.986032E-01
  9.912424E-01
  9.819614E-01
  9.726951E-01
  9.634433E-01
  9.530411E-01
  9.425060E-01
  9.319934E-01
  9.213393E-01
  9.106809E-01
  9.000470E-01
  8.899485E-01
  8.798895E-01
  8.700723E-01
  8.610212E-01
  8.519848E-01
  8.437548E-01
  8.360056E-01
  8.284808E-01
  8.221324E-01
  8.157875E-01
  8.105441E-01
  8.055625E-01
  8.012869E-01
  7.975268E-01
  7.941532E-01
  7.912354E-01
  7.884756E-01
  7.859127E-01
  7.833924E-01
  7.809126E-01
  7.784329E-01
  7.759618E-01
  7.735380E-01
  7.711973E-01
  7.689973E-01
  7.671508E-01
  7.656362E-01
  7.646302E-01
  7.646095E-01
  7.655606E-01
  7.678138E-01
  7.718897E-01
  7.789421E-01
  7.916163E-01
  8.139664E-01
  8.529823E-01
  9.201986E-01
  1.038690E+00
  1.194086E+00
  1.271401E+00
  1.498038E+00
  6.694997E-01
  4.285863E-06
  1.260730E+00
  1.260503E+00
  1.260277E+00
  1.260050E+00
  1.259824E+00
  1.259597E+00
  1.259371E+00
  1.259144E+00
  1.258917E+00
  1.258279E+00
  1.257624E+00
  1.256969E+00
  1.256313E+00
  1.255658E+00
  1.255003E+00
  1.254348E+00
  1.253572E+00
  1.252542E+00
  1.251513E+00
  1.250483E+00
  1.249454E+00
  1.248424E+00
  1.247395E+00
  1.246337E+00
  1.244885E+00
  1.243434E+00
  1.241982E+00
  1.240531E+00
  1.239079E+00
  1.237628E+00
  1.236088E+00
  1.234126E+00
  1.232164E+00
  1.230203E+00
  1.228241E+00
  1.226279E+00
  1.224318E+00
  1.222013E+00
  1.219502E+00
  1.216991E+00
  1.214480E+00
  1.211969E+00
  1.209459E+00
  1.206739E+00
  1.203710E+00
  1.200681E+00
  1.197653E+00
  1.194624E+00
  1.191596E+00
  1.188343E+00
  1.184860E+00
  1.181378E+00
  1.177895E+00
  1.174412E+00
  1.170930E+00
  1.167105E+00
  1.163232E+00
  1.159360E+00
  1.155488E+00
  1.151616E+00
  1.147556E+00
  1.143340E+00
  1.139124E+00
  1.134907E+00
  1.130691E+00
  1.126286E+00
  1.121675E+00
  1.117075E+00
  1.112464E+00
  1.107853E+00
  1.102923E+00
  1.097831E+00
  1.092739E+00
  1.087647E+00
  1.082515E+00
  1.076993E+00
  1.071471E+00
  1.065949E+00
  1.060426E+00
  1.054653E+00
  1.048796E+00
  1.042938E+00
  1.037080E+00
  1.031027E+00
  1.024855E+00
  1.018683E+00
  1.012511E+00
  1.006237E+00
  9.999205E-01
  9.936042E-01
  9.872884E-01
  9.811241E-01
  9.749648E-01
  9.688069E-01
  9.627219E-01
  9.567319E-01
  9.507452E-01
  9.447524E-01
  9.386525E-01
  9.325599E-01
  9.264678E-01
  9.201421E-01
  9.137949E-01
  9.074596E-01
  9.007330E-01
  8.939488E-01
  8.871792E-01
  8.795334E-01
  8.718715E-01
  8.639234E-01
  8.549698E-01
  8.460298E-01
  8.361677E-01
  8.257602E-01
  8.151276E-01
  8.032277E-01
  7.913355E-01
  7.782916E-01
  7.649782E-01
  7.509673E-01
  7.364475E-01
  7.215268E-01
  7.061338E-01
  6.905099E-01
  6.745999E-01
  6.585971E-01
  6.425144E-01
  6.265469E-01
  6.106269E-01
  5.951934E-01
  5.800515E-01
  5.654339E-01
  5.516883E-01
  5.385898E-01
  5.264042E-01
  5.155988E-01
  5.058966E-01
  4.975146E-01
  4.907878E-01
  4.865778E-01
  4.872018E-01
  4.966302E-01
  5.219111E-01
  5.736018E-01
  6.685158E-01
  7.863656E-01
  8.184268E-01
  8.831032E-01
 -1.891361E-03
  1.434739E-11
  9.724415E-01
  9.723066E-01
  9.721717E-01
  9.720367E-01
  9.719018E-01
  9.717669E-01
  9.716320E-01
  9.714971E-01
  9.713621E-01
  9.709715E-01
  9.705703E-01
  9.701691E-01
  9.697679E-01
  9.693666E-01
  9.689654E-01
  9.685642E-01
  9.680855E-01
  9.674438E-01
  9.668022E-01
  9.661606E-01
  9.655189E-01
  9.648773E-01
  9.642357E-01
  9.635778E-01
  9.626919E-01
  9.618060E-01
  9.609201E-01
  9.600342E-01
  9.591483E-01
  9.582624E-01
  9.573305E-01
  9.561794E-01
  9.550285E-01
  9.538775E-01
  9.527265E-01
  9.515756E-01
  9.504246E-01
  9.491006E-01
  9.476728E-01
  9.462450E-01
  9.448172E-01
  9.433895E-01
  9.419618E-01
  9.404219E-01
  9.387167E-01
  9.370116E-01
  9.353065E-01
  9.336014E-01
  9.318964E-01
  9.300505E-01
  9.280604E-01
  9.260704E-01
  9.240805E-01
  9.220906E-01
  9.201007E-01
  9.178477E-01
  9.155589E-01
  9.132700E-01
  9.109813E-01
  9.086926E-01
  9.062379E-01
  9.036454E-01
  9.010530E-01
  8.984606E-01
  8.958683E-01
  8.931234E-01
  8.902127E-01
  8.873020E-01
  8.843913E-01
  8.814807E-01
  8.783376E-01
  8.750776E-01
  8.718176E-01
  8.685577E-01
  8.652638E-01
  8.616360E-01
  8.580082E-01
  8.543805E-01
  8.507528E-01
  8.468471E-01
  8.428479E-01
  8.388487E-01
  8.348496E-01
  8.306204E-01
  8.262507E-01
  8.218812E-01
  8.175119E-01
  8.129040E-01
  8.081942E-01
  8.034846E-01
  7.987754E-01
  7.937836E-01
  7.887852E-01
  7.837875E-01
  7.786723E-01
  7.734062E-01
  7.681413E-01
  7.628573E-01
  7.573265E-01
  7.517983E-01
  7.462724E-01
  7.405384E-01
  7.347799E-01
  7.290253E-01
  7.230597E-01
  7.170602E-01
  7.110654E-01
  7.047531E-01
  6.984344E-01
  6.920284E-01
  6.853147E-01
  6.786059E-01
  6.716244E-01
  6.644822E-01
  6.572728E-01
  6.496803E-01
  6.420913E-01
  6.341393E-01
  6.261034E-01
  6.178216E-01
  6.093608E-01
  6.007134E-01
  5.918462E-01
  5.828071E-01
  5.735547E-01
  5.641166E-01
  5.545169E-01
  5.446948E-01
  5.347858E-01
  5.246005E-01
  5.143249E-01
  5.038873E-01
  4.932674E-01
  4.825315E-01
  4.716459E-01
  4.605562E-01
  4.493104E-01
  4.378942E-01
  4.263086E-01
  4.146214E-01
  4.032491E-01
  3.930823E-01
  3.855440E-01
  3.830275E-01
  3.909656E-01
  4.026051E-01
  3.800831E-01
  4.054323E-01
  1.443252E-01
  5.331538E-02
  5.290044E-02
  5.289730E-02
  5.289416E-02
  5.289102E-02
  5.288788E-02
  5.288475E-02
  5.288161E-02
  5.287847E-02
  5.287533E-02
  5.287099E-02
  5.286660E-02
  5.286222E-02
  5.285783E-02
  5.285345E-02
  5.284906E-02
  5.284468E-02
  5.284237E-02
  5.284445E-02
  5.284652E-02
  5.284860E-02
  5.285068E-02
  5.285275E-02
  5.285483E-02
  5.285728E-02
  5.286484E-02
  5.287239E-02
  5.287995E-02
  5.288752E-02
  5.289509E-02
  5.290266E-02
  5.291038E-02
  5.291883E-02
  5.292729E-02
  5.293575E-02
  5.294421E-02
  5.295269E-02
  5.296117E-02
  5.296950E-02
  5.297774E-02
  5.298600E-02
  5.299427E-02
  5.300255E-02
  5.301085E-02
  5.301884E-02
  5.302639E-02
  5.303397E-02
  5.304156E-02
  5.304916E-02
  5.305679E-02
  5.306098E-02
  5.306166E-02
  5.306236E-02
  5.306309E-02
  5.306383E-02
  5.306459E-02
  5.305102E-02
  5.303551E-02
  5.302001E-02
  5.300453E-02
  5.298907E-02
  5.296324E-02
  5.292880E-02
  5.289437E-02
  5.285996E-02
  5.282556E-02
  5.278274E-02
  5.273075E-02
  5.267878E-02
  5.262682E-02
  5.257487E-02
  5.251251E-02
  5.244493E-02
  5.237737E-02
  5.230982E-02
  5.224137E-02
  5.216403E-02
  5.208671E-02
  5.200940E-02
  5.193212E-02
  5.184442E-02
  5.175324E-02
  5.166207E-02
  5.157093E-02
  5.145642E-02
  5.132764E-02
  5.119886E-02
  5.107008E-02
  5.089954E-02
  5.071111E-02
  5.052266E-02
  5.033419E-02
  5.007633E-02
  4.981677E-02
  4.955725E-02
  4.925779E-02
  4.890703E-02
  4.855655E-02
  4.819865E-02
  4.774739E-02
  4.729684E-02
  4.684697E-02
  4.634116E-02
  4.582886E-02
  4.531765E-02
  4.479953E-02
  4.428119E-02
  4.376403E-02
  4.327289E-02
  4.278367E-02
  4.230620E-02
  4.186598E-02
  4.142648E-02
  4.102621E-02
  4.064933E-02
  4.028336E-02
  3.997464E-02
  3.966609E-02
  3.941114E-02
  3.916893E-02
  3.896108E-02
  3.877831E-02
  3.861436E-02
  3.847258E-02
  3.833850E-02
  3.821399E-02
  3.809156E-02
  3.797109E-02
  3.785062E-02
  3.773056E-02
  3.761278E-02
  3.749903E-02
  3.739210E-02
  3.730234E-02
  3.722869E-02
  3.717974E-02
  3.717868E-02
  3.722484E-02
  3.733429E-02
  3.753234E-02
  3.787509E-02
  3.849116E-02
  3.957767E-02
  4.147448E-02
  4.474240E-02
  5.050335E-02
  5.805855E-02
  6.181713E-02
  7.283577E-02
  3.984224E-02
  1.710338E-02
  1.775827E-01
  1.775508E-01
  1.775189E-01
  1.774870E-01
  1.774551E-01
  1.774232E-01
  1.773912E-01
  1.773593E-01
  1.773274E-01
  1.772375E-01
  1.771452E-01
  1.770530E-01
  1.769607E-01
  1.768684E-01
  1.767761E-01
  1.766838E-01
  1.765745E-01
  1.764295E-01
  1.762845E-01
  1.761395E-01
  1.759945E-01
  1.758495E-01
  1.757045E-01
  1.755556E-01
  1.753511E-01
  1.751467E-01
  1.749423E-01
  1.747379E-01
  1.745334E-01
  1.743290E-01
  1.741121E-01
  1.738358E-01
  1.735595E-01
  1.732832E-01
  1.730069E-01
  1.727306E-01
  1.724543E-01
  1.721297E-01
  1.717760E-01
  1.714224E-01
  1.710688E-01
  1.707151E-01
  1.703615E-01
  1.699784E-01
  1.695518E-01
  1.691253E-01
  1.686987E-01
  1.682722E-01
  1.678456E-01
  1.673874E-01
  1.668969E-01
  1.664064E-01
  1.659158E-01
  1.654253E-01
  1.649348E-01
  1.643960E-01
  1.638506E-01
  1.633052E-01
  1.627598E-01
  1.622144E-01
  1.616425E-01
  1.610486E-01
  1.604547E-01
  1.598608E-01
  1.592670E-01
  1.586465E-01
  1.579970E-01
  1.573490E-01
  1.566996E-01
  1.560501E-01
  1.553555E-01
  1.546383E-01
  1.539210E-01
  1.532038E-01
  1.524809E-01
  1.517031E-01
  1.509252E-01
  1.501474E-01
  1.493695E-01
  1.485562E-01
  1.477311E-01
  1.469060E-01
  1.460809E-01
  1.452282E-01
  1.443588E-01
  1.434893E-01
  1.426199E-01
  1.417362E-01
  1.408465E-01
  1.399567E-01
  1.390671E-01
  1.381988E-01
  1.373313E-01
  1.364639E-01
  1.356068E-01
  1.347632E-01
  1.339199E-01
  1.330759E-01
  1.322167E-01
  1.313586E-01
  1.305005E-01
  1.296094E-01
  1.287152E-01
  1.278227E-01
  1.268750E-01
  1.259192E-01
  1.249654E-01
  1.238881E-01
  1.228086E-01
  1.216887E-01
  1.204272E-01
  1.191676E-01
  1.177782E-01
  1.163120E-01
  1.148141E-01
  1.131378E-01
  1.114626E-01
  1.096253E-01
  1.077501E-01
  1.057767E-01
  1.037317E-01
  1.016303E-01
  9.946238E-02
  9.726196E-02
  9.502122E-02
  9.276742E-02
  9.050233E-02
  8.825345E-02
  8.601123E-02
  8.383748E-02
  8.170477E-02
  7.964586E-02
  7.770974E-02
  7.586469E-02
  7.414819E-02
  7.262605E-02
  7.125926E-02
  7.007839E-02
  6.913062E-02
  6.853732E-02
  6.862487E-02
  6.995249E-02
  7.351293E-02
  8.079315E-02
  9.416126E-02
  1.107596E-01
  1.152743E-01
  1.243826E-01
 -3.260575E-04
  1.658605E-07
  9.726321E-01
  9.724972E-01
  9.723623E-01
  9.722274E-01
  9.720925E-01
  9.719576E-01
  9.718226E-01
  9.716877E-01
  9.715528E-01
  9.711622E-01
  9.707611E-01
  9.703599E-01
  9.699587E-01
  9.695576E-01
  9.691564E-01
  9.687553E-01
  9.682766E-01
  9.676351E-01
  9.669936E-01
  9.663521E-01
  9.657106E-01
  9.650691E-01
  9.644276E-01
  9.637698E-01
  9.628841E-01
  9.619984E-01
  9.611128E-01
  9.602271E-01
  9.593414E-01
  9.584558E-01
  9.575241E-01
  9.563734E-01
  9.552227E-01
  9.540721E-01
  9.529215E-01
  9.517709E-01
  9.506203E-01
  9.492966E-01
  9.478692E-01
  9.464419E-01
  9.450145E-01
  9.435872E-01
  9.421600E-01
  9.406206E-01
  9.389159E-01
  9.372113E-01
  9.355067E-01
  9.338022E-01
  9.320978E-01
  9.302524E-01
  9.282629E-01
  9.262735E-01
  9.242841E-01
  9.222948E-01
  9.203055E-01
  9.180531E-01
  9.157649E-01
  9.134766E-01
  9.111885E-01
  9.089003E-01
  9.064463E-01
  9.038544E-01
  9.012626E-01
  8.986708E-01
  8.960790E-01
  8.933347E-01
  8.904246E-01
  8.875145E-01
  8.846045E-01
  8.816944E-01
  8.785520E-01
  8.752927E-01
  8.720334E-01
  8.687742E-01
  8.654809E-01
  8.618539E-01
  8.582270E-01
  8.546001E-01
  8.509732E-01
  8.470684E-01
  8.430702E-01
  8.390721E-01
  8.350741E-01
  8.308460E-01
  8.264776E-01
  8.221094E-01
  8.177413E-01
  8.131349E-01
  8.084266E-01
  8.037187E-01
  7.990110E-01
  7.940210E-01
  7.890245E-01
  7.840286E-01
  7.789154E-01
  7.736513E-01
  7.683885E-01
  7.631067E-01
  7.575782E-01
  7.520522E-01
  7.465286E-01
  7.407970E-01
  7.350411E-01
  7.292889E-01
  7.233259E-01
  7.173291E-01
  7.113370E-01
  7.050275E-01
  6.987116E-01
  6.923085E-01
  6.855979E-01
  6.788921E-01
  6.719137E-01
  6.647748E-01
  6.575686E-01
  6.499796E-01
  6.423940E-01
  6.344457E-01
  6.264135E-01
  6.181354E-01
  6.096785E-01
  6.010351E-01
  5.921719E-01
  5.831368E-01
  5.738885E-01
  5.644545E-01
  5.548588E-01
  5.450407E-01
  5.351357E-01
  5.249545E-01
  5.146831E-01
  5.042501E-01
  4.936354E-01
  4.829053E-01
  4.720265E-01
  4.609460E-01
  4.497118E-01
  4.383104E-01
  4.267438E-01
  4.150816E-01
  4.037413E-01
  3.936128E-01
  3.861173E-01
  3.836427E-01
  3.916105E-01
  4.032487E-01
  3.807034E-01
  4.059035E-01
  1.437217E-01
  5.086433E-02
  4.649301E-02
  4.649024E-02
  4.648747E-02
  4.648470E-02
  4.648193E-02
  4.647916E-02
  4.647640E-02
  4.647363E-02
  4.647086E-02
  4.646719E-02
  4.646348E-02
  4.645977E-02
  4.645606E-02
  4.645235E-02
  4.644865E-02
  4.644494E-02
  4.644317E-02
  4.644548E-02
  4.644778E-02
  4.645009E-02
  4.645240E-02
  4.645471E-02
  4.645702E-02
  4.645967E-02
  4.646697E-02
  4.647428E-02
  4.648159E-02
  4.648890E-02
  4.649621E-02
  4.650353E-02
  4.651099E-02
  4.651907E-02
  4.652716E-02
  4.653526E-02
  4.654336E-02
  4.655147E-02
  4.655958E-02
  4.656761E-02
  4.657559E-02
  4.658358E-02
  4.659158E-02
  4.659959E-02
  4.660762E-02
  4.661541E-02
  4.662288E-02
  4.663035E-02
  4.663785E-02
  4.664537E-02
  4.665290E-02
  4.665709E-02
  4.665786E-02
  4.665865E-02
  4.665946E-02
  4.666029E-02
  4.666115E-02
  4.664780E-02
  4.663253E-02
  4.661727E-02
  4.660204E-02
  4.658682E-02
  4.656130E-02
  4.652721E-02
  4.649315E-02
  4.645909E-02
  4.642506E-02
  4.638262E-02
  4.633106E-02
  4.627952E-02
  4.622798E-02
  4.617646E-02
  4.611451E-02
  4.604733E-02
  4.598016E-02
  4.591301E-02
  4.584495E-02
  4.576780E-02
  4.569067E-02
  4.561357E-02
  4.553648E-02
  4.544868E-02
  4.535730E-02
  4.526593E-02
  4.517459E-02
  4.505957E-02
  4.493010E-02
  4.480062E-02
  4.467115E-02
  4.449958E-02
  4.430997E-02
  4.412034E-02
  4.393069E-02
  4.367135E-02
  4.341030E-02
  4.314928E-02
  4.284834E-02
  4.249615E-02
  4.214420E-02
  4.178488E-02
  4.133276E-02
  4.088131E-02
  4.043054E-02
  3.992474E-02
  3.941256E-02
  3.890142E-02
  3.838451E-02
  3.786755E-02
  3.735171E-02
  3.686334E-02
  3.637688E-02
  3.590244E-02
  3.546634E-02
  3.503089E-02
  3.463530E-02
  3.426346E-02
  3.390256E-02
  3.359929E-02
  3.329615E-02
  3.304646E-02
  3.280945E-02
  3.260637E-02
  3.242805E-02
  3.226804E-02
  3.212961E-02
  3.199827E-02
  3.187577E-02
  3.175458E-02
  3.163469E-02
  3.151366E-02
  3.139258E-02
  3.127171E-02
  3.115368E-02
  3.104036E-02
  3.093996E-02
  3.085188E-02
  3.078270E-02
  3.074977E-02
  3.075253E-02
  3.080355E-02
  3.092358E-02
  3.116191E-02
  3.164164E-02
  3.256102E-02
  3.426398E-02
  3.732870E-02
  4.291854E-02
  5.040015E-02
  5.418255E-02
  6.526649E-02
  3.314679E-02
  8.996298E-03
  1.780436E-01
  1.780116E-01
  1.779797E-01
  1.779478E-01
  1.779158E-01
  1.778839E-01
  1.778519E-01
  1.778200E-01
  1.777881E-01
  1.776981E-01
  1.776058E-01
  1.775134E-01
  1.774211E-01
  1.773287E-01
  1.772364E-01
  1.771440E-01
  1.770347E-01
  1.768896E-01
  1.767446E-01
  1.765996E-01
  1.764545E-01
  1.763095E-01
  1.761644E-01
  1.760154E-01
  1.758110E-01
  1.756065E-01
  1.754020E-01
  1.751976E-01
  1.749931E-01
  1.747886E-01
  1.745717E-01
  1.742954E-01
  1.740190E-01
  1.737427E-01
  1.734664E-01
  1.731900E-01
  1.729137E-01
  1.725890E-01
  1.722353E-01
  1.718815E-01
  1.715278E-01
  1.711741E-01
  1.708204E-01
  1.704372E-01
  1.700105E-01
  1.695838E-01
  1.691571E-01
  1.687305E-01
  1.683038E-01
  1.678454E-01
  1.673547E-01
  1.668640E-01
  1.663732E-01
  1.658825E-01
  1.653918E-01
  1.648527E-01
  1.643070E-01
  1.637613E-01
  1.632156E-01
  1.626700E-01
  1.620977E-01
  1.615035E-01
  1.609093E-01
  1.603150E-01
  1.597208E-01
  1.590999E-01
  1.584500E-01
  1.578023E-01
  1.571524E-01
  1.565026E-01
  1.558076E-01
  1.550900E-01
  1.543724E-01
  1.536547E-01
  1.529315E-01
  1.521533E-01
  1.513751E-01
  1.505969E-01
  1.498187E-01
  1.490051E-01
  1.481796E-01
  1.473541E-01
  1.465287E-01
  1.456754E-01
  1.448051E-01
  1.439349E-01
  1.430647E-01
  1.421796E-01
  1.412881E-01
  1.403968E-01
  1.395055E-01
  1.386343E-01
  1.377638E-01
  1.368935E-01
  1.360327E-01
  1.351844E-01
  1.343366E-01
  1.334877E-01
  1.326221E-01
  1.317574E-01
  1.308921E-01
  1.299932E-01
  1.290909E-01
  1.281904E-01
  1.272338E-01
  1.262690E-01
  1.253062E-01
  1.242196E-01
  1.231308E-01
  1.220016E-01
  1.207310E-01
  1.194623E-01
  1.180640E-01
  1.165892E-01
  1.150829E-01
  1.133987E-01
  1.117157E-01
  1.098714E-01
  1.079893E-01
  1.060096E-01
  1.039587E-01
  1.018519E-01
  9.967925E-02
  9.747459E-02
  9.523026E-02
  9.297344E-02
  9.070586E-02
  8.845525E-02
  8.621157E-02
  8.403739E-02
  8.190462E-02
  7.984633E-02
  7.791174E-02
  7.606954E-02
  7.435614E-02
  7.283862E-02
  7.147780E-02
  7.030457E-02
  6.936654E-02
  6.878572E-02
  6.888890E-02
  7.023488E-02
  7.381556E-02
  8.111563E-02
  9.449810E-02
  1.110969E-01
  1.155980E-01
  1.246303E-01
 -3.699405E-04
  1.555561E-07
 -1.906132E-04
 -1.906232E-04
 -1.906332E-04
 -1.906433E-04
 -1.906533E-04
 -1.906633E-04
 -1.906733E-04
 -1.906833E-04
 -1.906934E-04
 -1.907423E-04
 -1.907929E-04
 -1.908434E-04
 -1.908940E-04
 -1.909445E-04
 -1.909951E-04
 -1.910456E-04
 -1.911212E-04
 -1.912492E-04
 -1.913773E-04
 -1.915053E-04
 -1.916334E-04
 -1.917615E-04
 -1.918895E-04
 -1.920242E-04
 -1.922504E-04
 -1.924766E-04
 -1.927028E-04
 -1.929290E-04
 -1.931552E-04
 -1.933815E-04
 -1.936258E-04
 -1.939562E-04
 -1.942866E-04
 -1.946170E-04
 -1.949475E-04
 -1.952779E-04
 -1.956084E-04
 -1.960052E-04
 -1.964417E-04
 -1.968782E-04
 -1.973148E-04
 -1.977514E-04
 -1.981881E-04
 -1.986626E-04
 -1.991927E-04
 -1.997229E-04
 -2.002531E-04
 -2.007835E-04
 -2.013139E-04
 -2.018717E-04
 -2.024576E-04
 -2.030436E-04
 -2.036297E-04
 -2.042159E-04
 -2.048021E-04
 -2.053967E-04
 -2.059925E-04
 -2.065883E-04
 -2.071843E-04
 -2.077803E-04
 -2.083719E-04
 -2.089597E-04
 -2.095477E-04
 -2.101357E-04
 -2.107237E-04
 -2.113200E-04
 -2.119252E-04
 -2.125305E-04
 -2.131358E-04
 -2.137412E-04
 -2.143955E-04
 -2.150744E-04
 -2.157533E-04
 -2.164324E-04
 -2.171242E-04
 -2.179408E-04
 -2.187576E-04
 -2.195745E-04
 -2.203915E-04
 -2.213581E-04
 -2.223751E-04
 -2.233923E-04
 -2.244097E-04
 -2.255885E-04
 -2.268657E-04
 -2.281430E-04
 -2.294203E-04
 -2.309013E-04
 -2.324690E-04
 -2.340363E-04
 -2.356031E-04
 -2.374407E-04
 -2.392837E-04
 -2.411254E-04
 -2.430720E-04
 -2.451532E-04
 -2.472317E-04
 -2.493242E-04
 -2.516164E-04
 -2.539046E-04
 -2.561887E-04
 -2.586456E-04
 -2.611211E-04
 -2.635912E-04
 -2.662244E-04
 -2.688821E-04
 -2.715338E-04
 -2.743804E-04
 -2.772284E-04
 -2.801176E-04
 -2.831608E-04
 -2.861993E-04
 -2.893601E-04
 -2.925930E-04
 -2.958559E-04
 -2.992958E-04
 -3.027344E-04
 -3.063597E-04
 -3.100298E-04
 -3.138280E-04
 -3.177207E-04
 -3.216794E-04
 -3.257158E-04
 -3.297654E-04
 -3.338307E-04
 -3.378737E-04
 -3.418974E-04
 -3.459067E-04
 -3.499113E-04
 -3.540280E-04
 -3.582808E-04
 -3.627796E-04
 -3.679473E-04
 -3.737742E-04
 -3.806547E-04
 -3.898218E-04
 -4.013791E-04
 -4.161361E-04
 -4.351803E-04
 -4.601345E-04
 -4.921559E-04
 -5.305168E-04
 -5.733103E-04
 -6.152779E-04
 -6.448548E-04
 -6.435492E-04
 -6.203009E-04
 -4.712464E-04
  6.034930E-04
  2.451044E-03
  6.407435E-03
  6.407064E-03
  6.406693E-03
  6.406323E-03
  6.405952E-03
  6.405581E-03
  6.405210E-03
  6.404839E-03
  6.404468E-03
  6.403803E-03
  6.403125E-03
  6.402447E-03
  6.401769E-03
  6.401091E-03
  6.400414E-03
  6.399736E-03
  6.399202E-03
  6.398970E-03
  6.398738E-03
  6.398506E-03
  6.398274E-03
  6.398043E-03
  6.397811E-03
  6.397611E-03
  6.397864E-03
  6.398116E-03
  6.398368E-03
  6.398621E-03
  6.398873E-03
  6.399126E-03
  6.399398E-03
  6.399762E-03
  6.400127E-03
  6.400491E-03
  6.400856E-03
  6.401220E-03
  6.401585E-03
  6.401889E-03
  6.402157E-03
  6.402425E-03
  6.402693E-03
  6.402961E-03
  6.403229E-03
  6.403427E-03
  6.403519E-03
  6.403612E-03
  6.403705E-03
  6.403798E-03
  6.403891E-03
  6.403894E-03
  6.403804E-03
  6.403715E-03
  6.403625E-03
  6.403536E-03
  6.403447E-03
  6.403222E-03
  6.402979E-03
  6.402736E-03
  6.402494E-03
  6.402251E-03
  6.401944E-03
  6.401585E-03
  6.401225E-03
  6.400866E-03
  6.400506E-03
  6.400115E-03
  6.399688E-03
  6.399261E-03
  6.398834E-03
  6.398407E-03
  6.397999E-03
  6.397602E-03
  6.397205E-03
  6.396808E-03
  6.396429E-03
  6.396231E-03
  6.396034E-03
  6.395836E-03
  6.395639E-03
  6.395739E-03
  6.395939E-03
  6.396139E-03
  6.396340E-03
  6.396848E-03
  6.397544E-03
  6.398240E-03
  6.398936E-03
  6.399968E-03
  6.401144E-03
  6.402321E-03
  6.403500E-03
  6.404980E-03
  6.406472E-03
  6.407969E-03
  6.409442E-03
  6.410888E-03
  6.412346E-03
  6.413768E-03
  6.414632E-03
  6.415523E-03
  6.416438E-03
  6.416413E-03
  6.416301E-03
  6.416230E-03
  6.415016E-03
  6.413641E-03
  6.412319E-03
  6.409555E-03
  6.406793E-03
  6.403754E-03
  6.399647E-03
  6.395591E-03
  6.390910E-03
  6.385872E-03
  6.380801E-03
  6.375350E-03
  6.369935E-03
  6.364679E-03
  6.359480E-03
  6.354711E-03
  6.350255E-03
  6.346314E-03
  6.342969E-03
  6.340225E-03
  6.338218E-03
  6.336976E-03
  6.336400E-03
  6.336962E-03
  6.337976E-03
  6.341073E-03
  6.345347E-03
  6.351739E-03
  6.362384E-03
  6.376809E-03
  6.397037E-03
  6.428902E-03
  6.472312E-03
  6.530744E-03
  6.608757E-03
  6.713183E-03
  6.849523E-03
  7.016653E-03
  7.210503E-03
  7.413703E-03
  7.584813E-03
  7.658402E-03
  7.634578E-03
  7.569277E-03
  6.695451E-03
  8.107081E-03
 -4.608555E-04
 -4.608277E-04
 -4.607999E-04
 -4.607720E-04
 -4.607442E-04
 -4.607164E-04
 -4.606886E-04
 -4.606608E-04
 -4.606330E-04
 -4.605753E-04
 -4.605163E-04
 -4.604573E-04
 -4.603984E-04
 -4.603394E-04
 -4.602805E-04
 -4.602215E-04
 -4.601666E-04
 -4.601202E-04
 -4.600739E-04
 -4.600275E-04
 -4.599811E-04
 -4.599348E-04
 -4.598885E-04
 -4.598431E-04
 -4.598109E-04
 -4.597788E-04
 -4.597466E-04
 -4.597145E-04
 -4.596824E-04
 -4.596503E-04
 -4.596161E-04
 -4.595722E-04
 -4.595282E-04
 -4.594843E-04
 -4.594404E-04
 -4.593965E-04
 -4.593526E-04
 -4.592889E-04
 -4.592131E-04
 -4.591374E-04
 -4.590618E-04
 -4.589862E-04
 -4.589107E-04
 -4.588142E-04
 -4.586868E-04
 -4.585595E-04
 -4.584322E-04
 -4.583051E-04
 -4.581779E-04
 -4.580140E-04
 -4.578126E-04
 -4.576112E-04
 -4.574099E-04
 -4.572086E-04
 -4.570074E-04
 -4.567311E-04
 -4.564446E-04
 -4.561581E-04
 -4.558718E-04
 -4.555855E-04
 -4.552584E-04
 -4.548975E-04
 -4.545367E-04
 -4.541760E-04
 -4.538153E-04
 -4.534360E-04
 -4.530365E-04
 -4.532933E-04
 -4.528925E-04
 -4.524918E-04
 -4.521011E-04
 -4.517154E-04
 -4.513296E-04
 -4.509439E-04
 -4.505635E-04
 -4.502349E-04
 -4.499061E-04
 -4.495773E-04
 -4.492484E-04
 -4.488854E-04
 -4.485107E-04
 -4.481357E-04
 -4.477605E-04
 -4.471251E-04
 -4.463308E-04
 -4.455362E-04
 -4.447412E-04
 -4.433440E-04
 -4.416891E-04
 -4.400341E-04
 -4.383791E-04
 -4.354617E-04
 -4.325138E-04
 -4.295669E-04
 -4.258842E-04
 -4.212555E-04
 -4.166306E-04
 -4.118655E-04
 -4.053436E-04
 -3.988308E-04
 -3.916839E-04
 -3.837817E-04
 -3.757061E-04
 -3.676454E-04
 -3.587774E-04
 -3.497813E-04
 -3.408043E-04
 -3.314901E-04
 -3.221844E-04
 -3.129263E-04
 -3.037793E-04
 -2.946528E-04
 -2.858477E-04
 -2.772406E-04
 -2.687664E-04
 -2.609292E-04
 -2.531072E-04
 -2.460270E-04
 -2.391311E-04
 -2.328287E-04
 -2.269600E-04
 -2.216091E-04
 -2.168634E-04
 -2.126317E-04
 -2.090330E-04
 -2.060256E-04
 -2.035317E-04
 -2.017908E-04
 -2.003445E-04
 -1.999102E-04
 -1.998526E-04
 -2.004691E-04
 -2.020033E-04
 -2.048556E-04
 -2.079561E-04
 -2.125759E-04
 -2.185396E-04
 -2.261775E-04
 -2.359173E-04
 -2.484038E-04
 -2.640340E-04
 -2.823927E-04
 -3.026318E-04
 -3.224786E-04
 -3.368465E-04
 -3.373088E-04
 -3.236827E-04
 -2.476611E-04
  4.388309E-05
  1.030443E-08
  1.273240E+00
  1.273211E+00
  1.273125E+00
  1.272981E+00
  1.272781E+00
  1.272522E+00
  1.272207E+00
  1.271834E+00
  1.271403E+00
  1.270915E+00
  1.270369E+00
  1.269765E+00
  1.269104E+00
  1.268384E+00
  1.267607E+00
  1.266771E+00
  1.265877E+00
  1.264925E+00
  1.263915E+00
  1.262845E+00
  1.261717E+00
  1.260530E+00
  1.259284E+00
  1.257979E+00
  1.256614E+00
  1.255190E+00
  1.253705E+00
  1.252161E+00
  1.250556E+00
  1.248891E+00
  1.247165E+00
  1.245378E+00
  1.243529E+00
  1.241620E+00
  1.239648E+00
  1.237614E+00
  1.235518E+00
  1.233359E+00
  1.231136E+00
  1.228851E+00
  1.226501E+00
  1.224088E+00
  1.221610E+00
  1.219067E+00
  1.216458E+00
  1.213784E+00
  1.211044E+00
  1.208237E+00
  1.205362E+00
  1.202421E+00
  1.199411E+00
  1.196332E+00
  1.193185E+00
  1.189968E+00
  1.186680E+00
  1.183322E+00
  1.179892E+00
  1.176390E+00
  1.172816E+00
  1.169168E+00
  1.165446E+00
  1.161649E+00
  1.157776E+00
  1.153828E+00
  1.149802E+00
  1.145699E+00
  1.141516E+00
  1.137254E+00
  1.132912E+00
  1.128488E+00
  1.123982E+00
  1.119393E+00
  1.114719E+00
  1.109960E+00
  1.105114E+00
  1.100180E+00
  1.095157E+00
  1.090045E+00
  1.084841E+00
  1.079544E+00
  1.074153E+00
  1.068667E+00
  1.063083E+00
  1.057401E+00
  1.051619E+00
  1.045735E+00
  1.039748E+00
  1.033655E+00
  1.027455E+00
  1.021146E+00
  1.014726E+00
  1.008193E+00
  1.001543E+00
  9.947766E-01
  9.878894E-01
  9.808795E-01
  9.737441E-01
  9.664805E-01
  9.590857E-01
  9.515567E-01
  9.438904E-01
  9.360832E-01
  9.281318E-01
  9.200322E-01
  9.117806E-01
  9.033729E-01
  8.948045E-01
  8.860709E-01
  8.771671E-01
  8.680879E-01
  8.588277E-01
  8.493806E-01
  8.397402E-01
  8.299000E-01
  8.198525E-01
  8.095903E-01
  7.991048E-01
  7.883874E-01
  7.774283E-01
  7.662172E-01
  7.547428E-01
  7.429930E-01
  7.309546E-01
  7.186128E-01
  7.059520E-01
  6.929545E-01
  6.796012E-01
  6.658704E-01
  6.517385E-01
  6.371787E-01
  6.221609E-01
  6.066513E-01
  5.906109E-01
  5.739954E-01
  5.567532E-01
  5.388241E-01
  5.201372E-01
  5.006076E-01
  4.801325E-01
  4.585853E-01
  4.358068E-01
  4.115929E-01
  3.856731E-01
  3.576769E-01
  3.270715E-01
  2.930404E-01
  2.542116E-01
  2.079144E-01
  1.472658E-01
  0.000000E+00
  9.203461E-02
  9.203627E-02
  9.203793E-02
  9.203959E-02
  9.204125E-02
  9.204291E-02
  9.204457E-02
  9.204623E-02
  9.204789E-02
  9.205264E-02
  9.205751E-02
  9.206239E-02
  9.206727E-02
  9.207215E-02
  9.207702E-02
  9.208190E-02
  9.208797E-02
  9.209654E-02
  9.210512E-02
  9.211369E-02
  9.212227E-02
  9.213084E-02
  9.213942E-02
  9.214827E-02
  9.216109E-02
  9.217390E-02
  9.218671E-02
  9.219952E-02
  9.221233E-02
  9.222514E-02
  9.223877E-02
  9.225630E-02
  9.227384E-02
  9.229138E-02
  9.230891E-02
  9.232644E-02
  9.234398E-02
  9.236451E-02
  9.238683E-02
  9.240915E-02
  9.243147E-02
  9.245379E-02
  9.247611E-02
  9.249976E-02
  9.252537E-02
  9.255097E-02
  9.257658E-02
  9.260218E-02
  9.262778E-02
  9.265233E-02
  9.267580E-02
  9.269927E-02
  9.272273E-02
  9.274620E-02
  9.276966E-02
  9.278502E-02
  9.279928E-02
  9.281354E-02
  9.282779E-02
  9.284204E-02
  9.285251E-02
  9.285982E-02
  9.286714E-02
  9.287445E-02
  9.288176E-02
  9.288886E-02
  9.289571E-02
  9.304185E-02
  9.304843E-02
  9.305500E-02
  9.306708E-02
  9.308194E-02
  9.309679E-02
  9.311164E-02
  9.312815E-02
  9.316094E-02
  9.319373E-02
  9.322652E-02
  9.325931E-02
  9.329680E-02
  9.333588E-02
  9.337495E-02
  9.341402E-02
  9.342016E-02
  9.340620E-02
  9.339223E-02
  9.337826E-02
  9.328409E-02
  9.315559E-02
  9.302709E-02
  9.289859E-02
  9.260379E-02
  9.230619E-02
  9.202213E-02
  9.164584E-02
  9.115076E-02
  9.065567E-02
  9.014697E-02
  8.944525E-02
  8.877120E-02
  8.801146E-02
  8.727467E-02
  8.658428E-02
  8.600131E-02
  8.544868E-02
  8.516930E-02
  8.511640E-02
  8.505677E-02
  8.506352E-02
  8.507414E-02
  8.508516E-02
  8.509615E-02
  8.515974E-02
  8.526502E-02
  8.542550E-02
  8.559083E-02
  8.575615E-02
  8.592418E-02
  8.613222E-02
  8.638417E-02
  8.663560E-02
  8.688074E-02
  8.711848E-02
  8.734834E-02
  8.762321E-02
  8.788158E-02
  8.812557E-02
  8.837102E-02
  8.860546E-02
  8.879211E-02
  8.896201E-02
  8.910196E-02
  8.920727E-02
  8.922216E-02
  8.929898E-02
  8.936070E-02
  8.947555E-02
  8.959012E-02
  8.968922E-02
  8.977213E-02
  8.983919E-02
  8.989232E-02
  9.004267E-02
  9.020991E-02
  9.055232E-02
  9.109225E-02
  9.163329E-02
  9.224183E-02
  1.099605E-01
  2.649343E-02
 -2.156199E-01
 -2.153354E-01
 -2.150509E-01
 -2.147663E-01
 -2.144818E-01
 -2.141973E-01
 -2.139128E-01
 -2.136283E-01
 -2.133438E-01
 -2.125213E-01
 -2.116765E-01
 -2.108318E-01
 -2.099870E-01
 -2.091423E-01
 -2.082975E-01
 -2.074528E-01
 -2.063947E-01
 -2.048885E-01
 -2.033823E-01
 -2.018762E-01
 -2.003700E-01
 -1.988638E-01
 -1.973576E-01
 -1.957990E-01
 -1.935063E-01
 -1.912137E-01
 -1.889211E-01
 -1.866285E-01
 -1.843359E-01
 -1.820433E-01
 -1.795893E-01
 -1.763672E-01
 -1.731451E-01
 -1.699230E-01
 -1.667009E-01
 -1.634788E-01
 -1.602567E-01
 -1.563787E-01
 -1.521075E-01
 -1.478363E-01
 -1.435651E-01
 -1.392939E-01
 -1.350227E-01
 -1.303522E-01
 -1.250934E-01
 -1.198346E-01
 -1.145758E-01
 -1.093170E-01
 -1.040582E-01
 -9.862786E-02
 -9.302203E-02
 -8.741620E-02
 -8.181037E-02
 -7.620454E-02
 -7.059870E-02
 -6.561858E-02
 -6.072383E-02
 -5.582909E-02
 -5.093434E-02
 -4.603960E-02
 -4.146976E-02
 -3.716986E-02
 -3.286995E-02
 -2.857005E-02
 -2.427014E-02
 -1.997104E-02
 -1.567281E-02
  1.238438E-02
  1.663589E-02
  2.088739E-02
  2.566769E-02
  3.071375E-02
  3.575982E-02
  4.080588E-02
  4.600713E-02
  5.273042E-02
  5.945372E-02
  6.617700E-02
  7.290029E-02
  8.067624E-02
  8.880647E-02
  9.693670E-02
  1.050669E-01
  1.123292E-01
  1.190618E-01
  1.257944E-01
  1.325271E-01
  1.362165E-01
  1.386036E-01
  1.409907E-01
  1.433778E-01
  1.389048E-01
  1.342600E-01
  1.296153E-01
  1.208405E-01
  1.067463E-01
  9.265218E-02
  7.772010E-02
  5.252805E-02
  2.733598E-02
 -2.106375E-02
 -5.310877E-02
 -8.606710E-02
 -1.190254E-01
 -1.537508E-01
 -1.887925E-01
 -2.238339E-01
 -2.563751E-01
 -2.888284E-01
 -3.199017E-01
 -3.463048E-01
 -3.727077E-01
 -3.938675E-01
 -4.119075E-01
 -4.284318E-01
 -4.367483E-01
 -4.450647E-01
 -4.450013E-01
 -4.429513E-01
 -4.349455E-01
 -4.225956E-01
 -4.062182E-01
 -3.851055E-01
 -3.609169E-01
 -3.329217E-01
 -3.020999E-01
 -2.688197E-01
 -2.326614E-01
 -1.953750E-01
 -1.550942E-01
 -1.139918E-01
 -7.142601E-02
 -2.751137E-02
  4.121637E-02
  8.671068E-02
  1.330574E-01
  1.798858E-01
  2.271632E-01
  2.748289E-01
  3.228227E-01
  3.710628E-01
  4.194657E-01
  4.679841E-01
  5.165735E-01
  5.651941E-01
  6.138070E-01
  6.623814E-01
  7.108943E-01
  3.973007E-01
  2.350222E+00
  9.895559E-01
  9.895559E-01
  9.895559E-01
  9.895559E-01
  9.895559E-01
  9.895559E-01
  9.895558E-01
  9.895558E-01
  9.895558E-01
  9.895557E-01
  9.895557E-01
  9.895556E-01
  9.895556E-01
  9.895555E-01
  9.895555E-01
  9.895554E-01
  9.895554E-01
  9.895553E-01
  9.895552E-01
  9.895551E-01
  9.895550E-01
  9.895549E-01
  9.895548E-01
  9.895547E-01
  9.895546E-01
  9.895544E-01
  9.895543E-01
  9.895542E-01
  9.895541E-01
  9.895539E-01
  9.895538E-01
  9.895536E-01
  9.895535E-01
  9.895533E-01
  9.895531E-01
  9.895530E-01
  9.895528E-01
  9.895526E-01
  9.895524E-01
  9.895522E-01
  9.895520E-01
  9.895519E-01
  9.895517E-01
  9.895515E-01
  9.895513E-01
  9.895511E-01
  9.895509E-01
  9.895507E-01
  9.895506E-01
  9.895504E-01
  9.895502E-01
  9.895501E-01
  9.895499E-01
  9.895498E-01
  9.895497E-01
  9.895496E-01
  9.895495E-01
  9.895494E-01
  9.895493E-01
  9.895493E-01
  9.895492E-01
  9.895491E-01
  9.895491E-01
  9.895491E-01
  9.895490E-01
  9.895490E-01
  9.895490E-01
  9.895490E-01
  9.895490E-01
  9.895490E-01
  9.895490E-01
  9.895491E-01
  9.895491E-01
  9.895492E-01
  9.895493E-01
  9.895494E-01
  9.895495E-01
  9.895496E-01
  9.895497E-01
  9.895499E-01
  9.895501E-01
  9.895504E-01
  9.895506E-01
  9.895508E-01
  9.895511E-01
  9.895513E-01
  9.895516E-01
  9.895517E-01
  9.895518E-01
  9.895519E-01
  9.895520E-01
  9.895518E-01
  9.895517E-01
  9.895515E-01
  9.895511E-01
  9.895507E-01
  9.895502E-01
  9.895498E-01
  9.895494E-01
  9.895490E-01
  9.895490E-01
  9.895494E-01
  9.895501E-01
  9.895511E-01
  9.895525E-01
  9.895543E-01
  9.895565E-01
  9.895588E-01
  9.895615E-01
  9.895644E-01
  9.895670E-01
  9.895699E-01
  9.895723E-01
  9.895745E-01
  9.895766E-01
  9.895777E-01
  9.895788E-01
  9.895788E-01
  9.895785E-01
  9.895774E-01
  9.895759E-01
  9.895738E-01
  9.895713E-01
  9.895686E-01
  9.895656E-01
  9.895627E-01
  9.895598E-01
  9.895571E-01
  9.895547E-01
  9.895526E-01
  9.895509E-01
  9.895497E-01
  9.895491E-01
  9.895492E-01
  9.895501E-01
  9.895516E-01
  9.895538E-01
  9.895567E-01
  9.895603E-01
  9.895646E-01
  9.895697E-01
  9.895755E-01
  9.895819E-01
  9.895892E-01
  9.895971E-01
  9.896057E-01
  9.896151E-01
  9.896251E-01
  8.085359E-01
  1.205727E-05
 -2.288102E+02
 -2.287312E+02
 -2.286521E+02
 -2.285731E+02
 -2.284940E+02
 -2.284149E+02
 -2.283359E+02
 -2.282568E+02
 -2.281778E+02
 -2.278954E+02
 -2.276046E+02
 -2.273138E+02
 -2.270230E+02
 -2.267322E+02
 -2.264414E+02
 -2.261505E+02
 -2.257705E+02
 -2.252031E+02
 -2.246357E+02
 -2.240683E+02
 -2.235008E+02
 -2.229334E+02
 -2.223659E+02
 -2.217805E+02
 -2.209442E+02
 -2.201079E+02
 -2.192716E+02
 -2.184352E+02
 -2.175988E+02
 -2.167624E+02
 -2.158852E+02
 -2.148141E+02
 -2.137430E+02
 -2.126717E+02
 -2.116005E+02
 -2.105291E+02
 -2.094577E+02
 -2.082412E+02
 -2.069377E+02
 -2.056340E+02
 -2.043303E+02
 -2.030265E+02
 -2.017225E+02
 -2.003268E+02
 -1.987959E+02
 -1.972648E+02
 -1.957335E+02
 -1.942022E+02
 -1.926706E+02
 -1.910582E+02
 -1.893632E+02
 -1.876679E+02
 -1.859725E+02
 -1.842769E+02
 -1.825811E+02
 -1.808236E+02
 -1.790576E+02
 -1.772914E+02
 -1.755251E+02
 -1.737586E+02
 -1.719682E+02
 -1.701579E+02
 -1.683475E+02
 -1.665370E+02
 -1.647263E+02
 -1.628812E+02
 -1.609986E+02
 -1.591160E+02
 -1.572332E+02
 -1.553503E+02
 -1.533875E+02
 -1.513844E+02
 -1.493812E+02
 -1.473778E+02
 -1.453557E+02
 -1.431507E+02
 -1.409455E+02
 -1.387402E+02
 -1.365346E+02
 -1.342106E+02
 -1.318466E+02
 -1.294823E+02
 -1.271180E+02
 -1.248215E+02
 -1.225667E+02
 -1.203121E+02
 -1.180576E+02
 -1.160711E+02
 -1.141996E+02
 -1.123286E+02
 -1.104582E+02
 -1.091293E+02
 -1.078142E+02
 -1.064991E+02
 -1.055342E+02
 -1.050189E+02
 -1.045017E+02
 -1.040517E+02
 -1.044438E+02
 -1.048301E+02
 -1.052107E+02
 -1.060450E+02
 -1.069316E+02
 -1.078092E+02
 -1.085856E+02
 -1.093360E+02
 -1.100771E+02
 -1.102559E+02
 -1.104078E+02
 -1.103534E+02
 -1.096185E+02
 -1.088796E+02
 -1.074678E+02
 -1.056563E+02
 -1.036648E+02
 -1.007038E+02
 -9.774385E+01
 -9.387234E+01
 -8.978620E+01
 -8.510453E+01
 -7.998855E+01
 -7.450258E+01
 -6.858031E+01
 -6.242581E+01
 -5.598261E+01
 -4.935859E+01
 -4.257552E+01
 -3.560385E+01
 -2.855402E+01
 -2.124422E+01
 -1.381257E+01
 -6.166780E+00
  1.826842E+00
  1.010031E+01
  1.877893E+01
  2.816982E+01
  3.822496E+01
  4.913735E+01
  6.119121E+01
  7.496082E+01
  9.154157E+01
  1.123982E+02
  1.401515E+02
  1.790880E+02
  2.372358E+02
  3.124524E+02
  3.738811E+02
  4.764806E+02
  2.666057E+02
  1.795964E-03
  1.099562E+04
  1.099409E+04
  1.099257E+04
  1.099105E+04
  1.098953E+04
  1.098800E+04
  1.098648E+04
  1.098496E+04
  1.098344E+04
  1.097903E+04
  1.097451E+04
  1.096999E+04
  1.096547E+04
  1.096095E+04
  1.095642E+04
  1.095190E+04
  1.094651E+04
  1.093928E+04
  1.093206E+04
  1.092483E+04
  1.091761E+04
  1.091038E+04
  1.090316E+04
  1.089575E+04
  1.088578E+04
  1.087581E+04
  1.086584E+04
  1.085587E+04
  1.084589E+04
  1.083592E+04
  1.082543E+04
  1.081248E+04
  1.079952E+04
  1.078657E+04
  1.077361E+04
  1.076065E+04
  1.074770E+04
  1.073279E+04
  1.071672E+04
  1.070065E+04
  1.068457E+04
  1.066850E+04
  1.065243E+04
  1.063509E+04
  1.061589E+04
  1.059670E+04
  1.057750E+04
  1.055830E+04
  1.053911E+04
  1.051832E+04
  1.049591E+04
  1.047350E+04
  1.045109E+04
  1.042868E+04
  1.040627E+04
  1.038089E+04
  1.035510E+04
  1.032931E+04
  1.030353E+04
  1.027774E+04
  1.025007E+04
  1.022085E+04
  1.019163E+04
  1.016240E+04
  1.013318E+04
  1.010224E+04
  1.006941E+04
  1.003659E+04
  1.000377E+04
  9.970951E+03
  9.935504E+03
  9.898736E+03
  9.861969E+03
  9.825202E+03
  9.788052E+03
  9.747135E+03
  9.706218E+03
  9.665301E+03
  9.624386E+03
  9.580331E+03
  9.535220E+03
  9.490110E+03
  9.445002E+03
  9.397281E+03
  9.347967E+03
  9.298655E+03
  9.249345E+03
  9.197312E+03
  9.144116E+03
  9.090923E+03
  9.037733E+03
  8.981299E+03
  8.924791E+03
  8.868289E+03
  8.810430E+03
  8.750826E+03
  8.691237E+03
  8.631428E+03
  8.568758E+03
  8.506120E+03
  8.443511E+03
  8.378514E+03
  8.313240E+03
  8.248012E+03
  8.180405E+03
  8.112420E+03
  8.044491E+03
  7.973010E+03
  7.901461E+03
  7.828939E+03
  7.752983E+03
  7.677082E+03
  7.598141E+03
  7.517409E+03
  7.435926E+03
  7.350171E+03
  7.264455E+03
  7.174689E+03
  7.083987E+03
  6.990538E+03
  6.895092E+03
  6.797558E+03
  6.697564E+03
  6.595640E+03
  6.491322E+03
  6.384915E+03
  6.276691E+03
  6.165963E+03
  6.054260E+03
  5.939450E+03
  5.823630E+03
  5.705994E+03
  5.586324E+03
  5.465365E+03
  5.342745E+03
  5.217870E+03
  5.091282E+03
  4.962830E+03
  4.832549E+03
  4.701249E+03
  4.573729E+03
  4.460185E+03
  4.376930E+03
  4.351394E+03
  4.445709E+03
  4.583235E+03
  4.332827E+03
  4.627694E+03
  1.355553E+03
  7.492164E-03
  1.185699E+00
  1.328619E+00
  1.471540E+00
  1.614461E+00
  1.757382E+00
  1.900302E+00
  2.043223E+00
  2.186144E+00
  2.329065E+00
  2.659985E+00
  2.998681E+00
  3.337376E+00
  3.676072E+00
  4.014767E+00
  4.353463E+00
  4.692158E+00
  5.060157E+00
  5.489699E+00
  5.919241E+00
  6.348784E+00
  6.778326E+00
  7.207869E+00
  7.637411E+00
  8.074848E+00
  8.622712E+00
  9.170576E+00
  9.718441E+00
  1.026631E+01
  1.081417E+01
  1.136204E+01
  1.193482E+01
  1.262617E+01
  1.331751E+01
  1.400886E+01
  1.470021E+01
  1.539156E+01
  1.608291E+01
  1.685362E+01
  1.767190E+01
  1.849019E+01
  1.930848E+01
  2.012678E+01
  2.094509E+01
  2.174094E+01
  2.250369E+01
  2.326647E+01
  2.402925E+01
  2.479205E+01
  2.555486E+01
  2.611459E+01
  2.646662E+01
  2.681867E+01
  2.717074E+01
  2.752283E+01
  2.787494E+01
  2.789194E+01
  2.786323E+01
  2.783454E+01
  2.780587E+01
  2.777721E+01
  2.772296E+01
  2.764744E+01
  2.757192E+01
  2.749641E+01
  2.742092E+01
  2.736076E+01
  2.731725E+01
  2.727374E+01
  2.723023E+01
  2.718670E+01
  2.716189E+01
  2.714647E+01
  2.713102E+01
  2.711554E+01
  2.718168E+01
  2.804862E+01
  2.891554E+01
  2.978244E+01
  3.064931E+01
  3.444524E+01
  3.922705E+01
  4.400891E+01
  4.879083E+01
  5.754135E+01
  6.871317E+01
  7.988485E+01
  9.105640E+01
  1.066383E+02
  1.241068E+02
  1.415740E+02
  1.590400E+02
  1.819364E+02
  2.049651E+02
  2.279903E+02
  2.527847E+02
  2.798560E+02
  3.069201E+02
  3.337974E+02
  3.584664E+02
  3.831260E+02
  4.077767E+02
  4.230306E+02
  4.370228E+02
  4.510097E+02
  4.545850E+02
  4.562982E+02
  4.580124E+02
  4.503184E+02
  4.422999E+02
  4.327048E+02
  4.177605E+02
  4.028249E+02
  3.851090E+02
  3.657430E+02
  3.459949E+02
  3.241374E+02
  3.022881E+02
  2.794356E+02
  2.563498E+02
  2.327302E+02
  2.087210E+02
  1.844758E+02
  1.599509E+02
  1.357250E+02
  1.118676E+02
  8.885421E+01
  6.657381E+01
  4.572411E+01
  2.543339E+01
  7.234963E+00
 -1.021874E+01
 -2.633535E+01
 -4.088666E+01
 -5.445294E+01
 -6.675607E+01
 -7.746916E+01
 -8.706195E+01
 -9.542683E+01
 -1.024409E+02
 -1.078208E+02
 -1.111140E+02
 -1.118107E+02
 -1.087578E+02
 -1.005625E+02
 -8.702293E+01
 -6.876277E+01
 -4.474213E+01
 -6.614748E+01
  4.553128E+03
  1.069455E-01
