 Title= "ADflow Lift Distribution Data"
Variables = "eta" "CoordinateX" "CoordinateY" "CoordinateZ" "Lift" "Drag" "Moment" "Normalized Lift" "Normalized Drag" "Normalized Moment" "CL" "CD" "CM" "CLp" "CDp" "CMp" "CLv" "CDv" "CMv" "Elliptical" "thickness" "twist" "chord" "fx" "fy" "fz" 
Zone T= "LiftDist_01 allWalls: : z normal"
 I=          150
 DATAPACKING=BLOCK
  0.000000E+00
  6.711405E-03
  1.342281E-02
  2.013422E-02
  2.684563E-02
  3.355704E-02
  4.026845E-02
  4.697986E-02
  5.369127E-02
  6.040268E-02
  6.711409E-02
  7.382550E-02
  8.053691E-02
  8.724832E-02
  9.395973E-02
  1.006711E-01
  1.073825E-01
  1.140940E-01
  1.208054E-01
  1.275168E-01
  1.342282E-01
  1.409396E-01
  1.476510E-01
  1.543624E-01
  1.610738E-01
  1.677852E-01
  1.744966E-01
  1.812081E-01
  1.879195E-01
  1.946309E-01
  2.013423E-01
  2.080537E-01
  2.147651E-01
  2.214765E-01
  2.281879E-01
  2.348993E-01
  2.416107E-01
  2.483221E-01
  2.550336E-01
  2.617450E-01
  2.684564E-01
  2.751678E-01
  2.818792E-01
  2.885906E-01
  2.953020E-01
  3.020134E-01
  3.087248E-01
  3.154362E-01
  3.221476E-01
  3.288591E-01
  3.355705E-01
  3.422819E-01
  3.489933E-01
  3.557047E-01
  3.624161E-01
  3.691275E-01
  3.758389E-01
  3.825503E-01
  3.892617E-01
  3.959732E-01
  4.026846E-01
  4.093960E-01
  4.161074E-01
  4.228188E-01
  4.295302E-01
  4.362416E-01
  4.429530E-01
  4.496644E-01
  4.563758E-01
  4.630872E-01
  4.697987E-01
  4.765101E-01
  4.832215E-01
  4.899329E-01
  4.966443E-01
  5.033557E-01
  5.100671E-01
  5.167785E-01
  5.234899E-01
  5.302013E-01
  5.369128E-01
  5.436242E-01
  5.503356E-01
  5.570470E-01
  5.637584E-01
  5.704698E-01
  5.771812E-01
  5.838926E-01
  5.906040E-01
  5.973154E-01
  6.040268E-01
  6.107383E-01
  6.174497E-01
  6.241611E-01
  6.308725E-01
  6.375839E-01
  6.442953E-01
  6.510067E-01
  6.577181E-01
  6.644295E-01
  6.711409E-01
  6.778524E-01
  6.845638E-01
  6.912752E-01
  6.979866E-01
  7.046980E-01
  7.114094E-01
  7.181208E-01
  7.248322E-01
  7.315436E-01
  7.382550E-01
  7.449664E-01
  7.516779E-01
  7.583893E-01
  7.651007E-01
  7.718121E-01
  7.785235E-01
  7.852349E-01
  7.919463E-01
  7.986577E-01
  8.053691E-01
  8.120805E-01
  8.187919E-01
  8.255034E-01
  8.322148E-01
  8.389262E-01
  8.456376E-01
  8.523490E-01
  8.590604E-01
  8.657718E-01
  8.724832E-01
  8.791946E-01
  8.859060E-01
  8.926175E-01
  8.993289E-01
  9.060403E-01
  9.127517E-01
  9.194631E-01
  9.261745E-01
  9.328859E-01
  9.395973E-01
  9.463087E-01
  9.530201E-01
  9.597315E-01
  9.664430E-01
  9.731544E-01
  9.798658E-01
  9.865772E-01
  9.932886E-01
  1.000000E+00
  0.000000E+00
  0.000000E+00
  0.000000E+00
  0.000000E+00
  0.000000E+00
  0.000000E+00
  0.000000E+00
  0.000000E+00
  0.000000E+00
  0.000000E+00
  0.000000E+00
  0.000000E+00
  0.000000E+00
  0.000000E+00
  0.000000E+00
  0.000000E+00
  0.000000E+00
  0.000000E+00
  0.000000E+00
  0.000000E+00
  0.000000E+00
  0.000000E+00
  0.000000E+00
  0.000000E+00
  0.000000E+00
  0.000000E+00
  0.000000E+00
  0.000000E+00
  0.000000E+00
  0.000000E+00
  0.000000E+00
  0.000000E+00
  0.000000E+00
  0.000000E+00
  0.000000E+00
  0.000000E+00
  0.000000E+00
  0.000000E+00
  0.000000E+00
  0.000000E+00
  0.000000E+00
  0.000000E+00
  0.000000E+00
  0.000000E+00
  0.000000E+00
  0.000000E+00
  0.000000E+00
  0.000000E+00
  0.000000E+00
  0.000000E+00
  0.000000E+00
  0.000000E+00
  0.000000E+00
  0.000000E+00
  0.000000E+00
  0.000000E+00
  0.000000E+00
  0.000000E+00
  0.000000E+00
  0.000000E+00
  0.000000E+00
  0.000000E+00
  0.000000E+00
  0.000000E+00
  0.000000E+00
  0.000000E+00
  0.000000E+00
  0.000000E+00
  0.000000E+00
  0.000000E+00
  0.000000E+00
  0.000000E+00
  0.000000E+00
  0.000000E+00
  0.000000E+00
  0.000000E+00
  0.000000E+00
  0.000000E+00
  0.000000E+00
  0.000000E+00
  0.000000E+00
  0.000000E+00
  0.000000E+00
  0.000000E+00
  0.000000E+00
  0.000000E+00
  0.000000E+00
  0.000000E+00
  0.000000E+00
  0.000000E+00
  0.000000E+00
  0.000000E+00
  0.000000E+00
  0.000000E+00
  0.000000E+00
  0.000000E+00
  0.000000E+00
  0.000000E+00
  0.000000E+00
  0.000000E+00
  0.000000E+00
  0.000000E+00
  0.000000E+00
  0.000000E+00
  0.000000E+00
  0.000000E+00
  0.000000E+00
  0.000000E+00
  0.000000E+00
  0.000000E+00
  0.000000E+00
  0.000000E+00
  0.000000E+00
  0.000000E+00
  0.000000E+00
  0.000000E+00
  0.000000E+00
  0.000000E+00
  0.000000E+00
  0.000000E+00
  0.000000E+00
  0.000000E+00
  0.000000E+00
  0.000000E+00
  0.000000E+00
  0.000000E+00
  0.000000E+00
  0.000000E+00
  0.000000E+00
  0.000000E+00
  0.000000E+00
  0.000000E+00
  0.000000E+00
  0.000000E+00
  0.000000E+00
  0.000000E+00
  0.000000E+00
  0.000000E+00
  0.000000E+00
  0.000000E+00
  0.000000E+00
  0.000000E+00
  0.000000E+00
  0.000000E+00
  0.000000E+00
  0.000000E+00
  0.000000E+00
  0.000000E+00
  0.000000E+00
  0.000000E+00
  0.000000E+00
  0.000000E+00
  0.000000E+00
  0.000000E+00
  0.000000E+00
  0.000000E+00
  0.000000E+00
  0.000000E+00
  0.000000E+00
  0.000000E+00
  0.000000E+00
  0.000000E+00
  0.000000E+00
  0.000000E+00
  0.000000E+00
  0.000000E+00
  0.000000E+00
  0.000000E+00
  0.000000E+00
  0.000000E+00
  0.000000E+00
  0.000000E+00
  0.000000E+00
  0.000000E+00
  0.000000E+00
  0.000000E+00
  0.000000E+00
  0.000000E+00
  0.000000E+00
  0.000000E+00
  0.000000E+00
  0.000000E+00
  0.000000E+00
  0.000000E+00
  0.000000E+00
  0.000000E+00
  0.000000E+00
  0.000000E+00
  0.000000E+00
  0.000000E+00
  0.000000E+00
  0.000000E+00
  0.000000E+00
  0.000000E+00
  0.000000E+00
  0.000000E+00
  0.000000E+00
  0.000000E+00
  0.000000E+00
  0.000000E+00
  0.000000E+00
  0.000000E+00
  0.000000E+00
  0.000000E+00
  0.000000E+00
  0.000000E+00
  0.000000E+00
  0.000000E+00
  0.000000E+00
  0.000000E+00
  0.000000E+00
  0.000000E+00
  0.000000E+00
  0.000000E+00
  0.000000E+00
  0.000000E+00
  0.000000E+00
  0.000000E+00
  0.000000E+00
  0.000000E+00
  0.000000E+00
  0.000000E+00
  0.000000E+00
  0.000000E+00
  0.000000E+00
  0.000000E+00
  0.000000E+00
  0.000000E+00
  0.000000E+00
  0.000000E+00
  0.000000E+00
  0.000000E+00
  0.000000E+00
  0.000000E+00
  0.000000E+00
  0.000000E+00
  0.000000E+00
  0.000000E+00
  0.000000E+00
  0.000000E+00
  0.000000E+00
  0.000000E+00
  0.000000E+00
  0.000000E+00
  0.000000E+00
  0.000000E+00
  0.000000E+00
  0.000000E+00
  0.000000E+00
  0.000000E+00
  0.000000E+00
  0.000000E+00
  0.000000E+00
  0.000000E+00
  0.000000E+00
  0.000000E+00
  0.000000E+00
  0.000000E+00
  0.000000E+00
  0.000000E+00
  0.000000E+00
  0.000000E+00
  0.000000E+00
  0.000000E+00
  0.000000E+00
  0.000000E+00
  0.000000E+00
  0.000000E+00
  0.000000E+00
  0.000000E+00
  0.000000E+00
  0.000000E+00
  0.000000E+00
  0.000000E+00
  0.000000E+00
  0.000000E+00
  0.000000E+00
  0.000000E+00
  0.000000E+00
  0.000000E+00
  0.000000E+00
  0.000000E+00
  0.000000E+00
  0.000000E+00
  0.000000E+00
  0.000000E+00
  0.000000E+00
  0.000000E+00
  0.000000E+00
  0.000000E+00
  0.000000E+00
  0.000000E+00
  0.000000E+00
  0.000000E+00
  0.000000E+00
  0.000000E+00
  0.000000E+00
  0.000000E+00
  0.000000E+00
  0.000000E+00
  1.000000E-08
  1.691809E-02
  3.383618E-02
  5.075427E-02
  6.767237E-02
  8.459046E-02
  1.015085E-01
  1.184266E-01
  1.353447E-01
  1.522628E-01
  1.691809E-01
  1.860990E-01
  2.030171E-01
  2.199352E-01
  2.368533E-01
  2.537714E-01
  2.706895E-01
  2.876076E-01
  3.045256E-01
  3.214437E-01
  3.383618E-01
  3.552799E-01
  3.721980E-01
  3.891161E-01
  4.060342E-01
  4.229523E-01
  4.398704E-01
  4.567885E-01
  4.737066E-01
  4.906247E-01
  5.075427E-01
  5.244608E-01
  5.413789E-01
  5.582970E-01
  5.752151E-01
  5.921332E-01
  6.090513E-01
  6.259694E-01
  6.428875E-01
  6.598056E-01
  6.767237E-01
  6.936418E-01
  7.105598E-01
  7.274779E-01
  7.443960E-01
  7.613141E-01
  7.782322E-01
  7.951503E-01
  8.120684E-01
  8.289865E-01
  8.459046E-01
  8.628227E-01
  8.797408E-01
  8.966589E-01
  9.135769E-01
  9.304950E-01
  9.474131E-01
  9.643312E-01
  9.812493E-01
  9.981674E-01
  1.015085E+00
  1.032004E+00
  1.048922E+00
  1.065840E+00
  1.082758E+00
  1.099676E+00
  1.116594E+00
  1.133512E+00
  1.150430E+00
  1.167348E+00
  1.184266E+00
  1.201185E+00
  1.218103E+00
  1.235021E+00
  1.251939E+00
  1.268857E+00
  1.285775E+00
  1.302693E+00
  1.319611E+00
  1.336529E+00
  1.353447E+00
  1.370365E+00
  1.387284E+00
  1.404202E+00
  1.421120E+00
  1.438038E+00
  1.454956E+00
  1.471874E+00
  1.488792E+00
  1.505710E+00
  1.522628E+00
  1.539546E+00
  1.556464E+00
  1.573383E+00
  1.590301E+00
  1.607219E+00
  1.624137E+00
  1.641055E+00
  1.657973E+00
  1.674891E+00
  1.691809E+00
  1.708727E+00
  1.725645E+00
  1.742563E+00
  1.759482E+00
  1.776400E+00
  1.793318E+00
  1.810236E+00
  1.827154E+00
  1.844072E+00
  1.860990E+00
  1.877908E+00
  1.894826E+00
  1.911744E+00
  1.928662E+00
  1.945581E+00
  1.962499E+00
  1.979417E+00
  1.996335E+00
  2.013253E+00
  2.030171E+00
  2.047089E+00
  2.064007E+00
  2.080925E+00
  2.097843E+00
  2.114761E+00
  2.131680E+00
  2.148598E+00
  2.165516E+00
  2.182434E+00
  2.199352E+00
  2.216270E+00
  2.233188E+00
  2.250106E+00
  2.267024E+00
  2.283942E+00
  2.300860E+00
  2.317779E+00
  2.334697E+00
  2.351615E+00
  2.368533E+00
  2.385451E+00
  2.402369E+00
  2.419287E+00
  2.436205E+00
  2.453123E+00
  2.470041E+00
  2.486959E+00
  2.503878E+00
  2.520796E+00
  1.099212E+04
  1.099059E+04
  1.098905E+04
  1.098751E+04
  1.098598E+04
  1.098444E+04
  1.098291E+04
  1.098137E+04
  1.097984E+04
  1.097539E+04
  1.097082E+04
  1.096625E+04
  1.096168E+04
  1.095711E+04
  1.095255E+04
  1.094798E+04
  1.094252E+04
  1.093521E+04
  1.092790E+04
  1.092058E+04
  1.091327E+04
  1.090595E+04
  1.089864E+04
  1.089114E+04
  1.088102E+04
  1.087090E+04
  1.086078E+04
  1.085066E+04
  1.084053E+04
  1.083041E+04
  1.081976E+04
  1.080656E+04
  1.079336E+04
  1.078016E+04
  1.076696E+04
  1.075376E+04
  1.074056E+04
  1.072531E+04
  1.070882E+04
  1.069234E+04
  1.067585E+04
  1.065937E+04
  1.064289E+04
  1.062503E+04
  1.060517E+04
  1.058530E+04
  1.056543E+04
  1.054556E+04
  1.052570E+04
  1.050410E+04
  1.048075E+04
  1.045739E+04
  1.043403E+04
  1.041068E+04
  1.038732E+04
  1.036079E+04
  1.033383E+04
  1.030688E+04
  1.027992E+04
  1.025296E+04
  1.022405E+04
  1.019350E+04
  1.016296E+04
  1.013241E+04
  1.010187E+04
  1.006962E+04
  1.003551E+04
  1.000140E+04
  9.967289E+03
  9.933182E+03
  9.896647E+03
  9.858892E+03
  9.821138E+03
  9.783386E+03
  9.745294E+03
  9.703858E+03
  9.662422E+03
  9.620988E+03
  9.579556E+03
  9.535391E+03
  9.490308E+03
  9.445226E+03
  9.400145E+03
  9.352830E+03
  9.304152E+03
  9.255475E+03
  9.206800E+03
  9.155767E+03
  9.103728E+03
  9.051691E+03
  8.999658E+03
  8.944677E+03
  8.889630E+03
  8.834590E+03
  8.778257E+03
  8.720263E+03
  8.662285E+03
  8.604086E+03
  8.543048E+03
  8.482039E+03
  8.421058E+03
  8.357530E+03
  8.293702E+03
  8.229916E+03
  8.163507E+03
  8.096672E+03
  8.029889E+03
  7.959323E+03
  7.888677E+03
  7.817018E+03
  7.741802E+03
  7.666636E+03
  7.588367E+03
  7.508269E+03
  7.427410E+03
  7.342240E+03
  7.257108E+03
  7.167919E+03
  7.077791E+03
  6.984921E+03
  6.890055E+03
  6.793104E+03
  6.693692E+03
  6.592334E+03
  6.488560E+03
  6.382653E+03
  6.274890E+03
  6.164547E+03
  6.053199E+03
  5.938633E+03
  5.823015E+03
  5.705508E+03
  5.585873E+03
  5.464888E+03
  5.342158E+03
  5.217063E+03
  5.090173E+03
  4.961332E+03
  4.830567E+03
  4.698684E+03
  4.570468E+03
  4.456092E+03
  4.371812E+03
  4.344908E+03
  4.437021E+03
  4.571258E+03
  4.317196E+03
  4.601229E+03
  1.332079E+03
  7.381480E-03
  5.990354E+02
  5.989899E+02
  5.989444E+02
  5.988990E+02
  5.988535E+02
  5.988080E+02
  5.987625E+02
  5.987170E+02
  5.986716E+02
  5.985912E+02
  5.985094E+02
  5.984276E+02
  5.983458E+02
  5.982640E+02
  5.981822E+02
  5.981004E+02
  5.980336E+02
  5.979985E+02
  5.979635E+02
  5.979284E+02
  5.978934E+02
  5.978583E+02
  5.978233E+02
  5.977902E+02
  5.977848E+02
  5.977795E+02
  5.977741E+02
  5.977688E+02
  5.977635E+02
  5.977582E+02
  5.977483E+02
  5.977162E+02
  5.976841E+02
  5.976521E+02
  5.976201E+02
  5.975882E+02
  5.975563E+02
  5.975011E+02
  5.974319E+02
  5.973628E+02
  5.972939E+02
  5.972250E+02
  5.971563E+02
  5.970786E+02
  5.969878E+02
  5.968972E+02
  5.968067E+02
  5.967165E+02
  5.966265E+02
  5.965167E+02
  5.963867E+02
  5.962570E+02
  5.961276E+02
  5.959985E+02
  5.958697E+02
  5.956614E+02
  5.954426E+02
  5.952241E+02
  5.950060E+02
  5.947883E+02
  5.945088E+02
  5.941780E+02
  5.938477E+02
  5.935178E+02
  5.931883E+02
  5.927947E+02
  5.923315E+02
  5.918687E+02
  5.914064E+02
  5.909445E+02
  5.903662E+02
  5.897296E+02
  5.890935E+02
  5.884578E+02
  5.878046E+02
  5.869767E+02
  5.861491E+02
  5.853219E+02
  5.844950E+02
  5.834611E+02
  5.823577E+02
  5.812545E+02
  5.801515E+02
  5.787498E+02
  5.771656E+02
  5.755812E+02
  5.739967E+02
  5.719669E+02
  5.697463E+02
  5.675254E+02
  5.653041E+02
  5.623967E+02
  5.594723E+02
  5.565482E+02
  5.532439E+02
  5.494515E+02
  5.456615E+02
  5.418019E+02
  5.370641E+02
  5.323330E+02
  5.276084E+02
  5.223574E+02
  5.170453E+02
  5.117435E+02
  5.063707E+02
  5.009948E+02
  4.956300E+02
  4.904983E+02
  4.853843E+02
  4.803788E+02
  4.757164E+02
  4.710610E+02
  4.667753E+02
  4.627102E+02
  4.587500E+02
  4.553392E+02
  4.519301E+02
  4.490414E+02
  4.462760E+02
  4.438512E+02
  4.416746E+02
  4.396906E+02
  4.379334E+02
  4.362581E+02
  4.346849E+02
  4.331386E+02
  4.316170E+02
  4.301080E+02
  4.286068E+02
  4.271565E+02
  4.257603E+02
  4.244590E+02
  4.233749E+02
  4.224878E+02
  4.219001E+02
  4.218807E+02
  4.224151E+02
  4.236880E+02
  4.259899E+02
  4.299648E+02
  4.370849E+02
  4.496016E+02
  4.713989E+02
  5.088720E+02
  5.747568E+02
  6.610347E+02
  7.040253E+02
  8.286296E+02
  3.698933E+02
  2.366268E-03
  2.004015E+03
  2.003662E+03
  2.003308E+03
  2.002955E+03
  2.002601E+03
  2.002248E+03
  2.001894E+03
  2.001540E+03
  2.001187E+03
  2.000189E+03
  1.999165E+03
  1.998141E+03
  1.997117E+03
  1.996093E+03
  1.995069E+03
  1.994044E+03
  1.992828E+03
  1.991206E+03
  1.989584E+03
  1.987963E+03
  1.986341E+03
  1.984720E+03
  1.983098E+03
  1.981430E+03
  1.979108E+03
  1.976787E+03
  1.974465E+03
  1.972144E+03
  1.969823E+03
  1.967501E+03
  1.965026E+03
  1.961821E+03
  1.958615E+03
  1.955410E+03
  1.952205E+03
  1.948999E+03
  1.945794E+03
  1.941950E+03
  1.937724E+03
  1.933498E+03
  1.929272E+03
  1.925046E+03
  1.920820E+03
  1.916157E+03
  1.910849E+03
  1.905542E+03
  1.900235E+03
  1.894928E+03
  1.889621E+03
  1.883779E+03
  1.877389E+03
  1.871000E+03
  1.864611E+03
  1.858222E+03
  1.851833E+03
  1.844562E+03
  1.837170E+03
  1.829778E+03
  1.822386E+03
  1.814995E+03
  1.807149E+03
  1.798926E+03
  1.790702E+03
  1.782480E+03
  1.774257E+03
  1.765726E+03
  1.756825E+03
  1.747924E+03
  1.739023E+03
  1.730122E+03
  1.720880E+03
  1.711467E+03
  1.702054E+03
  1.692640E+03
  1.683210E+03
  1.673614E+03
  1.664017E+03
  1.654421E+03
  1.644824E+03
  1.635285E+03
  1.625765E+03
  1.616245E+03
  1.606725E+03
  1.597251E+03
  1.587804E+03
  1.578357E+03
  1.568910E+03
  1.559590E+03
  1.550325E+03
  1.541061E+03
  1.531797E+03
  1.522972E+03
  1.514159E+03
  1.505349E+03
  1.496679E+03
  1.488191E+03
  1.479707E+03
  1.471212E+03
  1.462528E+03
  1.453854E+03
  1.445191E+03
  1.436056E+03
  1.426886E+03
  1.417732E+03
  1.407857E+03
  1.397871E+03
  1.387904E+03
  1.376473E+03
  1.365010E+03
  1.353086E+03
  1.339545E+03
  1.326024E+03
  1.311042E+03
  1.295195E+03
  1.278993E+03
  1.260797E+03
  1.242612E+03
  1.222611E+03
  1.202185E+03
  1.180652E+03
  1.158313E+03
  1.135341E+03
  1.111625E+03
  1.087546E+03
  1.063018E+03
  1.038339E+03
  1.013529E+03
  9.888883E+02
  9.643159E+02
  9.404900E+02
  9.171157E+02
  8.945540E+02
  8.733505E+02
  8.531566E+02
  8.343893E+02
  8.177867E+02
  8.029216E+02
  7.901445E+02
  7.799988E+02
  7.738808E+02
  7.755304E+02
  7.913307E+02
  8.325964E+02
  9.162416E+02
  1.069079E+03
  1.258442E+03
  1.310167E+03
  1.411894E+03
 -4.650462E+00
  2.296495E-08
  1.234166E+00
  1.233993E+00
  1.233821E+00
  1.233648E+00
  1.233476E+00
  1.233304E+00
  1.233131E+00
  1.232959E+00
  1.232786E+00
  1.232287E+00
  1.231774E+00
  1.231261E+00
  1.230748E+00
  1.230235E+00
  1.229722E+00
  1.229209E+00
  1.228597E+00
  1.227776E+00
  1.226955E+00
  1.226133E+00
  1.225312E+00
  1.224491E+00
  1.223670E+00
  1.222828E+00
  1.221691E+00
  1.220555E+00
  1.219419E+00
  1.218282E+00
  1.217146E+00
  1.216010E+00
  1.214813E+00
  1.213331E+00
  1.211849E+00
  1.210367E+00
  1.208885E+00
  1.207403E+00
  1.205921E+00
  1.204209E+00
  1.202358E+00
  1.200507E+00
  1.198656E+00
  1.196805E+00
  1.194954E+00
  1.192950E+00
  1.190719E+00
  1.188488E+00
  1.186258E+00
  1.184027E+00
  1.181797E+00
  1.179372E+00
  1.176750E+00
  1.174127E+00
  1.171505E+00
  1.168883E+00
  1.166260E+00
  1.163282E+00
  1.160255E+00
  1.157228E+00
  1.154201E+00
  1.151175E+00
  1.147928E+00
  1.144499E+00
  1.141069E+00
  1.137640E+00
  1.134211E+00
  1.130590E+00
  1.126760E+00
  1.122930E+00
  1.119100E+00
  1.115271E+00
  1.111169E+00
  1.106930E+00
  1.102691E+00
  1.098452E+00
  1.094175E+00
  1.089523E+00
  1.084871E+00
  1.080219E+00
  1.075567E+00
  1.070608E+00
  1.065546E+00
  1.060484E+00
  1.055423E+00
  1.050110E+00
  1.044645E+00
  1.039180E+00
  1.033715E+00
  1.027985E+00
  1.022142E+00
  1.016299E+00
  1.010457E+00
  1.004284E+00
  9.981036E-01
  9.919238E-01
  9.855989E-01
  9.790875E-01
  9.725778E-01
  9.660435E-01
  9.591903E-01
  9.523403E-01
  9.454935E-01
  9.383609E-01
  9.311943E-01
  9.240326E-01
  9.165764E-01
  9.090724E-01
  9.015742E-01
  8.936512E-01
  8.857193E-01
  8.776735E-01
  8.692285E-01
  8.607891E-01
  8.520013E-01
  8.430080E-01
  8.339294E-01
  8.243668E-01
  8.148084E-01
  8.047945E-01
  7.946752E-01
  7.842479E-01
  7.735967E-01
  7.627113E-01
  7.515496E-01
  7.401694E-01
  7.285180E-01
  7.166269E-01
  7.045276E-01
  6.921386E-01
  6.796368E-01
  6.667736E-01
  6.537924E-01
  6.405990E-01
  6.271667E-01
  6.135828E-01
  5.998030E-01
  5.857577E-01
  5.715108E-01
  5.570449E-01
  5.423630E-01
  5.275556E-01
  5.131598E-01
  5.003180E-01
  4.908552E-01
  4.878345E-01
  4.981767E-01
  5.132484E-01
  4.847231E-01
  5.166135E-01
  1.495622E-01
  8.287725E-07
  1.090884E+00
  1.090801E+00
  1.090718E+00
  1.090635E+00
  1.090553E+00
  1.090470E+00
  1.090387E+00
  1.090304E+00
  1.090221E+00
  1.090075E+00
  1.089926E+00
  1.089777E+00
  1.089628E+00
  1.089479E+00
  1.089330E+00
  1.089181E+00
  1.089060E+00
  1.088996E+00
  1.088932E+00
  1.088868E+00
  1.088804E+00
  1.088740E+00
  1.088676E+00
  1.088616E+00
  1.088606E+00
  1.088597E+00
  1.088587E+00
  1.088577E+00
  1.088568E+00
  1.088558E+00
  1.088540E+00
  1.088481E+00
  1.088423E+00
  1.088365E+00
  1.088306E+00
  1.088248E+00
  1.088190E+00
  1.088090E+00
  1.087964E+00
  1.087838E+00
  1.087712E+00
  1.087587E+00
  1.087462E+00
  1.087320E+00
  1.087155E+00
  1.086990E+00
  1.086825E+00
  1.086661E+00
  1.086497E+00
  1.086297E+00
  1.086060E+00
  1.085824E+00
  1.085589E+00
  1.085353E+00
  1.085119E+00
  1.084740E+00
  1.084341E+00
  1.083943E+00
  1.083546E+00
  1.083150E+00
  1.082641E+00
  1.082038E+00
  1.081437E+00
  1.080836E+00
  1.080236E+00
  1.079519E+00
  1.078676E+00
  1.077833E+00
  1.076991E+00
  1.076150E+00
  1.075097E+00
  1.073937E+00
  1.072779E+00
  1.071621E+00
  1.070432E+00
  1.068924E+00
  1.067417E+00
  1.065911E+00
  1.064405E+00
  1.062522E+00
  1.060513E+00
  1.058504E+00
  1.056495E+00
  1.053942E+00
  1.051057E+00
  1.048172E+00
  1.045287E+00
  1.041590E+00
  1.037546E+00
  1.033502E+00
  1.029457E+00
  1.024162E+00
  1.018837E+00
  1.013512E+00
  1.007494E+00
  1.000588E+00
  9.936864E-01
  9.866577E-01
  9.780300E-01
  9.694143E-01
  9.608105E-01
  9.512480E-01
  9.415744E-01
  9.319193E-01
  9.221352E-01
  9.123453E-01
  9.025756E-01
  8.932305E-01
  8.839175E-01
  8.748021E-01
  8.663117E-01
  8.578339E-01
  8.500293E-01
  8.426265E-01
  8.354146E-01
  8.292034E-01
  8.229952E-01
  8.177346E-01
  8.126986E-01
  8.082829E-01
  8.043191E-01
  8.007061E-01
  7.975061E-01
  7.944554E-01
  7.915904E-01
  7.887746E-01
  7.860036E-01
  7.832556E-01
  7.805218E-01
  7.778808E-01
  7.753382E-01
  7.729684E-01
  7.709943E-01
  7.693787E-01
  7.683085E-01
  7.682733E-01
  7.692464E-01
  7.715644E-01
  7.757563E-01
  7.829949E-01
  7.959610E-01
  8.187549E-01
  8.584492E-01
  9.266902E-01
  1.046671E+00
  1.203789E+00
  1.282078E+00
  1.508990E+00
  6.736006E-01
  4.309134E-06
  1.271202E+00
  1.270978E+00
  1.270754E+00
  1.270529E+00
  1.270305E+00
  1.270081E+00
  1.269857E+00
  1.269632E+00
  1.269408E+00
  1.268775E+00
  1.268126E+00
  1.267476E+00
  1.266826E+00
  1.266177E+00
  1.265527E+00
  1.264877E+00
  1.264105E+00
  1.263077E+00
  1.262048E+00
  1.261020E+00
  1.259991E+00
  1.258962E+00
  1.257934E+00
  1.256876E+00
  1.255403E+00
  1.253930E+00
  1.252458E+00
  1.250985E+00
  1.249513E+00
  1.248040E+00
  1.246470E+00
  1.244437E+00
  1.242404E+00
  1.240371E+00
  1.238337E+00
  1.236304E+00
  1.234271E+00
  1.231833E+00
  1.229152E+00
  1.226471E+00
  1.223790E+00
  1.221110E+00
  1.218429E+00
  1.215471E+00
  1.212104E+00
  1.208738E+00
  1.205371E+00
  1.202005E+00
  1.198639E+00
  1.194933E+00
  1.190880E+00
  1.186827E+00
  1.182774E+00
  1.178722E+00
  1.174669E+00
  1.170056E+00
  1.165367E+00
  1.160679E+00
  1.155990E+00
  1.151301E+00
  1.146324E+00
  1.141108E+00
  1.135892E+00
  1.130676E+00
  1.125460E+00
  1.120049E+00
  1.114403E+00
  1.108756E+00
  1.103110E+00
  1.097464E+00
  1.091602E+00
  1.085631E+00
  1.079659E+00
  1.073688E+00
  1.067707E+00
  1.061619E+00
  1.055532E+00
  1.049445E+00
  1.043357E+00
  1.037306E+00
  1.031268E+00
  1.025229E+00
  1.019190E+00
  1.013180E+00
  1.007188E+00
  1.001195E+00
  9.952030E-01
  9.892912E-01
  9.834141E-01
  9.775373E-01
  9.716608E-01
  9.660629E-01
  9.604731E-01
  9.548844E-01
  9.493846E-01
  9.440004E-01
  9.386191E-01
  9.332304E-01
  9.277220E-01
  9.222199E-01
  9.167242E-01
  9.109300E-01
  9.051131E-01
  8.993065E-01
  8.930426E-01
  8.867079E-01
  8.803859E-01
  8.731346E-01
  8.658637E-01
  8.582996E-01
  8.497105E-01
  8.411336E-01
  8.316300E-01
  8.215780E-01
  8.113006E-01
  7.997584E-01
  7.882234E-01
  7.755362E-01
  7.625791E-01
  7.489204E-01
  7.347499E-01
  7.201784E-01
  7.051342E-01
  6.898603E-01
  6.743016E-01
  6.586470E-01
  6.429097E-01
  6.272791E-01
  6.116921E-01
  5.965788E-01
  5.817518E-01
  5.674403E-01
  5.539903E-01
  5.411808E-01
  5.292762E-01
  5.187447E-01
  5.093153E-01
  5.012104E-01
  4.947747E-01
  4.908940E-01
  4.919403E-01
  5.019629E-01
  5.281389E-01
  5.811973E-01
  6.781463E-01
  7.982646E-01
  8.310752E-01
  8.956034E-01
 -2.949916E-03
  1.456730E-11
  9.733592E-01
  9.732232E-01
  9.730872E-01
  9.729512E-01
  9.728152E-01
  9.726792E-01
  9.725433E-01
  9.724073E-01
  9.722713E-01
  9.718775E-01
  9.714730E-01
  9.710685E-01
  9.706640E-01
  9.702595E-01
  9.698550E-01
  9.694506E-01
  9.689677E-01
  9.683201E-01
  9.676725E-01
  9.670249E-01
  9.663774E-01
  9.657298E-01
  9.650822E-01
  9.644181E-01
  9.635219E-01
  9.626258E-01
  9.617297E-01
  9.608336E-01
  9.599375E-01
  9.590414E-01
  9.580980E-01
  9.569293E-01
  9.557606E-01
  9.545920E-01
  9.534233E-01
  9.522547E-01
  9.510861E-01
  9.497355E-01
  9.482759E-01
  9.468163E-01
  9.453567E-01
  9.438972E-01
  9.424377E-01
  9.408570E-01
  9.390978E-01
  9.373387E-01
  9.355796E-01
  9.338206E-01
  9.320616E-01
  9.301497E-01
  9.280815E-01
  9.260133E-01
  9.239452E-01
  9.218772E-01
  9.198093E-01
  9.174604E-01
  9.150732E-01
  9.126861E-01
  9.102991E-01
  9.079123E-01
  9.053517E-01
  9.026469E-01
  8.999423E-01
  8.972377E-01
  8.945333E-01
  8.916774E-01
  8.886567E-01
  8.856361E-01
  8.826157E-01
  8.795954E-01
  8.763600E-01
  8.730167E-01
  8.696734E-01
  8.663303E-01
  8.629571E-01
  8.592877E-01
  8.556183E-01
  8.519491E-01
  8.482800E-01
  8.443689E-01
  8.403765E-01
  8.363842E-01
  8.323920E-01
  8.282019E-01
  8.238912E-01
  8.195807E-01
  8.152702E-01
  8.107511E-01
  8.061430E-01
  8.015351E-01
  7.969274E-01
  7.920591E-01
  7.871849E-01
  7.823112E-01
  7.773232E-01
  7.721883E-01
  7.670546E-01
  7.619015E-01
  7.564970E-01
  7.510948E-01
  7.456951E-01
  7.400695E-01
  7.344171E-01
  7.287682E-01
  7.228867E-01
  7.169674E-01
  7.110523E-01
  7.048023E-01
  6.985449E-01
  6.921977E-01
  6.855357E-01
  6.788781E-01
  6.719460E-01
  6.648520E-01
  6.576908E-01
  6.501484E-01
  6.426094E-01
  6.347117E-01
  6.267311E-01
  6.185081E-01
  6.101087E-01
  6.015247E-01
  5.927232E-01
  5.837493E-01
  5.745617E-01
  5.651850E-01
  5.556440E-01
  5.458744E-01
  5.360156E-01
  5.258717E-01
  5.156344E-01
  5.052295E-01
  4.946360E-01
  4.839224E-01
  4.730541E-01
  4.619762E-01
  4.507389E-01
  4.393287E-01
  4.277479E-01
  4.160679E-01
  4.047123E-01
  3.945822E-01
  3.871168E-01
  3.847318E-01
  3.928851E-01
  4.047678E-01
  3.822681E-01
  4.074137E-01
  1.443654E-01
  5.364431E-02
  5.304495E-02
  5.304093E-02
  5.303690E-02
  5.303287E-02
  5.302885E-02
  5.302482E-02
  5.302079E-02
  5.301677E-02
  5.301274E-02
  5.300563E-02
  5.299838E-02
  5.299114E-02
  5.298390E-02
  5.297666E-02
  5.296942E-02
  5.296218E-02
  5.295627E-02
  5.295317E-02
  5.295007E-02
  5.294697E-02
  5.294387E-02
  5.294077E-02
  5.293767E-02
  5.293475E-02
  5.293427E-02
  5.293380E-02
  5.293334E-02
  5.293287E-02
  5.293241E-02
  5.293195E-02
  5.293107E-02
  5.292824E-02
  5.292540E-02
  5.292258E-02
  5.291975E-02
  5.291694E-02
  5.291412E-02
  5.290924E-02
  5.290313E-02
  5.289702E-02
  5.289092E-02
  5.288484E-02
  5.287876E-02
  5.287189E-02
  5.286386E-02
  5.285584E-02
  5.284785E-02
  5.283987E-02
  5.283190E-02
  5.282219E-02
  5.281069E-02
  5.279922E-02
  5.278777E-02
  5.277634E-02
  5.276495E-02
  5.274651E-02
  5.272714E-02
  5.270780E-02
  5.268850E-02
  5.266922E-02
  5.264447E-02
  5.261519E-02
  5.258594E-02
  5.255673E-02
  5.252755E-02
  5.249270E-02
  5.245168E-02
  5.241070E-02
  5.236976E-02
  5.232885E-02
  5.227764E-02
  5.222127E-02
  5.216493E-02
  5.210863E-02
  5.205078E-02
  5.197745E-02
  5.190416E-02
  5.183089E-02
  5.175766E-02
  5.166610E-02
  5.156838E-02
  5.147067E-02
  5.137298E-02
  5.124884E-02
  5.110855E-02
  5.096824E-02
  5.082791E-02
  5.064817E-02
  5.045153E-02
  5.025486E-02
  5.005817E-02
  4.980072E-02
  4.954178E-02
  4.928287E-02
  4.899029E-02
  4.865450E-02
  4.831892E-02
  4.797717E-02
  4.755766E-02
  4.713874E-02
  4.672038E-02
  4.625539E-02
  4.578498E-02
  4.531545E-02
  4.483963E-02
  4.436353E-02
  4.388838E-02
  4.343388E-02
  4.298093E-02
  4.253759E-02
  4.212464E-02
  4.171230E-02
  4.133271E-02
  4.097267E-02
  4.062192E-02
  4.031986E-02
  4.001794E-02
  3.976214E-02
  3.951728E-02
  3.930260E-02
  3.910992E-02
  3.893430E-02
  3.877878E-02
  3.863053E-02
  3.849132E-02
  3.835450E-02
  3.821986E-02
  3.808632E-02
  3.795347E-02
  3.782512E-02
  3.770154E-02
  3.758635E-02
  3.749037E-02
  3.741181E-02
  3.735973E-02
  3.735796E-02
  3.740520E-02
  3.751781E-02
  3.772151E-02
  3.807333E-02
  3.870362E-02
  3.981174E-02
  4.174160E-02
  4.505946E-02
  5.089301E-02
  5.853215E-02
  6.233823E-02
  7.337064E-02
  4.008757E-02
  1.719667E-02
  1.774568E-01
  1.774255E-01
  1.773942E-01
  1.773629E-01
  1.773316E-01
  1.773003E-01
  1.772690E-01
  1.772377E-01
  1.772064E-01
  1.771180E-01
  1.770273E-01
  1.769367E-01
  1.768460E-01
  1.767553E-01
  1.766646E-01
  1.765739E-01
  1.764662E-01
  1.763226E-01
  1.761790E-01
  1.760355E-01
  1.758919E-01
  1.757483E-01
  1.756047E-01
  1.754570E-01
  1.752515E-01
  1.750459E-01
  1.748404E-01
  1.746348E-01
  1.744293E-01
  1.742237E-01
  1.740046E-01
  1.737208E-01
  1.734370E-01
  1.731532E-01
  1.728693E-01
  1.725855E-01
  1.723017E-01
  1.719614E-01
  1.715872E-01
  1.712130E-01
  1.708388E-01
  1.704646E-01
  1.700904E-01
  1.696775E-01
  1.692076E-01
  1.687377E-01
  1.682677E-01
  1.677978E-01
  1.673279E-01
  1.668106E-01
  1.662449E-01
  1.656791E-01
  1.651134E-01
  1.645477E-01
  1.639820E-01
  1.633381E-01
  1.626835E-01
  1.620290E-01
  1.613745E-01
  1.607200E-01
  1.600252E-01
  1.592971E-01
  1.585689E-01
  1.578408E-01
  1.571127E-01
  1.563573E-01
  1.555690E-01
  1.547808E-01
  1.539926E-01
  1.532044E-01
  1.523860E-01
  1.515524E-01
  1.507189E-01
  1.498853E-01
  1.490502E-01
  1.482004E-01
  1.473506E-01
  1.465008E-01
  1.456509E-01
  1.448062E-01
  1.439632E-01
  1.431201E-01
  1.422771E-01
  1.414381E-01
  1.406015E-01
  1.397649E-01
  1.389284E-01
  1.381031E-01
  1.372826E-01
  1.364622E-01
  1.356419E-01
  1.348605E-01
  1.340802E-01
  1.333001E-01
  1.325324E-01
  1.317808E-01
  1.310297E-01
  1.302775E-01
  1.295086E-01
  1.287406E-01
  1.279734E-01
  1.271645E-01
  1.263524E-01
  1.255417E-01
  1.246672E-01
  1.237827E-01
  1.228999E-01
  1.218874E-01
  1.208721E-01
  1.198159E-01
  1.186166E-01
  1.174190E-01
  1.160921E-01
  1.146886E-01
  1.132537E-01
  1.116424E-01
  1.100320E-01
  1.082610E-01
  1.064523E-01
  1.045457E-01
  1.025677E-01
  1.005337E-01
  9.843383E-02
  9.630188E-02
  9.413017E-02
  9.194509E-02
  8.974843E-02
  8.756666E-02
  8.539094E-02
  8.328130E-02
  8.121160E-02
  7.921382E-02
  7.733626E-02
  7.554805E-02
  7.388612E-02
  7.241583E-02
  7.109936E-02
  6.996773E-02
  6.906908E-02
  6.852705E-02
  6.867278E-02
  7.007149E-02
  7.372505E-02
  8.113112E-02
  9.466377E-02
  1.114304E-01
  1.160093E-01
  1.250155E-01
 -5.039987E-04
  1.668960E-07
  9.735515E-01
  9.734155E-01
  9.732795E-01
  9.731435E-01
  9.730075E-01
  9.728715E-01
  9.727356E-01
  9.725996E-01
  9.724636E-01
  9.720698E-01
  9.716654E-01
  9.712609E-01
  9.708565E-01
  9.704520E-01
  9.700476E-01
  9.696431E-01
  9.691603E-01
  9.685128E-01
  9.678654E-01
  9.672179E-01
  9.665704E-01
  9.659230E-01
  9.652755E-01
  9.646115E-01
  9.637156E-01
  9.628196E-01
  9.619237E-01
  9.610278E-01
  9.601319E-01
  9.592360E-01
  9.582928E-01
  9.571244E-01
  9.559560E-01
  9.547877E-01
  9.536193E-01
  9.524510E-01
  9.512826E-01
  9.499324E-01
  9.484732E-01
  9.470140E-01
  9.455549E-01
  9.440957E-01
  9.426366E-01
  9.410564E-01
  9.392977E-01
  9.375391E-01
  9.357805E-01
  9.340220E-01
  9.322635E-01
  9.303522E-01
  9.282846E-01
  9.262171E-01
  9.241496E-01
  9.220823E-01
  9.200150E-01
  9.176667E-01
  9.152803E-01
  9.128939E-01
  9.105077E-01
  9.081215E-01
  9.055617E-01
  9.028577E-01
  9.001539E-01
  8.974501E-01
  8.947465E-01
  8.918914E-01
  8.888715E-01
  8.858518E-01
  8.828322E-01
  8.798128E-01
  8.765783E-01
  8.732359E-01
  8.698935E-01
  8.665513E-01
  8.631790E-01
  8.595105E-01
  8.558422E-01
  8.521739E-01
  8.485057E-01
  8.445957E-01
  8.406043E-01
  8.366131E-01
  8.326219E-01
  8.284329E-01
  8.241234E-01
  8.198140E-01
  8.155048E-01
  8.109870E-01
  8.063802E-01
  8.017737E-01
  7.971675E-01
  7.923008E-01
  7.874281E-01
  7.825561E-01
  7.775698E-01
  7.724368E-01
  7.673049E-01
  7.621536E-01
  7.567511E-01
  7.513510E-01
  7.459533E-01
  7.403300E-01
  7.346797E-01
  7.290331E-01
  7.231540E-01
  7.172371E-01
  7.113245E-01
  7.050771E-01
  6.988224E-01
  6.924780E-01
  6.858189E-01
  6.791642E-01
  6.722351E-01
  6.651443E-01
  6.579863E-01
  6.504474E-01
  6.429117E-01
  6.350177E-01
  6.270408E-01
  6.188216E-01
  6.104262E-01
  6.018463E-01
  5.930489E-01
  5.840792E-01
  5.748957E-01
  5.655231E-01
  5.559862E-01
  5.462207E-01
  5.363661E-01
  5.262263E-01
  5.159934E-01
  5.055931E-01
  4.950049E-01
  4.842972E-01
  4.734360E-01
  4.623673E-01
  4.511417E-01
  4.397465E-01
  4.281850E-01
  4.165302E-01
  4.052069E-01
  3.951155E-01
  3.876933E-01
  3.853508E-01
  3.935343E-01
  4.054163E-01
  3.828938E-01
  4.078903E-01
  1.437627E-01
  5.118259E-02
  4.663972E-02
  4.663606E-02
  4.663241E-02
  4.662875E-02
  4.662510E-02
  4.662144E-02
  4.661778E-02
  4.661413E-02
  4.661047E-02
  4.660402E-02
  4.659746E-02
  4.659089E-02
  4.658433E-02
  4.657776E-02
  4.657120E-02
  4.656464E-02
  4.655926E-02
  4.655639E-02
  4.655352E-02
  4.655065E-02
  4.654779E-02
  4.654492E-02
  4.654206E-02
  4.653933E-02
  4.653861E-02
  4.653789E-02
  4.653718E-02
  4.653646E-02
  4.653575E-02
  4.653504E-02
  4.653390E-02
  4.653071E-02
  4.652752E-02
  4.652434E-02
  4.652116E-02
  4.651799E-02
  4.651482E-02
  4.650965E-02
  4.650328E-02
  4.649693E-02
  4.649059E-02
  4.648425E-02
  4.647793E-02
  4.647089E-02
  4.646280E-02
  4.645474E-02
  4.644669E-02
  4.643865E-02
  4.643064E-02
  4.642097E-02
  4.640963E-02
  4.639832E-02
  4.638703E-02
  4.637577E-02
  4.636453E-02
  4.634643E-02
  4.632741E-02
  4.630842E-02
  4.628946E-02
  4.627054E-02
  4.624622E-02
  4.621743E-02
  4.618867E-02
  4.615995E-02
  4.613127E-02
  4.609694E-02
  4.605648E-02
  4.601605E-02
  4.597567E-02
  4.593532E-02
  4.588463E-02
  4.582876E-02
  4.577292E-02
  4.571712E-02
  4.565975E-02
  4.558669E-02
  4.551365E-02
  4.544064E-02
  4.536766E-02
  4.527602E-02
  4.517811E-02
  4.508022E-02
  4.498234E-02
  4.485768E-02
  4.471667E-02
  4.457564E-02
  4.443460E-02
  4.425379E-02
  4.405594E-02
  4.385806E-02
  4.366015E-02
  4.340117E-02
  4.314069E-02
  4.288022E-02
  4.258610E-02
  4.224876E-02
  4.191163E-02
  4.156836E-02
  4.114781E-02
  4.072782E-02
  4.030838E-02
  3.984314E-02
  3.937256E-02
  3.890283E-02
  3.842784E-02
  3.795272E-02
  3.747851E-02
  3.702627E-02
  3.657559E-02
  3.613478E-02
  3.572538E-02
  3.531654E-02
  3.494110E-02
  3.458555E-02
  3.423935E-02
  3.394232E-02
  3.364539E-02
  3.339457E-02
  3.315467E-02
  3.294465E-02
  3.275642E-02
  3.258485E-02
  3.243291E-02
  3.228772E-02
  3.215094E-02
  3.201584E-02
  3.188231E-02
  3.174876E-02
  3.161546E-02
  3.148449E-02
  3.135708E-02
  3.123583E-02
  3.112939E-02
  3.103645E-02
  3.096404E-02
  3.093007E-02
  3.093340E-02
  3.098694E-02
  3.111184E-02
  3.135835E-02
  3.185139E-02
  3.279155E-02
  3.452682E-02
  3.764086E-02
  4.330288E-02
  5.086848E-02
  5.469889E-02
  6.579701E-02
  3.338902E-02
  9.078156E-03
  1.779175E-01
  1.778861E-01
  1.778548E-01
  1.778235E-01
  1.777921E-01
  1.777608E-01
  1.777295E-01
  1.776981E-01
  1.776668E-01
  1.775784E-01
  1.774877E-01
  1.773969E-01
  1.773062E-01
  1.772154E-01
  1.771247E-01
  1.770339E-01
  1.769261E-01
  1.767825E-01
  1.766389E-01
  1.764953E-01
  1.763516E-01
  1.762080E-01
  1.760644E-01
  1.759166E-01
  1.757110E-01
  1.755054E-01
  1.752998E-01
  1.750943E-01
  1.748887E-01
  1.746831E-01
  1.744639E-01
  1.741800E-01
  1.738961E-01
  1.736123E-01
  1.733284E-01
  1.730445E-01
  1.727606E-01
  1.724202E-01
  1.720459E-01
  1.716716E-01
  1.712973E-01
  1.709230E-01
  1.705487E-01
  1.701357E-01
  1.696655E-01
  1.691954E-01
  1.687253E-01
  1.682552E-01
  1.677851E-01
  1.672676E-01
  1.667015E-01
  1.661355E-01
  1.655694E-01
  1.650034E-01
  1.644374E-01
  1.637931E-01
  1.631381E-01
  1.624832E-01
  1.618282E-01
  1.611733E-01
  1.604781E-01
  1.597494E-01
  1.590207E-01
  1.582920E-01
  1.575634E-01
  1.568081E-01
  1.560193E-01
  1.552305E-01
  1.544417E-01
  1.536529E-01
  1.528340E-01
  1.519998E-01
  1.511656E-01
  1.503315E-01
  1.494959E-01
  1.486456E-01
  1.477953E-01
  1.469450E-01
  1.460947E-01
  1.452495E-01
  1.444059E-01
  1.435624E-01
  1.427189E-01
  1.418792E-01
  1.410418E-01
  1.402045E-01
  1.393671E-01
  1.385405E-01
  1.377185E-01
  1.368965E-01
  1.360746E-01
  1.352905E-01
  1.345075E-01
  1.337247E-01
  1.329536E-01
  1.321978E-01
  1.314425E-01
  1.306859E-01
  1.299111E-01
  1.291371E-01
  1.283640E-01
  1.275472E-01
  1.267277E-01
  1.259096E-01
  1.250269E-01
  1.241341E-01
  1.232430E-01
  1.222218E-01
  1.211979E-01
  1.201330E-01
  1.189251E-01
  1.177189E-01
  1.163836E-01
  1.149719E-01
  1.135289E-01
  1.119099E-01
  1.102919E-01
  1.085138E-01
  1.066982E-01
  1.047853E-01
  1.028013E-01
  1.007618E-01
  9.865686E-02
  9.652039E-02
  9.434475E-02
  9.215630E-02
  8.995678E-02
  8.777289E-02
  8.559534E-02
  8.348490E-02
  8.141478E-02
  7.941728E-02
  7.754095E-02
  7.575528E-02
  7.409619E-02
  7.263030E-02
  7.131960E-02
  7.019545E-02
  6.930642E-02
  6.877679E-02
  6.893812E-02
  7.035519E-02
  7.402904E-02
  8.145504E-02
  9.500218E-02
  1.117693E-01
  1.163348E-01
  1.252649E-01
 -5.478497E-04
  1.565439E-07
 -1.922618E-04
 -1.922682E-04
 -1.922747E-04
 -1.922811E-04
 -1.922876E-04
 -1.922941E-04
 -1.923005E-04
 -1.923070E-04
 -1.923134E-04
 -1.923514E-04
 -1.923906E-04
 -1.924298E-04
 -1.924691E-04
 -1.925083E-04
 -1.925475E-04
 -1.925868E-04
 -1.926483E-04
 -1.927567E-04
 -1.928650E-04
 -1.929734E-04
 -1.930817E-04
 -1.931901E-04
 -1.932985E-04
 -1.934128E-04
 -1.936102E-04
 -1.938077E-04
 -1.940052E-04
 -1.942026E-04
 -1.944001E-04
 -1.945976E-04
 -1.948118E-04
 -1.951055E-04
 -1.953992E-04
 -1.956929E-04
 -1.959867E-04
 -1.962805E-04
 -1.965743E-04
 -1.969343E-04
 -1.973342E-04
 -1.977340E-04
 -1.981339E-04
 -1.985339E-04
 -1.989338E-04
 -1.993804E-04
 -1.998956E-04
 -2.004109E-04
 -2.009262E-04
 -2.014416E-04
 -2.019571E-04
 -2.025277E-04
 -2.031547E-04
 -2.037818E-04
 -2.044089E-04
 -2.050362E-04
 -2.056636E-04
 -2.063722E-04
 -2.070919E-04
 -2.078118E-04
 -2.085318E-04
 -2.092519E-04
 -2.100111E-04
 -2.108027E-04
 -2.115944E-04
 -2.123864E-04
 -2.131785E-04
 -2.139982E-04
 -2.148479E-04
 -2.156979E-04
 -2.165480E-04
 -2.173983E-04
 -2.182831E-04
 -2.191853E-04
 -2.200877E-04
 -2.209903E-04
 -2.218980E-04
 -2.228547E-04
 -2.238116E-04
 -2.247686E-04
 -2.257259E-04
 -2.267440E-04
 -2.277828E-04
 -2.288217E-04
 -2.298608E-04
 -2.309911E-04
 -2.321768E-04
 -2.333626E-04
 -2.345483E-04
 -2.358793E-04
 -2.372721E-04
 -2.386645E-04
 -2.400565E-04
 -2.416693E-04
 -2.432866E-04
 -2.449028E-04
 -2.466131E-04
 -2.484442E-04
 -2.502732E-04
 -2.521163E-04
 -2.541542E-04
 -2.561890E-04
 -2.582206E-04
 -2.604347E-04
 -2.626695E-04
 -2.649003E-04
 -2.673145E-04
 -2.697577E-04
 -2.721961E-04
 -2.748640E-04
 -2.775354E-04
 -2.802597E-04
 -2.831747E-04
 -2.860856E-04
 -2.891537E-04
 -2.923146E-04
 -2.955142E-04
 -2.989375E-04
 -3.023590E-04
 -3.060066E-04
 -3.097077E-04
 -3.135586E-04
 -3.175196E-04
 -3.215572E-04
 -3.256853E-04
 -3.298311E-04
 -3.339986E-04
 -3.381442E-04
 -3.422707E-04
 -3.463788E-04
 -3.504807E-04
 -3.546876E-04
 -3.590305E-04
 -3.636193E-04
 -3.688854E-04
 -3.748188E-04
 -3.818185E-04
 -3.911284E-04
 -4.028497E-04
 -4.177963E-04
 -4.370606E-04
 -4.622724E-04
 -4.945955E-04
 -5.333102E-04
 -5.765301E-04
 -6.190184E-04
 -6.492018E-04
 -6.484925E-04
 -6.257557E-04
 -4.765272E-04
  6.027212E-04
  2.461720E-03
  6.405232E-03
  6.404862E-03
  6.404491E-03
  6.404121E-03
  6.403750E-03
  6.403380E-03
  6.403009E-03
  6.402639E-03
  6.402268E-03
  6.401604E-03
  6.400926E-03
  6.400249E-03
  6.399572E-03
  6.398895E-03
  6.398218E-03
  6.397541E-03
  6.397007E-03
  6.396775E-03
  6.396542E-03
  6.396310E-03
  6.396078E-03
  6.395846E-03
  6.395613E-03
  6.395413E-03
  6.395662E-03
  6.395911E-03
  6.396160E-03
  6.396409E-03
  6.396658E-03
  6.396907E-03
  6.397175E-03
  6.397530E-03
  6.397885E-03
  6.398240E-03
  6.398595E-03
  6.398950E-03
  6.399305E-03
  6.399593E-03
  6.399841E-03
  6.400088E-03
  6.400336E-03
  6.400584E-03
  6.400832E-03
  6.401001E-03
  6.401054E-03
  6.401108E-03
  6.401161E-03
  6.401214E-03
  6.401268E-03
  6.401216E-03
  6.401055E-03
  6.400894E-03
  6.400734E-03
  6.400574E-03
  6.400414E-03
  6.400085E-03
  6.399734E-03
  6.399384E-03
  6.399033E-03
  6.398682E-03
  6.398255E-03
  6.397762E-03
  6.397270E-03
  6.396779E-03
  6.396288E-03
  6.395764E-03
  6.395205E-03
  6.394647E-03
  6.394089E-03
  6.393531E-03
  6.393010E-03
  6.392508E-03
  6.392007E-03
  6.391505E-03
  6.391026E-03
  6.390769E-03
  6.390512E-03
  6.390255E-03
  6.389999E-03
  6.390076E-03
  6.390265E-03
  6.390455E-03
  6.390645E-03
  6.391162E-03
  6.391880E-03
  6.392597E-03
  6.393315E-03
  6.394379E-03
  6.395590E-03
  6.396803E-03
  6.398017E-03
  6.399551E-03
  6.401096E-03
  6.402645E-03
  6.404190E-03
  6.405732E-03
  6.407284E-03
  6.408806E-03
  6.409850E-03
  6.410915E-03
  6.412003E-03
  6.412252E-03
  6.412420E-03
  6.412624E-03
  6.411791E-03
  6.410811E-03
  6.409876E-03
  6.407610E-03
  6.405344E-03
  6.402812E-03
  6.399262E-03
  6.395758E-03
  6.391619E-03
  6.387117E-03
  6.382562E-03
  6.377540E-03
  6.372551E-03
  6.367572E-03
  6.362614E-03
  6.357947E-03
  6.353496E-03
  6.349449E-03
  6.345871E-03
  6.342810E-03
  6.340381E-03
  6.338658E-03
  6.337548E-03
  6.337560E-03
  6.338016E-03
  6.340625E-03
  6.344463E-03
  6.350515E-03
  6.360987E-03
  6.375356E-03
  6.395694E-03
  6.427895E-03
  6.471796E-03
  6.530872E-03
  6.609671E-03
  6.714985E-03
  6.852225E-03
  7.020193E-03
  7.214784E-03
  7.418605E-03
  7.590128E-03
  7.663677E-03
  7.639344E-03
  7.573625E-03
  6.698551E-03
  8.118510E-03
 -4.606631E-04
 -4.606350E-04
 -4.606069E-04
 -4.605788E-04
 -4.605508E-04
 -4.605227E-04
 -4.604946E-04
 -4.604666E-04
 -4.604385E-04
 -4.603793E-04
 -4.603188E-04
 -4.602584E-04
 -4.601979E-04
 -4.601375E-04
 -4.600770E-04
 -4.600166E-04
 -4.599593E-04
 -4.599086E-04
 -4.598580E-04
 -4.598073E-04
 -4.597567E-04
 -4.597060E-04
 -4.596554E-04
 -4.596054E-04
 -4.595633E-04
 -4.595213E-04
 -4.594793E-04
 -4.594373E-04
 -4.593953E-04
 -4.593534E-04
 -4.593076E-04
 -4.592437E-04
 -4.591799E-04
 -4.591160E-04
 -4.590522E-04
 -4.589884E-04
 -4.589247E-04
 -4.588306E-04
 -4.587185E-04
 -4.586064E-04
 -4.584944E-04
 -4.583823E-04
 -4.582704E-04
 -4.581273E-04
 -4.579383E-04
 -4.577494E-04
 -4.575606E-04
 -4.573718E-04
 -4.571831E-04
 -4.569400E-04
 -4.566413E-04
 -4.563427E-04
 -4.560442E-04
 -4.557458E-04
 -4.554475E-04
 -4.550380E-04
 -4.546135E-04
 -4.541891E-04
 -4.537649E-04
 -4.533408E-04
 -4.528584E-04
 -4.523276E-04
 -4.517970E-04
 -4.512666E-04
 -4.507363E-04
 -4.508327E-04
 -4.502460E-04
 -4.496594E-04
 -4.490730E-04
 -4.484868E-04
 -4.479132E-04
 -4.473461E-04
 -4.467790E-04
 -4.462120E-04
 -4.456530E-04
 -4.451720E-04
 -4.446910E-04
 -4.442098E-04
 -4.437286E-04
 -4.432550E-04
 -4.427838E-04
 -4.423123E-04
 -4.418405E-04
 -4.411598E-04
 -4.403514E-04
 -4.395427E-04
 -4.387338E-04
 -4.374010E-04
 -4.358441E-04
 -4.342872E-04
 -4.327303E-04
 -4.300476E-04
 -4.273379E-04
 -4.246292E-04
 -4.212554E-04
 -4.170266E-04
 -4.128014E-04
 -4.084481E-04
 -4.024887E-04
 -3.965375E-04
 -3.905942E-04
 -3.826976E-04
 -3.752888E-04
 -3.678931E-04
 -3.597098E-04
 -3.513997E-04
 -3.431061E-04
 -3.344259E-04
 -3.257499E-04
 -3.170948E-04
 -3.084677E-04
 -2.998585E-04
 -2.914793E-04
 -2.832429E-04
 -2.751118E-04
 -2.674774E-04
 -2.598567E-04
 -2.528368E-04
 -2.459671E-04
 -2.395959E-04
 -2.335891E-04
 -2.280433E-04
 -2.230363E-04
 -2.185096E-04
 -2.145743E-04
 -2.112113E-04
 -2.083449E-04
 -2.062264E-04
 -2.044004E-04
 -2.035997E-04
 -2.031849E-04
 -2.034613E-04
 -2.046833E-04
 -2.072306E-04
 -2.100674E-04
 -2.144642E-04
 -2.202359E-04
 -2.277163E-04
 -2.373364E-04
 -2.497452E-04
 -2.653408E-04
 -2.837049E-04
 -3.039915E-04
 -3.239267E-04
 -3.384092E-04
 -3.389768E-04
 -3.254549E-04
 -2.493248E-04
  4.385101E-05
  1.035211E-08
  1.273240E+00
  1.273211E+00
  1.273125E+00
  1.272981E+00
  1.272781E+00
  1.272522E+00
  1.272207E+00
  1.271834E+00
  1.271403E+00
  1.270915E+00
  1.270369E+00
  1.269765E+00
  1.269104E+00
  1.268384E+00
  1.267607E+00
  1.266771E+00
  1.265877E+00
  1.264925E+00
  1.263915E+00
  1.262845E+00
  1.261717E+00
  1.260530E+00
  1.259284E+00
  1.257979E+00
  1.256614E+00
  1.255190E+00
  1.253705E+00
  1.252161E+00
  1.250556E+00
  1.248891E+00
  1.247165E+00
  1.245378E+00
  1.243529E+00
  1.241620E+00
  1.239648E+00
  1.237614E+00
  1.235518E+00
  1.233359E+00
  1.231136E+00
  1.228851E+00
  1.226501E+00
  1.224088E+00
  1.221610E+00
  1.219067E+00
  1.216458E+00
  1.213784E+00
  1.211044E+00
  1.208237E+00
  1.205362E+00
  1.202421E+00
  1.199411E+00
  1.196332E+00
  1.193185E+00
  1.189968E+00
  1.186680E+00
  1.183322E+00
  1.179892E+00
  1.176390E+00
  1.172816E+00
  1.169168E+00
  1.165446E+00
  1.161649E+00
  1.157776E+00
  1.153828E+00
  1.149802E+00
  1.145699E+00
  1.141516E+00
  1.137254E+00
  1.132912E+00
  1.128488E+00
  1.123982E+00
  1.119393E+00
  1.114719E+00
  1.109960E+00
  1.105114E+00
  1.100180E+00
  1.095157E+00
  1.090045E+00
  1.084841E+00
  1.079544E+00
  1.074153E+00
  1.068667E+00
  1.063083E+00
  1.057401E+00
  1.051619E+00
  1.045735E+00
  1.039748E+00
  1.033655E+00
  1.027455E+00
  1.021146E+00
  1.014726E+00
  1.008193E+00
  1.001543E+00
  9.947766E-01
  9.878894E-01
  9.808795E-01
  9.737441E-01
  9.664805E-01
  9.590857E-01
  9.515567E-01
  9.438904E-01
  9.360832E-01
  9.281318E-01
  9.200322E-01
  9.117806E-01
  9.033729E-01
  8.948045E-01
  8.860709E-01
  8.771671E-01
  8.680879E-01
  8.588277E-01
  8.493806E-01
  8.397402E-01
  8.299000E-01
  8.198525E-01
  8.095903E-01
  7.991048E-01
  7.883874E-01
  7.774283E-01
  7.662172E-01
  7.547428E-01
  7.429930E-01
  7.309546E-01
  7.186128E-01
  7.059520E-01
  6.929545E-01
  6.796012E-01
  6.658704E-01
  6.517385E-01
  6.371787E-01
  6.221609E-01
  6.066513E-01
  5.906109E-01
  5.739954E-01
  5.567532E-01
  5.388241E-01
  5.201372E-01
  5.006076E-01
  4.801325E-01
  4.585853E-01
  4.358068E-01
  4.115929E-01
  3.856731E-01
  3.576769E-01
  3.270715E-01
  2.930404E-01
  2.542116E-01
  2.079144E-01
  1.472658E-01
  0.000000E+00
  9.203460E-02
  9.203593E-02
  9.203725E-02
  9.203858E-02
  9.203991E-02
  9.204123E-02
  9.204256E-02
  9.204389E-02
  9.204521E-02
  9.204895E-02
  9.205279E-02
  9.205664E-02
  9.206048E-02
  9.206432E-02
  9.206816E-02
  9.207200E-02
  9.207677E-02
  9.208350E-02
  9.209024E-02
  9.209697E-02
  9.210370E-02
  9.211043E-02
  9.211716E-02
  9.212411E-02
  9.213415E-02
  9.214419E-02
  9.215422E-02
  9.216426E-02
  9.217430E-02
  9.218434E-02
  9.219502E-02
  9.220874E-02
  9.222247E-02
  9.223619E-02
  9.224991E-02
  9.226364E-02
  9.227736E-02
  9.229341E-02
  9.231086E-02
  9.232831E-02
  9.234576E-02
  9.236321E-02
  9.238066E-02
  9.239913E-02
  9.241912E-02
  9.243911E-02
  9.245909E-02
  9.247908E-02
  9.249906E-02
  9.251819E-02
  9.253645E-02
  9.255471E-02
  9.257296E-02
  9.259122E-02
  9.260947E-02
  9.262135E-02
  9.263237E-02
  9.264338E-02
  9.265439E-02
  9.266539E-02
  9.267350E-02
  9.267920E-02
  9.268490E-02
  9.269060E-02
  9.269630E-02
  9.284071E-02
  9.284621E-02
  9.285171E-02
  9.285720E-02
  9.286270E-02
  9.287296E-02
  9.288562E-02
  9.289828E-02
  9.291093E-02
  9.292497E-02
  9.295263E-02
  9.298028E-02
  9.300793E-02
  9.303558E-02
  9.306597E-02
  9.309727E-02
  9.312858E-02
  9.315988E-02
  9.315976E-02
  9.314047E-02
  9.312117E-02
  9.310188E-02
  9.300783E-02
  9.288179E-02
  9.275576E-02
  9.262972E-02
  9.234974E-02
  9.206590E-02
  9.179240E-02
  9.143755E-02
  9.097303E-02
  9.050850E-02
  9.002683E-02
  8.936360E-02
  8.873042E-02
  8.814253E-02
  8.735391E-02
  8.671261E-02
  8.612277E-02
  8.554459E-02
  8.511394E-02
  8.506318E-02
  8.505193E-02
  8.506130E-02
  8.507079E-02
  8.508081E-02
  8.515272E-02
  8.527078E-02
  8.542528E-02
  8.558061E-02
  8.574048E-02
  8.590035E-02
  8.606269E-02
  8.629147E-02
  8.653523E-02
  8.677829E-02
  8.701505E-02
  8.728234E-02
  8.755760E-02
  8.781932E-02
  8.806489E-02
  8.829642E-02
  8.850464E-02
  8.871656E-02
  8.889242E-02
  8.905205E-02
  8.918265E-02
  8.927968E-02
  8.931375E-02
  8.939157E-02
  8.948014E-02
  8.959837E-02
  8.970228E-02
  8.979157E-02
  8.986555E-02
  8.992455E-02
  8.997040E-02
  9.013278E-02
  9.029075E-02
  9.063092E-02
  9.115893E-02
  9.168985E-02
  9.228379E-02
  1.100275E-01
  2.649597E-02
 -2.156219E-01
 -2.153925E-01
 -2.151632E-01
 -2.149338E-01
 -2.147044E-01
 -2.144750E-01
 -2.142456E-01
 -2.140163E-01
 -2.137869E-01
 -2.131247E-01
 -2.124447E-01
 -2.117646E-01
 -2.110845E-01
 -2.104045E-01
 -2.097244E-01
 -2.090444E-01
 -2.081871E-01
 -2.069577E-01
 -2.057282E-01
 -2.044988E-01
 -2.032694E-01
 -2.020399E-01
 -2.008105E-01
 -1.995356E-01
 -1.976253E-01
 -1.957150E-01
 -1.938047E-01
 -1.918944E-01
 -1.899841E-01
 -1.880737E-01
 -1.860153E-01
 -1.832519E-01
 -1.804885E-01
 -1.777251E-01
 -1.749617E-01
 -1.721983E-01
 -1.694349E-01
 -1.660106E-01
 -1.621901E-01
 -1.583696E-01
 -1.545491E-01
 -1.507286E-01
 -1.469082E-01
 -1.426002E-01
 -1.375739E-01
 -1.325476E-01
 -1.275214E-01
 -1.224951E-01
 -1.174688E-01
 -1.119520E-01
 -1.059333E-01
 -9.991465E-02
 -9.389599E-02
 -8.787733E-02
 -8.185867E-02
 -7.554301E-02
 -6.918682E-02
 -6.283063E-02
 -5.647443E-02
 -5.011824E-02
 -4.361946E-02
 -3.700221E-02
 -3.038497E-02
 -2.376773E-02
 -1.715048E-02
  1.330203E-02
  2.024937E-02
  2.719671E-02
  3.414404E-02
  4.109138E-02
  4.835048E-02
  5.576626E-02
  6.318205E-02
  7.059784E-02
  7.806400E-02
  8.602422E-02
  9.398445E-02
  1.019447E-01
  1.099049E-01
  1.177737E-01
  1.256118E-01
  1.334500E-01
  1.412881E-01
  1.476318E-01
  1.530636E-01
  1.584955E-01
  1.639274E-01
  1.660372E-01
  1.667253E-01
  1.674133E-01
  1.681014E-01
  1.620896E-01
  1.559100E-01
  1.497305E-01
  1.397166E-01
  1.247645E-01
  1.098123E-01
  9.410387E-02
  6.913546E-02
  4.416703E-02
  1.919859E-02
 -3.530382E-02
 -6.713214E-02
 -9.896042E-02
 -1.321996E-01
 -1.656912E-01
 -1.991827E-01
 -2.301630E-01
 -2.610550E-01
 -2.906360E-01
 -3.157795E-01
 -3.409228E-01
 -3.611493E-01
 -3.784501E-01
 -3.943378E-01
 -4.025736E-01
 -4.108095E-01
 -4.112595E-01
 -4.098637E-01
 -4.029344E-01
 -3.919690E-01
 -3.772088E-01
 -3.579869E-01
 -3.358077E-01
 -3.099686E-01
 -2.813525E-01
 -2.503216E-01
 -2.163969E-01
 -1.813378E-01
 -1.431901E-01
 -1.041710E-01
 -6.359889E-02
 -2.154815E-02
  4.494236E-02
  8.879020E-02
  1.336569E-01
  1.791252E-01
  2.251727E-01
  2.717465E-01
  3.187984E-01
  3.662486E-01
  4.139989E-01
  4.620025E-01
  5.102136E-01
  5.585943E-01
  6.071108E-01
  6.557173E-01
  7.043851E-01
  3.841668E-01
  2.358673E+00
  9.895559E-01
  9.895559E-01
  9.895559E-01
  9.895559E-01
  9.895559E-01
  9.895559E-01
  9.895559E-01
  9.895558E-01
  9.895558E-01
  9.895558E-01
  9.895557E-01
  9.895557E-01
  9.895557E-01
  9.895556E-01
  9.895556E-01
  9.895555E-01
  9.895555E-01
  9.895554E-01
  9.895553E-01
  9.895552E-01
  9.895552E-01
  9.895551E-01
  9.895550E-01
  9.895549E-01
  9.895548E-01
  9.895547E-01
  9.895546E-01
  9.895545E-01
  9.895544E-01
  9.895543E-01
  9.895542E-01
  9.895540E-01
  9.895538E-01
  9.895537E-01
  9.895535E-01
  9.895534E-01
  9.895533E-01
  9.895531E-01
  9.895529E-01
  9.895527E-01
  9.895525E-01
  9.895524E-01
  9.895522E-01
  9.895520E-01
  9.895518E-01
  9.895516E-01
  9.895514E-01
  9.895512E-01
  9.895510E-01
  9.895508E-01
  9.895506E-01
  9.895504E-01
  9.895503E-01
  9.895501E-01
  9.895499E-01
  9.895498E-01
  9.895497E-01
  9.895495E-01
  9.895494E-01
  9.895493E-01
  9.895492E-01
  9.895491E-01
  9.895491E-01
  9.895490E-01
  9.895490E-01
  9.895490E-01
  9.895490E-01
  9.895490E-01
  9.895491E-01
  9.895492E-01
  9.895493E-01
  9.895494E-01
  9.895495E-01
  9.895497E-01
  9.895499E-01
  9.895501E-01
  9.895503E-01
  9.895505E-01
  9.895508E-01
  9.895510E-01
  9.895513E-01
  9.895516E-01
  9.895519E-01
  9.895522E-01
  9.895525E-01
  9.895527E-01
  9.895530E-01
  9.895531E-01
  9.895531E-01
  9.895532E-01
  9.895532E-01
  9.895529E-01
  9.895526E-01
  9.895523E-01
  9.895519E-01
  9.895513E-01
  9.895508E-01
  9.895503E-01
  9.895497E-01
  9.895492E-01
  9.895490E-01
  9.895491E-01
  9.895496E-01
  9.895504E-01
  9.895516E-01
  9.895531E-01
  9.895549E-01
  9.895569E-01
  9.895592E-01
  9.895617E-01
  9.895640E-01
  9.895665E-01
  9.895686E-01
  9.895705E-01
  9.895724E-01
  9.895734E-01
  9.895744E-01
  9.895744E-01
  9.895743E-01
  9.895734E-01
  9.895721E-01
  9.895704E-01
  9.895683E-01
  9.895659E-01
  9.895634E-01
  9.895609E-01
  9.895584E-01
  9.895560E-01
  9.895539E-01
  9.895520E-01
  9.895506E-01
  9.895495E-01
  9.895490E-01
  9.895492E-01
  9.895501E-01
  9.895516E-01
  9.895538E-01
  9.895566E-01
  9.895601E-01
  9.895643E-01
  9.895692E-01
  9.895748E-01
  9.895811E-01
  9.895882E-01
  9.895960E-01
  9.896045E-01
  9.896137E-01
  9.896237E-01
  8.085347E-01
  1.205734E-05
 -2.316207E+02
 -2.315502E+02
 -2.314797E+02
 -2.314093E+02
 -2.313388E+02
 -2.312683E+02
 -2.311978E+02
 -2.311274E+02
 -2.310569E+02
 -2.308016E+02
 -2.305387E+02
 -2.302757E+02
 -2.300128E+02
 -2.297499E+02
 -2.294869E+02
 -2.292240E+02
 -2.288792E+02
 -2.283626E+02
 -2.278460E+02
 -2.273294E+02
 -2.268128E+02
 -2.262962E+02
 -2.257796E+02
 -2.252468E+02
 -2.244890E+02
 -2.237311E+02
 -2.229731E+02
 -2.222152E+02
 -2.214572E+02
 -2.206993E+02
 -2.199056E+02
 -2.189422E+02
 -2.179788E+02
 -2.170153E+02
 -2.160518E+02
 -2.150883E+02
 -2.141247E+02
 -2.130294E+02
 -2.118552E+02
 -2.106809E+02
 -2.095065E+02
 -2.083320E+02
 -2.071574E+02
 -2.058886E+02
 -2.044808E+02
 -2.030729E+02
 -2.016648E+02
 -2.002565E+02
 -1.988481E+02
 -1.973293E+02
 -1.956974E+02
 -1.940652E+02
 -1.924329E+02
 -1.908003E+02
 -1.891674E+02
 -1.873746E+02
 -1.855597E+02
 -1.837445E+02
 -1.819291E+02
 -1.801134E+02
 -1.782114E+02
 -1.762377E+02
 -1.742636E+02
 -1.722893E+02
 -1.703147E+02
 -1.682749E+02
 -1.661643E+02
 -1.640534E+02
 -1.619421E+02
 -1.598306E+02
 -1.576520E+02
 -1.554395E+02
 -1.532267E+02
 -1.510136E+02
 -1.487922E+02
 -1.464930E+02
 -1.441935E+02
 -1.418937E+02
 -1.395936E+02
 -1.372940E+02
 -1.349944E+02
 -1.326946E+02
 -1.303948E+02
 -1.282243E+02
 -1.261331E+02
 -1.240421E+02
 -1.219513E+02
 -1.201268E+02
 -1.184166E+02
 -1.167070E+02
 -1.149979E+02
 -1.137508E+02
 -1.125156E+02
 -1.112806E+02
 -1.103272E+02
 -1.097354E+02
 -1.091422E+02
 -1.086020E+02
 -1.087231E+02
 -1.088399E+02
 -1.089522E+02
 -1.093975E+02
 -1.098809E+02
 -1.103574E+02
 -1.107068E+02
 -1.110271E+02
 -1.113404E+02
 -1.111358E+02
 -1.109076E+02
 -1.104949E+02
 -1.094716E+02
 -1.084453E+02
 -1.068163E+02
 -1.048294E+02
 -1.026805E+02
 -9.965866E+01
 -9.663796E+01
 -9.279244E+01
 -8.875311E+01
 -8.416738E+01
 -7.918373E+01
 -7.385067E+01
 -6.810592E+01
 -6.213270E+01
 -5.587553E+01
 -4.943056E+01
 -4.282109E+01
 -3.600453E+01
 -2.910437E+01
 -2.191071E+01
 -1.458382E+01
 -7.019880E+00
  9.212069E-01
  9.160482E+00
  1.782989E+01
  2.724437E+01
  3.734643E+01
  4.833199E+01
  6.048869E+01
  7.439800E+01
  9.116699E+01
  1.122735E+02
  1.403646E+02
  1.797598E+02
  2.385105E+02
  3.144195E+02
  3.764473E+02
  4.792770E+02
  2.683838E+02
  1.802870E-03
  1.100600E+04
  1.100446E+04
  1.100293E+04
  1.100139E+04
  1.099986E+04
  1.099832E+04
  1.099679E+04
  1.099525E+04
  1.099372E+04
  1.098928E+04
  1.098471E+04
  1.098015E+04
  1.097559E+04
  1.097103E+04
  1.096647E+04
  1.096191E+04
  1.095646E+04
  1.094917E+04
  1.094187E+04
  1.093458E+04
  1.092728E+04
  1.091998E+04
  1.091269E+04
  1.090521E+04
  1.089511E+04
  1.088502E+04
  1.087493E+04
  1.086484E+04
  1.085474E+04
  1.084465E+04
  1.083403E+04
  1.082086E+04
  1.080770E+04
  1.079453E+04
  1.078137E+04
  1.076821E+04
  1.075504E+04
  1.073983E+04
  1.072338E+04
  1.070694E+04
  1.069050E+04
  1.067405E+04
  1.065761E+04
  1.063981E+04
  1.061999E+04
  1.060017E+04
  1.058035E+04
  1.056053E+04
  1.054072E+04
  1.051918E+04
  1.049588E+04
  1.047258E+04
  1.044928E+04
  1.042598E+04
  1.040268E+04
  1.037621E+04
  1.034931E+04
  1.032241E+04
  1.029552E+04
  1.026862E+04
  1.023977E+04
  1.020928E+04
  1.017880E+04
  1.014832E+04
  1.011784E+04
  1.008565E+04
  1.005160E+04
  1.001755E+04
  9.983506E+03
  9.949461E+03
  9.912986E+03
  9.875291E+03
  9.837596E+03
  9.799904E+03
  9.761871E+03
  9.720490E+03
  9.679111E+03
  9.637732E+03
  9.596355E+03
  9.552239E+03
  9.507201E+03
  9.462164E+03
  9.417128E+03
  9.369842E+03
  9.321183E+03
  9.272525E+03
  9.223869E+03
  9.172829E+03
  9.120770E+03
  9.068714E+03
  9.016662E+03
  8.961618E+03
  8.906507E+03
  8.851403E+03
  8.794981E+03
  8.736867E+03
  8.678768E+03
  8.620444E+03
  8.559222E+03
  8.498030E+03
  8.436866E+03
  8.373124E+03
  8.309076E+03
  8.245072E+03
  8.178447E+03
  8.111397E+03
  8.044400E+03
  7.973648E+03
  7.902817E+03
  7.830984E+03
  7.755631E+03
  7.680328E+03
  7.601959E+03
  7.521782E+03
  7.440855E+03
  7.355671E+03
  7.270524E+03
  7.181371E+03
  7.091291E+03
  6.998502E+03
  6.903743E+03
  6.806918E+03
  6.707657E+03
  6.606461E+03
  6.502864E+03
  6.397142E+03
  6.289571E+03
  6.179428E+03
  6.068285E+03
  5.953935E+03
  5.838541E+03
  5.721271E+03
  5.601895E+03
  5.481187E+03
  5.358762E+03
  5.234022E+03
  5.107533E+03
  4.979155E+03
  4.848937E+03
  4.717729E+03
  4.590415E+03
  4.477309E+03
  4.394912E+03
  4.370911E+03
  4.467730E+03
  4.608091E+03
  4.357995E+03
  4.650616E+03
  1.356180E+03
  7.538908E-03
  9.618260E-01
  1.079911E+00
  1.197997E+00
  1.316082E+00
  1.434167E+00
  1.552253E+00
  1.670338E+00
  1.788423E+00
  1.906509E+00
  2.188719E+00
  2.477717E+00
  2.766715E+00
  3.055712E+00
  3.344710E+00
  3.633708E+00
  3.922706E+00
  4.244806E+00
  4.636426E+00
  5.028046E+00
  5.419667E+00
  5.811288E+00
  6.202908E+00
  6.594529E+00
  6.996191E+00
  7.538318E+00
  8.080445E+00
  8.622573E+00
  9.164701E+00
  9.706830E+00
  1.024896E+01
  1.082940E+01
  1.159211E+01
  1.235482E+01
  1.311753E+01
  1.388025E+01
  1.464297E+01
  1.540569E+01
  1.635551E+01
  1.741748E+01
  1.847945E+01
  1.954142E+01
  2.060341E+01
  2.166540E+01
  2.284084E+01
  2.418346E+01
  2.552609E+01
  2.686874E+01
  2.821140E+01
  2.955408E+01
  3.089767E+01
  3.224221E+01
  3.358677E+01
  3.493136E+01
  3.627599E+01
  3.762065E+01
  3.872232E+01
  3.979087E+01
  4.085945E+01
  4.192807E+01
  4.299673E+01
  4.384535E+01
  4.451116E+01
  4.517699E+01
  4.584285E+01
  4.650874E+01
  4.687788E+01
  4.692450E+01
  4.697112E+01
  4.701773E+01
  4.706434E+01
  4.655345E+01
  4.576232E+01
  4.497114E+01
  4.417992E+01
  4.339153E+01
  4.263135E+01
  4.187109E+01
  4.111075E+01
  4.035033E+01
  4.215115E+01
  4.481400E+01
  4.747683E+01
  5.013964E+01
  5.665999E+01
  6.553387E+01
  7.440760E+01
  8.328118E+01
  9.647748E+01
  1.115229E+02
  1.265673E+02
  1.416107E+02
  1.620046E+02
  1.825296E+02
  2.030515E+02
  2.253671E+02
  2.499916E+02
  2.746099E+02
  2.990957E+02
  3.220248E+02
  3.449459E+02
  3.678593E+02
  3.826894E+02
  3.964339E+02
  4.101734E+02
  4.147946E+02
  4.177843E+02
  4.207742E+02
  4.154402E+02
  4.098182E+02
  4.027817E+02
  3.909485E+02
  3.791221E+02
  3.647521E+02
  3.488719E+02
  3.326289E+02
  3.143887E+02
  2.961554E+02
  2.768468E+02
  2.572874E+02
  2.368561E+02
  2.157892E+02
  1.940200E+02
  1.714235E+02
  1.487170E+02
  1.258729E+02
  1.035184E+02
  8.158858E+01
  6.076074E+01
  4.036322E+01
  2.175560E+01
  3.821356E+00
 -1.290258E+01
 -2.815775E+01
 -4.247494E+01
 -5.557712E+01
 -6.712166E+01
 -7.755565E+01
 -8.676470E+01
 -9.461666E+01
 -1.008163E+02
 -1.048964E+02
 -1.063330E+02
 -1.039535E+02
 -9.633511E+01
 -8.320248E+01
 -6.528542E+01
 -4.203431E+01
 -6.345402E+01
  4.574724E+03
  1.076255E-01
