 Title= "ADflow Lift Distribution Data"
Variables = "eta" "CoordinateX" "CoordinateY" "CoordinateZ" "Lift" "Drag" "Moment" "Normalized Lift" "Normalized Drag" "Normalized Moment" "CL" "CD" "CM" "CLp" "CDp" "CMp" "CLv" "CDv" "CMv" "Elliptical" "thickness" "twist" "chord" "fx" "fy" "fz" 
Zone T= "LiftDist_01 allWalls: : z normal"
 I=          150
 DATAPACKING=BLOCK
  0.000000E+00
  6.711405E-03
  1.342281E-02
  2.013422E-02
  2.684563E-02
  3.355704E-02
  4.026845E-02
  4.697986E-02
  5.369127E-02
  6.040268E-02
  6.711409E-02
  7.382550E-02
  8.053691E-02
  8.724832E-02
  9.395973E-02
  1.006711E-01
  1.073825E-01
  1.140940E-01
  1.208054E-01
  1.275168E-01
  1.342282E-01
  1.409396E-01
  1.476510E-01
  1.543624E-01
  1.610738E-01
  1.677852E-01
  1.744966E-01
  1.812081E-01
  1.879195E-01
  1.946309E-01
  2.013423E-01
  2.080537E-01
  2.147651E-01
  2.214765E-01
  2.281879E-01
  2.348993E-01
  2.416107E-01
  2.483221E-01
  2.550336E-01
  2.617450E-01
  2.684564E-01
  2.751678E-01
  2.818792E-01
  2.885906E-01
  2.953020E-01
  3.020134E-01
  3.087248E-01
  3.154362E-01
  3.221476E-01
  3.288591E-01
  3.355705E-01
  3.422819E-01
  3.489933E-01
  3.557047E-01
  3.624161E-01
  3.691275E-01
  3.758389E-01
  3.825503E-01
  3.892617E-01
  3.959732E-01
  4.026846E-01
  4.093960E-01
  4.161074E-01
  4.228188E-01
  4.295302E-01
  4.362416E-01
  4.429530E-01
  4.496644E-01
  4.563758E-01
  4.630872E-01
  4.697987E-01
  4.765101E-01
  4.832215E-01
  4.899329E-01
  4.966443E-01
  5.033557E-01
  5.100671E-01
  5.167785E-01
  5.234899E-01
  5.302013E-01
  5.369128E-01
  5.436242E-01
  5.503356E-01
  5.570470E-01
  5.637584E-01
  5.704698E-01
  5.771812E-01
  5.838926E-01
  5.906040E-01
  5.973154E-01
  6.040268E-01
  6.107383E-01
  6.174497E-01
  6.241611E-01
  6.308725E-01
  6.375839E-01
  6.442953E-01
  6.510067E-01
  6.577181E-01
  6.644295E-01
  6.711409E-01
  6.778524E-01
  6.845638E-01
  6.912752E-01
  6.979866E-01
  7.046980E-01
  7.114094E-01
  7.181208E-01
  7.248322E-01
  7.315436E-01
  7.382550E-01
  7.449664E-01
  7.516779E-01
  7.583893E-01
  7.651007E-01
  7.718121E-01
  7.785235E-01
  7.852349E-01
  7.919463E-01
  7.986577E-01
  8.053691E-01
  8.120805E-01
  8.187919E-01
  8.255034E-01
  8.322148E-01
  8.389262E-01
  8.456376E-01
  8.523490E-01
  8.590604E-01
  8.657718E-01
  8.724832E-01
  8.791946E-01
  8.859060E-01
  8.926175E-01
  8.993289E-01
  9.060403E-01
  9.127517E-01
  9.194631E-01
  9.261745E-01
  9.328859E-01
  9.395973E-01
  9.463087E-01
  9.530201E-01
  9.597315E-01
  9.664430E-01
  9.731544E-01
  9.798658E-01
  9.865772E-01
  9.932886E-01
  1.000000E+00
  0.000000E+00
  0.000000E+00
  0.000000E+00
  0.000000E+00
  0.000000E+00
  0.000000E+00
  0.000000E+00
  0.000000E+00
  0.000000E+00
  0.000000E+00
  0.000000E+00
  0.000000E+00
  0.000000E+00
  0.000000E+00
  0.000000E+00
  0.000000E+00
  0.000000E+00
  0.000000E+00
  0.000000E+00
  0.000000E+00
  0.000000E+00
  0.000000E+00
  0.000000E+00
  0.000000E+00
  0.000000E+00
  0.000000E+00
  0.000000E+00
  0.000000E+00
  0.000000E+00
  0.000000E+00
  0.000000E+00
  0.000000E+00
  0.000000E+00
  0.000000E+00
  0.000000E+00
  0.000000E+00
  0.000000E+00
  0.000000E+00
  0.000000E+00
  0.000000E+00
  0.000000E+00
  0.000000E+00
  0.000000E+00
  0.000000E+00
  0.000000E+00
  0.000000E+00
  0.000000E+00
  0.000000E+00
  0.000000E+00
  0.000000E+00
  0.000000E+00
  0.000000E+00
  0.000000E+00
  0.000000E+00
  0.000000E+00
  0.000000E+00
  0.000000E+00
  0.000000E+00
  0.000000E+00
  0.000000E+00
  0.000000E+00
  0.000000E+00
  0.000000E+00
  0.000000E+00
  0.000000E+00
  0.000000E+00
  0.000000E+00
  0.000000E+00
  0.000000E+00
  0.000000E+00
  0.000000E+00
  0.000000E+00
  0.000000E+00
  0.000000E+00
  0.000000E+00
  0.000000E+00
  0.000000E+00
  0.000000E+00
  0.000000E+00
  0.000000E+00
  0.000000E+00
  0.000000E+00
  0.000000E+00
  0.000000E+00
  0.000000E+00
  0.000000E+00
  0.000000E+00
  0.000000E+00
  0.000000E+00
  0.000000E+00
  0.000000E+00
  0.000000E+00
  0.000000E+00
  0.000000E+00
  0.000000E+00
  0.000000E+00
  0.000000E+00
  0.000000E+00
  0.000000E+00
  0.000000E+00
  0.000000E+00
  0.000000E+00
  0.000000E+00
  0.000000E+00
  0.000000E+00
  0.000000E+00
  0.000000E+00
  0.000000E+00
  0.000000E+00
  0.000000E+00
  0.000000E+00
  0.000000E+00
  0.000000E+00
  0.000000E+00
  0.000000E+00
  0.000000E+00
  0.000000E+00
  0.000000E+00
  0.000000E+00
  0.000000E+00
  0.000000E+00
  0.000000E+00
  0.000000E+00
  0.000000E+00
  0.000000E+00
  0.000000E+00
  0.000000E+00
  0.000000E+00
  0.000000E+00
  0.000000E+00
  0.000000E+00
  0.000000E+00
  0.000000E+00
  0.000000E+00
  0.000000E+00
  0.000000E+00
  0.000000E+00
  0.000000E+00
  0.000000E+00
  0.000000E+00
  0.000000E+00
  0.000000E+00
  0.000000E+00
  0.000000E+00
  0.000000E+00
  0.000000E+00
  0.000000E+00
  0.000000E+00
  0.000000E+00
  0.000000E+00
  0.000000E+00
  0.000000E+00
  0.000000E+00
  0.000000E+00
  0.000000E+00
  0.000000E+00
  0.000000E+00
  0.000000E+00
  0.000000E+00
  0.000000E+00
  0.000000E+00
  0.000000E+00
  0.000000E+00
  0.000000E+00
  0.000000E+00
  0.000000E+00
  0.000000E+00
  0.000000E+00
  0.000000E+00
  0.000000E+00
  0.000000E+00
  0.000000E+00
  0.000000E+00
  0.000000E+00
  0.000000E+00
  0.000000E+00
  0.000000E+00
  0.000000E+00
  0.000000E+00
  0.000000E+00
  0.000000E+00
  0.000000E+00
  0.000000E+00
  0.000000E+00
  0.000000E+00
  0.000000E+00
  0.000000E+00
  0.000000E+00
  0.000000E+00
  0.000000E+00
  0.000000E+00
  0.000000E+00
  0.000000E+00
  0.000000E+00
  0.000000E+00
  0.000000E+00
  0.000000E+00
  0.000000E+00
  0.000000E+00
  0.000000E+00
  0.000000E+00
  0.000000E+00
  0.000000E+00
  0.000000E+00
  0.000000E+00
  0.000000E+00
  0.000000E+00
  0.000000E+00
  0.000000E+00
  0.000000E+00
  0.000000E+00
  0.000000E+00
  0.000000E+00
  0.000000E+00
  0.000000E+00
  0.000000E+00
  0.000000E+00
  0.000000E+00
  0.000000E+00
  0.000000E+00
  0.000000E+00
  0.000000E+00
  0.000000E+00
  0.000000E+00
  0.000000E+00
  0.000000E+00
  0.000000E+00
  0.000000E+00
  0.000000E+00
  0.000000E+00
  0.000000E+00
  0.000000E+00
  0.000000E+00
  0.000000E+00
  0.000000E+00
  0.000000E+00
  0.000000E+00
  0.000000E+00
  0.000000E+00
  0.000000E+00
  0.000000E+00
  0.000000E+00
  0.000000E+00
  0.000000E+00
  0.000000E+00
  0.000000E+00
  0.000000E+00
  0.000000E+00
  0.000000E+00
  0.000000E+00
  0.000000E+00
  0.000000E+00
  0.000000E+00
  0.000000E+00
  0.000000E+00
  0.000000E+00
  0.000000E+00
  0.000000E+00
  0.000000E+00
  0.000000E+00
  0.000000E+00
  0.000000E+00
  0.000000E+00
  0.000000E+00
  0.000000E+00
  0.000000E+00
  0.000000E+00
  0.000000E+00
  0.000000E+00
  0.000000E+00
  0.000000E+00
  0.000000E+00
  0.000000E+00
  0.000000E+00
  0.000000E+00
  0.000000E+00
  0.000000E+00
  0.000000E+00
  0.000000E+00
  0.000000E+00
  0.000000E+00
  0.000000E+00
  0.000000E+00
  0.000000E+00
  0.000000E+00
  0.000000E+00
  0.000000E+00
  0.000000E+00
  0.000000E+00
  0.000000E+00
  0.000000E+00
  0.000000E+00
  0.000000E+00
  0.000000E+00
  0.000000E+00
  0.000000E+00
  0.000000E+00
  0.000000E+00
  0.000000E+00
  0.000000E+00
  1.000000E-08
  1.691809E-02
  3.383618E-02
  5.075427E-02
  6.767237E-02
  8.459046E-02
  1.015085E-01
  1.184266E-01
  1.353447E-01
  1.522628E-01
  1.691809E-01
  1.860990E-01
  2.030171E-01
  2.199352E-01
  2.368533E-01
  2.537714E-01
  2.706895E-01
  2.876076E-01
  3.045256E-01
  3.214437E-01
  3.383618E-01
  3.552799E-01
  3.721980E-01
  3.891161E-01
  4.060342E-01
  4.229523E-01
  4.398704E-01
  4.567885E-01
  4.737066E-01
  4.906247E-01
  5.075427E-01
  5.244608E-01
  5.413789E-01
  5.582970E-01
  5.752151E-01
  5.921332E-01
  6.090513E-01
  6.259694E-01
  6.428875E-01
  6.598056E-01
  6.767237E-01
  6.936418E-01
  7.105598E-01
  7.274779E-01
  7.443960E-01
  7.613141E-01
  7.782322E-01
  7.951503E-01
  8.120684E-01
  8.289865E-01
  8.459046E-01
  8.628227E-01
  8.797408E-01
  8.966589E-01
  9.135769E-01
  9.304950E-01
  9.474131E-01
  9.643312E-01
  9.812493E-01
  9.981674E-01
  1.015085E+00
  1.032004E+00
  1.048922E+00
  1.065840E+00
  1.082758E+00
  1.099676E+00
  1.116594E+00
  1.133512E+00
  1.150430E+00
  1.167348E+00
  1.184266E+00
  1.201185E+00
  1.218103E+00
  1.235021E+00
  1.251939E+00
  1.268857E+00
  1.285775E+00
  1.302693E+00
  1.319611E+00
  1.336529E+00
  1.353447E+00
  1.370365E+00
  1.387284E+00
  1.404202E+00
  1.421120E+00
  1.438038E+00
  1.454956E+00
  1.471874E+00
  1.488792E+00
  1.505710E+00
  1.522628E+00
  1.539546E+00
  1.556464E+00
  1.573383E+00
  1.590301E+00
  1.607219E+00
  1.624137E+00
  1.641055E+00
  1.657973E+00
  1.674891E+00
  1.691809E+00
  1.708727E+00
  1.725645E+00
  1.742563E+00
  1.759482E+00
  1.776400E+00
  1.793318E+00
  1.810236E+00
  1.827154E+00
  1.844072E+00
  1.860990E+00
  1.877908E+00
  1.894826E+00
  1.911744E+00
  1.928662E+00
  1.945581E+00
  1.962499E+00
  1.979417E+00
  1.996335E+00
  2.013253E+00
  2.030171E+00
  2.047089E+00
  2.064007E+00
  2.080925E+00
  2.097843E+00
  2.114761E+00
  2.131680E+00
  2.148598E+00
  2.165516E+00
  2.182434E+00
  2.199352E+00
  2.216270E+00
  2.233188E+00
  2.250106E+00
  2.267024E+00
  2.283942E+00
  2.300860E+00
  2.317779E+00
  2.334697E+00
  2.351615E+00
  2.368533E+00
  2.385451E+00
  2.402369E+00
  2.419287E+00
  2.436205E+00
  2.453123E+00
  2.470041E+00
  2.486959E+00
  2.503878E+00
  2.520796E+00
  1.097957E+04
  1.097806E+04
  1.097656E+04
  1.097505E+04
  1.097355E+04
  1.097204E+04
  1.097054E+04
  1.096904E+04
  1.096753E+04
  1.096315E+04
  1.095864E+04
  1.095414E+04
  1.094963E+04
  1.094512E+04
  1.094062E+04
  1.093611E+04
  1.093073E+04
  1.092351E+04
  1.091629E+04
  1.090906E+04
  1.090184E+04
  1.089462E+04
  1.088740E+04
  1.087999E+04
  1.087005E+04
  1.086011E+04
  1.085017E+04
  1.084023E+04
  1.083029E+04
  1.082035E+04
  1.080990E+04
  1.079701E+04
  1.078412E+04
  1.077123E+04
  1.075834E+04
  1.074545E+04
  1.073256E+04
  1.071773E+04
  1.070172E+04
  1.068572E+04
  1.066971E+04
  1.065371E+04
  1.063771E+04
  1.062043E+04
  1.060126E+04
  1.058210E+04
  1.056293E+04
  1.054377E+04
  1.052460E+04
  1.050383E+04
  1.048140E+04
  1.045897E+04
  1.043654E+04
  1.041412E+04
  1.039169E+04
  1.036626E+04
  1.034042E+04
  1.031457E+04
  1.028873E+04
  1.026288E+04
  1.023513E+04
  1.020579E+04
  1.017645E+04
  1.014711E+04
  1.011778E+04
  1.008669E+04
  1.005370E+04
  1.002071E+04
  9.987724E+03
  9.954737E+03
  9.919130E+03
  9.882207E+03
  9.845284E+03
  9.808362E+03
  9.771061E+03
  9.730036E+03
  9.689012E+03
  9.647990E+03
  9.606968E+03
  9.562861E+03
  9.517717E+03
  9.472574E+03
  9.427433E+03
  9.379753E+03
  9.330526E+03
  9.281300E+03
  9.232077E+03
  9.180215E+03
  9.127227E+03
  9.074242E+03
  9.021260E+03
  8.965111E+03
  8.908889E+03
  8.852675E+03
  8.795130E+03
  8.735876E+03
  8.676638E+03
  8.617180E+03
  8.554889E+03
  8.492627E+03
  8.430395E+03
  8.365698E+03
  8.300711E+03
  8.235770E+03
  8.168314E+03
  8.100454E+03
  8.032648E+03
  7.961150E+03
  7.889578E+03
  7.817007E+03
  7.740920E+03
  7.664885E+03
  7.585765E+03
  7.504825E+03
  7.423128E+03
  7.337129E+03
  7.251167E+03
  7.161153E+03
  7.070202E+03
  6.976515E+03
  6.880839E+03
  6.783091E+03
  6.682898E+03
  6.580781E+03
  6.476277E+03
  6.369674E+03
  6.261248E+03
  6.150297E+03
  6.038362E+03
  5.923284E+03
  5.807180E+03
  5.689233E+03
  5.569209E+03
  5.447865E+03
  5.324815E+03
  5.199444E+03
  5.072307E+03
  4.943247E+03
  4.812286E+03
  4.680214E+03
  4.551756E+03
  4.436989E+03
  4.352004E+03
  4.323865E+03
  4.414065E+03
  4.546491E+03
  4.293694E+03
  4.582334E+03
  1.330197E+03
  7.300221E-03
  5.972850E+02
  5.972547E+02
  5.972243E+02
  5.971939E+02
  5.971636E+02
  5.971332E+02
  5.971028E+02
  5.970725E+02
  5.970421E+02
  5.969962E+02
  5.969497E+02
  5.969031E+02
  5.968566E+02
  5.968101E+02
  5.967635E+02
  5.967170E+02
  5.966898E+02
  5.967030E+02
  5.967163E+02
  5.967296E+02
  5.967429E+02
  5.967562E+02
  5.967695E+02
  5.967863E+02
  5.968509E+02
  5.969156E+02
  5.969803E+02
  5.970450E+02
  5.971098E+02
  5.971746E+02
  5.972389E+02
  5.973010E+02
  5.973631E+02
  5.974253E+02
  5.974875E+02
  5.975498E+02
  5.976122E+02
  5.976637E+02
  5.977087E+02
  5.977538E+02
  5.977991E+02
  5.978444E+02
  5.978899E+02
  5.979288E+02
  5.979580E+02
  5.979873E+02
  5.980169E+02
  5.980466E+02
  5.980765E+02
  5.980762E+02
  5.980450E+02
  5.980141E+02
  5.979834E+02
  5.979529E+02
  5.979226E+02
  5.977709E+02
  5.976029E+02
  5.974351E+02
  5.972675E+02
  5.971001E+02
  5.968425E+02
  5.965100E+02
  5.961777E+02
  5.958456E+02
  5.955138E+02
  5.951029E+02
  5.946061E+02
  5.941095E+02
  5.936132E+02
  5.931171E+02
  5.925112E+02
  5.918503E+02
  5.911896E+02
  5.905292E+02
  5.898569E+02
  5.890671E+02
  5.882775E+02
  5.874882E+02
  5.866992E+02
  5.857667E+02
  5.847860E+02
  5.838055E+02
  5.828254E+02
  5.815704E+02
  5.801476E+02
  5.787247E+02
  5.773018E+02
  5.754108E+02
  5.733193E+02
  5.712275E+02
  5.691354E+02
  5.662769E+02
  5.633995E+02
  5.605225E+02
  5.572123E+02
  5.533459E+02
  5.494822E+02
  5.455385E+02
  5.405874E+02
  5.356438E+02
  5.307076E+02
  5.251485E+02
  5.195168E+02
  5.138967E+02
  5.081625E+02
  5.024188E+02
  4.966879E+02
  4.911831E+02
  4.856972E+02
  4.803252E+02
  4.753115E+02
  4.703058E+02
  4.656921E+02
  4.613124E+02
  4.570447E+02
  4.533609E+02
  4.496793E+02
  4.465501E+02
  4.435520E+02
  4.409171E+02
  4.385466E+02
  4.363880E+02
  4.344786E+02
  4.326702E+02
  4.309875E+02
  4.293532E+02
  4.277623E+02
  4.262095E+02
  4.246747E+02
  4.232204E+02
  4.218291E+02
  4.205482E+02
  4.194994E+02
  4.186555E+02
  4.181200E+02
  4.181601E+02
  4.187571E+02
  4.200943E+02
  4.224591E+02
  4.264889E+02
  4.336386E+02
  4.461343E+02
  4.678189E+02
  5.050330E+02
  5.704528E+02
  6.562088E+02
  6.992952E+02
  8.245566E+02
  3.690347E+02
  2.340010E-03
  2.005388E+03
  2.005036E+03
  2.004685E+03
  2.004333E+03
  2.003981E+03
  2.003630E+03
  2.003278E+03
  2.002926E+03
  2.002575E+03
  2.001583E+03
  2.000565E+03
  1.999546E+03
  1.998528E+03
  1.997510E+03
  1.996492E+03
  1.995473E+03
  1.994272E+03
  1.992688E+03
  1.991103E+03
  1.989518E+03
  1.987933E+03
  1.986349E+03
  1.984764E+03
  1.983137E+03
  1.980928E+03
  1.978719E+03
  1.976509E+03
  1.974300E+03
  1.972090E+03
  1.969881E+03
  1.967538E+03
  1.964556E+03
  1.961575E+03
  1.958594E+03
  1.955613E+03
  1.952632E+03
  1.949650E+03
  1.946130E+03
  1.942286E+03
  1.938442E+03
  1.934598E+03
  1.930754E+03
  1.926911E+03
  1.922719E+03
  1.918015E+03
  1.913311E+03
  1.908607E+03
  1.903903E+03
  1.899199E+03
  1.894095E+03
  1.888583E+03
  1.883070E+03
  1.877558E+03
  1.872046E+03
  1.866534E+03
  1.860370E+03
  1.854117E+03
  1.847864E+03
  1.841611E+03
  1.835358E+03
  1.828734E+03
  1.821801E+03
  1.814868E+03
  1.807936E+03
  1.801003E+03
  1.793725E+03
  1.786071E+03
  1.778418E+03
  1.770780E+03
  1.763127E+03
  1.754950E+03
  1.746510E+03
  1.738071E+03
  1.729631E+03
  1.721131E+03
  1.712043E+03
  1.702954E+03
  1.693865E+03
  1.684777E+03
  1.675342E+03
  1.665792E+03
  1.656242E+03
  1.646692E+03
  1.636892E+03
  1.626941E+03
  1.616990E+03
  1.607040E+03
  1.596988E+03
  1.586893E+03
  1.576798E+03
  1.566704E+03
  1.556891E+03
  1.547087E+03
  1.537285E+03
  1.527610E+03
  1.518100E+03
  1.508596E+03
  1.499084E+03
  1.489435E+03
  1.479797E+03
  1.470170E+03
  1.460164E+03
  1.450135E+03
  1.440123E+03
  1.429482E+03
  1.418748E+03
  1.408035E+03
  1.395931E+03
  1.383801E+03
  1.371219E+03
  1.357054E+03
  1.342909E+03
  1.327314E+03
  1.310862E+03
  1.294055E+03
  1.275254E+03
  1.256464E+03
  1.235851E+03
  1.214811E+03
  1.192661E+03
  1.169702E+03
  1.146110E+03
  1.121773E+03
  1.097077E+03
  1.071935E+03
  1.046651E+03
  1.021244E+03
  9.960193E+02
  9.708696E+02
  9.464869E+02
  9.225626E+02
  8.994630E+02
  8.777335E+02
  8.570202E+02
  8.377409E+02
  8.206324E+02
  8.052643E+02
  7.919853E+02
  7.813350E+02
  7.746979E+02
  7.757811E+02
  7.909176E+02
  8.313381E+02
  9.138721E+02
  1.065397E+03
  1.253769E+03
  1.305859E+03
  1.410586E+03
 -1.962834E+00
  2.270501E-08
  1.232798E+00
  1.232629E+00
  1.232460E+00
  1.232291E+00
  1.232122E+00
  1.231953E+00
  1.231785E+00
  1.231616E+00
  1.231447E+00
  1.230954E+00
  1.230448E+00
  1.229943E+00
  1.229437E+00
  1.228931E+00
  1.228425E+00
  1.227919E+00
  1.227315E+00
  1.226504E+00
  1.225693E+00
  1.224882E+00
  1.224071E+00
  1.223260E+00
  1.222449E+00
  1.221618E+00
  1.220502E+00
  1.219386E+00
  1.218270E+00
  1.217154E+00
  1.216038E+00
  1.214922E+00
  1.213748E+00
  1.212301E+00
  1.210853E+00
  1.209406E+00
  1.207959E+00
  1.206511E+00
  1.205064E+00
  1.203398E+00
  1.201601E+00
  1.199804E+00
  1.198008E+00
  1.196211E+00
  1.194414E+00
  1.192474E+00
  1.190322E+00
  1.188170E+00
  1.186018E+00
  1.183866E+00
  1.181714E+00
  1.179381E+00
  1.176863E+00
  1.174345E+00
  1.171827E+00
  1.169309E+00
  1.166791E+00
  1.163935E+00
  1.161033E+00
  1.158132E+00
  1.155230E+00
  1.152328E+00
  1.149212E+00
  1.145918E+00
  1.142623E+00
  1.139329E+00
  1.136035E+00
  1.132545E+00
  1.128841E+00
  1.125137E+00
  1.121433E+00
  1.117729E+00
  1.113731E+00
  1.109585E+00
  1.105439E+00
  1.101294E+00
  1.097106E+00
  1.092499E+00
  1.087893E+00
  1.083287E+00
  1.078681E+00
  1.073729E+00
  1.068660E+00
  1.063591E+00
  1.058523E+00
  1.053169E+00
  1.047642E+00
  1.042115E+00
  1.036588E+00
  1.030765E+00
  1.024815E+00
  1.018866E+00
  1.012917E+00
  1.006613E+00
  1.000300E+00
  9.939882E-01
  9.875270E-01
  9.808740E-01
  9.742226E-01
  9.675466E-01
  9.605525E-01
  9.535617E-01
  9.465742E-01
  9.393099E-01
  9.320132E-01
  9.247215E-01
  9.171474E-01
  9.095280E-01
  9.019147E-01
  8.938869E-01
  8.858507E-01
  8.777023E-01
  8.691592E-01
  8.606219E-01
  8.517382E-01
  8.426502E-01
  8.334771E-01
  8.238210E-01
  8.141691E-01
  8.040623E-01
  7.938501E-01
  7.833309E-01
  7.725884E-01
  7.616130E-01
  7.503633E-01
  7.388975E-01
  7.271636E-01
  7.151941E-01
  7.030200E-01
  6.905622E-01
  6.779941E-01
  6.650729E-01
  6.520367E-01
  6.387934E-01
  6.253170E-01
  6.116924E-01
  5.978762E-01
  5.837994E-01
  5.695243E-01
  5.550333E-01
  5.403289E-01
  5.254996E-01
  5.110762E-01
  4.981901E-01
  4.886479E-01
  4.854884E-01
  4.956161E-01
  5.104851E-01
  4.821007E-01
  5.145096E-01
  1.493560E-01
  8.196770E-07
  1.087764E+00
  1.087709E+00
  1.087653E+00
  1.087598E+00
  1.087543E+00
  1.087487E+00
  1.087432E+00
  1.087377E+00
  1.087322E+00
  1.087238E+00
  1.087153E+00
  1.087068E+00
  1.086984E+00
  1.086899E+00
  1.086814E+00
  1.086730E+00
  1.086680E+00
  1.086704E+00
  1.086728E+00
  1.086752E+00
  1.086777E+00
  1.086801E+00
  1.086825E+00
  1.086856E+00
  1.086973E+00
  1.087091E+00
  1.087209E+00
  1.087327E+00
  1.087445E+00
  1.087563E+00
  1.087680E+00
  1.087793E+00
  1.087906E+00
  1.088019E+00
  1.088133E+00
  1.088246E+00
  1.088360E+00
  1.088454E+00
  1.088536E+00
  1.088618E+00
  1.088700E+00
  1.088783E+00
  1.088866E+00
  1.088936E+00
  1.088989E+00
  1.089043E+00
  1.089097E+00
  1.089151E+00
  1.089205E+00
  1.089205E+00
  1.089148E+00
  1.089092E+00
  1.089036E+00
  1.088980E+00
  1.088925E+00
  1.088649E+00
  1.088343E+00
  1.088037E+00
  1.087732E+00
  1.087427E+00
  1.086958E+00
  1.086352E+00
  1.085747E+00
  1.085143E+00
  1.084538E+00
  1.083790E+00
  1.082885E+00
  1.081981E+00
  1.081077E+00
  1.080173E+00
  1.079070E+00
  1.077866E+00
  1.076663E+00
  1.075460E+00
  1.074236E+00
  1.072798E+00
  1.071360E+00
  1.069922E+00
  1.068485E+00
  1.066787E+00
  1.065001E+00
  1.063215E+00
  1.061430E+00
  1.059145E+00
  1.056554E+00
  1.053962E+00
  1.051371E+00
  1.047927E+00
  1.044118E+00
  1.040308E+00
  1.036498E+00
  1.031293E+00
  1.026052E+00
  1.020813E+00
  1.014784E+00
  1.007743E+00
  1.000706E+00
  9.935242E-01
  9.845074E-01
  9.755042E-01
  9.665145E-01
  9.563904E-01
  9.461340E-01
  9.358987E-01
  9.254557E-01
  9.149955E-01
  9.045584E-01
  8.945331E-01
  8.845423E-01
  8.747590E-01
  8.656281E-01
  8.565119E-01
  8.481095E-01
  8.401333E-01
  8.323610E-01
  8.256521E-01
  8.189473E-01
  8.132484E-01
  8.077884E-01
  8.029896E-01
  7.986726E-01
  7.947414E-01
  7.912641E-01
  7.879707E-01
  7.849062E-01
  7.819298E-01
  7.790325E-01
  7.762046E-01
  7.734095E-01
  7.707608E-01
  7.682270E-01
  7.658943E-01
  7.639842E-01
  7.624474E-01
  7.614721E-01
  7.615451E-01
  7.626323E-01
  7.650676E-01
  7.693744E-01
  7.767134E-01
  7.897342E-01
  8.124911E-01
  8.519828E-01
  9.197564E-01
  1.038898E+00
  1.195075E+00
  1.273543E+00
  1.501667E+00
  6.720789E-01
  4.261581E-06
  1.260710E+00
  1.260488E+00
  1.260267E+00
  1.260046E+00
  1.259825E+00
  1.259604E+00
  1.259383E+00
  1.259162E+00
  1.258941E+00
  1.258317E+00
  1.257677E+00
  1.257037E+00
  1.256397E+00
  1.255757E+00
  1.255117E+00
  1.254477E+00
  1.253722E+00
  1.252725E+00
  1.251729E+00
  1.250733E+00
  1.249736E+00
  1.248740E+00
  1.247744E+00
  1.246721E+00
  1.245332E+00
  1.243943E+00
  1.242555E+00
  1.241166E+00
  1.239777E+00
  1.238388E+00
  1.236915E+00
  1.235040E+00
  1.233166E+00
  1.231292E+00
  1.229418E+00
  1.227544E+00
  1.225669E+00
  1.223456E+00
  1.221040E+00
  1.218623E+00
  1.216207E+00
  1.213790E+00
  1.211374E+00
  1.208739E+00
  1.205781E+00
  1.202824E+00
  1.199867E+00
  1.196910E+00
  1.193953E+00
  1.190744E+00
  1.187279E+00
  1.183813E+00
  1.180348E+00
  1.176883E+00
  1.173417E+00
  1.169542E+00
  1.165611E+00
  1.161680E+00
  1.157749E+00
  1.153818E+00
  1.149654E+00
  1.145296E+00
  1.140937E+00
  1.136579E+00
  1.132221E+00
  1.127645E+00
  1.122834E+00
  1.118022E+00
  1.113221E+00
  1.108409E+00
  1.103269E+00
  1.097963E+00
  1.092658E+00
  1.087352E+00
  1.082009E+00
  1.076295E+00
  1.070581E+00
  1.064867E+00
  1.059154E+00
  1.053223E+00
  1.047219E+00
  1.041215E+00
  1.035211E+00
  1.029051E+00
  1.022795E+00
  1.016539E+00
  1.010284E+00
  1.003964E+00
  9.976178E-01
  9.912718E-01
  9.849262E-01
  9.787571E-01
  9.725935E-01
  9.664311E-01
  9.603488E-01
  9.543707E-01
  9.483956E-01
  9.424161E-01
  9.363502E-01
  9.302912E-01
  9.242390E-01
  9.179483E-01
  9.116434E-01
  9.053494E-01
  8.986600E-01
  8.919115E-01
  8.851766E-01
  8.775676E-01
  8.699417E-01
  8.620320E-01
  8.531269E-01
  8.442348E-01
  8.344310E-01
  8.240881E-01
  8.135222E-01
  8.017024E-01
  7.898901E-01
  7.769313E-01
  7.637043E-01
  7.497796E-01
  7.353461E-01
  7.205150E-01
  7.052153E-01
  6.896898E-01
  6.738842E-01
  6.579889E-01
  6.420163E-01
  6.261586E-01
  6.103480E-01
  5.950195E-01
  5.799792E-01
  5.654574E-01
  5.517969E-01
  5.387753E-01
  5.266551E-01
  5.158997E-01
  5.062384E-01
  4.978904E-01
  4.911950E-01
  4.870225E-01
  4.877034E-01
  4.972192E-01
  5.226300E-01
  5.745159E-01
  6.697735E-01
  7.881957E-01
  8.209426E-01
  8.867804E-01
 -1.233958E-03
  1.427376E-11
  9.722473E-01
  9.721141E-01
  9.719809E-01
  9.718478E-01
  9.717146E-01
  9.715814E-01
  9.714483E-01
  9.713151E-01
  9.711819E-01
  9.707936E-01
  9.703947E-01
  9.699958E-01
  9.695968E-01
  9.691979E-01
  9.687990E-01
  9.684001E-01
  9.679236E-01
  9.672841E-01
  9.666447E-01
  9.660052E-01
  9.653657E-01
  9.647263E-01
  9.640868E-01
  9.634313E-01
  9.625512E-01
  9.616712E-01
  9.607911E-01
  9.599110E-01
  9.590309E-01
  9.581509E-01
  9.572254E-01
  9.560841E-01
  9.549428E-01
  9.538015E-01
  9.526603E-01
  9.515190E-01
  9.503777E-01
  9.490641E-01
  9.476471E-01
  9.462301E-01
  9.448132E-01
  9.433963E-01
  9.419794E-01
  9.404493E-01
  9.387523E-01
  9.370554E-01
  9.353584E-01
  9.336616E-01
  9.319647E-01
  9.301250E-01
  9.281392E-01
  9.261535E-01
  9.241678E-01
  9.221821E-01
  9.201965E-01
  9.179444E-01
  9.156559E-01
  9.133674E-01
  9.110791E-01
  9.087907E-01
  9.063332E-01
  9.037352E-01
  9.011372E-01
  8.985393E-01
  8.959414E-01
  8.931886E-01
  8.902675E-01
  8.873464E-01
  8.844253E-01
  8.815043E-01
  8.783512E-01
  8.750815E-01
  8.718119E-01
  8.685424E-01
  8.652392E-01
  8.616063E-01
  8.579735E-01
  8.543407E-01
  8.507080E-01
  8.468022E-01
  8.428044E-01
  8.388068E-01
  8.348092E-01
  8.305869E-01
  8.262275E-01
  8.218683E-01
  8.175093E-01
  8.129168E-01
  8.082245E-01
  8.035326E-01
  7.988409E-01
  7.938690E-01
  7.888907E-01
  7.839130E-01
  7.788177E-01
  7.735711E-01
  7.683258E-01
  7.630611E-01
  7.575456E-01
  7.520325E-01
  7.465219E-01
  7.407927E-01
  7.350377E-01
  7.292864E-01
  7.233122E-01
  7.173019E-01
  7.112962E-01
  7.049635E-01
  6.986240E-01
  6.921959E-01
  6.854567E-01
  6.787220E-01
  6.717143E-01
  6.645457E-01
  6.573101E-01
  6.496943E-01
  6.420817E-01
  6.341110E-01
  6.260574E-01
  6.177622E-01
  6.092910E-01
  6.006366E-01
  5.917659E-01
  5.827250E-01
  5.734728E-01
  5.640347E-01
  5.544351E-01
  5.446118E-01
  5.347012E-01
  5.245120E-01
  5.142318E-01
  5.037881E-01
  4.931602E-01
  4.824151E-01
  4.715186E-01
  4.604162E-01
  4.491572E-01
  4.377276E-01
  4.261296E-01
  4.144328E-01
  4.030559E-01
  3.928911E-01
  3.853633E-01
  3.828689E-01
  3.908528E-01
  4.025753E-01
  3.801875E-01
  4.057412E-01
  1.441616E-01
  5.305599E-02
  5.288996E-02
  5.288727E-02
  5.288458E-02
  5.288189E-02
  5.287920E-02
  5.287652E-02
  5.287383E-02
  5.287114E-02
  5.286846E-02
  5.286439E-02
  5.286027E-02
  5.285616E-02
  5.285204E-02
  5.284792E-02
  5.284380E-02
  5.283969E-02
  5.283728E-02
  5.283846E-02
  5.283964E-02
  5.284082E-02
  5.284200E-02
  5.284318E-02
  5.284437E-02
  5.284586E-02
  5.285159E-02
  5.285732E-02
  5.286306E-02
  5.286879E-02
  5.287453E-02
  5.288028E-02
  5.288598E-02
  5.289148E-02
  5.289699E-02
  5.290251E-02
  5.290803E-02
  5.291355E-02
  5.291908E-02
  5.292365E-02
  5.292765E-02
  5.293165E-02
  5.293567E-02
  5.293969E-02
  5.294373E-02
  5.294718E-02
  5.294977E-02
  5.295238E-02
  5.295501E-02
  5.295765E-02
  5.296031E-02
  5.296029E-02
  5.295754E-02
  5.295481E-02
  5.295210E-02
  5.294941E-02
  5.294673E-02
  5.293331E-02
  5.291844E-02
  5.290358E-02
  5.288874E-02
  5.287393E-02
  5.285112E-02
  5.282168E-02
  5.279226E-02
  5.276286E-02
  5.273348E-02
  5.269710E-02
  5.265311E-02
  5.260914E-02
  5.256518E-02
  5.252125E-02
  5.246759E-02
  5.240907E-02
  5.235056E-02
  5.229207E-02
  5.223254E-02
  5.216259E-02
  5.209267E-02
  5.202277E-02
  5.195289E-02
  5.187030E-02
  5.178345E-02
  5.169661E-02
  5.160981E-02
  5.149866E-02
  5.137265E-02
  5.124664E-02
  5.112063E-02
  5.095317E-02
  5.076796E-02
  5.058273E-02
  5.039747E-02
  5.014435E-02
  4.988957E-02
  4.963482E-02
  4.934172E-02
  4.899936E-02
  4.865725E-02
  4.830806E-02
  4.786966E-02
  4.743192E-02
  4.699482E-02
  4.650254E-02
  4.600382E-02
  4.550611E-02
  4.499828E-02
  4.448960E-02
  4.398203E-02
  4.349448E-02
  4.300860E-02
  4.253280E-02
  4.208872E-02
  4.164536E-02
  4.123672E-02
  4.084881E-02
  4.047083E-02
  4.014458E-02
  3.981854E-02
  3.954144E-02
  3.927597E-02
  3.904268E-02
  3.883284E-02
  3.864176E-02
  3.847278E-02
  3.831274E-02
  3.816384E-02
  3.801923E-02
  3.787846E-02
  3.774106E-02
  3.760525E-02
  3.747654E-02
  3.735340E-02
  3.724003E-02
  3.714718E-02
  3.707246E-02
  3.702502E-02
  3.702852E-02
  3.708131E-02
  3.719961E-02
  3.740890E-02
  3.776558E-02
  3.839850E-02
  3.950476E-02
  4.142465E-02
  4.471959E-02
  5.051197E-02
  5.810491E-02
  6.191948E-02
  7.301008E-02
  3.999453E-02
  1.700655E-02
  1.775783E-01
  1.775472E-01
  1.775161E-01
  1.774849E-01
  1.774538E-01
  1.774227E-01
  1.773915E-01
  1.773604E-01
  1.773293E-01
  1.772414E-01
  1.771513E-01
  1.770611E-01
  1.769710E-01
  1.768808E-01
  1.767907E-01
  1.767005E-01
  1.765942E-01
  1.764538E-01
  1.763135E-01
  1.761732E-01
  1.760329E-01
  1.758926E-01
  1.757522E-01
  1.756082E-01
  1.754126E-01
  1.752170E-01
  1.750214E-01
  1.748258E-01
  1.746301E-01
  1.744345E-01
  1.742270E-01
  1.739631E-01
  1.736991E-01
  1.734351E-01
  1.731712E-01
  1.729072E-01
  1.726432E-01
  1.723315E-01
  1.719912E-01
  1.716508E-01
  1.713105E-01
  1.709701E-01
  1.706298E-01
  1.702587E-01
  1.698421E-01
  1.694256E-01
  1.690091E-01
  1.685926E-01
  1.681761E-01
  1.677242E-01
  1.672361E-01
  1.667480E-01
  1.662599E-01
  1.657718E-01
  1.652837E-01
  1.647379E-01
  1.641842E-01
  1.636305E-01
  1.630768E-01
  1.625232E-01
  1.619366E-01
  1.613227E-01
  1.607088E-01
  1.600949E-01
  1.594810E-01
  1.588366E-01
  1.581588E-01
  1.574811E-01
  1.568048E-01
  1.561270E-01
  1.554030E-01
  1.546556E-01
  1.539083E-01
  1.531609E-01
  1.524083E-01
  1.516034E-01
  1.507986E-01
  1.499937E-01
  1.491889E-01
  1.483535E-01
  1.475077E-01
  1.466620E-01
  1.458163E-01
  1.449485E-01
  1.440673E-01
  1.431861E-01
  1.423049E-01
  1.414148E-01
  1.405208E-01
  1.396270E-01
  1.387331E-01
  1.378642E-01
  1.369960E-01
  1.361281E-01
  1.352714E-01
  1.344294E-01
  1.335878E-01
  1.327456E-01
  1.318913E-01
  1.310379E-01
  1.301854E-01
  1.292993E-01
  1.284111E-01
  1.275245E-01
  1.265820E-01
  1.256313E-01
  1.246824E-01
  1.236103E-01
  1.225359E-01
  1.214214E-01
  1.201668E-01
  1.189140E-01
  1.175328E-01
  1.160757E-01
  1.145872E-01
  1.129222E-01
  1.112583E-01
  1.094330E-01
  1.075700E-01
  1.056087E-01
  1.035759E-01
  1.014870E-01
  9.933224E-02
  9.714565E-02
  9.491963E-02
  9.268098E-02
  9.043139E-02
  8.819799E-02
  8.597118E-02
  8.381225E-02
  8.169387E-02
  7.964848E-02
  7.772437E-02
  7.589020E-02
  7.418293E-02
  7.266786E-02
  7.130686E-02
  7.013080E-02
  6.918748E-02
  6.859947E-02
  6.869505E-02
  7.003499E-02
  7.361372E-02
  8.092140E-02
  9.433783E-02
  1.110167E-01
  1.156280E-01
  1.248998E-01
 -2.127243E-04
  1.650138E-07
  9.724377E-01
  9.723046E-01
  9.721714E-01
  9.720382E-01
  9.719051E-01
  9.717719E-01
  9.716388E-01
  9.715056E-01
  9.713725E-01
  9.709842E-01
  9.705853E-01
  9.701864E-01
  9.697876E-01
  9.693887E-01
  9.689898E-01
  9.685910E-01
  9.681146E-01
  9.674752E-01
  9.668359E-01
  9.661965E-01
  9.655572E-01
  9.649179E-01
  9.642785E-01
  9.636231E-01
  9.627433E-01
  9.618634E-01
  9.609835E-01
  9.601037E-01
  9.592238E-01
  9.583439E-01
  9.574187E-01
  9.562777E-01
  9.551367E-01
  9.539957E-01
  9.528548E-01
  9.517138E-01
  9.505729E-01
  9.492596E-01
  9.478430E-01
  9.464264E-01
  9.450099E-01
  9.435934E-01
  9.421769E-01
  9.406472E-01
  9.389507E-01
  9.372543E-01
  9.355578E-01
  9.338615E-01
  9.321651E-01
  9.303260E-01
  9.283407E-01
  9.263555E-01
  9.243704E-01
  9.223853E-01
  9.204002E-01
  9.181487E-01
  9.158608E-01
  9.135729E-01
  9.112851E-01
  9.089974E-01
  9.065405E-01
  9.039431E-01
  9.013457E-01
  8.987484E-01
  8.961512E-01
  8.933990E-01
  8.904785E-01
  8.875581E-01
  8.846377E-01
  8.817173E-01
  8.785650E-01
  8.752961E-01
  8.720272E-01
  8.687584E-01
  8.654560E-01
  8.618240E-01
  8.581921E-01
  8.545602E-01
  8.509284E-01
  8.470235E-01
  8.430268E-01
  8.390303E-01
  8.350338E-01
  8.308127E-01
  8.264546E-01
  8.220967E-01
  8.177390E-01
  8.131480E-01
  8.084573E-01
  8.037669E-01
  7.990768E-01
  7.941067E-01
  7.891302E-01
  7.841544E-01
  7.790609E-01
  7.738164E-01
  7.685731E-01
  7.633105E-01
  7.577971E-01
  7.522863E-01
  7.467779E-01
  7.410510E-01
  7.352984E-01
  7.295494E-01
  7.235777E-01
  7.175700E-01
  7.115668E-01
  7.052369E-01
  6.989001E-01
  6.924748E-01
  6.857385E-01
  6.790068E-01
  6.720022E-01
  6.648368E-01
  6.576044E-01
  6.499920E-01
  6.423828E-01
  6.344157E-01
  6.263659E-01
  6.180744E-01
  6.096072E-01
  6.009567E-01
  5.920902E-01
  5.830534E-01
  5.738052E-01
  5.643713E-01
  5.547758E-01
  5.449565E-01
  5.350500E-01
  5.248650E-01
  5.145891E-01
  5.041499E-01
  4.935273E-01
  4.827880E-01
  4.718984E-01
  4.608053E-01
  4.495578E-01
  4.381431E-01
  4.265641E-01
  4.148923E-01
  4.035475E-01
  3.934211E-01
  3.859360E-01
  3.834835E-01
  3.914970E-01
  4.032183E-01
  3.808073E-01
  4.062119E-01
  1.435577E-01
  5.060916E-02
  4.648225E-02
  4.647994E-02
  4.647762E-02
  4.647531E-02
  4.647299E-02
  4.647068E-02
  4.646836E-02
  4.646605E-02
  4.646373E-02
  4.646033E-02
  4.645689E-02
  4.645345E-02
  4.645002E-02
  4.644658E-02
  4.644314E-02
  4.643970E-02
  4.643783E-02
  4.643923E-02
  4.644064E-02
  4.644205E-02
  4.644346E-02
  4.644488E-02
  4.644629E-02
  4.644798E-02
  4.645345E-02
  4.645892E-02
  4.646440E-02
  4.646988E-02
  4.647536E-02
  4.648084E-02
  4.648627E-02
  4.649140E-02
  4.649654E-02
  4.650168E-02
  4.650683E-02
  4.651199E-02
  4.651715E-02
  4.652140E-02
  4.652512E-02
  4.652886E-02
  4.653260E-02
  4.653635E-02
  4.654011E-02
  4.654336E-02
  4.654586E-02
  4.654837E-02
  4.655090E-02
  4.655345E-02
  4.655601E-02
  4.655599E-02
  4.655334E-02
  4.655071E-02
  4.654809E-02
  4.654550E-02
  4.654292E-02
  4.652974E-02
  4.651513E-02
  4.650053E-02
  4.648596E-02
  4.647140E-02
  4.644893E-02
  4.641988E-02
  4.639085E-02
  4.636184E-02
  4.633284E-02
  4.629688E-02
  4.625336E-02
  4.620985E-02
  4.616635E-02
  4.612288E-02
  4.606966E-02
  4.601156E-02
  4.595349E-02
  4.589543E-02
  4.583631E-02
  4.576658E-02
  4.569687E-02
  4.562720E-02
  4.555755E-02
  4.547488E-02
  4.538784E-02
  4.530083E-02
  4.521384E-02
  4.510220E-02
  4.497551E-02
  4.484882E-02
  4.472212E-02
  4.455364E-02
  4.436725E-02
  4.418084E-02
  4.399440E-02
  4.373979E-02
  4.348349E-02
  4.322722E-02
  4.293260E-02
  4.258873E-02
  4.224509E-02
  4.189441E-02
  4.145500E-02
  4.101623E-02
  4.057808E-02
  4.008562E-02
  3.958679E-02
  3.908893E-02
  3.858205E-02
  3.807447E-02
  3.756795E-02
  3.708285E-02
  3.659942E-02
  3.612636E-02
  3.568611E-02
  3.524652E-02
  3.484233E-02
  3.445925E-02
  3.408615E-02
  3.376528E-02
  3.344458E-02
  3.317280E-02
  3.291263E-02
  3.268431E-02
  3.247919E-02
  3.229240E-02
  3.212718E-02
  3.197034E-02
  3.182394E-02
  3.168106E-02
  3.154135E-02
  3.140382E-02
  3.126740E-02
  3.113587E-02
  3.100866E-02
  3.088899E-02
  3.078544E-02
  3.069615E-02
  3.062821E-02
  3.059947E-02
  3.060842E-02
  3.066785E-02
  3.079867E-02
  3.105052E-02
  3.154682E-02
  3.248584E-02
  3.421196E-02
  3.730396E-02
  4.292557E-02
  5.044514E-02
  5.428341E-02
  6.543906E-02
  3.329463E-02
  8.903167E-03
  1.780392E-01
  1.780080E-01
  1.779769E-01
  1.779457E-01
  1.779146E-01
  1.778834E-01
  1.778522E-01
  1.778211E-01
  1.777899E-01
  1.777020E-01
  1.776118E-01
  1.775216E-01
  1.774314E-01
  1.773412E-01
  1.772509E-01
  1.771607E-01
  1.770543E-01
  1.769140E-01
  1.767736E-01
  1.766332E-01
  1.764929E-01
  1.763525E-01
  1.762122E-01
  1.760681E-01
  1.758725E-01
  1.756768E-01
  1.754812E-01
  1.752855E-01
  1.750899E-01
  1.748942E-01
  1.746867E-01
  1.744227E-01
  1.741587E-01
  1.738947E-01
  1.736306E-01
  1.733666E-01
  1.731026E-01
  1.727908E-01
  1.724504E-01
  1.721100E-01
  1.717696E-01
  1.714292E-01
  1.710888E-01
  1.707175E-01
  1.703009E-01
  1.698842E-01
  1.694676E-01
  1.690510E-01
  1.686343E-01
  1.681823E-01
  1.676940E-01
  1.672057E-01
  1.667174E-01
  1.662291E-01
  1.657409E-01
  1.651948E-01
  1.646408E-01
  1.640869E-01
  1.635329E-01
  1.629790E-01
  1.623921E-01
  1.617779E-01
  1.611636E-01
  1.605494E-01
  1.599352E-01
  1.592904E-01
  1.586122E-01
  1.579341E-01
  1.572581E-01
  1.565799E-01
  1.558555E-01
  1.551078E-01
  1.543600E-01
  1.536123E-01
  1.528592E-01
  1.520541E-01
  1.512489E-01
  1.504437E-01
  1.496385E-01
  1.488026E-01
  1.479564E-01
  1.471103E-01
  1.462641E-01
  1.453957E-01
  1.445136E-01
  1.436316E-01
  1.427495E-01
  1.418580E-01
  1.409623E-01
  1.400668E-01
  1.391713E-01
  1.382995E-01
  1.374284E-01
  1.365575E-01
  1.356973E-01
  1.348508E-01
  1.340047E-01
  1.331579E-01
  1.322973E-01
  1.314376E-01
  1.305789E-01
  1.296845E-01
  1.287886E-01
  1.278942E-01
  1.269432E-01
  1.259838E-01
  1.250262E-01
  1.239452E-01
  1.228617E-01
  1.217383E-01
  1.204747E-01
  1.192130E-01
  1.178232E-01
  1.163576E-01
  1.148607E-01
  1.131879E-01
  1.115162E-01
  1.096837E-01
  1.078136E-01
  1.058459E-01
  1.038070E-01
  1.017126E-01
  9.955273E-02
  9.736161E-02
  9.513166E-02
  9.288967E-02
  9.063726E-02
  8.840180E-02
  8.617322E-02
  8.401357E-02
  8.189485E-02
  7.984982E-02
  7.792702E-02
  7.609548E-02
  7.439114E-02
  7.288055E-02
  7.152540E-02
  7.035689E-02
  6.942324E-02
  6.884767E-02
  6.895885E-02
  7.031712E-02
  7.391607E-02
  8.124358E-02
  9.467440E-02
  1.113538E-01
  1.159515E-01
  1.251473E-01
 -2.576880E-04
  1.547451E-07
 -1.904463E-04
 -1.904574E-04
 -1.904685E-04
 -1.904796E-04
 -1.904907E-04
 -1.905018E-04
 -1.905129E-04
 -1.905240E-04
 -1.905351E-04
 -1.905840E-04
 -1.906344E-04
 -1.906849E-04
 -1.907353E-04
 -1.907857E-04
 -1.908362E-04
 -1.908866E-04
 -1.909598E-04
 -1.910809E-04
 -1.912019E-04
 -1.913230E-04
 -1.914441E-04
 -1.915651E-04
 -1.916862E-04
 -1.918132E-04
 -1.920231E-04
 -1.922330E-04
 -1.924428E-04
 -1.926527E-04
 -1.928626E-04
 -1.930725E-04
 -1.932988E-04
 -1.936027E-04
 -1.939066E-04
 -1.942106E-04
 -1.945145E-04
 -1.948185E-04
 -1.951225E-04
 -1.954871E-04
 -1.958879E-04
 -1.962888E-04
 -1.966897E-04
 -1.970906E-04
 -1.974916E-04
 -1.979293E-04
 -1.984213E-04
 -1.989132E-04
 -1.994053E-04
 -1.998974E-04
 -2.003895E-04
 -2.009149E-04
 -2.014743E-04
 -2.020337E-04
 -2.025933E-04
 -2.031529E-04
 -2.037126E-04
 -2.043040E-04
 -2.048999E-04
 -2.054959E-04
 -2.060920E-04
 -2.066881E-04
 -2.072973E-04
 -2.079174E-04
 -2.085376E-04
 -2.091579E-04
 -2.097782E-04
 -2.104193E-04
 -2.110827E-04
 -2.117463E-04
 -2.124100E-04
 -2.130738E-04
 -2.137947E-04
 -2.145445E-04
 -2.152943E-04
 -2.160443E-04
 -2.168067E-04
 -2.176909E-04
 -2.185752E-04
 -2.194597E-04
 -2.203443E-04
 -2.213664E-04
 -2.224349E-04
 -2.235036E-04
 -2.245725E-04
 -2.257883E-04
 -2.270936E-04
 -2.283990E-04
 -2.297044E-04
 -2.311951E-04
 -2.327646E-04
 -2.343336E-04
 -2.359023E-04
 -2.377143E-04
 -2.395312E-04
 -2.413469E-04
 -2.432543E-04
 -2.452795E-04
 -2.473025E-04
 -2.493374E-04
 -2.515442E-04
 -2.537477E-04
 -2.559477E-04
 -2.582995E-04
 -2.606677E-04
 -2.630316E-04
 -2.655491E-04
 -2.680899E-04
 -2.706256E-04
 -2.733617E-04
 -2.760999E-04
 -2.788846E-04
 -2.818397E-04
 -2.847904E-04
 -2.878832E-04
 -2.910599E-04
 -2.942717E-04
 -2.976894E-04
 -3.011053E-04
 -3.047332E-04
 -3.084113E-04
 -3.122318E-04
 -3.161571E-04
 -3.201557E-04
 -3.242407E-04
 -3.283422E-04
 -3.324641E-04
 -3.365643E-04
 -3.406460E-04
 -3.447113E-04
 -3.487713E-04
 -3.529407E-04
 -3.572461E-04
 -3.617975E-04
 -3.670184E-04
 -3.728992E-04
 -3.798347E-04
 -3.890587E-04
 -4.006719E-04
 -4.154814E-04
 -4.345696E-04
 -4.595523E-04
 -4.915779E-04
 -5.299168E-04
 -5.726666E-04
 -6.145926E-04
 -6.441736E-04
 -6.429663E-04
 -6.198852E-04
 -4.707327E-04
  6.038639E-04
  2.446835E-03
  6.407704E-03
  6.407331E-03
  6.406959E-03
  6.406587E-03
  6.406214E-03
  6.405842E-03
  6.405470E-03
  6.405098E-03
  6.404725E-03
  6.404059E-03
  6.403380E-03
  6.402701E-03
  6.402023E-03
  6.401344E-03
  6.400665E-03
  6.399987E-03
  6.399453E-03
  6.399224E-03
  6.398995E-03
  6.398766E-03
  6.398537E-03
  6.398308E-03
  6.398079E-03
  6.397883E-03
  6.398141E-03
  6.398399E-03
  6.398657E-03
  6.398915E-03
  6.399173E-03
  6.399431E-03
  6.399709E-03
  6.400080E-03
  6.400452E-03
  6.400823E-03
  6.401195E-03
  6.401566E-03
  6.401938E-03
  6.402248E-03
  6.402523E-03
  6.402797E-03
  6.403071E-03
  6.403346E-03
  6.403620E-03
  6.403822E-03
  6.403916E-03
  6.404011E-03
  6.404106E-03
  6.404201E-03
  6.404296E-03
  6.404296E-03
  6.404200E-03
  6.404103E-03
  6.404007E-03
  6.403910E-03
  6.403814E-03
  6.403571E-03
  6.403309E-03
  6.403047E-03
  6.402785E-03
  6.402523E-03
  6.402191E-03
  6.401802E-03
  6.401412E-03
  6.401023E-03
  6.400634E-03
  6.400210E-03
  6.399750E-03
  6.399290E-03
  6.398829E-03
  6.398369E-03
  6.397930E-03
  6.397502E-03
  6.397074E-03
  6.396646E-03
  6.396237E-03
  6.396014E-03
  6.395792E-03
  6.395569E-03
  6.395347E-03
  6.395426E-03
  6.395607E-03
  6.395787E-03
  6.395969E-03
  6.396461E-03
  6.397143E-03
  6.397826E-03
  6.398510E-03
  6.399536E-03
  6.400711E-03
  6.401886E-03
  6.403063E-03
  6.404566E-03
  6.406082E-03
  6.407601E-03
  6.409116E-03
  6.410631E-03
  6.412157E-03
  6.413652E-03
  6.414657E-03
  6.415686E-03
  6.416739E-03
  6.416925E-03
  6.417030E-03
  6.417174E-03
  6.416231E-03
  6.415135E-03
  6.414087E-03
  6.411630E-03
  6.409173E-03
  6.406434E-03
  6.402613E-03
  6.398841E-03
  6.394396E-03
  6.389565E-03
  6.384679E-03
  6.379301E-03
  6.373959E-03
  6.368639E-03
  6.363344E-03
  6.358375E-03
  6.353645E-03
  6.349364E-03
  6.345601E-03
  6.342406E-03
  6.339907E-03
  6.338177E-03
  6.337114E-03
  6.337246E-03
  6.337850E-03
  6.340677E-03
  6.344743E-03
  6.351040E-03
  6.361742E-03
  6.376315E-03
  6.396807E-03
  6.429048E-03
  6.472882E-03
  6.531766E-03
  6.610229E-03
  6.715058E-03
  6.851680E-03
  7.018923E-03
  7.212686E-03
  7.415625E-03
  7.586399E-03
  7.659777E-03
  7.636071E-03
  7.571017E-03
  6.699907E-03
  8.103382E-03
 -4.608652E-04
 -4.608373E-04
 -4.608093E-04
 -4.607814E-04
 -4.607534E-04
 -4.607255E-04
 -4.606976E-04
 -4.606696E-04
 -4.606417E-04
 -4.605849E-04
 -4.605270E-04
 -4.604691E-04
 -4.604112E-04
 -4.603534E-04
 -4.602955E-04
 -4.602376E-04
 -4.601838E-04
 -4.601386E-04
 -4.600934E-04
 -4.600482E-04
 -4.600030E-04
 -4.599578E-04
 -4.599127E-04
 -4.598684E-04
 -4.598373E-04
 -4.598061E-04
 -4.597750E-04
 -4.597439E-04
 -4.597128E-04
 -4.596818E-04
 -4.596486E-04
 -4.596057E-04
 -4.595629E-04
 -4.595201E-04
 -4.594772E-04
 -4.594345E-04
 -4.593917E-04
 -4.593294E-04
 -4.592556E-04
 -4.591817E-04
 -4.591079E-04
 -4.590341E-04
 -4.589604E-04
 -4.588668E-04
 -4.587441E-04
 -4.586214E-04
 -4.584988E-04
 -4.583763E-04
 -4.582538E-04
 -4.580975E-04
 -4.579068E-04
 -4.577162E-04
 -4.575256E-04
 -4.573351E-04
 -4.571447E-04
 -4.568857E-04
 -4.566173E-04
 -4.563491E-04
 -4.560809E-04
 -4.558128E-04
 -4.555060E-04
 -4.551670E-04
 -4.548282E-04
 -4.544894E-04
 -4.541507E-04
 -4.537908E-04
 -4.534079E-04
 -4.530250E-04
 -4.532932E-04
 -4.529095E-04
 -4.525240E-04
 -4.521375E-04
 -4.517511E-04
 -4.513647E-04
 -4.509809E-04
 -4.506229E-04
 -4.502648E-04
 -4.499065E-04
 -4.495482E-04
 -4.491364E-04
 -4.487064E-04
 -4.482761E-04
 -4.478455E-04
 -4.471554E-04
 -4.463068E-04
 -4.454577E-04
 -4.446083E-04
 -4.431807E-04
 -4.415055E-04
 -4.398302E-04
 -4.381548E-04
 -4.352816E-04
 -4.323794E-04
 -4.294781E-04
 -4.258817E-04
 -4.213918E-04
 -4.169053E-04
 -4.122864E-04
 -4.060079E-04
 -3.997379E-04
 -3.934763E-04
 -3.852302E-04
 -3.774690E-04
 -3.697217E-04
 -3.611816E-04
 -3.525147E-04
 -3.438655E-04
 -3.348466E-04
 -3.258337E-04
 -3.168508E-04
 -3.079233E-04
 -2.990150E-04
 -2.903664E-04
 -2.818789E-04
 -2.735059E-04
 -2.656753E-04
 -2.578594E-04
 -2.506912E-04
 -2.436850E-04
 -2.372110E-04
 -2.311259E-04
 -2.255251E-04
 -2.204901E-04
 -2.159529E-04
 -2.120288E-04
 -2.086926E-04
 -2.058666E-04
 -2.038037E-04
 -2.020393E-04
 -2.013139E-04
 -2.009779E-04
 -2.013388E-04
 -2.026492E-04
 -2.052861E-04
 -2.082123E-04
 -2.126928E-04
 -2.185407E-04
 -2.260867E-04
 -2.357577E-04
 -2.481967E-04
 -2.637942E-04
 -2.821277E-04
 -3.023466E-04
 -3.221831E-04
 -3.365644E-04
 -3.370842E-04
 -3.235696E-04
 -2.475250E-04
  4.496371E-05
  1.026867E-08
  1.273240E+00
  1.273211E+00
  1.273125E+00
  1.272981E+00
  1.272781E+00
  1.272522E+00
  1.272207E+00
  1.271834E+00
  1.271403E+00
  1.270915E+00
  1.270369E+00
  1.269765E+00
  1.269104E+00
  1.268384E+00
  1.267607E+00
  1.266771E+00
  1.265877E+00
  1.264925E+00
  1.263915E+00
  1.262845E+00
  1.261717E+00
  1.260530E+00
  1.259284E+00
  1.257979E+00
  1.256614E+00
  1.255190E+00
  1.253705E+00
  1.252161E+00
  1.250556E+00
  1.248891E+00
  1.247165E+00
  1.245378E+00
  1.243529E+00
  1.241620E+00
  1.239648E+00
  1.237614E+00
  1.235518E+00
  1.233359E+00
  1.231136E+00
  1.228851E+00
  1.226501E+00
  1.224088E+00
  1.221610E+00
  1.219067E+00
  1.216458E+00
  1.213784E+00
  1.211044E+00
  1.208237E+00
  1.205362E+00
  1.202421E+00
  1.199411E+00
  1.196332E+00
  1.193185E+00
  1.189968E+00
  1.186680E+00
  1.183322E+00
  1.179892E+00
  1.176390E+00
  1.172816E+00
  1.169168E+00
  1.165446E+00
  1.161649E+00
  1.157776E+00
  1.153828E+00
  1.149802E+00
  1.145699E+00
  1.141516E+00
  1.137254E+00
  1.132912E+00
  1.128488E+00
  1.123982E+00
  1.119393E+00
  1.114719E+00
  1.109960E+00
  1.105114E+00
  1.100180E+00
  1.095157E+00
  1.090045E+00
  1.084841E+00
  1.079544E+00
  1.074153E+00
  1.068667E+00
  1.063083E+00
  1.057401E+00
  1.051619E+00
  1.045735E+00
  1.039748E+00
  1.033655E+00
  1.027455E+00
  1.021146E+00
  1.014726E+00
  1.008193E+00
  1.001543E+00
  9.947766E-01
  9.878894E-01
  9.808795E-01
  9.737441E-01
  9.664805E-01
  9.590857E-01
  9.515567E-01
  9.438904E-01
  9.360832E-01
  9.281318E-01
  9.200322E-01
  9.117806E-01
  9.033729E-01
  8.948045E-01
  8.860709E-01
  8.771671E-01
  8.680879E-01
  8.588277E-01
  8.493806E-01
  8.397402E-01
  8.299000E-01
  8.198525E-01
  8.095903E-01
  7.991048E-01
  7.883874E-01
  7.774283E-01
  7.662172E-01
  7.547428E-01
  7.429930E-01
  7.309546E-01
  7.186128E-01
  7.059520E-01
  6.929545E-01
  6.796012E-01
  6.658704E-01
  6.517385E-01
  6.371787E-01
  6.221609E-01
  6.066513E-01
  5.906109E-01
  5.739954E-01
  5.567532E-01
  5.388241E-01
  5.201372E-01
  5.006076E-01
  4.801325E-01
  4.585853E-01
  4.358068E-01
  4.115929E-01
  3.856731E-01
  3.576769E-01
  3.270715E-01
  2.930404E-01
  2.542116E-01
  2.079144E-01
  1.472658E-01
  0.000000E+00
  9.203540E-02
  9.203752E-02
  9.203964E-02
  9.204176E-02
  9.204388E-02
  9.204600E-02
  9.204812E-02
  9.205024E-02
  9.205236E-02
  9.205697E-02
  9.206169E-02
  9.206641E-02
  9.207113E-02
  9.207585E-02
  9.208057E-02
  9.208529E-02
  9.209099E-02
  9.209874E-02
  9.210650E-02
  9.211425E-02
  9.212201E-02
  9.212976E-02
  9.213751E-02
  9.214550E-02
  9.215680E-02
  9.216810E-02
  9.217940E-02
  9.219070E-02
  9.220200E-02
  9.221330E-02
  9.222531E-02
  9.224070E-02
  9.225608E-02
  9.227147E-02
  9.228686E-02
  9.230224E-02
  9.231763E-02
  9.233577E-02
  9.235557E-02
  9.237537E-02
  9.239516E-02
  9.241496E-02
  9.243475E-02
  9.245604E-02
  9.247954E-02
  9.250303E-02
  9.252652E-02
  9.255002E-02
  9.257351E-02
  9.259704E-02
  9.262061E-02
  9.264418E-02
  9.266775E-02
  9.269132E-02
  9.271489E-02
  9.273397E-02
  9.275244E-02
  9.277090E-02
  9.278937E-02
  9.280783E-02
  9.282439E-02
  9.283936E-02
  9.285433E-02
  9.286929E-02
  9.288426E-02
  9.289975E-02
  9.291580E-02
  9.293186E-02
  9.308608E-02
  9.310193E-02
  9.312254E-02
  9.314555E-02
  9.316856E-02
  9.319156E-02
  9.321583E-02
  9.325251E-02
  9.328919E-02
  9.332587E-02
  9.336254E-02
  9.339995E-02
  9.343761E-02
  9.347527E-02
  9.351292E-02
  9.351665E-02
  9.349969E-02
  9.348272E-02
  9.346575E-02
  9.337034E-02
  9.324136E-02
  9.311238E-02
  9.298340E-02
  9.269426E-02
  9.240110E-02
  9.212193E-02
  9.175503E-02
  9.127454E-02
  9.079404E-02
  9.029585E-02
  8.961722E-02
  8.895686E-02
  8.832257E-02
  8.747637E-02
  8.681687E-02
  8.622974E-02
  8.566685E-02
  8.519326E-02
  8.512018E-02
  8.506215E-02
  8.505106E-02
  8.506065E-02
  8.507068E-02
  8.508069E-02
  8.516242E-02
  8.526119E-02
  8.541581E-02
  8.557394E-02
  8.573206E-02
  8.589168E-02
  8.606739E-02
  8.630525E-02
  8.654174E-02
  8.677171E-02
  8.699402E-02
  8.720586E-02
  8.745776E-02
  8.769809E-02
  8.792508E-02
  8.813017E-02
  8.832664E-02
  8.849296E-02
  8.864871E-02
  8.878556E-02
  8.890054E-02
  8.894643E-02
  8.903024E-02
  8.909264E-02
  8.918783E-02
  8.930502E-02
  8.940901E-02
  8.949919E-02
  8.957589E-02
  8.964075E-02
  8.979125E-02
  8.997344E-02
  9.032716E-02
  9.088359E-02
  9.145301E-02
  9.210536E-02
  1.098415E-01
  2.650040E-02
 -2.154857E-01
 -2.151232E-01
 -2.147607E-01
 -2.143982E-01
 -2.140357E-01
 -2.136732E-01
 -2.133107E-01
 -2.129482E-01
 -2.125857E-01
 -2.117878E-01
 -2.109719E-01
 -2.101560E-01
 -2.093401E-01
 -2.085242E-01
 -2.077083E-01
 -2.068924E-01
 -2.059012E-01
 -2.045418E-01
 -2.031825E-01
 -2.018231E-01
 -2.004638E-01
 -1.991044E-01
 -1.977451E-01
 -1.963418E-01
 -1.943232E-01
 -1.923047E-01
 -1.902861E-01
 -1.882676E-01
 -1.862490E-01
 -1.842305E-01
 -1.820727E-01
 -1.792523E-01
 -1.764318E-01
 -1.736114E-01
 -1.707909E-01
 -1.679705E-01
 -1.651500E-01
 -1.617359E-01
 -1.579659E-01
 -1.541959E-01
 -1.504259E-01
 -1.466560E-01
 -1.428860E-01
 -1.387145E-01
 -1.339513E-01
 -1.291881E-01
 -1.244249E-01
 -1.196617E-01
 -1.148986E-01
 -1.098303E-01
 -1.044499E-01
 -9.906958E-02
 -9.368924E-02
 -8.830889E-02
 -8.292854E-02
 -7.766652E-02
 -7.242065E-02
 -6.717478E-02
 -6.192890E-02
 -5.668303E-02
 -5.147119E-02
 -4.628764E-02
 -4.110408E-02
 -3.592053E-02
 -3.073697E-02
 -2.539683E-02
 -1.988650E-02
 -1.437618E-02
  1.470260E-02
  2.017997E-02
  2.620339E-02
  3.250125E-02
  3.879910E-02
  4.509696E-02
  5.151774E-02
  5.914418E-02
  6.677063E-02
  7.439706E-02
  8.202350E-02
  9.028236E-02
  9.875407E-02
  1.072258E-01
  1.156975E-01
  1.230628E-01
  1.297531E-01
  1.364435E-01
  1.431338E-01
  1.466658E-01
  1.488463E-01
  1.510267E-01
  1.532072E-01
  1.485647E-01
  1.437514E-01
  1.389381E-01
  1.300920E-01
  1.160519E-01
  1.020118E-01
  8.716120E-02
  6.238681E-02
  3.761241E-02
  1.283799E-02
 -4.204073E-02
 -7.432102E-02
 -1.066013E-01
 -1.406336E-01
 -1.749795E-01
 -2.093253E-01
 -2.413395E-01
 -2.732718E-01
 -3.038959E-01
 -3.300925E-01
 -3.562889E-01
 -3.774962E-01
 -3.957348E-01
 -4.125286E-01
 -4.214993E-01
 -4.304699E-01
 -4.314457E-01
 -4.305262E-01
 -4.239103E-01
 -4.131393E-01
 -3.984619E-01
 -3.791912E-01
 -3.568783E-01
 -3.308003E-01
 -3.018681E-01
 -2.704534E-01
 -2.360668E-01
 -2.005150E-01
 -1.617940E-01
 -1.221796E-01
 -8.097309E-02
 -3.825238E-02
  2.892827E-02
  7.348863E-02
  1.190898E-01
  1.653048E-01
  2.121102E-01
  2.594513E-01
  3.072783E-01
  3.555092E-01
  4.040434E-01
  4.528329E-01
  5.018309E-01
  5.509982E-01
  6.002998E-01
  6.496893E-01
  6.991375E-01
  3.812006E-01
  2.299686E+00
  9.895559E-01
  9.895559E-01
  9.895559E-01
  9.895559E-01
  9.895558E-01
  9.895558E-01
  9.895558E-01
  9.895558E-01
  9.895557E-01
  9.895557E-01
  9.895556E-01
  9.895556E-01
  9.895555E-01
  9.895555E-01
  9.895554E-01
  9.895554E-01
  9.895553E-01
  9.895552E-01
  9.895552E-01
  9.895551E-01
  9.895550E-01
  9.895549E-01
  9.895548E-01
  9.895547E-01
  9.895546E-01
  9.895545E-01
  9.895544E-01
  9.895543E-01
  9.895542E-01
  9.895541E-01
  9.895539E-01
  9.895538E-01
  9.895536E-01
  9.895535E-01
  9.895533E-01
  9.895532E-01
  9.895530E-01
  9.895529E-01
  9.895527E-01
  9.895525E-01
  9.895523E-01
  9.895522E-01
  9.895520E-01
  9.895518E-01
  9.895516E-01
  9.895515E-01
  9.895513E-01
  9.895511E-01
  9.895509E-01
  9.895508E-01
  9.895506E-01
  9.895504E-01
  9.895503E-01
  9.895501E-01
  9.895500E-01
  9.895498E-01
  9.895497E-01
  9.895496E-01
  9.895495E-01
  9.895494E-01
  9.895493E-01
  9.895493E-01
  9.895492E-01
  9.895491E-01
  9.895491E-01
  9.895490E-01
  9.895490E-01
  9.895490E-01
  9.895490E-01
  9.895490E-01
  9.895490E-01
  9.895491E-01
  9.895492E-01
  9.895492E-01
  9.895493E-01
  9.895495E-01
  9.895496E-01
  9.895498E-01
  9.895500E-01
  9.895502E-01
  9.895504E-01
  9.895507E-01
  9.895510E-01
  9.895512E-01
  9.895515E-01
  9.895517E-01
  9.895520E-01
  9.895522E-01
  9.895523E-01
  9.895524E-01
  9.895525E-01
  9.895523E-01
  9.895521E-01
  9.895518E-01
  9.895515E-01
  9.895510E-01
  9.895505E-01
  9.895501E-01
  9.895495E-01
  9.895491E-01
  9.895490E-01
  9.895492E-01
  9.895498E-01
  9.895506E-01
  9.895519E-01
  9.895536E-01
  9.895555E-01
  9.895577E-01
  9.895602E-01
  9.895629E-01
  9.895654E-01
  9.895681E-01
  9.895704E-01
  9.895725E-01
  9.895746E-01
  9.895757E-01
  9.895769E-01
  9.895770E-01
  9.895769E-01
  9.895760E-01
  9.895747E-01
  9.895729E-01
  9.895706E-01
  9.895681E-01
  9.895654E-01
  9.895627E-01
  9.895600E-01
  9.895573E-01
  9.895550E-01
  9.895529E-01
  9.895512E-01
  9.895499E-01
  9.895492E-01
  9.895491E-01
  9.895498E-01
  9.895511E-01
  9.895531E-01
  9.895557E-01
  9.895591E-01
  9.895632E-01
  9.895680E-01
  9.895735E-01
  9.895798E-01
  9.895869E-01
  9.895947E-01
  9.896033E-01
  9.896126E-01
  9.896226E-01
  8.085344E-01
  1.205684E-05
 -2.283439E+02
 -2.282613E+02
 -2.281787E+02
 -2.280961E+02
 -2.280135E+02
 -2.279309E+02
 -2.278483E+02
 -2.277657E+02
 -2.276831E+02
 -2.273998E+02
 -2.271081E+02
 -2.268164E+02
 -2.265246E+02
 -2.262329E+02
 -2.259412E+02
 -2.256495E+02
 -2.252728E+02
 -2.247176E+02
 -2.241623E+02
 -2.236071E+02
 -2.230519E+02
 -2.224966E+02
 -2.219413E+02
 -2.213690E+02
 -2.205586E+02
 -2.197482E+02
 -2.189378E+02
 -2.181273E+02
 -2.173168E+02
 -2.165063E+02
 -2.156578E+02
 -2.146285E+02
 -2.135993E+02
 -2.125699E+02
 -2.115405E+02
 -2.105111E+02
 -2.094816E+02
 -2.083169E+02
 -2.070710E+02
 -2.058251E+02
 -2.045790E+02
 -2.033329E+02
 -2.020867E+02
 -2.007510E+02
 -1.992836E+02
 -1.978161E+02
 -1.963484E+02
 -1.948806E+02
 -1.934127E+02
 -1.918538E+02
 -1.902018E+02
 -1.885497E+02
 -1.868974E+02
 -1.852449E+02
 -1.835923E+02
 -1.818348E+02
 -1.800629E+02
 -1.782908E+02
 -1.765185E+02
 -1.747461E+02
 -1.729203E+02
 -1.710500E+02
 -1.691796E+02
 -1.673091E+02
 -1.654384E+02
 -1.635152E+02
 -1.615350E+02
 -1.595546E+02
 -1.575741E+02
 -1.555934E+02
 -1.535255E+02
 -1.514137E+02
 -1.493017E+02
 -1.471895E+02
 -1.450607E+02
 -1.427697E+02
 -1.404784E+02
 -1.381870E+02
 -1.358953E+02
 -1.335153E+02
 -1.311055E+02
 -1.286955E+02
 -1.262854E+02
 -1.239588E+02
 -1.216834E+02
 -1.194082E+02
 -1.171331E+02
 -1.151269E+02
 -1.132361E+02
 -1.113458E+02
 -1.094561E+02
 -1.080929E+02
 -1.067431E+02
 -1.053934E+02
 -1.043760E+02
 -1.037849E+02
 -1.031923E+02
 -1.026629E+02
 -1.029255E+02
 -1.031828E+02
 -1.034349E+02
 -1.041233E+02
 -1.048623E+02
 -1.055932E+02
 -1.062491E+02
 -1.068840E+02
 -1.075104E+02
 -1.076343E+02
 -1.077337E+02
 -1.076445E+02
 -1.069343E+02
 -1.062199E+02
 -1.048832E+02
 -1.031765E+02
 -1.013013E+02
 -9.852107E+01
 -9.574143E+01
 -9.210687E+01
 -8.827114E+01
 -8.386816E+01
 -7.905206E+01
 -7.386921E+01
 -6.825438E+01
 -6.239445E+01
 -5.623003E+01
 -4.985990E+01
 -4.330967E+01
 -3.653190E+01
 -2.966240E+01
 -2.247675E+01
 -1.515134E+01
 -7.577405E+00
  3.837573E-01
  8.648337E+00
  1.734843E+01
  2.679664E+01
  3.693280E+01
  4.795130E+01
  6.013723E+01
  7.406683E+01
  9.083628E+01
  1.119092E+02
  1.399103E+02
  1.791311E+02
  2.375975E+02
  3.131740E+02
  3.751097E+02
  4.783573E+02
  2.681715E+02
  1.785578E-03
  1.099343E+04
  1.099193E+04
  1.099042E+04
  1.098892E+04
  1.098742E+04
  1.098592E+04
  1.098442E+04
  1.098291E+04
  1.098141E+04
  1.097703E+04
  1.097254E+04
  1.096804E+04
  1.096354E+04
  1.095905E+04
  1.095455E+04
  1.095006E+04
  1.094469E+04
  1.093749E+04
  1.093029E+04
  1.092308E+04
  1.091588E+04
  1.090868E+04
  1.090148E+04
  1.089410E+04
  1.088419E+04
  1.087429E+04
  1.086438E+04
  1.085447E+04
  1.084456E+04
  1.083466E+04
  1.082424E+04
  1.081139E+04
  1.079854E+04
  1.078569E+04
  1.077284E+04
  1.075999E+04
  1.074715E+04
  1.073235E+04
  1.071640E+04
  1.070044E+04
  1.068449E+04
  1.066854E+04
  1.065258E+04
  1.063535E+04
  1.061624E+04
  1.059713E+04
  1.057802E+04
  1.055892E+04
  1.053981E+04
  1.051909E+04
  1.049672E+04
  1.047436E+04
  1.045199E+04
  1.042963E+04
  1.040726E+04
  1.038189E+04
  1.035610E+04
  1.033032E+04
  1.030454E+04
  1.027875E+04
  1.025106E+04
  1.022178E+04
  1.019250E+04
  1.016322E+04
  1.013393E+04
  1.010290E+04
  1.006997E+04
  1.003704E+04
  1.000411E+04
  9.971177E+03
  9.935625E+03
  9.898756E+03
  9.861888E+03
  9.825020E+03
  9.787774E+03
  9.746806E+03
  9.705838E+03
  9.664872E+03
  9.623906E+03
  9.579854E+03
  9.534764E+03
  9.489675E+03
  9.444587E+03
  9.396948E+03
  9.347753E+03
  9.298559E+03
  9.249367E+03
  9.197510E+03
  9.144514E+03
  9.091522E+03
  9.038532E+03
  8.982327E+03
  8.926048E+03
  8.869776E+03
  8.812145E+03
  8.752769E+03
  8.693407E+03
  8.633821E+03
  8.571334E+03
  8.508877E+03
  8.446450E+03
  8.381518E+03
  8.316292E+03
  8.251112E+03
  8.183416E+03
  8.115316E+03
  8.047271E+03
  7.975562E+03
  7.903780E+03
  7.831011E+03
  7.754762E+03
  7.678566E+03
  7.599323E+03
  7.518282E+03
  7.436495E+03
  7.350462E+03
  7.264466E+03
  7.174471E+03
  7.083551E+03
  6.989931E+03
  6.894347E+03
  6.796712E+03
  6.696659E+03
  6.594694E+03
  6.490358E+03
  6.383934E+03
  6.275694E+03
  6.164939E+03
  6.053205E+03
  5.938342E+03
  5.822461E+03
  5.704750E+03
  5.584986E+03
  5.463921E+03
  5.341178E+03
  5.216163E+03
  5.089429E+03
  4.960833E+03
  4.830420E+03
  4.699022E+03
  4.571463E+03
  4.457958E+03
  4.374839E+03
  4.349573E+03
  4.444427E+03
  4.582915E+03
  4.334064E+03
  4.631291E+03
  1.354140E+03
  7.455239E-03
  1.502989E+00
  1.618853E+00
  1.734718E+00
  1.850583E+00
  1.966448E+00
  2.082313E+00
  2.198178E+00
  2.314042E+00
  2.429907E+00
  2.700459E+00
  2.977408E+00
  3.254357E+00
  3.531307E+00
  3.808256E+00
  4.085205E+00
  4.362154E+00
  4.665202E+00
  5.023064E+00
  5.380925E+00
  5.738787E+00
  6.096648E+00
  6.454510E+00
  6.812372E+00
  7.177571E+00
  7.645405E+00
  8.113239E+00
  8.581074E+00
  9.048910E+00
  9.516746E+00
  9.984583E+00
  1.047731E+01
  1.108844E+01
  1.169957E+01
  1.231071E+01
  1.292185E+01
  1.353299E+01
  1.414413E+01
  1.485123E+01
  1.561583E+01
  1.638044E+01
  1.714506E+01
  1.790967E+01
  1.867430E+01
  1.945429E+01
  2.025693E+01
  2.105959E+01
  2.186225E+01
  2.266493E+01
  2.346761E+01
  2.415129E+01
  2.471325E+01
  2.527523E+01
  2.583723E+01
  2.639924E+01
  2.696127E+01
  2.730053E+01
  2.760941E+01
  2.791831E+01
  2.822722E+01
  2.853616E+01
  2.883023E+01
  2.911196E+01
  2.939370E+01
  2.967546E+01
  2.995722E+01
  3.023870E+01
  3.051986E+01
  3.080103E+01
  3.108219E+01
  3.136335E+01
  3.161170E+01
  3.184356E+01
  3.207539E+01
  3.230721E+01
  3.260614E+01
  3.356344E+01
  3.452074E+01
  3.547802E+01
  3.643528E+01
  4.008283E+01
  4.463588E+01
  4.918901E+01
  5.374220E+01
  6.199216E+01
  7.249759E+01
  8.300291E+01
  9.350814E+01
  1.081233E+02
  1.244964E+02
  1.408685E+02
  1.572395E+02
  1.786647E+02
  2.002133E+02
  2.217588E+02
  2.449545E+02
  2.702742E+02
  2.955875E+02
  3.207373E+02
  3.439524E+02
  3.671593E+02
  3.903581E+02
  4.050618E+02
  4.186247E+02
  4.321826E+02
  4.362829E+02
  4.386913E+02
  4.411000E+02
  4.349250E+02
  4.284533E+02
  4.205343E+02
  4.077070E+02
  3.948869E+02
  3.794926E+02
  3.625702E+02
  3.452874E+02
  3.260179E+02
  3.067556E+02
  2.864502E+02
  2.659016E+02
  2.444951E+02
  2.224631E+02
  1.997325E+02
  1.761786E+02
  1.525276E+02
  1.287550E+02
  1.055002E+02
  8.269498E+01
  6.104032E+01
  3.983502E+01
  2.049407E+01
  1.854452E+00
 -1.552469E+01
 -3.137339E+01
 -4.624444E+01
 -5.984879E+01
 -7.182890E+01
 -8.265167E+01
 -9.219938E+01
 -1.003377E+02
 -1.067687E+02
 -1.110301E+02
 -1.126152E+02
 -1.103695E+02
 -1.028963E+02
 -8.995141E+01
 -7.209076E+01
 -4.832437E+01
 -6.979059E+01
  4.555569E+03
  1.063480E-01
