 Title= "ADflow Lift Distribution Data"
Variables = "eta" "CoordinateX" "CoordinateY" "CoordinateZ" "Lift" "Drag" "Moment" "Normalized Lift" "Normalized Drag" "Normalized Moment" "CL" "CD" "CM" "CLp" "CDp" "CMp" "CLv" "CDv" "CMv" "Elliptical" "thickness" "twist" "chord" "fx" "fy" "fz" 
Zone T= "LiftDist_01 allWalls: : z normal"
 I=          150
 DATAPACKING=BLOCK
  0.000000E+00
  6.711405E-03
  1.342281E-02
  2.013422E-02
  2.684563E-02
  3.355704E-02
  4.026845E-02
  4.697986E-02
  5.369127E-02
  6.040268E-02
  6.711409E-02
  7.382550E-02
  8.053691E-02
  8.724832E-02
  9.395973E-02
  1.006711E-01
  1.073825E-01
  1.140940E-01
  1.208054E-01
  1.275168E-01
  1.342282E-01
  1.409396E-01
  1.476510E-01
  1.543624E-01
  1.610738E-01
  1.677852E-01
  1.744966E-01
  1.812081E-01
  1.879195E-01
  1.946309E-01
  2.013423E-01
  2.080537E-01
  2.147651E-01
  2.214765E-01
  2.281879E-01
  2.348993E-01
  2.416107E-01
  2.483221E-01
  2.550336E-01
  2.617450E-01
  2.684564E-01
  2.751678E-01
  2.818792E-01
  2.885906E-01
  2.953020E-01
  3.020134E-01
  3.087248E-01
  3.154362E-01
  3.221476E-01
  3.288591E-01
  3.355705E-01
  3.422819E-01
  3.489933E-01
  3.557047E-01
  3.624161E-01
  3.691275E-01
  3.758389E-01
  3.825503E-01
  3.892617E-01
  3.959732E-01
  4.026846E-01
  4.093960E-01
  4.161074E-01
  4.228188E-01
  4.295302E-01
  4.362416E-01
  4.429530E-01
  4.496644E-01
  4.563758E-01
  4.630872E-01
  4.697987E-01
  4.765101E-01
  4.832215E-01
  4.899329E-01
  4.966443E-01
  5.033557E-01
  5.100671E-01
  5.167785E-01
  5.234899E-01
  5.302013E-01
  5.369128E-01
  5.436242E-01
  5.503356E-01
  5.570470E-01
  5.637584E-01
  5.704698E-01
  5.771812E-01
  5.838926E-01
  5.906040E-01
  5.973154E-01
  6.040268E-01
  6.107383E-01
  6.174497E-01
  6.241611E-01
  6.308725E-01
  6.375839E-01
  6.442953E-01
  6.510067E-01
  6.577181E-01
  6.644295E-01
  6.711409E-01
  6.778524E-01
  6.845638E-01
  6.912752E-01
  6.979866E-01
  7.046980E-01
  7.114094E-01
  7.181208E-01
  7.248322E-01
  7.315436E-01
  7.382550E-01
  7.449664E-01
  7.516779E-01
  7.583893E-01
  7.651007E-01
  7.718121E-01
  7.785235E-01
  7.852349E-01
  7.919463E-01
  7.986577E-01
  8.053691E-01
  8.120805E-01
  8.187919E-01
  8.255034E-01
  8.322148E-01
  8.389262E-01
  8.456376E-01
  8.523490E-01
  8.590604E-01
  8.657718E-01
  8.724832E-01
  8.791946E-01
  8.859060E-01
  8.926175E-01
  8.993289E-01
  9.060403E-01
  9.127517E-01
  9.194631E-01
  9.261745E-01
  9.328859E-01
  9.395973E-01
  9.463087E-01
  9.530201E-01
  9.597315E-01
  9.664430E-01
  9.731544E-01
  9.798658E-01
  9.865772E-01
  9.932886E-01
  1.000000E+00
  0.000000E+00
  0.000000E+00
  0.000000E+00
  0.000000E+00
  0.000000E+00
  0.000000E+00
  0.000000E+00
  0.000000E+00
  0.000000E+00
  0.000000E+00
  0.000000E+00
  0.000000E+00
  0.000000E+00
  0.000000E+00
  0.000000E+00
  0.000000E+00
  0.000000E+00
  0.000000E+00
  0.000000E+00
  0.000000E+00
  0.000000E+00
  0.000000E+00
  0.000000E+00
  0.000000E+00
  0.000000E+00
  0.000000E+00
  0.000000E+00
  0.000000E+00
  0.000000E+00
  0.000000E+00
  0.000000E+00
  0.000000E+00
  0.000000E+00
  0.000000E+00
  0.000000E+00
  0.000000E+00
  0.000000E+00
  0.000000E+00
  0.000000E+00
  0.000000E+00
  0.000000E+00
  0.000000E+00
  0.000000E+00
  0.000000E+00
  0.000000E+00
  0.000000E+00
  0.000000E+00
  0.000000E+00
  0.000000E+00
  0.000000E+00
  0.000000E+00
  0.000000E+00
  0.000000E+00
  0.000000E+00
  0.000000E+00
  0.000000E+00
  0.000000E+00
  0.000000E+00
  0.000000E+00
  0.000000E+00
  0.000000E+00
  0.000000E+00
  0.000000E+00
  0.000000E+00
  0.000000E+00
  0.000000E+00
  0.000000E+00
  0.000000E+00
  0.000000E+00
  0.000000E+00
  0.000000E+00
  0.000000E+00
  0.000000E+00
  0.000000E+00
  0.000000E+00
  0.000000E+00
  0.000000E+00
  0.000000E+00
  0.000000E+00
  0.000000E+00
  0.000000E+00
  0.000000E+00
  0.000000E+00
  0.000000E+00
  0.000000E+00
  0.000000E+00
  0.000000E+00
  0.000000E+00
  0.000000E+00
  0.000000E+00
  0.000000E+00
  0.000000E+00
  0.000000E+00
  0.000000E+00
  0.000000E+00
  0.000000E+00
  0.000000E+00
  0.000000E+00
  0.000000E+00
  0.000000E+00
  0.000000E+00
  0.000000E+00
  0.000000E+00
  0.000000E+00
  0.000000E+00
  0.000000E+00
  0.000000E+00
  0.000000E+00
  0.000000E+00
  0.000000E+00
  0.000000E+00
  0.000000E+00
  0.000000E+00
  0.000000E+00
  0.000000E+00
  0.000000E+00
  0.000000E+00
  0.000000E+00
  0.000000E+00
  0.000000E+00
  0.000000E+00
  0.000000E+00
  0.000000E+00
  0.000000E+00
  0.000000E+00
  0.000000E+00
  0.000000E+00
  0.000000E+00
  0.000000E+00
  0.000000E+00
  0.000000E+00
  0.000000E+00
  0.000000E+00
  0.000000E+00
  0.000000E+00
  0.000000E+00
  0.000000E+00
  0.000000E+00
  0.000000E+00
  0.000000E+00
  0.000000E+00
  0.000000E+00
  0.000000E+00
  0.000000E+00
  0.000000E+00
  0.000000E+00
  0.000000E+00
  0.000000E+00
  0.000000E+00
  0.000000E+00
  0.000000E+00
  0.000000E+00
  0.000000E+00
  0.000000E+00
  0.000000E+00
  0.000000E+00
  0.000000E+00
  0.000000E+00
  0.000000E+00
  0.000000E+00
  0.000000E+00
  0.000000E+00
  0.000000E+00
  0.000000E+00
  0.000000E+00
  0.000000E+00
  0.000000E+00
  0.000000E+00
  0.000000E+00
  0.000000E+00
  0.000000E+00
  0.000000E+00
  0.000000E+00
  0.000000E+00
  0.000000E+00
  0.000000E+00
  0.000000E+00
  0.000000E+00
  0.000000E+00
  0.000000E+00
  0.000000E+00
  0.000000E+00
  0.000000E+00
  0.000000E+00
  0.000000E+00
  0.000000E+00
  0.000000E+00
  0.000000E+00
  0.000000E+00
  0.000000E+00
  0.000000E+00
  0.000000E+00
  0.000000E+00
  0.000000E+00
  0.000000E+00
  0.000000E+00
  0.000000E+00
  0.000000E+00
  0.000000E+00
  0.000000E+00
  0.000000E+00
  0.000000E+00
  0.000000E+00
  0.000000E+00
  0.000000E+00
  0.000000E+00
  0.000000E+00
  0.000000E+00
  0.000000E+00
  0.000000E+00
  0.000000E+00
  0.000000E+00
  0.000000E+00
  0.000000E+00
  0.000000E+00
  0.000000E+00
  0.000000E+00
  0.000000E+00
  0.000000E+00
  0.000000E+00
  0.000000E+00
  0.000000E+00
  0.000000E+00
  0.000000E+00
  0.000000E+00
  0.000000E+00
  0.000000E+00
  0.000000E+00
  0.000000E+00
  0.000000E+00
  0.000000E+00
  0.000000E+00
  0.000000E+00
  0.000000E+00
  0.000000E+00
  0.000000E+00
  0.000000E+00
  0.000000E+00
  0.000000E+00
  0.000000E+00
  0.000000E+00
  0.000000E+00
  0.000000E+00
  0.000000E+00
  0.000000E+00
  0.000000E+00
  0.000000E+00
  0.000000E+00
  0.000000E+00
  0.000000E+00
  0.000000E+00
  0.000000E+00
  0.000000E+00
  0.000000E+00
  0.000000E+00
  0.000000E+00
  0.000000E+00
  0.000000E+00
  0.000000E+00
  0.000000E+00
  0.000000E+00
  0.000000E+00
  0.000000E+00
  0.000000E+00
  0.000000E+00
  0.000000E+00
  0.000000E+00
  0.000000E+00
  0.000000E+00
  0.000000E+00
  0.000000E+00
  0.000000E+00
  0.000000E+00
  0.000000E+00
  0.000000E+00
  0.000000E+00
  0.000000E+00
  0.000000E+00
  0.000000E+00
  0.000000E+00
  0.000000E+00
  0.000000E+00
  0.000000E+00
  0.000000E+00
  0.000000E+00
  0.000000E+00
  0.000000E+00
  0.000000E+00
  0.000000E+00
  0.000000E+00
  0.000000E+00
  0.000000E+00
  0.000000E+00
  0.000000E+00
  0.000000E+00
  0.000000E+00
  0.000000E+00
  0.000000E+00
  0.000000E+00
  0.000000E+00
  1.000000E-08
  1.691809E-02
  3.383618E-02
  5.075427E-02
  6.767237E-02
  8.459046E-02
  1.015085E-01
  1.184266E-01
  1.353447E-01
  1.522628E-01
  1.691809E-01
  1.860990E-01
  2.030171E-01
  2.199352E-01
  2.368533E-01
  2.537714E-01
  2.706895E-01
  2.876076E-01
  3.045256E-01
  3.214437E-01
  3.383618E-01
  3.552799E-01
  3.721980E-01
  3.891161E-01
  4.060342E-01
  4.229523E-01
  4.398704E-01
  4.567885E-01
  4.737066E-01
  4.906247E-01
  5.075427E-01
  5.244608E-01
  5.413789E-01
  5.582970E-01
  5.752151E-01
  5.921332E-01
  6.090513E-01
  6.259694E-01
  6.428875E-01
  6.598056E-01
  6.767237E-01
  6.936418E-01
  7.105598E-01
  7.274779E-01
  7.443960E-01
  7.613141E-01
  7.782322E-01
  7.951503E-01
  8.120684E-01
  8.289865E-01
  8.459046E-01
  8.628227E-01
  8.797408E-01
  8.966589E-01
  9.135769E-01
  9.304950E-01
  9.474131E-01
  9.643312E-01
  9.812493E-01
  9.981674E-01
  1.015085E+00
  1.032004E+00
  1.048922E+00
  1.065840E+00
  1.082758E+00
  1.099676E+00
  1.116594E+00
  1.133512E+00
  1.150430E+00
  1.167348E+00
  1.184266E+00
  1.201185E+00
  1.218103E+00
  1.235021E+00
  1.251939E+00
  1.268857E+00
  1.285775E+00
  1.302693E+00
  1.319611E+00
  1.336529E+00
  1.353447E+00
  1.370365E+00
  1.387284E+00
  1.404202E+00
  1.421120E+00
  1.438038E+00
  1.454956E+00
  1.471874E+00
  1.488792E+00
  1.505710E+00
  1.522628E+00
  1.539546E+00
  1.556464E+00
  1.573383E+00
  1.590301E+00
  1.607219E+00
  1.624137E+00
  1.641055E+00
  1.657973E+00
  1.674891E+00
  1.691809E+00
  1.708727E+00
  1.725645E+00
  1.742563E+00
  1.759482E+00
  1.776400E+00
  1.793318E+00
  1.810236E+00
  1.827154E+00
  1.844072E+00
  1.860990E+00
  1.877908E+00
  1.894826E+00
  1.911744E+00
  1.928662E+00
  1.945581E+00
  1.962499E+00
  1.979417E+00
  1.996335E+00
  2.013253E+00
  2.030171E+00
  2.047089E+00
  2.064007E+00
  2.080925E+00
  2.097843E+00
  2.114761E+00
  2.131680E+00
  2.148598E+00
  2.165516E+00
  2.182434E+00
  2.199352E+00
  2.216270E+00
  2.233188E+00
  2.250106E+00
  2.267024E+00
  2.283942E+00
  2.300860E+00
  2.317779E+00
  2.334697E+00
  2.351615E+00
  2.368533E+00
  2.385451E+00
  2.402369E+00
  2.419287E+00
  2.436205E+00
  2.453123E+00
  2.470041E+00
  2.486959E+00
  2.503878E+00
  2.520796E+00
  1.098093E+04
  1.097941E+04
  1.097790E+04
  1.097638E+04
  1.097486E+04
  1.097334E+04
  1.097182E+04
  1.097030E+04
  1.096878E+04
  1.096439E+04
  1.095987E+04
  1.095536E+04
  1.095085E+04
  1.094633E+04
  1.094182E+04
  1.093730E+04
  1.093192E+04
  1.092470E+04
  1.091748E+04
  1.091026E+04
  1.090305E+04
  1.089583E+04
  1.088861E+04
  1.088121E+04
  1.087125E+04
  1.086128E+04
  1.085132E+04
  1.084136E+04
  1.083139E+04
  1.082143E+04
  1.081094E+04
  1.079800E+04
  1.078505E+04
  1.077210E+04
  1.075915E+04
  1.074620E+04
  1.073326E+04
  1.071836E+04
  1.070228E+04
  1.068621E+04
  1.067014E+04
  1.065407E+04
  1.063800E+04
  1.062066E+04
  1.060145E+04
  1.058223E+04
  1.056302E+04
  1.054381E+04
  1.052460E+04
  1.050379E+04
  1.048134E+04
  1.045889E+04
  1.043644E+04
  1.041400E+04
  1.039155E+04
  1.036611E+04
  1.034026E+04
  1.031442E+04
  1.028857E+04
  1.026273E+04
  1.023500E+04
  1.020569E+04
  1.017639E+04
  1.014708E+04
  1.011778E+04
  1.008674E+04
  1.005381E+04
  1.002089E+04
  9.987963E+03
  9.955039E+03
  9.919482E+03
  9.882602E+03
  9.845723E+03
  9.808845E+03
  9.771583E+03
  9.730553E+03
  9.689524E+03
  9.648495E+03
  9.607467E+03
  9.563310E+03
  9.518100E+03
  9.472892E+03
  9.427684E+03
  9.379894E+03
  9.330529E+03
  9.281165E+03
  9.231804E+03
  9.179769E+03
  9.126593E+03
  9.073420E+03
  9.020250E+03
  8.963911E+03
  8.907499E+03
  8.851095E+03
  8.793374E+03
  8.733963E+03
  8.674566E+03
  8.614955E+03
  8.552570E+03
  8.490216E+03
  8.427891E+03
  8.363200E+03
  8.298234E+03
  8.233313E+03
  8.165976E+03
  8.098254E+03
  8.030587E+03
  7.959302E+03
  7.887947E+03
  7.815602E+03
  7.739767E+03
  7.663987E+03
  7.585123E+03
  7.504439E+03
  7.422995E+03
  7.337225E+03
  7.251494E+03
  7.161670E+03
  7.070900E+03
  6.977357E+03
  6.881798E+03
  6.784137E+03
  6.683998E+03
  6.581919E+03
  6.477430E+03
  6.370836E+03
  6.262411E+03
  6.151458E+03
  6.039520E+03
  5.924439E+03
  5.808335E+03
  5.690390E+03
  5.570375E+03
  5.449044E+03
  5.326013E+03
  5.200666E+03
  5.073548E+03
  4.944501E+03
  4.813537E+03
  4.681431E+03
  4.552899E+03
  4.438011E+03
  4.352842E+03
  4.324425E+03
  4.414153E+03
  4.545805E+03
  4.291944E+03
  4.579052E+03
  1.331534E+03
  7.309601E-03
  5.972756E+02
  5.972401E+02
  5.972046E+02
  5.971691E+02
  5.971336E+02
  5.970981E+02
  5.970626E+02
  5.970271E+02
  5.969916E+02
  5.969424E+02
  5.968927E+02
  5.968429E+02
  5.967932E+02
  5.967435E+02
  5.966938E+02
  5.966441E+02
  5.966177E+02
  5.966404E+02
  5.966630E+02
  5.966857E+02
  5.967084E+02
  5.967311E+02
  5.967539E+02
  5.967807E+02
  5.968640E+02
  5.969474E+02
  5.970308E+02
  5.971142E+02
  5.971977E+02
  5.972812E+02
  5.973661E+02
  5.974576E+02
  5.975491E+02
  5.976407E+02
  5.977324E+02
  5.978242E+02
  5.979160E+02
  5.980044E+02
  5.980909E+02
  5.981775E+02
  5.982642E+02
  5.983511E+02
  5.984381E+02
  5.985208E+02
  5.985973E+02
  5.986739E+02
  5.987507E+02
  5.988278E+02
  5.989050E+02
  5.989443E+02
  5.989447E+02
  5.989454E+02
  5.989463E+02
  5.989474E+02
  5.989488E+02
  5.987936E+02
  5.986173E+02
  5.984412E+02
  5.982653E+02
  5.980896E+02
  5.978002E+02
  5.974165E+02
  5.970329E+02
  5.966495E+02
  5.962663E+02
  5.957895E+02
  5.952112E+02
  5.946330E+02
  5.940550E+02
  5.934771E+02
  5.927817E+02
  5.920272E+02
  5.912728E+02
  5.905187E+02
  5.897541E+02
  5.888844E+02
  5.880150E+02
  5.871458E+02
  5.862769E+02
  5.852867E+02
  5.842559E+02
  5.832254E+02
  5.821952E+02
  5.809038E+02
  5.794529E+02
  5.780020E+02
  5.765511E+02
  5.746395E+02
  5.725305E+02
  5.704213E+02
  5.683118E+02
  5.654419E+02
  5.625533E+02
  5.596651E+02
  5.563404E+02
  5.524552E+02
  5.485729E+02
  5.446093E+02
  5.396221E+02
  5.346427E+02
  5.296709E+02
  5.240773E+02
  5.184115E+02
  5.127579E+02
  5.070109E+02
  5.012586E+02
  4.955194E+02
  4.900380E+02
  4.845767E+02
  4.792374E+02
  4.742829E+02
  4.693363E+02
  4.648023E+02
  4.605144E+02
  4.563427E+02
  4.527796E+02
  4.492184E+02
  4.462315E+02
  4.433810E+02
  4.409033E+02
  4.386976E+02
  4.367001E+02
  4.349479E+02
  4.332846E+02
  4.317320E+02
  4.302095E+02
  4.287148E+02
  4.272323E+02
  4.257586E+02
  4.243303E+02
  4.229543E+02
  4.216684E+02
  4.205923E+02
  4.197080E+02
  4.191155E+02
  4.190792E+02
  4.195864E+02
  4.208189E+02
  4.230628E+02
  4.269527E+02
  4.339415E+02
  4.462549E+02
  4.677325E+02
  5.047100E+02
  5.698592E+02
  6.553106E+02
  6.979972E+02
  8.226153E+02
  3.681096E+02
  2.342266E-03
  2.005695E+03
  2.005340E+03
  2.004985E+03
  2.004630E+03
  2.004275E+03
  2.003921E+03
  2.003566E+03
  2.003211E+03
  2.002856E+03
  2.001857E+03
  2.000832E+03
  1.999807E+03
  1.998781E+03
  1.997756E+03
  1.996731E+03
  1.995706E+03
  1.994492E+03
  1.992883E+03
  1.991274E+03
  1.989664E+03
  1.988055E+03
  1.986446E+03
  1.984837E+03
  1.983183E+03
  1.980913E+03
  1.978642E+03
  1.976371E+03
  1.974101E+03
  1.971830E+03
  1.969560E+03
  1.967149E+03
  1.964074E+03
  1.960999E+03
  1.957924E+03
  1.954849E+03
  1.951773E+03
  1.948698E+03
  1.945077E+03
  1.941127E+03
  1.937178E+03
  1.933229E+03
  1.929280E+03
  1.925331E+03
  1.921043E+03
  1.916257E+03
  1.911470E+03
  1.906684E+03
  1.901898E+03
  1.897112E+03
  1.891954E+03
  1.886417E+03
  1.880880E+03
  1.875343E+03
  1.869806E+03
  1.864269E+03
  1.858152E+03
  1.851955E+03
  1.845759E+03
  1.839562E+03
  1.833366E+03
  1.826846E+03
  1.820058E+03
  1.813270E+03
  1.806482E+03
  1.799694E+03
  1.792588E+03
  1.785136E+03
  1.777685E+03
  1.770249E+03
  1.762798E+03
  1.754824E+03
  1.746588E+03
  1.738352E+03
  1.730115E+03
  1.721815E+03
  1.712890E+03
  1.703965E+03
  1.695039E+03
  1.686114E+03
  1.676793E+03
  1.667340E+03
  1.657887E+03
  1.648434E+03
  1.638679E+03
  1.628740E+03
  1.618801E+03
  1.608862E+03
  1.598772E+03
  1.588617E+03
  1.578463E+03
  1.568310E+03
  1.558407E+03
  1.548512E+03
  1.538619E+03
  1.528848E+03
  1.519234E+03
  1.509626E+03
  1.500010E+03
  1.490245E+03
  1.480491E+03
  1.470738E+03
  1.460636E+03
  1.450502E+03
  1.440386E+03
  1.429670E+03
  1.418865E+03
  1.408083E+03
  1.395938E+03
  1.383768E+03
  1.371150E+03
  1.356962E+03
  1.342795E+03
  1.327185E+03
  1.310720E+03
  1.293902E+03
  1.275097E+03
  1.256303E+03
  1.235697E+03
  1.214666E+03
  1.192533E+03
  1.169597E+03
  1.146029E+03
  1.121715E+03
  1.097038E+03
  1.071910E+03
  1.046633E+03
  1.021228E+03
  9.959987E+02
  9.708425E+02
  9.464456E+02
  9.225061E+02
  8.993889E+02
  8.776422E+02
  8.569129E+02
  8.376198E+02
  8.204991E+02
  8.051167E+02
  7.918171E+02
  7.811336E+02
  7.744398E+02
  7.754304E+02
  7.904308E+02
  8.306602E+02
  9.129250E+02
  1.064029E+03
  1.251773E+03
  1.303130E+03
  1.406662E+03
 -2.001677E+00
  2.273422E-08
  1.232923E+00
  1.232752E+00
  1.232582E+00
  1.232411E+00
  1.232241E+00
  1.232070E+00
  1.231900E+00
  1.231729E+00
  1.231559E+00
  1.231065E+00
  1.230558E+00
  1.230052E+00
  1.229545E+00
  1.229038E+00
  1.228531E+00
  1.228024E+00
  1.227419E+00
  1.226609E+00
  1.225799E+00
  1.224988E+00
  1.224178E+00
  1.223368E+00
  1.222557E+00
  1.221726E+00
  1.220608E+00
  1.219489E+00
  1.218370E+00
  1.217251E+00
  1.216133E+00
  1.215014E+00
  1.213837E+00
  1.212383E+00
  1.210929E+00
  1.209475E+00
  1.208022E+00
  1.206568E+00
  1.205114E+00
  1.203441E+00
  1.201637E+00
  1.199832E+00
  1.198028E+00
  1.196223E+00
  1.194419E+00
  1.192472E+00
  1.190315E+00
  1.188158E+00
  1.186000E+00
  1.183843E+00
  1.181686E+00
  1.179350E+00
  1.176829E+00
  1.174309E+00
  1.171788E+00
  1.169268E+00
  1.166748E+00
  1.163892E+00
  1.160990E+00
  1.158088E+00
  1.155186E+00
  1.152284E+00
  1.149170E+00
  1.145880E+00
  1.142589E+00
  1.139299E+00
  1.136009E+00
  1.132524E+00
  1.128827E+00
  1.125130E+00
  1.121434E+00
  1.117737E+00
  1.113745E+00
  1.109604E+00
  1.105463E+00
  1.101323E+00
  1.097139E+00
  1.092532E+00
  1.087925E+00
  1.083319E+00
  1.078712E+00
  1.073754E+00
  1.068678E+00
  1.063602E+00
  1.058526E+00
  1.053161E+00
  1.047618E+00
  1.042075E+00
  1.036533E+00
  1.030691E+00
  1.024720E+00
  1.018750E+00
  1.012780E+00
  1.006455E+00
  1.000121E+00
  9.937878E-01
  9.873070E-01
  9.806364E-01
  9.739674E-01
  9.672743E-01
  9.602699E-01
  9.532689E-01
  9.462711E-01
  9.390077E-01
  9.317134E-01
  9.244242E-01
  9.168637E-01
  9.092599E-01
  9.016624E-01
  8.936586E-01
  8.856470E-01
  8.775242E-01
  8.690096E-01
  8.605011E-01
  8.516463E-01
  8.425873E-01
  8.334429E-01
  8.238128E-01
  8.141870E-01
  8.041017E-01
  7.939101E-01
  7.834074E-01
  7.726781E-01
  7.617129E-01
  7.504694E-01
  7.390081E-01
  7.272763E-01
  7.153081E-01
  7.031343E-01
  6.906766E-01
  6.781083E-01
  6.651873E-01
  6.521512E-01
  6.389085E-01
  6.254334E-01
  6.118106E-01
  5.979969E-01
  5.839230E-01
  5.696505E-01
  5.551612E-01
  5.404568E-01
  5.256242E-01
  5.111928E-01
  4.982933E-01
  4.887306E-01
  4.855401E-01
  4.956146E-01
  5.103962E-01
  4.818931E-01
  5.141292E-01
  1.495027E-01
  8.207111E-07
  1.087724E+00
  1.087659E+00
  1.087595E+00
  1.087530E+00
  1.087465E+00
  1.087401E+00
  1.087336E+00
  1.087271E+00
  1.087207E+00
  1.087117E+00
  1.087027E+00
  1.086936E+00
  1.086845E+00
  1.086755E+00
  1.086664E+00
  1.086574E+00
  1.086526E+00
  1.086567E+00
  1.086608E+00
  1.086650E+00
  1.086691E+00
  1.086732E+00
  1.086774E+00
  1.086823E+00
  1.086974E+00
  1.087126E+00
  1.087278E+00
  1.087430E+00
  1.087582E+00
  1.087734E+00
  1.087889E+00
  1.088055E+00
  1.088222E+00
  1.088389E+00
  1.088556E+00
  1.088723E+00
  1.088890E+00
  1.089051E+00
  1.089209E+00
  1.089366E+00
  1.089524E+00
  1.089683E+00
  1.089841E+00
  1.089992E+00
  1.090131E+00
  1.090270E+00
  1.090410E+00
  1.090551E+00
  1.090691E+00
  1.090763E+00
  1.090764E+00
  1.090765E+00
  1.090766E+00
  1.090769E+00
  1.090771E+00
  1.090488E+00
  1.090167E+00
  1.089847E+00
  1.089526E+00
  1.089206E+00
  1.088679E+00
  1.087980E+00
  1.087282E+00
  1.086584E+00
  1.085886E+00
  1.085018E+00
  1.083964E+00
  1.082911E+00
  1.081859E+00
  1.080806E+00
  1.079540E+00
  1.078166E+00
  1.076792E+00
  1.075419E+00
  1.074026E+00
  1.072442E+00
  1.070859E+00
  1.069276E+00
  1.067694E+00
  1.065890E+00
  1.064013E+00
  1.062137E+00
  1.060260E+00
  1.057909E+00
  1.055266E+00
  1.052624E+00
  1.049982E+00
  1.046500E+00
  1.042660E+00
  1.038818E+00
  1.034977E+00
  1.029750E+00
  1.024490E+00
  1.019230E+00
  1.013175E+00
  1.006100E+00
  9.990293E-01
  9.918111E-01
  9.827287E-01
  9.736605E-01
  9.646062E-01
  9.544194E-01
  9.441013E-01
  9.338051E-01
  9.233392E-01
  9.128634E-01
  9.024114E-01
  8.924289E-01
  8.824832E-01
  8.727596E-01
  8.637367E-01
  8.547283E-01
  8.464712E-01
  8.386623E-01
  8.310652E-01
  8.245761E-01
  8.180907E-01
  8.126511E-01
  8.074599E-01
  8.029477E-01
  7.989308E-01
  7.952931E-01
  7.921021E-01
  7.890730E-01
  7.862455E-01
  7.834728E-01
  7.807507E-01
  7.780509E-01
  7.753671E-01
  7.727659E-01
  7.702600E-01
  7.679182E-01
  7.659584E-01
  7.643480E-01
  7.632690E-01
  7.632029E-01
  7.641266E-01
  7.663712E-01
  7.704577E-01
  7.775416E-01
  7.902693E-01
  8.126938E-01
  8.518075E-01
  9.191488E-01
  1.037795E+00
  1.193414E+00
  1.271152E+00
  1.498100E+00
  6.703801E-01
  4.265600E-06
  1.261075E+00
  1.260852E+00
  1.260629E+00
  1.260406E+00
  1.260183E+00
  1.259959E+00
  1.259736E+00
  1.259513E+00
  1.259290E+00
  1.258662E+00
  1.258017E+00
  1.257373E+00
  1.256728E+00
  1.256084E+00
  1.255439E+00
  1.254794E+00
  1.254031E+00
  1.253020E+00
  1.252008E+00
  1.250996E+00
  1.249984E+00
  1.248972E+00
  1.247961E+00
  1.246921E+00
  1.245493E+00
  1.244066E+00
  1.242638E+00
  1.241210E+00
  1.239783E+00
  1.238355E+00
  1.236840E+00
  1.234906E+00
  1.232973E+00
  1.231039E+00
  1.229106E+00
  1.227172E+00
  1.225239E+00
  1.222961E+00
  1.220478E+00
  1.217995E+00
  1.215512E+00
  1.213029E+00
  1.210546E+00
  1.207851E+00
  1.204841E+00
  1.201832E+00
  1.198822E+00
  1.195813E+00
  1.192804E+00
  1.189561E+00
  1.186079E+00
  1.182598E+00
  1.179117E+00
  1.175635E+00
  1.172154E+00
  1.168308E+00
  1.164412E+00
  1.160516E+00
  1.156620E+00
  1.152724E+00
  1.148625E+00
  1.144357E+00
  1.140089E+00
  1.135821E+00
  1.131553E+00
  1.127085E+00
  1.122400E+00
  1.117714E+00
  1.113039E+00
  1.108354E+00
  1.103341E+00
  1.098162E+00
  1.092984E+00
  1.087805E+00
  1.082587E+00
  1.076975E+00
  1.071363E+00
  1.065751E+00
  1.060139E+00
  1.054279E+00
  1.048335E+00
  1.042392E+00
  1.036448E+00
  1.030315E+00
  1.024066E+00
  1.017817E+00
  1.011568E+00
  1.005223E+00
  9.988387E-01
  9.924545E-01
  9.860707E-01
  9.798441E-01
  9.736227E-01
  9.674024E-01
  9.612586E-01
  9.552144E-01
  9.491733E-01
  9.431272E-01
  9.369874E-01
  9.308547E-01
  9.247226E-01
  9.183707E-01
  9.119990E-01
  9.056389E-01
  8.989008E-01
  8.921074E-01
  8.853284E-01
  8.776920E-01
  8.700401E-01
  8.621071E-01
  8.531862E-01
  8.442788E-01
  8.344636E-01
  8.241115E-01
  8.135376E-01
  8.017136E-01
  7.898972E-01
  7.769409E-01
  7.637178E-01
  7.498020E-01
  7.353810E-01
  7.205625E-01
  7.052755E-01
  6.897597E-01
  6.739603E-01
  6.580674E-01
  6.420940E-01
  6.262314E-01
  6.104145E-01
  5.950750E-01
  5.800231E-01
  5.654883E-01
  5.518151E-01
  5.387816E-01
  5.266511E-01
  5.158866E-01
  5.062149E-01
  4.978528E-01
  4.911356E-01
  4.869269E-01
  4.875497E-01
  4.969812E-01
  5.222753E-01
  5.739991E-01
  6.690053E-01
  7.870487E-01
  8.193394E-01
  8.844348E-01
 -1.258549E-03
  1.429408E-11
  9.723683E-01
  9.722339E-01
  9.720994E-01
  9.719650E-01
  9.718305E-01
  9.716961E-01
  9.715616E-01
  9.714272E-01
  9.712927E-01
  9.709035E-01
  9.705038E-01
  9.701041E-01
  9.697044E-01
  9.693048E-01
  9.689051E-01
  9.685054E-01
  9.680285E-01
  9.673895E-01
  9.667505E-01
  9.661114E-01
  9.654724E-01
  9.648334E-01
  9.641944E-01
  9.635392E-01
  9.626570E-01
  9.617747E-01
  9.608925E-01
  9.600103E-01
  9.591281E-01
  9.582459E-01
  9.573178E-01
  9.561714E-01
  9.550250E-01
  9.538786E-01
  9.527322E-01
  9.515858E-01
  9.504395E-01
  9.491202E-01
  9.476972E-01
  9.462742E-01
  9.448513E-01
  9.434284E-01
  9.420056E-01
  9.404702E-01
  9.387690E-01
  9.370678E-01
  9.353667E-01
  9.336657E-01
  9.319647E-01
  9.301219E-01
  9.281342E-01
  9.261465E-01
  9.241589E-01
  9.221714E-01
  9.201839E-01
  9.179314E-01
  9.156427E-01
  9.133541E-01
  9.110656E-01
  9.087771E-01
  9.063212E-01
  9.037263E-01
  9.011314E-01
  8.985365E-01
  8.959417E-01
  8.931931E-01
  8.902775E-01
  8.873620E-01
  8.844465E-01
  8.815310E-01
  8.783824E-01
  8.751166E-01
  8.718509E-01
  8.685852E-01
  8.652855E-01
  8.616522E-01
  8.580189E-01
  8.543856E-01
  8.507524E-01
  8.468421E-01
  8.428385E-01
  8.388350E-01
  8.348317E-01
  8.305996E-01
  8.262280E-01
  8.218566E-01
  8.174854E-01
  8.128775E-01
  8.081686E-01
  8.034600E-01
  7.987517E-01
  7.937630E-01
  7.887678E-01
  7.837733E-01
  7.786623E-01
  7.734017E-01
  7.681424E-01
  7.628641E-01
  7.573403E-01
  7.518190E-01
  7.463002E-01
  7.405715E-01
  7.348182E-01
  7.290688E-01
  7.231051E-01
  7.171070E-01
  7.111136E-01
  7.047997E-01
  6.984794E-01
  6.920713E-01
  6.853545E-01
  6.786423E-01
  6.716573E-01
  6.645114E-01
  6.572982E-01
  6.497027E-01
  6.421106E-01
  6.341567E-01
  6.261192E-01
  6.178367E-01
  6.093759E-01
  6.007293E-01
  5.918634E-01
  5.828259E-01
  5.735750E-01
  5.641378E-01
  5.545383E-01
  5.447148E-01
  5.348038E-01
  5.246145E-01
  5.143342E-01
  5.038907E-01
  4.932635E-01
  4.825195E-01
  4.716246E-01
  4.605243E-01
  4.492670E-01
  4.378385E-01
  4.262401E-01
  4.145403E-01
  4.031568E-01
  3.929812E-01
  3.854371E-01
  3.829181E-01
  3.908602E-01
  4.025141E-01
  3.800321E-01
  4.054501E-01
  1.443063E-01
  5.312401E-02
  5.288912E-02
  5.288598E-02
  5.288283E-02
  5.287969E-02
  5.287655E-02
  5.287341E-02
  5.287026E-02
  5.286712E-02
  5.286398E-02
  5.285963E-02
  5.285523E-02
  5.285083E-02
  5.284642E-02
  5.284202E-02
  5.283762E-02
  5.283322E-02
  5.283089E-02
  5.283290E-02
  5.283492E-02
  5.283693E-02
  5.283895E-02
  5.284096E-02
  5.284298E-02
  5.284536E-02
  5.285274E-02
  5.286013E-02
  5.286753E-02
  5.287492E-02
  5.288232E-02
  5.288972E-02
  5.289725E-02
  5.290536E-02
  5.291347E-02
  5.292159E-02
  5.292972E-02
  5.293785E-02
  5.294599E-02
  5.295383E-02
  5.296150E-02
  5.296918E-02
  5.297687E-02
  5.298457E-02
  5.299228E-02
  5.299962E-02
  5.300640E-02
  5.301320E-02
  5.302001E-02
  5.302684E-02
  5.303369E-02
  5.303718E-02
  5.303722E-02
  5.303729E-02
  5.303738E-02
  5.303748E-02
  5.303761E-02
  5.302388E-02
  5.300827E-02
  5.299268E-02
  5.297711E-02
  5.296156E-02
  5.293594E-02
  5.290196E-02
  5.286799E-02
  5.283404E-02
  5.280011E-02
  5.275790E-02
  5.270669E-02
  5.265549E-02
  5.260430E-02
  5.255313E-02
  5.249155E-02
  5.242473E-02
  5.235793E-02
  5.229115E-02
  5.222344E-02
  5.214642E-02
  5.206942E-02
  5.199245E-02
  5.191550E-02
  5.182781E-02
  5.173652E-02
  5.164525E-02
  5.155401E-02
  5.143965E-02
  5.131116E-02
  5.118267E-02
  5.105417E-02
  5.088489E-02
  5.069813E-02
  5.051135E-02
  5.032454E-02
  5.007042E-02
  4.981465E-02
  4.955891E-02
  4.926452E-02
  4.892050E-02
  4.857674E-02
  4.822578E-02
  4.778418E-02
  4.734326E-02
  4.690302E-02
  4.640768E-02
  4.590594E-02
  4.540526E-02
  4.489631E-02
  4.438686E-02
  4.387856E-02
  4.339308E-02
  4.290937E-02
  4.243646E-02
  4.199763E-02
  4.155950E-02
  4.115792E-02
  4.077814E-02
  4.040866E-02
  4.009310E-02
  3.977772E-02
  3.951322E-02
  3.926082E-02
  3.904146E-02
  3.884620E-02
  3.866940E-02
  3.851434E-02
  3.836715E-02
  3.822977E-02
  3.809507E-02
  3.796282E-02
  3.783164E-02
  3.770123E-02
  3.757483E-02
  3.745305E-02
  3.733922E-02
  3.724396E-02
  3.716565E-02
  3.711316E-02
  3.710989E-02
  3.715473E-02
  3.726376E-02
  3.746233E-02
  3.780662E-02
  3.842529E-02
  3.951541E-02
  4.141696E-02
  4.469094E-02
  5.045935E-02
  5.802532E-02
  6.180447E-02
  7.283810E-02
  3.989423E-02
  1.702289E-02
  1.776055E-01
  1.775741E-01
  1.775427E-01
  1.775113E-01
  1.774798E-01
  1.774484E-01
  1.774170E-01
  1.773856E-01
  1.773541E-01
  1.772657E-01
  1.771749E-01
  1.770842E-01
  1.769934E-01
  1.769026E-01
  1.768118E-01
  1.767211E-01
  1.766136E-01
  1.764711E-01
  1.763286E-01
  1.761862E-01
  1.760437E-01
  1.759012E-01
  1.757587E-01
  1.756123E-01
  1.754113E-01
  1.752102E-01
  1.750092E-01
  1.748081E-01
  1.746071E-01
  1.744061E-01
  1.741927E-01
  1.739204E-01
  1.736481E-01
  1.733758E-01
  1.731035E-01
  1.728312E-01
  1.725590E-01
  1.722383E-01
  1.718886E-01
  1.715389E-01
  1.711893E-01
  1.708396E-01
  1.704899E-01
  1.701103E-01
  1.696865E-01
  1.692627E-01
  1.688389E-01
  1.684151E-01
  1.679913E-01
  1.675346E-01
  1.670443E-01
  1.665540E-01
  1.660638E-01
  1.655735E-01
  1.650832E-01
  1.645415E-01
  1.639928E-01
  1.634441E-01
  1.628955E-01
  1.623468E-01
  1.617695E-01
  1.611684E-01
  1.605673E-01
  1.599662E-01
  1.593651E-01
  1.587359E-01
  1.580760E-01
  1.574162E-01
  1.567578E-01
  1.560979E-01
  1.553918E-01
  1.546625E-01
  1.539332E-01
  1.532038E-01
  1.524688E-01
  1.516785E-01
  1.508881E-01
  1.500977E-01
  1.493073E-01
  1.484820E-01
  1.476448E-01
  1.468077E-01
  1.459706E-01
  1.451068E-01
  1.442266E-01
  1.433465E-01
  1.424663E-01
  1.415728E-01
  1.406736E-01
  1.397745E-01
  1.388754E-01
  1.379984E-01
  1.371223E-01
  1.362462E-01
  1.353810E-01
  1.345298E-01
  1.336791E-01
  1.328276E-01
  1.319630E-01
  1.310993E-01
  1.302357E-01
  1.293411E-01
  1.284436E-01
  1.275478E-01
  1.265986E-01
  1.256417E-01
  1.246867E-01
  1.236109E-01
  1.225329E-01
  1.214153E-01
  1.201587E-01
  1.189039E-01
  1.175213E-01
  1.160631E-01
  1.145737E-01
  1.129083E-01
  1.112441E-01
  1.094194E-01
  1.075571E-01
  1.055974E-01
  1.035666E-01
  1.014798E-01
  9.932713E-02
  9.714223E-02
  9.491738E-02
  9.267936E-02
  9.042998E-02
  8.819619E-02
  8.596880E-02
  8.380861E-02
  8.168889E-02
  7.964194E-02
  7.771629E-02
  7.588069E-02
  7.417220E-02
  7.265604E-02
  7.129376E-02
  7.011588E-02
  6.916960E-02
  6.857657E-02
  6.866395E-02
  6.999183E-02
  7.355362E-02
  8.083746E-02
  9.421663E-02
  1.108398E-01
  1.153862E-01
  1.245522E-01
 -2.169337E-04
  1.652256E-07
  9.725588E-01
  9.724243E-01
  9.722899E-01
  9.721554E-01
  9.720210E-01
  9.718866E-01
  9.717521E-01
  9.716177E-01
  9.714832E-01
  9.710941E-01
  9.706945E-01
  9.702948E-01
  9.698952E-01
  9.694955E-01
  9.690959E-01
  9.686962E-01
  9.682194E-01
  9.675805E-01
  9.669417E-01
  9.663028E-01
  9.656639E-01
  9.650250E-01
  9.643861E-01
  9.637311E-01
  9.628490E-01
  9.619670E-01
  9.610850E-01
  9.602030E-01
  9.593210E-01
  9.584391E-01
  9.575112E-01
  9.563651E-01
  9.552190E-01
  9.540730E-01
  9.529269E-01
  9.517809E-01
  9.506349E-01
  9.493159E-01
  9.478934E-01
  9.464709E-01
  9.450484E-01
  9.436259E-01
  9.422035E-01
  9.406686E-01
  9.389679E-01
  9.372673E-01
  9.355667E-01
  9.338662E-01
  9.321657E-01
  9.303235E-01
  9.283363E-01
  9.263492E-01
  9.243622E-01
  9.223752E-01
  9.203883E-01
  9.181364E-01
  9.158484E-01
  9.135604E-01
  9.112724E-01
  9.089846E-01
  9.065293E-01
  9.039349E-01
  9.013406E-01
  8.987463E-01
  8.961521E-01
  8.934041E-01
  8.904892E-01
  8.875742E-01
  8.846593E-01
  8.817444E-01
  8.785965E-01
  8.753314E-01
  8.720664E-01
  8.688014E-01
  8.655024E-01
  8.618699E-01
  8.582374E-01
  8.546050E-01
  8.509726E-01
  8.470633E-01
  8.430607E-01
  8.390583E-01
  8.350559E-01
  8.308250E-01
  8.264547E-01
  8.220846E-01
  8.177147E-01
  8.131083E-01
  8.084010E-01
  8.036939E-01
  7.989872E-01
  7.940003E-01
  7.890070E-01
  7.840143E-01
  7.789053E-01
  7.736468E-01
  7.683896E-01
  7.631134E-01
  7.575919E-01
  7.520730E-01
  7.465564E-01
  7.408302E-01
  7.350795E-01
  7.293325E-01
  7.233714E-01
  7.173760E-01
  7.113853E-01
  7.050743E-01
  6.987568E-01
  6.923517E-01
  6.856378E-01
  6.789287E-01
  6.719468E-01
  6.648042E-01
  6.575943E-01
  6.500021E-01
  6.424134E-01
  6.344632E-01
  6.264293E-01
  6.181506E-01
  6.096936E-01
  6.010509E-01
  5.921890E-01
  5.831555E-01
  5.739086E-01
  5.644754E-01
  5.548798E-01
  5.450603E-01
  5.351533E-01
  5.249680E-01
  5.146919E-01
  5.042529E-01
  4.936309E-01
  4.828927E-01
  4.720047E-01
  4.609135E-01
  4.496677E-01
  4.382540E-01
  4.266746E-01
  4.149998E-01
  4.036483E-01
  3.935111E-01
  3.860097E-01
  3.835326E-01
  3.915042E-01
  4.031566E-01
  3.806512E-01
  4.059199E-01
  1.437015E-01
  5.067491E-02
  4.648149E-02
  4.647872E-02
  4.647595E-02
  4.647318E-02
  4.647040E-02
  4.646763E-02
  4.646486E-02
  4.646209E-02
  4.645932E-02
  4.645563E-02
  4.645190E-02
  4.644818E-02
  4.644445E-02
  4.644073E-02
  4.643701E-02
  4.643328E-02
  4.643148E-02
  4.643372E-02
  4.643596E-02
  4.643821E-02
  4.644045E-02
  4.644270E-02
  4.644494E-02
  4.644752E-02
  4.645465E-02
  4.646178E-02
  4.646892E-02
  4.647606E-02
  4.648320E-02
  4.649035E-02
  4.649760E-02
  4.650534E-02
  4.651308E-02
  4.652084E-02
  4.652860E-02
  4.653636E-02
  4.654413E-02
  4.655166E-02
  4.655906E-02
  4.656647E-02
  4.657389E-02
  4.658132E-02
  4.658876E-02
  4.659590E-02
  4.660258E-02
  4.660929E-02
  4.661601E-02
  4.662274E-02
  4.662950E-02
  4.663298E-02
  4.663312E-02
  4.663328E-02
  4.663346E-02
  4.663366E-02
  4.663388E-02
  4.662038E-02
  4.660502E-02
  4.658968E-02
  4.657436E-02
  4.655906E-02
  4.653376E-02
  4.650015E-02
  4.646656E-02
  4.643299E-02
  4.639943E-02
  4.635762E-02
  4.630686E-02
  4.625610E-02
  4.620537E-02
  4.615464E-02
  4.609348E-02
  4.602709E-02
  4.596071E-02
  4.589435E-02
  4.582704E-02
  4.575024E-02
  4.567347E-02
  4.559672E-02
  4.551999E-02
  4.543222E-02
  4.534076E-02
  4.524932E-02
  4.515790E-02
  4.504305E-02
  4.491389E-02
  4.478473E-02
  4.465556E-02
  4.448527E-02
  4.429735E-02
  4.410941E-02
  4.392144E-02
  4.366584E-02
  4.340858E-02
  4.315134E-02
  4.285547E-02
  4.250999E-02
  4.216475E-02
  4.181234E-02
  4.136983E-02
  4.092797E-02
  4.048675E-02
  3.999135E-02
  3.948963E-02
  3.898893E-02
  3.848106E-02
  3.797286E-02
  3.746575E-02
  3.698287E-02
  3.650177E-02
  3.603175E-02
  3.559686E-02
  3.516262E-02
  3.476557E-02
  3.439068E-02
  3.402614E-02
  3.371592E-02
  3.340585E-02
  3.314654E-02
  3.289929E-02
  3.268467E-02
  3.249388E-02
  3.232104E-02
  3.216938E-02
  3.202502E-02
  3.188974E-02
  3.175637E-02
  3.162481E-02
  3.149317E-02
  3.136185E-02
  3.123243E-02
  3.110643E-02
  3.098625E-02
  3.088034E-02
  3.078758E-02
  3.071479E-02
  3.067957E-02
  3.068089E-02
  3.073139E-02
  3.085186E-02
  3.109167E-02
  3.157401E-02
  3.249707E-02
  3.420490E-02
  3.727584E-02
  4.287330E-02
  5.036572E-02
  5.416856E-02
  6.526737E-02
  3.319641E-02
  8.919244E-03
  1.780664E-01
  1.780350E-01
  1.780035E-01
  1.779721E-01
  1.779406E-01
  1.779091E-01
  1.778777E-01
  1.778462E-01
  1.778148E-01
  1.777263E-01
  1.776355E-01
  1.775446E-01
  1.774538E-01
  1.773630E-01
  1.772721E-01
  1.771813E-01
  1.770738E-01
  1.769313E-01
  1.767887E-01
  1.766462E-01
  1.765037E-01
  1.763611E-01
  1.762186E-01
  1.760722E-01
  1.758711E-01
  1.756700E-01
  1.754690E-01
  1.752679E-01
  1.750668E-01
  1.748657E-01
  1.746523E-01
  1.743800E-01
  1.741076E-01
  1.738353E-01
  1.735630E-01
  1.732907E-01
  1.730183E-01
  1.726976E-01
  1.723479E-01
  1.719981E-01
  1.716484E-01
  1.712986E-01
  1.709489E-01
  1.705692E-01
  1.701452E-01
  1.697213E-01
  1.692974E-01
  1.688734E-01
  1.684495E-01
  1.679927E-01
  1.675022E-01
  1.670117E-01
  1.665212E-01
  1.660308E-01
  1.655403E-01
  1.649983E-01
  1.644494E-01
  1.639004E-01
  1.633514E-01
  1.628024E-01
  1.622248E-01
  1.616234E-01
  1.610219E-01
  1.604205E-01
  1.598190E-01
  1.591894E-01
  1.585292E-01
  1.578689E-01
  1.572108E-01
  1.565505E-01
  1.558440E-01
  1.551143E-01
  1.543846E-01
  1.536549E-01
  1.529195E-01
  1.521288E-01
  1.513381E-01
  1.505474E-01
  1.497567E-01
  1.489309E-01
  1.480934E-01
  1.472560E-01
  1.464185E-01
  1.455540E-01
  1.446730E-01
  1.437921E-01
  1.429111E-01
  1.420162E-01
  1.411154E-01
  1.402146E-01
  1.393138E-01
  1.384340E-01
  1.375549E-01
  1.366760E-01
  1.358071E-01
  1.349513E-01
  1.340960E-01
  1.332398E-01
  1.323687E-01
  1.314986E-01
  1.306279E-01
  1.297255E-01
  1.288200E-01
  1.279162E-01
  1.269583E-01
  1.259924E-01
  1.250285E-01
  1.239435E-01
  1.228563E-01
  1.217295E-01
  1.204638E-01
  1.191999E-01
  1.178085E-01
  1.163418E-01
  1.148439E-01
  1.131707E-01
  1.114986E-01
  1.096668E-01
  1.077976E-01
  1.058315E-01
  1.037948E-01
  1.017026E-01
  9.954506E-02
  9.735582E-02
  9.512727E-02
  9.288615E-02
  9.063418E-02
  8.839855E-02
  8.616961E-02
  8.400889E-02
  8.188902E-02
  7.984261E-02
  7.791842E-02
  7.608561E-02
  7.438016E-02
  7.286857E-02
  7.151221E-02
  7.034194E-02
  6.940538E-02
  6.882481E-02
  6.892780E-02
  7.027402E-02
  7.385604E-02
  8.115970E-02
  9.455322E-02
  1.111769E-01
  1.157096E-01
  1.247995E-01
 -2.614495E-04
  1.549486E-07
 -1.904595E-04
 -1.904692E-04
 -1.904788E-04
 -1.904885E-04
 -1.904981E-04
 -1.905078E-04
 -1.905175E-04
 -1.905271E-04
 -1.905368E-04
 -1.905845E-04
 -1.906339E-04
 -1.906833E-04
 -1.907326E-04
 -1.907820E-04
 -1.908313E-04
 -1.908807E-04
 -1.909547E-04
 -1.910806E-04
 -1.912064E-04
 -1.913323E-04
 -1.914581E-04
 -1.915840E-04
 -1.917099E-04
 -1.918422E-04
 -1.920649E-04
 -1.922876E-04
 -1.925103E-04
 -1.927331E-04
 -1.929558E-04
 -1.931786E-04
 -1.934191E-04
 -1.937444E-04
 -1.940697E-04
 -1.943950E-04
 -1.947204E-04
 -1.950458E-04
 -1.953712E-04
 -1.957619E-04
 -1.961917E-04
 -1.966216E-04
 -1.970516E-04
 -1.974816E-04
 -1.979116E-04
 -1.983793E-04
 -1.989025E-04
 -1.994257E-04
 -1.999490E-04
 -2.004723E-04
 -2.009958E-04
 -2.015477E-04
 -2.021290E-04
 -2.027103E-04
 -2.032917E-04
 -2.038731E-04
 -2.044547E-04
 -2.050490E-04
 -2.056450E-04
 -2.062412E-04
 -2.068374E-04
 -2.074337E-04
 -2.080287E-04
 -2.086226E-04
 -2.092165E-04
 -2.098105E-04
 -2.104046E-04
 -2.110090E-04
 -2.116244E-04
 -2.122400E-04
 -2.128556E-04
 -2.134713E-04
 -2.141368E-04
 -2.148273E-04
 -2.155179E-04
 -2.162087E-04
 -2.169121E-04
 -2.177388E-04
 -2.185657E-04
 -2.193928E-04
 -2.202199E-04
 -2.211946E-04
 -2.222190E-04
 -2.232436E-04
 -2.242684E-04
 -2.254535E-04
 -2.267365E-04
 -2.280196E-04
 -2.293027E-04
 -2.307901E-04
 -2.323646E-04
 -2.339386E-04
 -2.355122E-04
 -2.373601E-04
 -2.392135E-04
 -2.410656E-04
 -2.430248E-04
 -2.451216E-04
 -2.472158E-04
 -2.493245E-04
 -2.516372E-04
 -2.539460E-04
 -2.562510E-04
 -2.587296E-04
 -2.612271E-04
 -2.637196E-04
 -2.663714E-04
 -2.690470E-04
 -2.717172E-04
 -2.745743E-04
 -2.774327E-04
 -2.803304E-04
 -2.833744E-04
 -2.864139E-04
 -2.895690E-04
 -2.927924E-04
 -2.960437E-04
 -2.994621E-04
 -3.028790E-04
 -3.064722E-04
 -3.101075E-04
 -3.138640E-04
 -3.177098E-04
 -3.216179E-04
 -3.255994E-04
 -3.295932E-04
 -3.336016E-04
 -3.375894E-04
 -3.415594E-04
 -3.455194E-04
 -3.494764E-04
 -3.535537E-04
 -3.577703E-04
 -3.622389E-04
 -3.673838E-04
 -3.731925E-04
 -3.800609E-04
 -3.892229E-04
 -4.007781E-04
 -4.155344E-04
 -4.345757E-04
 -4.595195E-04
 -4.915173E-04
 -5.298392E-04
 -5.725764E-04
 -6.144703E-04
 -6.439556E-04
 -6.425350E-04
 -6.191311E-04
 -4.698254E-04
  6.047695E-04
  2.449100E-03
  6.407625E-03
  6.407255E-03
  6.406885E-03
  6.406514E-03
  6.406144E-03
  6.405774E-03
  6.405403E-03
  6.405033E-03
  6.404663E-03
  6.403999E-03
  6.403323E-03
  6.402647E-03
  6.401971E-03
  6.401295E-03
  6.400619E-03
  6.399943E-03
  6.399411E-03
  6.399182E-03
  6.398953E-03
  6.398724E-03
  6.398494E-03
  6.398265E-03
  6.398036E-03
  6.397840E-03
  6.398096E-03
  6.398352E-03
  6.398608E-03
  6.398863E-03
  6.399119E-03
  6.399375E-03
  6.399651E-03
  6.400019E-03
  6.400387E-03
  6.400756E-03
  6.401124E-03
  6.401492E-03
  6.401860E-03
  6.402168E-03
  6.402439E-03
  6.402710E-03
  6.402981E-03
  6.403252E-03
  6.403523E-03
  6.403723E-03
  6.403816E-03
  6.403910E-03
  6.404004E-03
  6.404098E-03
  6.404192E-03
  6.404194E-03
  6.404101E-03
  6.404009E-03
  6.403916E-03
  6.403824E-03
  6.403732E-03
  6.403500E-03
  6.403248E-03
  6.402997E-03
  6.402746E-03
  6.402495E-03
  6.402177E-03
  6.401804E-03
  6.401430E-03
  6.401056E-03
  6.400683E-03
  6.400275E-03
  6.399829E-03
  6.399383E-03
  6.398937E-03
  6.398491E-03
  6.398062E-03
  6.397642E-03
  6.397222E-03
  6.396803E-03
  6.396401E-03
  6.396179E-03
  6.395956E-03
  6.395734E-03
  6.395512E-03
  6.395587E-03
  6.395761E-03
  6.395936E-03
  6.396112E-03
  6.396595E-03
  6.397267E-03
  6.397940E-03
  6.398612E-03
  6.399625E-03
  6.400784E-03
  6.401944E-03
  6.403105E-03
  6.404582E-03
  6.406071E-03
  6.407563E-03
  6.409043E-03
  6.410510E-03
  6.411988E-03
  6.413432E-03
  6.414352E-03
  6.415296E-03
  6.416267E-03
  6.416333E-03
  6.416315E-03
  6.416338E-03
  6.415250E-03
  6.414007E-03
  6.412815E-03
  6.410205E-03
  6.407599E-03
  6.404717E-03
  6.400771E-03
  6.396876E-03
  6.392346E-03
  6.387454E-03
  6.382521E-03
  6.377179E-03
  6.371871E-03
  6.366680E-03
  6.361537E-03
  6.356788E-03
  6.352328E-03
  6.348358E-03
  6.344954E-03
  6.342136E-03
  6.340035E-03
  6.338692E-03
  6.338008E-03
  6.338468E-03
  6.339380E-03
  6.342403E-03
  6.346616E-03
  6.352974E-03
  6.363623E-03
  6.378076E-03
  6.398365E-03
  6.430322E-03
  6.473835E-03
  6.532370E-03
  6.610471E-03
  6.714947E-03
  6.851277E-03
  7.018338E-03
  7.212062E-03
  7.415099E-03
  7.586055E-03
  7.659596E-03
  7.635912E-03
  7.570725E-03
  6.697822E-03
  8.103650E-03
 -4.608720E-04
 -4.608443E-04
 -4.608167E-04
 -4.607890E-04
 -4.607613E-04
 -4.607336E-04
 -4.607059E-04
 -4.606782E-04
 -4.606505E-04
 -4.605932E-04
 -4.605346E-04
 -4.604760E-04
 -4.604174E-04
 -4.603588E-04
 -4.603002E-04
 -4.602417E-04
 -4.601872E-04
 -4.601415E-04
 -4.600957E-04
 -4.600500E-04
 -4.600043E-04
 -4.599586E-04
 -4.599129E-04
 -4.598682E-04
 -4.598369E-04
 -4.598055E-04
 -4.597743E-04
 -4.597430E-04
 -4.597117E-04
 -4.596805E-04
 -4.596473E-04
 -4.596043E-04
 -4.595613E-04
 -4.595184E-04
 -4.594755E-04
 -4.594326E-04
 -4.593898E-04
 -4.593271E-04
 -4.592525E-04
 -4.591780E-04
 -4.591035E-04
 -4.590290E-04
 -4.589546E-04
 -4.588594E-04
 -4.587335E-04
 -4.586077E-04
 -4.584820E-04
 -4.583563E-04
 -4.582307E-04
 -4.580687E-04
 -4.578695E-04
 -4.576704E-04
 -4.574714E-04
 -4.572725E-04
 -4.570736E-04
 -4.568005E-04
 -4.565172E-04
 -4.562340E-04
 -4.559509E-04
 -4.556679E-04
 -4.553443E-04
 -4.549871E-04
 -4.546299E-04
 -4.542728E-04
 -4.539158E-04
 -4.535397E-04
 -4.531429E-04
 -4.527461E-04
 -4.530045E-04
 -4.526065E-04
 -4.522166E-04
 -4.518307E-04
 -4.514449E-04
 -4.510591E-04
 -4.506782E-04
 -4.503454E-04
 -4.500125E-04
 -4.496795E-04
 -4.493464E-04
 -4.489772E-04
 -4.485957E-04
 -4.482139E-04
 -4.478318E-04
 -4.471917E-04
 -4.463938E-04
 -4.455957E-04
 -4.447972E-04
 -4.434039E-04
 -4.417560E-04
 -4.401080E-04
 -4.384599E-04
 -4.355667E-04
 -4.326433E-04
 -4.297208E-04
 -4.260725E-04
 -4.214912E-04
 -4.169135E-04
 -4.121974E-04
 -4.057466E-04
 -3.993047E-04
 -3.922285E-04
 -3.844103E-04
 -3.764204E-04
 -3.684449E-04
 -3.596632E-04
 -3.507532E-04
 -3.418618E-04
 -3.326219E-04
 -3.233896E-04
 -3.141996E-04
 -3.051042E-04
 -2.960288E-04
 -2.872572E-04
 -2.786730E-04
 -2.702165E-04
 -2.623707E-04
 -2.545398E-04
 -2.474248E-04
 -2.404879E-04
 -2.341279E-04
 -2.281894E-04
 -2.227595E-04
 -2.179240E-04
 -2.135978E-04
 -2.098989E-04
 -2.067902E-04
 -2.041938E-04
 -2.023529E-04
 -2.008075E-04
 -2.002813E-04
 -2.001352E-04
 -2.006696E-04
 -2.021308E-04
 -2.049171E-04
 -2.079592E-04
 -2.125314E-04
 -2.184550E-04
 -2.260603E-04
 -2.357744E-04
 -2.482407E-04
 -2.638535E-04
 -2.821955E-04
 -3.024170E-04
 -3.222450E-04
 -3.365930E-04
 -3.370314E-04
 -3.233661E-04
 -2.472546E-04
  4.451578E-05
  1.027693E-08
  1.273240E+00
  1.273211E+00
  1.273125E+00
  1.272981E+00
  1.272781E+00
  1.272522E+00
  1.272207E+00
  1.271834E+00
  1.271403E+00
  1.270915E+00
  1.270369E+00
  1.269765E+00
  1.269104E+00
  1.268384E+00
  1.267607E+00
  1.266771E+00
  1.265877E+00
  1.264925E+00
  1.263915E+00
  1.262845E+00
  1.261717E+00
  1.260530E+00
  1.259284E+00
  1.257979E+00
  1.256614E+00
  1.255190E+00
  1.253705E+00
  1.252161E+00
  1.250556E+00
  1.248891E+00
  1.247165E+00
  1.245378E+00
  1.243529E+00
  1.241620E+00
  1.239648E+00
  1.237614E+00
  1.235518E+00
  1.233359E+00
  1.231136E+00
  1.228851E+00
  1.226501E+00
  1.224088E+00
  1.221610E+00
  1.219067E+00
  1.216458E+00
  1.213784E+00
  1.211044E+00
  1.208237E+00
  1.205362E+00
  1.202421E+00
  1.199411E+00
  1.196332E+00
  1.193185E+00
  1.189968E+00
  1.186680E+00
  1.183322E+00
  1.179892E+00
  1.176390E+00
  1.172816E+00
  1.169168E+00
  1.165446E+00
  1.161649E+00
  1.157776E+00
  1.153828E+00
  1.149802E+00
  1.145699E+00
  1.141516E+00
  1.137254E+00
  1.132912E+00
  1.128488E+00
  1.123982E+00
  1.119393E+00
  1.114719E+00
  1.109960E+00
  1.105114E+00
  1.100180E+00
  1.095157E+00
  1.090045E+00
  1.084841E+00
  1.079544E+00
  1.074153E+00
  1.068667E+00
  1.063083E+00
  1.057401E+00
  1.051619E+00
  1.045735E+00
  1.039748E+00
  1.033655E+00
  1.027455E+00
  1.021146E+00
  1.014726E+00
  1.008193E+00
  1.001543E+00
  9.947766E-01
  9.878894E-01
  9.808795E-01
  9.737441E-01
  9.664805E-01
  9.590857E-01
  9.515567E-01
  9.438904E-01
  9.360832E-01
  9.281318E-01
  9.200322E-01
  9.117806E-01
  9.033729E-01
  8.948045E-01
  8.860709E-01
  8.771671E-01
  8.680879E-01
  8.588277E-01
  8.493806E-01
  8.397402E-01
  8.299000E-01
  8.198525E-01
  8.095903E-01
  7.991048E-01
  7.883874E-01
  7.774283E-01
  7.662172E-01
  7.547428E-01
  7.429930E-01
  7.309546E-01
  7.186128E-01
  7.059520E-01
  6.929545E-01
  6.796012E-01
  6.658704E-01
  6.517385E-01
  6.371787E-01
  6.221609E-01
  6.066513E-01
  5.906109E-01
  5.739954E-01
  5.567532E-01
  5.388241E-01
  5.201372E-01
  5.006076E-01
  4.801325E-01
  4.585853E-01
  4.358068E-01
  4.115929E-01
  3.856731E-01
  3.576769E-01
  3.270715E-01
  2.930404E-01
  2.542116E-01
  2.079144E-01
  1.472658E-01
  0.000000E+00
  9.203462E-02
  9.203622E-02
  9.203782E-02
  9.203942E-02
  9.204102E-02
  9.204262E-02
  9.204422E-02
  9.204582E-02
  9.204742E-02
  9.205200E-02
  9.205671E-02
  9.206142E-02
  9.206612E-02
  9.207083E-02
  9.207554E-02
  9.208024E-02
  9.208611E-02
  9.209440E-02
  9.210269E-02
  9.211098E-02
  9.211927E-02
  9.212756E-02
  9.213584E-02
  9.214441E-02
  9.215682E-02
  9.216923E-02
  9.218164E-02
  9.219405E-02
  9.220646E-02
  9.221887E-02
  9.223208E-02
  9.224912E-02
  9.226615E-02
  9.228319E-02
  9.230023E-02
  9.231726E-02
  9.233430E-02
  9.235431E-02
  9.237610E-02
  9.239788E-02
  9.241967E-02
  9.244146E-02
  9.246324E-02
  9.248641E-02
  9.251162E-02
  9.253683E-02
  9.256204E-02
  9.258724E-02
  9.261244E-02
  9.263684E-02
  9.266041E-02
  9.268398E-02
  9.270755E-02
  9.273112E-02
  9.275468E-02
  9.277092E-02
  9.278615E-02
  9.280138E-02
  9.281661E-02
  9.283184E-02
  9.284369E-02
  9.285274E-02
  9.286179E-02
  9.287083E-02
  9.287988E-02
  9.288890E-02
  9.289789E-02
  9.290689E-02
  9.305492E-02
  9.306363E-02
  9.307778E-02
  9.309466E-02
  9.311155E-02
  9.312843E-02
  9.314690E-02
  9.318101E-02
  9.321512E-02
  9.324922E-02
  9.328332E-02
  9.332140E-02
  9.336081E-02
  9.340022E-02
  9.343962E-02
  9.344581E-02
  9.343173E-02
  9.341764E-02
  9.340355E-02
  9.330936E-02
  9.318089E-02
  9.305241E-02
  9.292394E-02
  9.262984E-02
  9.233160E-02
  9.204629E-02
  9.167068E-02
  9.117681E-02
  9.068293E-02
  9.017058E-02
  8.946888E-02
  8.878735E-02
  8.801756E-02
  8.726885E-02
  8.658531E-02
  8.598838E-02
  8.542184E-02
  8.514914E-02
  8.509491E-02
  8.505772E-02
  8.506847E-02
  8.507927E-02
  8.509035E-02
  8.510374E-02
  8.519045E-02
  8.532678E-02
  8.548476E-02
  8.564553E-02
  8.580630E-02
  8.596777E-02
  8.617359E-02
  8.641393E-02
  8.665247E-02
  8.688401E-02
  8.710730E-02
  8.732869E-02
  8.758461E-02
  8.782455E-02
  8.805058E-02
  8.825394E-02
  8.846907E-02
  8.863974E-02
  8.879465E-02
  8.892138E-02
  8.901568E-02
  8.904785E-02
  8.912653E-02
  8.918330E-02
  8.927313E-02
  8.938474E-02
  8.948274E-02
  8.956652E-02
  8.963643E-02
  8.969415E-02
  8.983858E-02
  9.001399E-02
  9.036882E-02
  9.091988E-02
  9.147643E-02
  9.212547E-02
  1.098481E-01
  2.649518E-02
 -2.156190E-01
 -2.153447E-01
 -2.150704E-01
 -2.147961E-01
 -2.145218E-01
 -2.142475E-01
 -2.139733E-01
 -2.136990E-01
 -2.134247E-01
 -2.126307E-01
 -2.118152E-01
 -2.109997E-01
 -2.101843E-01
 -2.093688E-01
 -2.085533E-01
 -2.077379E-01
 -2.067157E-01
 -2.052595E-01
 -2.038032E-01
 -2.023469E-01
 -2.008907E-01
 -1.994344E-01
 -1.979782E-01
 -1.964709E-01
 -1.942498E-01
 -1.920287E-01
 -1.898076E-01
 -1.875865E-01
 -1.853654E-01
 -1.831443E-01
 -1.807653E-01
 -1.776351E-01
 -1.745049E-01
 -1.713746E-01
 -1.682444E-01
 -1.651142E-01
 -1.619839E-01
 -1.582058E-01
 -1.540393E-01
 -1.498728E-01
 -1.457063E-01
 -1.415398E-01
 -1.373734E-01
 -1.328034E-01
 -1.276389E-01
 -1.224743E-01
 -1.173098E-01
 -1.121453E-01
 -1.069808E-01
 -1.016127E-01
 -9.603663E-02
 -9.046050E-02
 -8.488437E-02
 -7.930825E-02
 -7.373212E-02
 -6.867192E-02
 -6.368212E-02
 -5.869233E-02
 -5.370253E-02
 -4.871273E-02
 -4.398349E-02
 -3.947071E-02
 -3.495793E-02
 -3.044516E-02
 -2.593238E-02
 -2.138210E-02
 -1.679106E-02
 -1.220003E-02
  1.610873E-02
  2.065321E-02
  2.574029E-02
  3.110009E-02
  3.645988E-02
  4.181967E-02
  4.732979E-02
  5.431428E-02
  6.129877E-02
  6.828325E-02
  7.526773E-02
  8.323881E-02
  9.154194E-02
  9.984506E-02
  1.081482E-01
  1.155639E-01
  1.224382E-01
  1.293125E-01
  1.361868E-01
  1.400422E-01
  1.426055E-01
  1.451688E-01
  1.477321E-01
  1.435279E-01
  1.391541E-01
  1.347804E-01
  1.263419E-01
  1.126682E-01
  9.899450E-02
  8.449680E-02
  5.991006E-02
  3.532330E-02
 -1.247590E-02
 -4.383940E-02
 -7.610573E-02
 -1.083720E-01
 -1.424568E-01
 -1.768671E-01
 -2.112771E-01
 -2.433597E-01
 -2.753604E-01
 -3.060410E-01
 -3.322532E-01
 -3.584654E-01
 -3.796304E-01
 -3.977921E-01
 -4.144907E-01
 -4.232666E-01
 -4.320426E-01
 -4.327170E-01
 -4.314709E-01
 -4.244538E-01
 -4.132274E-01
 -3.980596E-01
 -3.782577E-01
 -3.554044E-01
 -3.287747E-01
 -2.992997E-01
 -2.673501E-01
 -2.324572E-01
 -1.964103E-01
 -1.572468E-01
 -1.172115E-01
 -7.562260E-02
 -3.256889E-02
  3.539593E-02
  8.020227E-02
  1.259901E-01
  1.723501E-01
  2.192562E-01
  2.666517E-01
  3.144838E-01
  3.626706E-01
  4.111169E-01
  4.597749E-01
  5.085985E-01
  5.575485E-01
  6.065887E-01
  6.556775E-01
  7.047877E-01
  3.908577E-01
  2.303760E+00
  9.895559E-01
  9.895559E-01
  9.895559E-01
  9.895559E-01
  9.895559E-01
  9.895559E-01
  9.895558E-01
  9.895558E-01
  9.895558E-01
  9.895558E-01
  9.895557E-01
  9.895556E-01
  9.895556E-01
  9.895555E-01
  9.895555E-01
  9.895554E-01
  9.895554E-01
  9.895553E-01
  9.895552E-01
  9.895551E-01
  9.895550E-01
  9.895549E-01
  9.895548E-01
  9.895548E-01
  9.895546E-01
  9.895545E-01
  9.895544E-01
  9.895542E-01
  9.895541E-01
  9.895540E-01
  9.895539E-01
  9.895537E-01
  9.895535E-01
  9.895534E-01
  9.895532E-01
  9.895530E-01
  9.895529E-01
  9.895527E-01
  9.895525E-01
  9.895523E-01
  9.895521E-01
  9.895520E-01
  9.895518E-01
  9.895516E-01
  9.895514E-01
  9.895512E-01
  9.895510E-01
  9.895508E-01
  9.895507E-01
  9.895505E-01
  9.895503E-01
  9.895502E-01
  9.895500E-01
  9.895499E-01
  9.895498E-01
  9.895496E-01
  9.895495E-01
  9.895495E-01
  9.895494E-01
  9.895493E-01
  9.895492E-01
  9.895492E-01
  9.895491E-01
  9.895491E-01
  9.895490E-01
  9.895490E-01
  9.895490E-01
  9.895490E-01
  9.895490E-01
  9.895490E-01
  9.895490E-01
  9.895491E-01
  9.895491E-01
  9.895492E-01
  9.895493E-01
  9.895494E-01
  9.895495E-01
  9.895496E-01
  9.895498E-01
  9.895500E-01
  9.895502E-01
  9.895504E-01
  9.895507E-01
  9.895509E-01
  9.895512E-01
  9.895515E-01
  9.895517E-01
  9.895519E-01
  9.895520E-01
  9.895521E-01
  9.895522E-01
  9.895520E-01
  9.895519E-01
  9.895517E-01
  9.895513E-01
  9.895508E-01
  9.895504E-01
  9.895500E-01
  9.895495E-01
  9.895491E-01
  9.895490E-01
  9.895492E-01
  9.895498E-01
  9.895507E-01
  9.895520E-01
  9.895537E-01
  9.895557E-01
  9.895579E-01
  9.895604E-01
  9.895631E-01
  9.895656E-01
  9.895683E-01
  9.895707E-01
  9.895728E-01
  9.895748E-01
  9.895759E-01
  9.895771E-01
  9.895772E-01
  9.895770E-01
  9.895761E-01
  9.895747E-01
  9.895728E-01
  9.895705E-01
  9.895680E-01
  9.895652E-01
  9.895624E-01
  9.895597E-01
  9.895571E-01
  9.895548E-01
  9.895527E-01
  9.895510E-01
  9.895498E-01
  9.895491E-01
  9.895491E-01
  9.895499E-01
  9.895513E-01
  9.895534E-01
  9.895562E-01
  9.895597E-01
  9.895638E-01
  9.895688E-01
  9.895744E-01
  9.895808E-01
  9.895879E-01
  9.895958E-01
  9.896044E-01
  9.896137E-01
  9.896238E-01
  8.085353E-01
  1.205687E-05
 -2.285375E+02
 -2.284589E+02
 -2.283803E+02
 -2.283018E+02
 -2.282232E+02
 -2.281446E+02
 -2.280660E+02
 -2.279875E+02
 -2.279089E+02
 -2.276280E+02
 -2.273388E+02
 -2.270496E+02
 -2.267604E+02
 -2.264712E+02
 -2.261820E+02
 -2.258927E+02
 -2.255148E+02
 -2.249505E+02
 -2.243863E+02
 -2.238220E+02
 -2.232577E+02
 -2.226934E+02
 -2.221290E+02
 -2.215469E+02
 -2.207160E+02
 -2.198850E+02
 -2.190540E+02
 -2.182229E+02
 -2.173919E+02
 -2.165608E+02
 -2.156894E+02
 -2.146264E+02
 -2.135634E+02
 -2.125003E+02
 -2.114371E+02
 -2.103739E+02
 -2.093106E+02
 -2.081041E+02
 -2.068117E+02
 -2.055192E+02
 -2.042265E+02
 -2.029338E+02
 -2.016410E+02
 -2.002571E+02
 -1.987388E+02
 -1.972204E+02
 -1.957019E+02
 -1.941832E+02
 -1.926644E+02
 -1.910633E+02
 -1.893781E+02
 -1.876926E+02
 -1.860070E+02
 -1.843213E+02
 -1.826353E+02
 -1.808808E+02
 -1.791169E+02
 -1.773527E+02
 -1.755884E+02
 -1.738240E+02
 -1.720310E+02
 -1.702143E+02
 -1.683975E+02
 -1.665805E+02
 -1.647634E+02
 -1.629093E+02
 -1.610149E+02
 -1.591204E+02
 -1.572257E+02
 -1.553310E+02
 -1.533559E+02
 -1.513405E+02
 -1.493248E+02
 -1.473091E+02
 -1.452750E+02
 -1.430629E+02
 -1.408506E+02
 -1.386381E+02
 -1.364254E+02
 -1.340987E+02
 -1.317336E+02
 -1.293682E+02
 -1.270027E+02
 -1.247037E+02
 -1.224456E+02
 -1.201877E+02
 -1.179298E+02
 -1.159308E+02
 -1.140429E+02
 -1.121555E+02
 -1.102687E+02
 -1.089021E+02
 -1.075488E+02
 -1.061956E+02
 -1.051790E+02
 -1.045943E+02
 -1.040080E+02
 -1.034865E+02
 -1.037777E+02
 -1.040633E+02
 -1.043435E+02
 -1.050662E+02
 -1.058402E+02
 -1.066056E+02
 -1.072826E+02
 -1.079360E+02
 -1.085806E+02
 -1.086966E+02
 -1.087872E+02
 -1.086819E+02
 -1.079310E+02
 -1.071763E+02
 -1.057786E+02
 -1.039991E+02
 -1.020465E+02
 -9.916252E+01
 -9.627947E+01
 -9.251661E+01
 -8.854666E+01
 -8.399696E+01
 -7.902462E+01
 -7.368697E+01
 -6.791868E+01
 -6.191612E+01
 -5.562240E+01
 -4.914063E+01
 -4.249371E+01
 -3.564490E+01
 -2.871332E+01
 -2.150078E+01
 -1.415915E+01
 -6.589592E+00
  1.344565E+00
  9.568782E+00
  1.821151E+01
  2.758276E+01
  3.762879E+01
  4.854297E+01
  6.060952E+01
  7.440303E+01
  9.101857E+01
  1.119198E+02
  1.397288E+02
  1.787347E+02
  2.369660E+02
  3.122958E+02
  3.739145E+02
  4.766335E+02
  2.671387E+02
  1.787068E-03
  1.099479E+04
  1.099327E+04
  1.099176E+04
  1.099024E+04
  1.098872E+04
  1.098720E+04
  1.098569E+04
  1.098417E+04
  1.098265E+04
  1.097827E+04
  1.097376E+04
  1.096926E+04
  1.096475E+04
  1.096025E+04
  1.095574E+04
  1.095124E+04
  1.094586E+04
  1.093867E+04
  1.093147E+04
  1.092428E+04
  1.091708E+04
  1.090989E+04
  1.090269E+04
  1.089531E+04
  1.088538E+04
  1.087545E+04
  1.086552E+04
  1.085559E+04
  1.084566E+04
  1.083573E+04
  1.082529E+04
  1.081238E+04
  1.079948E+04
  1.078657E+04
  1.077367E+04
  1.076076E+04
  1.074786E+04
  1.073301E+04
  1.071699E+04
  1.070097E+04
  1.068495E+04
  1.066893E+04
  1.065291E+04
  1.063563E+04
  1.061647E+04
  1.059732E+04
  1.057817E+04
  1.055902E+04
  1.053986E+04
  1.051911E+04
  1.049673E+04
  1.047434E+04
  1.045196E+04
  1.042958E+04
  1.040719E+04
  1.038182E+04
  1.035603E+04
  1.033024E+04
  1.030446E+04
  1.027867E+04
  1.025099E+04
  1.022174E+04
  1.019249E+04
  1.016324E+04
  1.013399E+04
  1.010301E+04
  1.007013E+04
  1.003725E+04
  1.000438E+04
  9.971504E+03
  9.935995E+03
  9.899163E+03
  9.862331E+03
  9.825500E+03
  9.788286E+03
  9.747306E+03
  9.706327E+03
  9.665349E+03
  9.624372E+03
  9.580265E+03
  9.535105E+03
  9.489947E+03
  9.444790E+03
  9.397037E+03
  9.347702E+03
  9.298369E+03
  9.249038E+03
  9.197007E+03
  9.143822E+03
  9.090641E+03
  9.037463E+03
  8.981067E+03
  8.924598E+03
  8.868135E+03
  8.810328E+03
  8.750792E+03
  8.691272E+03
  8.631531E+03
  8.568949E+03
  8.506396E+03
  8.443874E+03
  8.378946E+03
  8.313738E+03
  8.248576E+03
  8.180997E+03
  8.113034E+03
  8.045127E+03
  7.973632E+03
  7.902068E+03
  7.829526E+03
  7.753534E+03
  7.677597E+03
  7.598614E+03
  7.517836E+03
  7.436309E+03
  7.350514E+03
  7.264757E+03
  7.174962E+03
  7.084234E+03
  6.990769E+03
  6.895314E+03
  6.797779E+03
  6.697791E+03
  6.595874E+03
  6.491564E+03
  6.385156E+03
  6.276925E+03
  6.166173E+03
  6.054440E+03
  5.939577E+03
  5.823697E+03
  5.705988E+03
  5.586231E+03
  5.465176E+03
  5.342447E+03
  5.217450E+03
  5.090730E+03
  4.962139E+03
  4.831713E+03
  4.700272E+03
  4.572627E+03
  4.458986E+03
  4.375669E+03
  4.350108E+03
  4.444473E+03
  4.582166E+03
  4.332225E+03
  4.627876E+03
  1.355406E+03
  7.464775E-03
  1.142693E+00
  1.280726E+00
  1.418759E+00
  1.556791E+00
  1.694824E+00
  1.832857E+00
  1.970890E+00
  2.108923E+00
  2.246956E+00
  2.567109E+00
  2.894795E+00
  3.222481E+00
  3.550167E+00
  3.877853E+00
  4.205538E+00
  4.533224E+00
  4.889766E+00
  5.306912E+00
  5.724058E+00
  6.141204E+00
  6.558351E+00
  6.975497E+00
  7.392644E+00
  7.817631E+00
  8.352299E+00
  8.886969E+00
  9.421638E+00
  9.956309E+00
  1.049098E+01
  1.102565E+01
  1.158545E+01
  1.226483E+01
  1.294420E+01
  1.362358E+01
  1.430296E+01
  1.498234E+01
  1.566173E+01
  1.642485E+01
  1.723815E+01
  1.805146E+01
  1.886478E+01
  1.967810E+01
  2.049142E+01
  2.129049E+01
  2.206855E+01
  2.284663E+01
  2.362471E+01
  2.440281E+01
  2.518092E+01
  2.577265E+01
  2.617375E+01
  2.657487E+01
  2.697601E+01
  2.737717E+01
  2.777834E+01
  2.786387E+01
  2.790633E+01
  2.794882E+01
  2.799132E+01
  2.803384E+01
  2.804933E+01
  2.804236E+01
  2.803540E+01
  2.802844E+01
  2.802150E+01
  2.802222E+01
  2.803125E+01
  2.804028E+01
  2.804930E+01
  2.805831E+01
  2.806786E+01
  2.807765E+01
  2.808743E+01
  2.809717E+01
  2.818409E+01
  2.902823E+01
  2.987234E+01
  3.071643E+01
  3.156051E+01
  3.526306E+01
  3.992773E+01
  4.459247E+01
  4.925726E+01
  5.781114E+01
  6.873780E+01
  7.966434E+01
  9.059077E+01
  1.058409E+02
  1.229406E+02
  1.400390E+02
  1.571363E+02
  1.795553E+02
  2.021042E+02
  2.246496E+02
  2.489301E+02
  2.754437E+02
  3.019505E+02
  3.282804E+02
  3.525200E+02
  3.767507E+02
  4.009727E+02
  4.161502E+02
  4.301131E+02
  4.440707E+02
  4.479892E+02
  4.501119E+02
  4.522353E+02
  4.452785E+02
  4.380081E+02
  4.292145E+02
  4.152538E+02
  4.013012E+02
  3.846591E+02
  3.664206E+02
  3.478109E+02
  3.271536E+02
  3.065038E+02
  2.848385E+02
  2.629367E+02
  2.403408E+02
  2.172386E+02
  1.936652E+02
  1.695358E+02
  1.455028E+02
  1.215874E+02
  9.834880E+01
  7.569766E+01
  5.433325E+01
  3.347147E+01
  1.458508E+01
 -3.578528E+00
 -2.044376E+01
 -3.575996E+01
 -5.009351E+01
 -6.315993E+01
 -7.461496E+01
 -8.492737E+01
 -9.398364E+01
 -1.016541E+02
 -1.076465E+02
 -1.115021E+02
 -1.127126E+02
 -1.101234E+02
 -1.023418E+02
 -8.916235E+01
 -7.114531E+01
 -4.713675E+01
 -6.881029E+01
  4.553942E+03
  1.064866E-01
