 Title= "ADflow Lift Distribution Data"
Variables = "eta" "CoordinateX" "CoordinateY" "CoordinateZ" "Lift" "Drag" "Moment" "Normalized Lift" "Normalized Drag" "Normalized Moment" "CL" "CD" "CM" "CLp" "CDp" "CMp" "CLv" "CDv" "CMv" "Elliptical" "thickness" "twist" "chord" "fx" "fy" "fz" 
Zone T= "LiftDist_01 allWalls: : z normal"
 I=          150
 DATAPACKING=BLOCK
  0.000000E+00
  6.711405E-03
  1.342281E-02
  2.013422E-02
  2.684563E-02
  3.355704E-02
  4.026845E-02
  4.697986E-02
  5.369127E-02
  6.040268E-02
  6.711409E-02
  7.382550E-02
  8.053691E-02
  8.724832E-02
  9.395973E-02
  1.006711E-01
  1.073825E-01
  1.140940E-01
  1.208054E-01
  1.275168E-01
  1.342282E-01
  1.409396E-01
  1.476510E-01
  1.543624E-01
  1.610738E-01
  1.677852E-01
  1.744966E-01
  1.812081E-01
  1.879195E-01
  1.946309E-01
  2.013423E-01
  2.080537E-01
  2.147651E-01
  2.214765E-01
  2.281879E-01
  2.348993E-01
  2.416107E-01
  2.483221E-01
  2.550336E-01
  2.617450E-01
  2.684564E-01
  2.751678E-01
  2.818792E-01
  2.885906E-01
  2.953020E-01
  3.020134E-01
  3.087248E-01
  3.154362E-01
  3.221476E-01
  3.288591E-01
  3.355705E-01
  3.422819E-01
  3.489933E-01
  3.557047E-01
  3.624161E-01
  3.691275E-01
  3.758389E-01
  3.825503E-01
  3.892617E-01
  3.959732E-01
  4.026846E-01
  4.093960E-01
  4.161074E-01
  4.228188E-01
  4.295302E-01
  4.362416E-01
  4.429530E-01
  4.496644E-01
  4.563758E-01
  4.630872E-01
  4.697987E-01
  4.765101E-01
  4.832215E-01
  4.899329E-01
  4.966443E-01
  5.033557E-01
  5.100671E-01
  5.167785E-01
  5.234899E-01
  5.302013E-01
  5.369128E-01
  5.436242E-01
  5.503356E-01
  5.570470E-01
  5.637584E-01
  5.704698E-01
  5.771812E-01
  5.838926E-01
  5.906040E-01
  5.973154E-01
  6.040268E-01
  6.107383E-01
  6.174497E-01
  6.241611E-01
  6.308725E-01
  6.375839E-01
  6.442953E-01
  6.510067E-01
  6.577181E-01
  6.644295E-01
  6.711409E-01
  6.778524E-01
  6.845638E-01
  6.912752E-01
  6.979866E-01
  7.046980E-01
  7.114094E-01
  7.181208E-01
  7.248322E-01
  7.315436E-01
  7.382550E-01
  7.449664E-01
  7.516779E-01
  7.583893E-01
  7.651007E-01
  7.718121E-01
  7.785235E-01
  7.852349E-01
  7.919463E-01
  7.986577E-01
  8.053691E-01
  8.120805E-01
  8.187919E-01
  8.255034E-01
  8.322148E-01
  8.389262E-01
  8.456376E-01
  8.523490E-01
  8.590604E-01
  8.657718E-01
  8.724832E-01
  8.791946E-01
  8.859060E-01
  8.926175E-01
  8.993289E-01
  9.060403E-01
  9.127517E-01
  9.194631E-01
  9.261745E-01
  9.328859E-01
  9.395973E-01
  9.463087E-01
  9.530201E-01
  9.597315E-01
  9.664430E-01
  9.731544E-01
  9.798658E-01
  9.865772E-01
  9.932886E-01
  1.000000E+00
  0.000000E+00
  0.000000E+00
  0.000000E+00
  0.000000E+00
  0.000000E+00
  0.000000E+00
  0.000000E+00
  0.000000E+00
  0.000000E+00
  0.000000E+00
  0.000000E+00
  0.000000E+00
  0.000000E+00
  0.000000E+00
  0.000000E+00
  0.000000E+00
  0.000000E+00
  0.000000E+00
  0.000000E+00
  0.000000E+00
  0.000000E+00
  0.000000E+00
  0.000000E+00
  0.000000E+00
  0.000000E+00
  0.000000E+00
  0.000000E+00
  0.000000E+00
  0.000000E+00
  0.000000E+00
  0.000000E+00
  0.000000E+00
  0.000000E+00
  0.000000E+00
  0.000000E+00
  0.000000E+00
  0.000000E+00
  0.000000E+00
  0.000000E+00
  0.000000E+00
  0.000000E+00
  0.000000E+00
  0.000000E+00
  0.000000E+00
  0.000000E+00
  0.000000E+00
  0.000000E+00
  0.000000E+00
  0.000000E+00
  0.000000E+00
  0.000000E+00
  0.000000E+00
  0.000000E+00
  0.000000E+00
  0.000000E+00
  0.000000E+00
  0.000000E+00
  0.000000E+00
  0.000000E+00
  0.000000E+00
  0.000000E+00
  0.000000E+00
  0.000000E+00
  0.000000E+00
  0.000000E+00
  0.000000E+00
  0.000000E+00
  0.000000E+00
  0.000000E+00
  0.000000E+00
  0.000000E+00
  0.000000E+00
  0.000000E+00
  0.000000E+00
  0.000000E+00
  0.000000E+00
  0.000000E+00
  0.000000E+00
  0.000000E+00
  0.000000E+00
  0.000000E+00
  0.000000E+00
  0.000000E+00
  0.000000E+00
  0.000000E+00
  0.000000E+00
  0.000000E+00
  0.000000E+00
  0.000000E+00
  0.000000E+00
  0.000000E+00
  0.000000E+00
  0.000000E+00
  0.000000E+00
  0.000000E+00
  0.000000E+00
  0.000000E+00
  0.000000E+00
  0.000000E+00
  0.000000E+00
  0.000000E+00
  0.000000E+00
  0.000000E+00
  0.000000E+00
  0.000000E+00
  0.000000E+00
  0.000000E+00
  0.000000E+00
  0.000000E+00
  0.000000E+00
  0.000000E+00
  0.000000E+00
  0.000000E+00
  0.000000E+00
  0.000000E+00
  0.000000E+00
  0.000000E+00
  0.000000E+00
  0.000000E+00
  0.000000E+00
  0.000000E+00
  0.000000E+00
  0.000000E+00
  0.000000E+00
  0.000000E+00
  0.000000E+00
  0.000000E+00
  0.000000E+00
  0.000000E+00
  0.000000E+00
  0.000000E+00
  0.000000E+00
  0.000000E+00
  0.000000E+00
  0.000000E+00
  0.000000E+00
  0.000000E+00
  0.000000E+00
  0.000000E+00
  0.000000E+00
  0.000000E+00
  0.000000E+00
  0.000000E+00
  0.000000E+00
  0.000000E+00
  0.000000E+00
  0.000000E+00
  0.000000E+00
  0.000000E+00
  0.000000E+00
  0.000000E+00
  0.000000E+00
  0.000000E+00
  0.000000E+00
  0.000000E+00
  0.000000E+00
  0.000000E+00
  0.000000E+00
  0.000000E+00
  0.000000E+00
  0.000000E+00
  0.000000E+00
  0.000000E+00
  0.000000E+00
  0.000000E+00
  0.000000E+00
  0.000000E+00
  0.000000E+00
  0.000000E+00
  0.000000E+00
  0.000000E+00
  0.000000E+00
  0.000000E+00
  0.000000E+00
  0.000000E+00
  0.000000E+00
  0.000000E+00
  0.000000E+00
  0.000000E+00
  0.000000E+00
  0.000000E+00
  0.000000E+00
  0.000000E+00
  0.000000E+00
  0.000000E+00
  0.000000E+00
  0.000000E+00
  0.000000E+00
  0.000000E+00
  0.000000E+00
  0.000000E+00
  0.000000E+00
  0.000000E+00
  0.000000E+00
  0.000000E+00
  0.000000E+00
  0.000000E+00
  0.000000E+00
  0.000000E+00
  0.000000E+00
  0.000000E+00
  0.000000E+00
  0.000000E+00
  0.000000E+00
  0.000000E+00
  0.000000E+00
  0.000000E+00
  0.000000E+00
  0.000000E+00
  0.000000E+00
  0.000000E+00
  0.000000E+00
  0.000000E+00
  0.000000E+00
  0.000000E+00
  0.000000E+00
  0.000000E+00
  0.000000E+00
  0.000000E+00
  0.000000E+00
  0.000000E+00
  0.000000E+00
  0.000000E+00
  0.000000E+00
  0.000000E+00
  0.000000E+00
  0.000000E+00
  0.000000E+00
  0.000000E+00
  0.000000E+00
  0.000000E+00
  0.000000E+00
  0.000000E+00
  0.000000E+00
  0.000000E+00
  0.000000E+00
  0.000000E+00
  0.000000E+00
  0.000000E+00
  0.000000E+00
  0.000000E+00
  0.000000E+00
  0.000000E+00
  0.000000E+00
  0.000000E+00
  0.000000E+00
  0.000000E+00
  0.000000E+00
  0.000000E+00
  0.000000E+00
  0.000000E+00
  0.000000E+00
  0.000000E+00
  0.000000E+00
  0.000000E+00
  0.000000E+00
  0.000000E+00
  0.000000E+00
  0.000000E+00
  0.000000E+00
  0.000000E+00
  0.000000E+00
  0.000000E+00
  0.000000E+00
  0.000000E+00
  0.000000E+00
  0.000000E+00
  0.000000E+00
  0.000000E+00
  0.000000E+00
  0.000000E+00
  0.000000E+00
  0.000000E+00
  0.000000E+00
  0.000000E+00
  0.000000E+00
  0.000000E+00
  0.000000E+00
  0.000000E+00
  0.000000E+00
  0.000000E+00
  0.000000E+00
  0.000000E+00
  0.000000E+00
  0.000000E+00
  0.000000E+00
  0.000000E+00
  0.000000E+00
  0.000000E+00
  0.000000E+00
  0.000000E+00
  0.000000E+00
  0.000000E+00
  0.000000E+00
  0.000000E+00
  0.000000E+00
  0.000000E+00
  0.000000E+00
  0.000000E+00
  0.000000E+00
  1.000000E-08
  1.691809E-02
  3.383618E-02
  5.075427E-02
  6.767237E-02
  8.459046E-02
  1.015085E-01
  1.184266E-01
  1.353447E-01
  1.522628E-01
  1.691809E-01
  1.860990E-01
  2.030171E-01
  2.199352E-01
  2.368533E-01
  2.537714E-01
  2.706895E-01
  2.876076E-01
  3.045256E-01
  3.214437E-01
  3.383618E-01
  3.552799E-01
  3.721980E-01
  3.891161E-01
  4.060342E-01
  4.229523E-01
  4.398704E-01
  4.567885E-01
  4.737066E-01
  4.906247E-01
  5.075427E-01
  5.244608E-01
  5.413789E-01
  5.582970E-01
  5.752151E-01
  5.921332E-01
  6.090513E-01
  6.259694E-01
  6.428875E-01
  6.598056E-01
  6.767237E-01
  6.936418E-01
  7.105598E-01
  7.274779E-01
  7.443960E-01
  7.613141E-01
  7.782322E-01
  7.951503E-01
  8.120684E-01
  8.289865E-01
  8.459046E-01
  8.628227E-01
  8.797408E-01
  8.966589E-01
  9.135769E-01
  9.304950E-01
  9.474131E-01
  9.643312E-01
  9.812493E-01
  9.981674E-01
  1.015085E+00
  1.032004E+00
  1.048922E+00
  1.065840E+00
  1.082758E+00
  1.099676E+00
  1.116594E+00
  1.133512E+00
  1.150430E+00
  1.167348E+00
  1.184266E+00
  1.201185E+00
  1.218103E+00
  1.235021E+00
  1.251939E+00
  1.268857E+00
  1.285775E+00
  1.302693E+00
  1.319611E+00
  1.336529E+00
  1.353447E+00
  1.370365E+00
  1.387284E+00
  1.404202E+00
  1.421120E+00
  1.438038E+00
  1.454956E+00
  1.471874E+00
  1.488792E+00
  1.505710E+00
  1.522628E+00
  1.539546E+00
  1.556464E+00
  1.573383E+00
  1.590301E+00
  1.607219E+00
  1.624137E+00
  1.641055E+00
  1.657973E+00
  1.674891E+00
  1.691809E+00
  1.708727E+00
  1.725645E+00
  1.742563E+00
  1.759482E+00
  1.776400E+00
  1.793318E+00
  1.810236E+00
  1.827154E+00
  1.844072E+00
  1.860990E+00
  1.877908E+00
  1.894826E+00
  1.911744E+00
  1.928662E+00
  1.945581E+00
  1.962499E+00
  1.979417E+00
  1.996335E+00
  2.013253E+00
  2.030171E+00
  2.047089E+00
  2.064007E+00
  2.080925E+00
  2.097843E+00
  2.114761E+00
  2.131680E+00
  2.148598E+00
  2.165516E+00
  2.182434E+00
  2.199352E+00
  2.216270E+00
  2.233188E+00
  2.250106E+00
  2.267024E+00
  2.283942E+00
  2.300860E+00
  2.317779E+00
  2.334697E+00
  2.351615E+00
  2.368533E+00
  2.385451E+00
  2.402369E+00
  2.419287E+00
  2.436205E+00
  2.453123E+00
  2.470041E+00
  2.486959E+00
  2.503878E+00
  2.520796E+00
  1.096280E+04
  1.096140E+04
  1.096001E+04
  1.095861E+04
  1.095722E+04
  1.095582E+04
  1.095443E+04
  1.095304E+04
  1.095164E+04
  1.094763E+04
  1.094351E+04
  1.093938E+04
  1.093526E+04
  1.093114E+04
  1.092702E+04
  1.092289E+04
  1.091798E+04
  1.091139E+04
  1.090481E+04
  1.089823E+04
  1.089164E+04
  1.088506E+04
  1.087847E+04
  1.087172E+04
  1.086255E+04
  1.085339E+04
  1.084422E+04
  1.083505E+04
  1.082589E+04
  1.081672E+04
  1.080704E+04
  1.079489E+04
  1.078275E+04
  1.077060E+04
  1.075846E+04
  1.074631E+04
  1.073417E+04
  1.071984E+04
  1.070420E+04
  1.068856E+04
  1.067293E+04
  1.065729E+04
  1.064165E+04
  1.062440E+04
  1.060475E+04
  1.058510E+04
  1.056545E+04
  1.054581E+04
  1.052616E+04
  1.050437E+04
  1.048037E+04
  1.045638E+04
  1.043239E+04
  1.040841E+04
  1.038442E+04
  1.035648E+04
  1.032799E+04
  1.029952E+04
  1.027105E+04
  1.024258E+04
  1.021169E+04
  1.017879E+04
  1.014590E+04
  1.011302E+04
  1.008015E+04
  1.004542E+04
  1.000868E+04
  9.971956E+03
  9.935238E+03
  9.898530E+03
  9.859830E+03
  9.820131E+03
  9.780442E+03
  9.740760E+03
  9.700861E+03
  9.658765E+03
  9.616673E+03
  9.574585E+03
  9.532501E+03
  9.488868E+03
  9.444712E+03
  9.400557E+03
  9.356403E+03
  9.311160E+03
  9.265251E+03
  9.219344E+03
  9.173438E+03
  9.126239E+03
  9.078491E+03
  9.030747E+03
  8.983007E+03
  8.933014E+03
  8.882976E+03
  8.832950E+03
  8.781671E+03
  8.728783E+03
  8.675917E+03
  8.622807E+03
  8.566463E+03
  8.510156E+03
  8.453885E+03
  8.394128E+03
  8.333949E+03
  8.273819E+03
  8.209840E+03
  8.145219E+03
  8.080653E+03
  8.010931E+03
  7.941080E+03
  7.869925E+03
  7.794222E+03
  7.718568E+03
  7.639093E+03
  7.557359E+03
  7.474708E+03
  7.386899E+03
  7.299126E+03
  7.206628E+03
  7.113034E+03
  7.016404E+03
  6.917566E+03
  6.816555E+03
  6.712982E+03
  6.607441E+03
  6.499455E+03
  6.389366E+03
  6.277449E+03
  6.163058E+03
  6.047710E+03
  5.929343E+03
  5.810010E+03
  5.688932E+03
  5.565889E+03
  5.441588E+03
  5.315651E+03
  5.187466E+03
  5.057600E+03
  4.925967E+03
  4.792731E+03
  4.659018E+03
  4.530177E+03
  4.416878E+03
  4.335923E+03
  4.315162E+03
  4.417160E+03
  4.561913E+03
  4.312360E+03
  4.618544E+03
  1.308021E+03
  7.209793E-03
  5.923103E+02
  5.922589E+02
  5.922075E+02
  5.921562E+02
  5.921048E+02
  5.920534E+02
  5.920021E+02
  5.919507E+02
  5.918993E+02
  5.918004E+02
  5.916995E+02
  5.915986E+02
  5.914977E+02
  5.913969E+02
  5.912960E+02
  5.911951E+02
  5.911021E+02
  5.910257E+02
  5.909493E+02
  5.908729E+02
  5.907965E+02
  5.907201E+02
  5.906437E+02
  5.905668E+02
  5.904830E+02
  5.903993E+02
  5.903155E+02
  5.902318E+02
  5.901481E+02
  5.900643E+02
  5.899678E+02
  5.898101E+02
  5.896525E+02
  5.894949E+02
  5.893373E+02
  5.891798E+02
  5.890222E+02
  5.888133E+02
  5.885737E+02
  5.883341E+02
  5.880947E+02
  5.878552E+02
  5.876159E+02
  5.873731E+02
  5.871254E+02
  5.868780E+02
  5.866307E+02
  5.863838E+02
  5.861370E+02
  5.859573E+02
  5.858464E+02
  5.857363E+02
  5.856270E+02
  5.855185E+02
  5.854107E+02
  5.855182E+02
  5.856567E+02
  5.857971E+02
  5.859393E+02
  5.860833E+02
  5.863418E+02
  5.866965E+02
  5.870543E+02
  5.874150E+02
  5.877787E+02
  5.881658E+02
  5.885786E+02
  5.889950E+02
  5.894150E+02
  5.898385E+02
  5.901261E+02
  5.903467E+02
  5.905703E+02
  5.907972E+02
  5.909790E+02
  5.906914E+02
  5.904055E+02
  5.901213E+02
  5.898387E+02
  5.890013E+02
  5.879770E+02
  5.869530E+02
  5.859292E+02
  5.844439E+02
  5.826768E+02
  5.809093E+02
  5.791416E+02
  5.769324E+02
  5.745344E+02
  5.721367E+02
  5.697392E+02
  5.667932E+02
  5.638353E+02
  5.608793E+02
  5.576591E+02
  5.541003E+02
  5.505462E+02
  5.469480E+02
  5.427592E+02
  5.385790E+02
  5.344072E+02
  5.298550E+02
  5.252620E+02
  5.206799E+02
  5.159913E+02
  5.112931E+02
  5.066059E+02
  5.019863E+02
  4.973782E+02
  4.928236E+02
  4.884270E+02
  4.840372E+02
  4.798484E+02
  4.757801E+02
  4.717744E+02
  4.680877E+02
  4.644033E+02
  4.610174E+02
  4.577030E+02
  4.546173E+02
  4.516981E+02
  4.489427E+02
  4.463796E+02
  4.438970E+02
  4.415141E+02
  4.391728E+02
  4.368678E+02
  4.346168E+02
  4.323874E+02
  4.302871E+02
  4.282683E+02
  4.263971E+02
  4.248064E+02
  4.234481E+02
  4.224350E+02
  4.220410E+02
  4.222333E+02
  4.232037E+02
  4.252562E+02
  4.290707E+02
  4.361830E+02
  4.488959E+02
  4.711510E+02
  5.094212E+02
  5.765406E+02
  6.638123E+02
  7.068427E+02
  8.339144E+02
  3.789979E+02
  2.362348E-03
  2.009780E+03
  2.009529E+03
  2.009277E+03
  2.009026E+03
  2.008775E+03
  2.008524E+03
  2.008273E+03
  2.008021E+03
  2.007770E+03
  2.007072E+03
  2.006356E+03
  2.005640E+03
  2.004924E+03
  2.004207E+03
  2.003491E+03
  2.002775E+03
  2.001918E+03
  2.000765E+03
  1.999612E+03
  1.998459E+03
  1.997306E+03
  1.996153E+03
  1.995000E+03
  1.993806E+03
  1.992028E+03
  1.990250E+03
  1.988472E+03
  1.986694E+03
  1.984916E+03
  1.983138E+03
  1.981193E+03
  1.978453E+03
  1.975713E+03
  1.972972E+03
  1.970232E+03
  1.967492E+03
  1.964751E+03
  1.961139E+03
  1.957004E+03
  1.952869E+03
  1.948734E+03
  1.944599E+03
  1.940464E+03
  1.935565E+03
  1.929539E+03
  1.923514E+03
  1.917489E+03
  1.911464E+03
  1.905439E+03
  1.898282E+03
  1.889968E+03
  1.881654E+03
  1.873341E+03
  1.865029E+03
  1.856717E+03
  1.846321E+03
  1.835643E+03
  1.824967E+03
  1.814292E+03
  1.803618E+03
  1.791891E+03
  1.779258E+03
  1.766627E+03
  1.753998E+03
  1.741372E+03
  1.728250E+03
  1.714588E+03
  1.700929E+03
  1.687273E+03
  1.673619E+03
  1.660099E+03
  1.646647E+03
  1.633198E+03
  1.619750E+03
  1.606430E+03
  1.594346E+03
  1.582263E+03
  1.570180E+03
  1.558098E+03
  1.547525E+03
  1.537460E+03
  1.527394E+03
  1.517328E+03
  1.508513E+03
  1.500462E+03
  1.492411E+03
  1.484360E+03
  1.477454E+03
  1.471039E+03
  1.464625E+03
  1.458212E+03
  1.452932E+03
  1.447683E+03
  1.442438E+03
  1.437403E+03
  1.432643E+03
  1.427888E+03
  1.423108E+03
  1.417965E+03
  1.412831E+03
  1.407709E+03
  1.401623E+03
  1.395423E+03
  1.389237E+03
  1.381598E+03
  1.373714E+03
  1.365837E+03
  1.355617E+03
  1.345331E+03
  1.334382E+03
  1.321141E+03
  1.307916E+03
  1.292713E+03
  1.276338E+03
  1.259485E+03
  1.239989E+03
  1.220504E+03
  1.198625E+03
  1.176185E+03
  1.152322E+03
  1.127422E+03
  1.101773E+03
  1.075241E+03
  1.048347E+03
  1.021004E+03
  9.936025E+02
  9.661500E+02
  9.390643E+02
  9.121265E+02
  8.862593E+02
  8.609642E+02
  8.366984E+02
  8.140342E+02
  7.925224E+02
  7.726109E+02
  7.550631E+02
  7.394034E+02
  7.260300E+02
  7.155736E+02
  7.096433E+02
  7.123487E+02
  7.303986E+02
  7.755157E+02
  8.650021E+02
  1.026119E+03
  1.225580E+03
  1.286623E+03
  1.397479E+03
 -5.324381E+00
  2.248808E-08
  1.232054E+00
  1.231897E+00
  1.231741E+00
  1.231584E+00
  1.231427E+00
  1.231271E+00
  1.231114E+00
  1.230957E+00
  1.230801E+00
  1.230350E+00
  1.229886E+00
  1.229423E+00
  1.228960E+00
  1.228496E+00
  1.228033E+00
  1.227570E+00
  1.227017E+00
  1.226277E+00
  1.225537E+00
  1.224797E+00
  1.224058E+00
  1.223318E+00
  1.222578E+00
  1.221818E+00
  1.220788E+00
  1.219758E+00
  1.218728E+00
  1.217698E+00
  1.216668E+00
  1.215638E+00
  1.214549E+00
  1.213184E+00
  1.211820E+00
  1.210455E+00
  1.209090E+00
  1.207725E+00
  1.206360E+00
  1.204749E+00
  1.202992E+00
  1.201235E+00
  1.199477E+00
  1.197720E+00
  1.195963E+00
  1.194023E+00
  1.191815E+00
  1.189607E+00
  1.187399E+00
  1.185191E+00
  1.182983E+00
  1.180534E+00
  1.177837E+00
  1.175141E+00
  1.172445E+00
  1.169749E+00
  1.167054E+00
  1.163913E+00
  1.160712E+00
  1.157512E+00
  1.154312E+00
  1.151113E+00
  1.147641E+00
  1.143944E+00
  1.140247E+00
  1.136552E+00
  1.132858E+00
  1.128955E+00
  1.124826E+00
  1.120699E+00
  1.116572E+00
  1.112447E+00
  1.108097E+00
  1.103636E+00
  1.099175E+00
  1.094716E+00
  1.090232E+00
  1.085501E+00
  1.080770E+00
  1.076040E+00
  1.071310E+00
  1.066407E+00
  1.061444E+00
  1.056482E+00
  1.051520E+00
  1.046435E+00
  1.041276E+00
  1.036116E+00
  1.030957E+00
  1.025653E+00
  1.020286E+00
  1.014921E+00
  1.009556E+00
  1.003937E+00
  9.983136E-01
  9.926913E-01
  9.869283E-01
  9.809846E-01
  9.750432E-01
  9.690744E-01
  9.627422E-01
  9.564141E-01
  9.500901E-01
  9.433743E-01
  9.366111E-01
  9.298534E-01
  9.226632E-01
  9.154007E-01
  9.081444E-01
  9.003087E-01
  8.924585E-01
  8.844617E-01
  8.759538E-01
  8.674515E-01
  8.585197E-01
  8.493340E-01
  8.400452E-01
  8.301768E-01
  8.203125E-01
  8.099171E-01
  7.993986E-01
  7.885387E-01
  7.774309E-01
  7.660787E-01
  7.544387E-01
  7.425774E-01
  7.304415E-01
  7.180691E-01
  7.054913E-01
  6.926355E-01
  6.796720E-01
  6.663694E-01
  6.529581E-01
  6.393508E-01
  6.255226E-01
  6.115530E-01
  5.973996E-01
  5.829936E-01
  5.683985E-01
  5.536050E-01
  5.386312E-01
  5.236038E-01
  5.091240E-01
  4.963909E-01
  4.872929E-01
  4.849596E-01
  4.964226E-01
  5.126907E-01
  4.846448E-01
  5.190552E-01
  1.470020E-01
  8.102728E-07
  1.079850E+00
  1.079757E+00
  1.079663E+00
  1.079569E+00
  1.079476E+00
  1.079382E+00
  1.079288E+00
  1.079195E+00
  1.079101E+00
  1.078921E+00
  1.078737E+00
  1.078553E+00
  1.078369E+00
  1.078185E+00
  1.078001E+00
  1.077817E+00
  1.077648E+00
  1.077508E+00
  1.077369E+00
  1.077230E+00
  1.077091E+00
  1.076951E+00
  1.076812E+00
  1.076672E+00
  1.076519E+00
  1.076366E+00
  1.076214E+00
  1.076061E+00
  1.075908E+00
  1.075756E+00
  1.075580E+00
  1.075292E+00
  1.075005E+00
  1.074718E+00
  1.074430E+00
  1.074143E+00
  1.073856E+00
  1.073475E+00
  1.073038E+00
  1.072601E+00
  1.072165E+00
  1.071728E+00
  1.071292E+00
  1.070849E+00
  1.070398E+00
  1.069947E+00
  1.069496E+00
  1.069046E+00
  1.068596E+00
  1.068268E+00
  1.068066E+00
  1.067865E+00
  1.067666E+00
  1.067468E+00
  1.067272E+00
  1.067468E+00
  1.067720E+00
  1.067976E+00
  1.068235E+00
  1.068498E+00
  1.068969E+00
  1.069616E+00
  1.070268E+00
  1.070926E+00
  1.071589E+00
  1.072295E+00
  1.073047E+00
  1.073806E+00
  1.074572E+00
  1.075344E+00
  1.075868E+00
  1.076270E+00
  1.076678E+00
  1.077092E+00
  1.077423E+00
  1.076899E+00
  1.076378E+00
  1.075860E+00
  1.075344E+00
  1.073818E+00
  1.071950E+00
  1.070083E+00
  1.068217E+00
  1.065509E+00
  1.062287E+00
  1.059065E+00
  1.055842E+00
  1.051815E+00
  1.047443E+00
  1.043072E+00
  1.038701E+00
  1.033330E+00
  1.027937E+00
  1.022548E+00
  1.016677E+00
  1.010189E+00
  1.003710E+00
  9.971497E-01
  9.895130E-01
  9.818920E-01
  9.742864E-01
  9.659871E-01
  9.576135E-01
  9.492599E-01
  9.407120E-01
  9.321466E-01
  9.236014E-01
  9.151792E-01
  9.067781E-01
  8.984746E-01
  8.904591E-01
  8.824560E-01
  8.748194E-01
  8.674024E-01
  8.600996E-01
  8.533781E-01
  8.466611E-01
  8.404883E-01
  8.344457E-01
  8.288201E-01
  8.234980E-01
  8.184746E-01
  8.138018E-01
  8.092758E-01
  8.049314E-01
  8.006629E-01
  7.964607E-01
  7.923569E-01
  7.882925E-01
  7.844632E-01
  7.807829E-01
  7.773714E-01
  7.744713E-01
  7.719951E-01
  7.701480E-01
  7.694297E-01
  7.697802E-01
  7.715495E-01
  7.752914E-01
  7.822456E-01
  7.952123E-01
  8.183893E-01
  8.589630E-01
  9.287340E-01
  1.051100E+00
  1.210207E+00
  1.288656E+00
  1.520323E+00
  6.909572E-01
  4.306834E-06
  1.295573E+00
  1.295411E+00
  1.295249E+00
  1.295087E+00
  1.294925E+00
  1.294763E+00
  1.294601E+00
  1.294439E+00
  1.294277E+00
  1.293827E+00
  1.293366E+00
  1.292904E+00
  1.292442E+00
  1.291981E+00
  1.291519E+00
  1.291057E+00
  1.290505E+00
  1.289761E+00
  1.289018E+00
  1.288275E+00
  1.287532E+00
  1.286789E+00
  1.286045E+00
  1.285275E+00
  1.284129E+00
  1.282983E+00
  1.281837E+00
  1.280691E+00
  1.279545E+00
  1.278399E+00
  1.277145E+00
  1.275378E+00
  1.273612E+00
  1.271845E+00
  1.270079E+00
  1.268312E+00
  1.266546E+00
  1.264217E+00
  1.261552E+00
  1.258886E+00
  1.256220E+00
  1.253555E+00
  1.250889E+00
  1.247731E+00
  1.243847E+00
  1.239963E+00
  1.236079E+00
  1.232195E+00
  1.228311E+00
  1.223697E+00
  1.218338E+00
  1.212979E+00
  1.207620E+00
  1.202261E+00
  1.196903E+00
  1.190202E+00
  1.183318E+00
  1.176436E+00
  1.169554E+00
  1.162674E+00
  1.155114E+00
  1.146970E+00
  1.138828E+00
  1.130687E+00
  1.122548E+00
  1.114089E+00
  1.105282E+00
  1.096477E+00
  1.087674E+00
  1.078872E+00
  1.070157E+00
  1.061485E+00
  1.052815E+00
  1.044146E+00
  1.035560E+00
  1.027770E+00
  1.019981E+00
  1.012192E+00
  1.004404E+00
  9.975878E-01
  9.910992E-01
  9.846104E-01
  9.781214E-01
  9.724391E-01
  9.672492E-01
  9.620592E-01
  9.568693E-01
  9.524174E-01
  9.482819E-01
  9.441472E-01
  9.400130E-01
  9.366096E-01
  9.332262E-01
  9.298446E-01
  9.265993E-01
  9.235305E-01
  9.204653E-01
  9.173842E-01
  9.140685E-01
  9.107594E-01
  9.074571E-01
  9.035342E-01
  8.995371E-01
  8.955497E-01
  8.906253E-01
  8.855428E-01
  8.804654E-01
  8.738770E-01
  8.672466E-01
  8.601880E-01
  8.516526E-01
  8.431276E-01
  8.333273E-01
  8.227709E-01
  8.119071E-01
  7.993395E-01
  7.867786E-01
  7.726749E-01
  7.582092E-01
  7.428263E-01
  7.267751E-01
  7.102407E-01
  6.931372E-01
  6.758006E-01
  6.581743E-01
  6.405101E-01
  6.228133E-01
  6.053529E-01
  5.879879E-01
  5.713130E-01
  5.550069E-01
  5.393644E-01
  5.247543E-01
  5.108870E-01
  4.980514E-01
  4.867395E-01
  4.766447E-01
  4.680237E-01
  4.612832E-01
  4.574603E-01
  4.592043E-01
  4.708399E-01
  4.999239E-01
  5.576099E-01
  6.614716E-01
  7.900507E-01
  8.294014E-01
  9.008628E-01
 -3.432278E-03
  1.449659E-11
  9.707622E-01
  9.706388E-01
  9.705154E-01
  9.703919E-01
  9.702685E-01
  9.701450E-01
  9.700216E-01
  9.698982E-01
  9.697747E-01
  9.694193E-01
  9.690542E-01
  9.686892E-01
  9.683242E-01
  9.679591E-01
  9.675941E-01
  9.672290E-01
  9.667937E-01
  9.662107E-01
  9.656277E-01
  9.650447E-01
  9.644617E-01
  9.638787E-01
  9.632957E-01
  9.626975E-01
  9.618859E-01
  9.610743E-01
  9.602627E-01
  9.594511E-01
  9.586395E-01
  9.578279E-01
  9.569704E-01
  9.558951E-01
  9.548197E-01
  9.537443E-01
  9.526689E-01
  9.515936E-01
  9.505182E-01
  9.492495E-01
  9.478650E-01
  9.464805E-01
  9.450960E-01
  9.437115E-01
  9.423270E-01
  9.407989E-01
  9.390594E-01
  9.373199E-01
  9.355804E-01
  9.338410E-01
  9.321016E-01
  9.301719E-01
  9.280476E-01
  9.259235E-01
  9.237996E-01
  9.216758E-01
  9.195522E-01
  9.170779E-01
  9.145561E-01
  9.120347E-01
  9.095138E-01
  9.069932E-01
  9.042579E-01
  9.013444E-01
  8.984316E-01
  8.955195E-01
  8.926080E-01
  8.895324E-01
  8.862784E-01
  8.830252E-01
  8.797727E-01
  8.765210E-01
  8.730928E-01
  8.695761E-01
  8.660601E-01
  8.625447E-01
  8.590100E-01
  8.552810E-01
  8.515523E-01
  8.478240E-01
  8.440959E-01
  8.402311E-01
  8.363202E-01
  8.324095E-01
  8.284987E-01
  8.244920E-01
  8.204268E-01
  8.163616E-01
  8.122966E-01
  8.081176E-01
  8.038902E-01
  7.996632E-01
  7.954365E-01
  7.910111E-01
  7.865815E-01
  7.821530E-01
  7.776137E-01
  7.729322E-01
  7.682525E-01
  7.635511E-01
  7.585635E-01
  7.535791E-01
  7.485977E-01
  7.433074E-01
  7.379796E-01
  7.326559E-01
  7.269911E-01
  7.212691E-01
  7.155518E-01
  7.093776E-01
  7.031918E-01
  6.968904E-01
  6.901863E-01
  6.834865E-01
  6.764483E-01
  6.692102E-01
  6.618908E-01
  6.541151E-01
  6.463425E-01
  6.381518E-01
  6.298641E-01
  6.213077E-01
  6.125559E-01
  6.036118E-01
  5.944409E-01
  5.850956E-01
  5.755339E-01
  5.657858E-01
  5.558757E-01
  5.457464E-01
  5.355321E-01
  5.250503E-01
  5.144827E-01
  5.037604E-01
  4.928640E-01
  4.818560E-01
  4.707029E-01
  4.593507E-01
  4.478493E-01
  4.361915E-01
  4.243915E-01
  4.125493E-01
  4.011384E-01
  3.911036E-01
  3.839328E-01
  3.820918E-01
  3.911204E-01
  4.039345E-01
  3.818348E-01
  4.089420E-01
  1.417563E-01
  5.238151E-02
  5.244944E-02
  5.244489E-02
  5.244034E-02
  5.243579E-02
  5.243124E-02
  5.242669E-02
  5.242215E-02
  5.241760E-02
  5.241305E-02
  5.240429E-02
  5.239536E-02
  5.238642E-02
  5.237749E-02
  5.236856E-02
  5.235962E-02
  5.235069E-02
  5.234246E-02
  5.233569E-02
  5.232893E-02
  5.232216E-02
  5.231540E-02
  5.230863E-02
  5.230187E-02
  5.229506E-02
  5.228765E-02
  5.228023E-02
  5.227282E-02
  5.226541E-02
  5.225800E-02
  5.225058E-02
  5.224204E-02
  5.222808E-02
  5.221413E-02
  5.220018E-02
  5.218623E-02
  5.217228E-02
  5.215834E-02
  5.213985E-02
  5.211864E-02
  5.209743E-02
  5.207623E-02
  5.205504E-02
  5.203385E-02
  5.201237E-02
  5.199045E-02
  5.196855E-02
  5.194668E-02
  5.192482E-02
  5.190299E-02
  5.188709E-02
  5.187729E-02
  5.186756E-02
  5.185790E-02
  5.184831E-02
  5.183878E-02
  5.184832E-02
  5.186060E-02
  5.187304E-02
  5.188564E-02
  5.189840E-02
  5.192129E-02
  5.195269E-02
  5.198435E-02
  5.201627E-02
  5.204844E-02
  5.208269E-02
  5.211919E-02
  5.215601E-02
  5.219313E-02
  5.223057E-02
  5.225595E-02
  5.227540E-02
  5.229512E-02
  5.231511E-02
  5.233111E-02
  5.230556E-02
  5.228016E-02
  5.225490E-02
  5.222978E-02
  5.215556E-02
  5.206480E-02
  5.197407E-02
  5.188335E-02
  5.175181E-02
  5.159532E-02
  5.143881E-02
  5.128227E-02
  5.108667E-02
  5.087438E-02
  5.066210E-02
  5.044985E-02
  5.018907E-02
  4.992723E-02
  4.966556E-02
  4.938050E-02
  4.906548E-02
  4.875087E-02
  4.843234E-02
  4.806153E-02
  4.769148E-02
  4.732215E-02
  4.691912E-02
  4.651248E-02
  4.610679E-02
  4.569164E-02
  4.527563E-02
  4.486058E-02
  4.445149E-02
  4.404341E-02
  4.364007E-02
  4.325071E-02
  4.286195E-02
  4.249099E-02
  4.213071E-02
  4.177597E-02
  4.144949E-02
  4.112322E-02
  4.082340E-02
  4.052992E-02
  4.025669E-02
  3.999822E-02
  3.975426E-02
  3.952733E-02
  3.930753E-02
  3.909656E-02
  3.888926E-02
  3.868517E-02
  3.848586E-02
  3.828844E-02
  3.810242E-02
  3.792363E-02
  3.775788E-02
  3.761695E-02
  3.749659E-02
  3.740678E-02
  3.737177E-02
  3.738866E-02
  3.747444E-02
  3.765601E-02
  3.799359E-02
  3.862316E-02
  3.974862E-02
  4.171899E-02
  4.510738E-02
  5.105018E-02
  5.877726E-02
  6.258686E-02
  7.383769E-02
  4.107374E-02
  1.716323E-02
  1.779672E-01
  1.779450E-01
  1.779227E-01
  1.779005E-01
  1.778783E-01
  1.778560E-01
  1.778338E-01
  1.778115E-01
  1.777893E-01
  1.777275E-01
  1.776641E-01
  1.776006E-01
  1.775372E-01
  1.774738E-01
  1.774104E-01
  1.773470E-01
  1.772711E-01
  1.771690E-01
  1.770669E-01
  1.769648E-01
  1.768627E-01
  1.767606E-01
  1.766585E-01
  1.765528E-01
  1.763953E-01
  1.762379E-01
  1.760805E-01
  1.759231E-01
  1.757656E-01
  1.756082E-01
  1.754360E-01
  1.751933E-01
  1.749507E-01
  1.747080E-01
  1.744654E-01
  1.742228E-01
  1.739801E-01
  1.736603E-01
  1.732941E-01
  1.729280E-01
  1.725619E-01
  1.721958E-01
  1.718296E-01
  1.713958E-01
  1.708623E-01
  1.703288E-01
  1.697954E-01
  1.692619E-01
  1.687284E-01
  1.680947E-01
  1.673585E-01
  1.666224E-01
  1.658864E-01
  1.651503E-01
  1.644143E-01
  1.634939E-01
  1.625484E-01
  1.616030E-01
  1.606578E-01
  1.597126E-01
  1.586742E-01
  1.575554E-01
  1.564369E-01
  1.553186E-01
  1.542004E-01
  1.530383E-01
  1.518284E-01
  1.506187E-01
  1.494092E-01
  1.482000E-01
  1.470026E-01
  1.458112E-01
  1.446200E-01
  1.434289E-01
  1.422492E-01
  1.411789E-01
  1.401087E-01
  1.390386E-01
  1.379685E-01
  1.370320E-01
  1.361406E-01
  1.352491E-01
  1.343576E-01
  1.335770E-01
  1.328641E-01
  1.321512E-01
  1.314382E-01
  1.308268E-01
  1.302588E-01
  1.296910E-01
  1.291232E-01
  1.286559E-01
  1.281914E-01
  1.277271E-01
  1.272815E-01
  1.268603E-01
  1.264395E-01
  1.260165E-01
  1.255613E-01
  1.251070E-01
  1.246536E-01
  1.241150E-01
  1.235661E-01
  1.230185E-01
  1.223421E-01
  1.216440E-01
  1.209466E-01
  1.200415E-01
  1.191307E-01
  1.181610E-01
  1.169884E-01
  1.158172E-01
  1.144709E-01
  1.130207E-01
  1.115283E-01
  1.098019E-01
  1.080764E-01
  1.061391E-01
  1.041520E-01
  1.020390E-01
  9.983415E-02
  9.756298E-02
  9.521362E-02
  9.283224E-02
  9.041105E-02
  8.798466E-02
  8.555375E-02
  8.315530E-02
  8.076992E-02
  7.847930E-02
  7.623931E-02
  7.409045E-02
  7.208339E-02
  7.017835E-02
  6.841499E-02
  6.686091E-02
  6.547400E-02
  6.428952E-02
  6.336333E-02
  6.283789E-02
  6.307709E-02
  6.467499E-02
  6.866955E-02
  7.659277E-02
  9.085845E-02
  1.085190E-01
  1.139231E-01
  1.237377E-01
 -5.770276E-04
  1.633833E-07
  9.709484E-01
  9.708250E-01
  9.707015E-01
  9.705781E-01
  9.704546E-01
  9.703312E-01
  9.702077E-01
  9.700843E-01
  9.699609E-01
  9.696054E-01
  9.692404E-01
  9.688754E-01
  9.685104E-01
  9.681453E-01
  9.677803E-01
  9.674153E-01
  9.669800E-01
  9.663970E-01
  9.658141E-01
  9.652312E-01
  9.646482E-01
  9.640653E-01
  9.634824E-01
  9.628842E-01
  9.620727E-01
  9.612612E-01
  9.604498E-01
  9.596383E-01
  9.588268E-01
  9.580153E-01
  9.571580E-01
  9.560829E-01
  9.550077E-01
  9.539325E-01
  9.528573E-01
  9.517821E-01
  9.507069E-01
  9.494385E-01
  9.480542E-01
  9.466700E-01
  9.452857E-01
  9.439015E-01
  9.425173E-01
  9.409896E-01
  9.392504E-01
  9.375113E-01
  9.357723E-01
  9.340333E-01
  9.322944E-01
  9.303652E-01
  9.282415E-01
  9.261181E-01
  9.239948E-01
  9.218716E-01
  9.197487E-01
  9.172752E-01
  9.147544E-01
  9.122339E-01
  9.097139E-01
  9.071942E-01
  9.044600E-01
  9.015476E-01
  8.986360E-01
  8.957250E-01
  8.928147E-01
  8.897404E-01
  8.864877E-01
  8.832358E-01
  8.799846E-01
  8.767342E-01
  8.733073E-01
  8.697919E-01
  8.662772E-01
  8.627631E-01
  8.592297E-01
  8.555019E-01
  8.517744E-01
  8.480472E-01
  8.443202E-01
  8.404565E-01
  8.365466E-01
  8.326369E-01
  8.287271E-01
  8.247214E-01
  8.206571E-01
  8.165929E-01
  8.125289E-01
  8.083509E-01
  8.041246E-01
  7.998987E-01
  7.956732E-01
  7.912490E-01
  7.868208E-01
  7.823936E-01
  7.778557E-01
  7.731758E-01
  7.684978E-01
  7.637979E-01
  7.588122E-01
  7.538296E-01
  7.488501E-01
  7.435619E-01
  7.382362E-01
  7.329146E-01
  7.272521E-01
  7.215325E-01
  7.158176E-01
  7.096460E-01
  7.034629E-01
  6.971642E-01
  6.904630E-01
  6.837661E-01
  6.767311E-01
  6.694963E-01
  6.621803E-01
  6.544081E-01
  6.466392E-01
  6.384525E-01
  6.301688E-01
  6.216166E-01
  6.128693E-01
  6.039297E-01
  5.947634E-01
  5.854228E-01
  5.758658E-01
  5.661224E-01
  5.562170E-01
  5.460925E-01
  5.358828E-01
  5.254058E-01
  5.148432E-01
  5.041262E-01
  4.932357E-01
  4.822344E-01
  4.710891E-01
  4.597470E-01
  4.482583E-01
  4.366162E-01
  4.248361E-01
  4.130195E-01
  4.016408E-01
  3.916441E-01
  3.845153E-01
  3.827149E-01
  3.917714E-01
  4.045822E-01
  3.824560E-01
  4.094080E-01
  1.411533E-01
  5.006683E-02
  4.603826E-02
  4.603407E-02
  4.602988E-02
  4.602570E-02
  4.602151E-02
  4.601732E-02
  4.601313E-02
  4.600895E-02
  4.600476E-02
  4.599664E-02
  4.598836E-02
  4.598007E-02
  4.597179E-02
  4.596351E-02
  4.595522E-02
  4.594694E-02
  4.593921E-02
  4.593264E-02
  4.592607E-02
  4.591950E-02
  4.591293E-02
  4.590636E-02
  4.589979E-02
  4.589315E-02
  4.588545E-02
  4.587776E-02
  4.587007E-02
  4.586238E-02
  4.585469E-02
  4.584700E-02
  4.583816E-02
  4.582386E-02
  4.580957E-02
  4.579528E-02
  4.578099E-02
  4.576670E-02
  4.575241E-02
  4.573371E-02
  4.571236E-02
  4.569103E-02
  4.566969E-02
  4.564837E-02
  4.562705E-02
  4.560558E-02
  4.558389E-02
  4.556223E-02
  4.554059E-02
  4.551897E-02
  4.549738E-02
  4.548194E-02
  4.547285E-02
  4.546383E-02
  4.545487E-02
  4.544598E-02
  4.543715E-02
  4.544781E-02
  4.546127E-02
  4.547489E-02
  4.548866E-02
  4.550260E-02
  4.552685E-02
  4.555978E-02
  4.559297E-02
  4.562641E-02
  4.566011E-02
  4.569594E-02
  4.573410E-02
  4.577256E-02
  4.581133E-02
  4.585040E-02
  4.587731E-02
  4.589822E-02
  4.591940E-02
  4.594085E-02
  4.595825E-02
  4.593362E-02
  4.590914E-02
  4.588479E-02
  4.586059E-02
  4.578664E-02
  4.569594E-02
  4.560526E-02
  4.551460E-02
  4.538249E-02
  4.522506E-02
  4.506761E-02
  4.491014E-02
  4.471293E-02
  4.449875E-02
  4.428458E-02
  4.407044E-02
  4.380703E-02
  4.354255E-02
  4.327823E-02
  4.299037E-02
  4.267233E-02
  4.235469E-02
  4.203315E-02
  4.165948E-02
  4.128655E-02
  4.091434E-02
  4.050903E-02
  4.010015E-02
  3.969220E-02
  3.927570E-02
  3.885847E-02
  3.844216E-02
  3.803308E-02
  3.762503E-02
  3.722200E-02
  3.683401E-02
  3.644659E-02
  3.607774E-02
  3.572000E-02
  3.536793E-02
  3.504491E-02
  3.472207E-02
  3.442612E-02
  3.413659E-02
  3.386746E-02
  3.361316E-02
  3.337332E-02
  3.315046E-02
  3.293449E-02
  3.272707E-02
  3.252284E-02
  3.232141E-02
  3.212370E-02
  3.192747E-02
  3.174026E-02
  3.155881E-02
  3.138781E-02
  3.123653E-02
  3.110144E-02
  3.099029E-02
  3.092137E-02
  3.089236E-02
  3.091693E-02
  3.101771E-02
  3.124852E-02
  3.174026E-02
  3.269807E-02
  3.447522E-02
  3.766232E-02
  4.343720E-02
  5.109492E-02
  5.493402E-02
  6.625932E-02
  3.436259E-02
  9.093649E-03
  1.784284E-01
  1.784062E-01
  1.783839E-01
  1.783616E-01
  1.783393E-01
  1.783171E-01
  1.782948E-01
  1.782725E-01
  1.782503E-01
  1.781884E-01
  1.781250E-01
  1.780615E-01
  1.779980E-01
  1.779345E-01
  1.778711E-01
  1.778076E-01
  1.777317E-01
  1.776295E-01
  1.775274E-01
  1.774253E-01
  1.773232E-01
  1.772210E-01
  1.771189E-01
  1.770131E-01
  1.768557E-01
  1.766982E-01
  1.765408E-01
  1.763833E-01
  1.762259E-01
  1.760684E-01
  1.758962E-01
  1.756535E-01
  1.754108E-01
  1.751681E-01
  1.749254E-01
  1.746827E-01
  1.744400E-01
  1.741201E-01
  1.737539E-01
  1.733877E-01
  1.730215E-01
  1.726552E-01
  1.722890E-01
  1.718551E-01
  1.713214E-01
  1.707878E-01
  1.702541E-01
  1.697205E-01
  1.691869E-01
  1.685530E-01
  1.678166E-01
  1.670802E-01
  1.663439E-01
  1.656077E-01
  1.648715E-01
  1.639507E-01
  1.630049E-01
  1.620592E-01
  1.611136E-01
  1.601682E-01
  1.591301E-01
  1.580110E-01
  1.568921E-01
  1.557734E-01
  1.546549E-01
  1.534924E-01
  1.522820E-01
  1.510720E-01
  1.498621E-01
  1.486525E-01
  1.474547E-01
  1.462629E-01
  1.450713E-01
  1.438798E-01
  1.426997E-01
  1.416291E-01
  1.405585E-01
  1.394880E-01
  1.384175E-01
  1.374807E-01
  1.365889E-01
  1.356970E-01
  1.348051E-01
  1.340239E-01
  1.333103E-01
  1.325967E-01
  1.318831E-01
  1.312706E-01
  1.307014E-01
  1.301323E-01
  1.295633E-01
  1.290939E-01
  1.286272E-01
  1.281608E-01
  1.277126E-01
  1.272880E-01
  1.268640E-01
  1.264376E-01
  1.259777E-01
  1.255188E-01
  1.250607E-01
  1.245162E-01
  1.239614E-01
  1.234079E-01
  1.227248E-01
  1.220198E-01
  1.213148E-01
  1.204023E-01
  1.194840E-01
  1.185067E-01
  1.173264E-01
  1.161474E-01
  1.147933E-01
  1.133352E-01
  1.118350E-01
  1.101009E-01
  1.083677E-01
  1.064228E-01
  1.044282E-01
  1.023080E-01
  1.000961E-01
  9.781814E-02
  9.546237E-02
  9.307494E-02
  9.064817E-02
  8.821668E-02
  8.578111E-02
  8.337870E-02
  8.099027E-02
  7.869696E-02
  7.645468E-02
  7.430423E-02
  7.229656E-02
  7.039161E-02
  6.862931E-02
  6.707788E-02
  6.569501E-02
  6.451626E-02
  6.359787E-02
  6.308292E-02
  6.333558E-02
  6.494944E-02
  6.896151E-02
  7.690145E-02
  9.117798E-02
  1.088351E-01
  1.142212E-01
  1.239556E-01
 -6.384602E-04
  1.533193E-07
 -1.861531E-04
 -1.861518E-04
 -1.861506E-04
 -1.861494E-04
 -1.861482E-04
 -1.861469E-04
 -1.861457E-04
 -1.861445E-04
 -1.861433E-04
 -1.861569E-04
 -1.861711E-04
 -1.861854E-04
 -1.861996E-04
 -1.862138E-04
 -1.862280E-04
 -1.862423E-04
 -1.862721E-04
 -1.863345E-04
 -1.863970E-04
 -1.864595E-04
 -1.865219E-04
 -1.865844E-04
 -1.866469E-04
 -1.867135E-04
 -1.868379E-04
 -1.869623E-04
 -1.870867E-04
 -1.872111E-04
 -1.873355E-04
 -1.874599E-04
 -1.875954E-04
 -1.877838E-04
 -1.879721E-04
 -1.881605E-04
 -1.883488E-04
 -1.885372E-04
 -1.887255E-04
 -1.889664E-04
 -1.892389E-04
 -1.895113E-04
 -1.897838E-04
 -1.900563E-04
 -1.903288E-04
 -1.906587E-04
 -1.910732E-04
 -1.914877E-04
 -1.919024E-04
 -1.923171E-04
 -1.927319E-04
 -1.932579E-04
 -1.938980E-04
 -1.945384E-04
 -1.951790E-04
 -1.958199E-04
 -1.964610E-04
 -1.973451E-04
 -1.982630E-04
 -1.991815E-04
 -2.001007E-04
 -2.010206E-04
 -2.020738E-04
 -2.032381E-04
 -2.044037E-04
 -2.055704E-04
 -2.067383E-04
 -2.079723E-04
 -2.092782E-04
 -2.105855E-04
 -2.118943E-04
 -2.132046E-04
 -2.145093E-04
 -2.158117E-04
 -2.171155E-04
 -2.184206E-04
 -2.197138E-04
 -2.208767E-04
 -2.220404E-04
 -2.232049E-04
 -2.243702E-04
 -2.254120E-04
 -2.264123E-04
 -2.274127E-04
 -2.284134E-04
 -2.293920E-04
 -2.303568E-04
 -2.313216E-04
 -2.322862E-04
 -2.333439E-04
 -2.344413E-04
 -2.355384E-04
 -2.366354E-04
 -2.379597E-04
 -2.392896E-04
 -2.406194E-04
 -2.420626E-04
 -2.436518E-04
 -2.452412E-04
 -2.468502E-04
 -2.486993E-04
 -2.505488E-04
 -2.523986E-04
 -2.544752E-04
 -2.565824E-04
 -2.586897E-04
 -2.610202E-04
 -2.633902E-04
 -2.657597E-04
 -2.684006E-04
 -2.710497E-04
 -2.737674E-04
 -2.767199E-04
 -2.796705E-04
 -2.828289E-04
 -2.861103E-04
 -2.894463E-04
 -2.930874E-04
 -2.967268E-04
 -3.006785E-04
 -3.047035E-04
 -3.089407E-04
 -3.133332E-04
 -3.178413E-04
 -3.224861E-04
 -3.271698E-04
 -3.319019E-04
 -3.366203E-04
 -3.413274E-04
 -3.460176E-04
 -3.507028E-04
 -3.555087E-04
 -3.604710E-04
 -3.657153E-04
 -3.717043E-04
 -3.784037E-04
 -3.862240E-04
 -3.963956E-04
 -4.089659E-04
 -4.247014E-04
 -4.446140E-04
 -4.701887E-04
 -5.024263E-04
 -5.405242E-04
 -5.825011E-04
 -6.231279E-04
 -6.509952E-04
 -6.476268E-04
 -6.211839E-04
 -4.659345E-04
  6.029954E-04
  2.314681E-03
  6.411177E-03
  6.410816E-03
  6.410455E-03
  6.410094E-03
  6.409733E-03
  6.409372E-03
  6.409011E-03
  6.408650E-03
  6.408289E-03
  6.407651E-03
  6.407001E-03
  6.406351E-03
  6.405701E-03
  6.405051E-03
  6.404401E-03
  6.403751E-03
  6.403248E-03
  6.403053E-03
  6.402858E-03
  6.402663E-03
  6.402468E-03
  6.402273E-03
  6.402078E-03
  6.401914E-03
  6.402193E-03
  6.402472E-03
  6.402751E-03
  6.403030E-03
  6.403309E-03
  6.403588E-03
  6.403877E-03
  6.404219E-03
  6.404561E-03
  6.404902E-03
  6.405244E-03
  6.405586E-03
  6.405927E-03
  6.406139E-03
  6.406273E-03
  6.406407E-03
  6.406541E-03
  6.406675E-03
  6.406809E-03
  6.406793E-03
  6.406556E-03
  6.406320E-03
  6.406083E-03
  6.405846E-03
  6.405610E-03
  6.405142E-03
  6.404439E-03
  6.403735E-03
  6.403032E-03
  6.402329E-03
  6.401626E-03
  6.400506E-03
  6.399330E-03
  6.398155E-03
  6.396980E-03
  6.395806E-03
  6.394438E-03
  6.392909E-03
  6.391381E-03
  6.389855E-03
  6.388330E-03
  6.386746E-03
  6.385098E-03
  6.383451E-03
  6.381806E-03
  6.380163E-03
  6.378641E-03
  6.377180E-03
  6.375722E-03
  6.374265E-03
  6.372859E-03
  6.371940E-03
  6.371023E-03
  6.370106E-03
  6.369190E-03
  6.368918E-03
  6.368862E-03
  6.368806E-03
  6.368751E-03
  6.369314E-03
  6.370255E-03
  6.371195E-03
  6.372136E-03
  6.373741E-03
  6.375631E-03
  6.377522E-03
  6.379414E-03
  6.382037E-03
  6.384681E-03
  6.387329E-03
  6.390137E-03
  6.393154E-03
  6.396179E-03
  6.399198E-03
  6.402051E-03
  6.404922E-03
  6.407810E-03
  6.410095E-03
  6.412324E-03
  6.414581E-03
  6.415937E-03
  6.417162E-03
  6.418421E-03
  6.418405E-03
  6.418381E-03
  6.418071E-03
  6.416697E-03
  6.415362E-03
  6.413257E-03
  6.410708E-03
  6.408042E-03
  6.404582E-03
  6.401152E-03
  6.397280E-03
  6.393323E-03
  6.389238E-03
  6.385065E-03
  6.380944E-03
  6.376877E-03
  6.373042E-03
  6.369485E-03
  6.366414E-03
  6.363764E-03
  6.362157E-03
  6.360962E-03
  6.362166E-03
  6.364814E-03
  6.370064E-03
  6.380420E-03
  6.395148E-03
  6.416488E-03
  6.450398E-03
  6.496302E-03
  6.557511E-03
  6.638302E-03
  6.745067E-03
  6.882902E-03
  7.050551E-03
  7.243770E-03
  7.445061E-03
  7.612981E-03
  7.682332E-03
  7.652846E-03
  7.578376E-03
  6.711153E-03
  8.069581E-03
 -4.611878E-04
 -4.611630E-04
 -4.611381E-04
 -4.611133E-04
 -4.610884E-04
 -4.610635E-04
 -4.610387E-04
 -4.610138E-04
 -4.609890E-04
 -4.609391E-04
 -4.608881E-04
 -4.608372E-04
 -4.607862E-04
 -4.607352E-04
 -4.606843E-04
 -4.606333E-04
 -4.605875E-04
 -4.605525E-04
 -4.605175E-04
 -4.604825E-04
 -4.604475E-04
 -4.604125E-04
 -4.603775E-04
 -4.603434E-04
 -4.603209E-04
 -4.602984E-04
 -4.602759E-04
 -4.602534E-04
 -4.602309E-04
 -4.602085E-04
 -4.601822E-04
 -4.601381E-04
 -4.600939E-04
 -4.600498E-04
 -4.600057E-04
 -4.599616E-04
 -4.599175E-04
 -4.598432E-04
 -4.597509E-04
 -4.596586E-04
 -4.595664E-04
 -4.594742E-04
 -4.593821E-04
 -4.592634E-04
 -4.591056E-04
 -4.589480E-04
 -4.587905E-04
 -4.586333E-04
 -4.584763E-04
 -4.582809E-04
 -4.580467E-04
 -4.578130E-04
 -4.575800E-04
 -4.573474E-04
 -4.571155E-04
 -4.568140E-04
 -4.565041E-04
 -4.561954E-04
 -4.558880E-04
 -4.555818E-04
 -4.558995E-04
 -4.555308E-04
 -4.551639E-04
 -4.547989E-04
 -4.544358E-04
 -4.540553E-04
 -4.536559E-04
 -4.532585E-04
 -4.528632E-04
 -4.524699E-04
 -4.520742E-04
 -4.516780E-04
 -4.512834E-04
 -4.508903E-04
 -4.505011E-04
 -4.501354E-04
 -4.497703E-04
 -4.494058E-04
 -4.490420E-04
 -4.486535E-04
 -4.482565E-04
 -4.478594E-04
 -4.474622E-04
 -4.468917E-04
 -4.462155E-04
 -4.455393E-04
 -4.448629E-04
 -4.437867E-04
 -4.425400E-04
 -4.412942E-04
 -4.400491E-04
 -4.379471E-04
 -4.358261E-04
 -4.337076E-04
 -4.310735E-04
 -4.277764E-04
 -4.244845E-04
 -4.210920E-04
 -4.164094E-04
 -4.117358E-04
 -4.070712E-04
 -4.012718E-04
 -3.953319E-04
 -3.894045E-04
 -3.826594E-04
 -3.757805E-04
 -3.682573E-04
 -3.607870E-04
 -3.533106E-04
 -3.457709E-04
 -3.379796E-04
 -3.302035E-04
 -3.223770E-04
 -3.145257E-04
 -3.067013E-04
 -2.989603E-04
 -2.912317E-04
 -2.837032E-04
 -2.762302E-04
 -2.689921E-04
 -2.619269E-04
 -2.551612E-04
 -2.487449E-04
 -2.427018E-04
 -2.371175E-04
 -2.320267E-04
 -2.273640E-04
 -2.233968E-04
 -2.203496E-04
 -2.176631E-04
 -2.153696E-04
 -2.137802E-04
 -2.131702E-04
 -2.132587E-04
 -2.143202E-04
 -2.169748E-04
 -2.210080E-04
 -2.267334E-04
 -2.345466E-04
 -2.450294E-04
 -2.584912E-04
 -2.744464E-04
 -2.919548E-04
 -3.086816E-04
 -3.195383E-04
 -3.161336E-04
 -2.981001E-04
 -2.178892E-04
  6.143262E-05
  1.006394E-08
  1.273240E+00
  1.273211E+00
  1.273125E+00
  1.272981E+00
  1.272781E+00
  1.272522E+00
  1.272207E+00
  1.271834E+00
  1.271403E+00
  1.270915E+00
  1.270369E+00
  1.269765E+00
  1.269104E+00
  1.268384E+00
  1.267607E+00
  1.266771E+00
  1.265877E+00
  1.264925E+00
  1.263915E+00
  1.262845E+00
  1.261717E+00
  1.260530E+00
  1.259284E+00
  1.257979E+00
  1.256614E+00
  1.255190E+00
  1.253705E+00
  1.252161E+00
  1.250556E+00
  1.248891E+00
  1.247165E+00
  1.245378E+00
  1.243529E+00
  1.241620E+00
  1.239648E+00
  1.237614E+00
  1.235518E+00
  1.233359E+00
  1.231136E+00
  1.228851E+00
  1.226501E+00
  1.224088E+00
  1.221610E+00
  1.219067E+00
  1.216458E+00
  1.213784E+00
  1.211044E+00
  1.208237E+00
  1.205362E+00
  1.202421E+00
  1.199411E+00
  1.196332E+00
  1.193185E+00
  1.189968E+00
  1.186680E+00
  1.183322E+00
  1.179892E+00
  1.176390E+00
  1.172816E+00
  1.169168E+00
  1.165446E+00
  1.161649E+00
  1.157776E+00
  1.153828E+00
  1.149802E+00
  1.145699E+00
  1.141516E+00
  1.137254E+00
  1.132912E+00
  1.128488E+00
  1.123982E+00
  1.119393E+00
  1.114719E+00
  1.109960E+00
  1.105114E+00
  1.100180E+00
  1.095157E+00
  1.090045E+00
  1.084841E+00
  1.079544E+00
  1.074153E+00
  1.068667E+00
  1.063083E+00
  1.057401E+00
  1.051619E+00
  1.045735E+00
  1.039748E+00
  1.033655E+00
  1.027455E+00
  1.021146E+00
  1.014726E+00
  1.008193E+00
  1.001543E+00
  9.947766E-01
  9.878894E-01
  9.808795E-01
  9.737441E-01
  9.664805E-01
  9.590857E-01
  9.515567E-01
  9.438904E-01
  9.360832E-01
  9.281318E-01
  9.200322E-01
  9.117806E-01
  9.033729E-01
  8.948045E-01
  8.860709E-01
  8.771671E-01
  8.680879E-01
  8.588277E-01
  8.493806E-01
  8.397402E-01
  8.299000E-01
  8.198525E-01
  8.095903E-01
  7.991048E-01
  7.883874E-01
  7.774283E-01
  7.662172E-01
  7.547428E-01
  7.429930E-01
  7.309546E-01
  7.186128E-01
  7.059520E-01
  6.929545E-01
  6.796012E-01
  6.658704E-01
  6.517385E-01
  6.371787E-01
  6.221609E-01
  6.066513E-01
  5.906109E-01
  5.739954E-01
  5.567532E-01
  5.388241E-01
  5.201372E-01
  5.006076E-01
  4.801325E-01
  4.585853E-01
  4.358068E-01
  4.115929E-01
  3.856731E-01
  3.576769E-01
  3.270715E-01
  2.930404E-01
  2.542116E-01
  2.079144E-01
  1.472658E-01
  0.000000E+00
  9.203552E-02
  9.203558E-02
  9.203563E-02
  9.203569E-02
  9.203575E-02
  9.203581E-02
  9.203587E-02
  9.203592E-02
  9.203598E-02
  9.203649E-02
  9.203702E-02
  9.203756E-02
  9.203809E-02
  9.203862E-02
  9.203915E-02
  9.203968E-02
  9.204058E-02
  9.204225E-02
  9.204393E-02
  9.204560E-02
  9.204728E-02
  9.204896E-02
  9.205063E-02
  9.205246E-02
  9.205644E-02
  9.206042E-02
  9.206440E-02
  9.206838E-02
  9.207236E-02
  9.207634E-02
  9.208108E-02
  9.208943E-02
  9.209778E-02
  9.210612E-02
  9.211447E-02
  9.212282E-02
  9.213117E-02
  9.214460E-02
  9.216109E-02
  9.217757E-02
  9.219405E-02
  9.221054E-02
  9.222702E-02
  9.224949E-02
  9.228080E-02
  9.231210E-02
  9.234341E-02
  9.237471E-02
  9.240601E-02
  9.244944E-02
  9.250528E-02
  9.256112E-02
  9.261695E-02
  9.267277E-02
  9.272859E-02
  9.281112E-02
  9.289729E-02
  9.298344E-02
  9.306957E-02
  9.315570E-02
  9.339513E-02
  9.350591E-02
  9.361667E-02
  9.372740E-02
  9.383811E-02
  9.395501E-02
  9.407863E-02
  9.420221E-02
  9.432578E-02
  9.444931E-02
  9.456995E-02
  9.468913E-02
  9.480829E-02
  9.492742E-02
  9.504424E-02
  9.513866E-02
  9.523307E-02
  9.532746E-02
  9.542183E-02
  9.547893E-02
  9.552348E-02
  9.556802E-02
  9.561257E-02
  9.560382E-02
  9.556255E-02
  9.552129E-02
  9.548002E-02
  9.535432E-02
  9.519247E-02
  9.503063E-02
  9.486878E-02
  9.455869E-02
  9.424488E-02
  9.393105E-02
  9.353861E-02
  9.304490E-02
  9.255195E-02
  9.206185E-02
  9.139435E-02
  9.072681E-02
  9.005922E-02
  8.927681E-02
  8.848872E-02
  8.777522E-02
  8.704480E-02
  8.634724E-02
  8.560105E-02
  8.507852E-02
  8.506004E-02
  8.507055E-02
  8.507969E-02
  8.514907E-02
  8.523484E-02
  8.536200E-02
  8.551529E-02
  8.566224E-02
  8.580919E-02
  8.594821E-02
  8.608534E-02
  8.627954E-02
  8.647279E-02
  8.665820E-02
  8.683437E-02
  8.700310E-02
  8.718757E-02
  8.738575E-02
  8.757648E-02
  8.775710E-02
  8.787845E-02
  8.804297E-02
  8.820362E-02
  8.835741E-02
  8.850391E-02
  8.864599E-02
  8.878261E-02
  8.891293E-02
  8.903912E-02
  8.916110E-02
  8.932912E-02
  8.951926E-02
  8.970786E-02
  8.989520E-02
  9.008138E-02
  9.026653E-02
  9.050117E-02
  9.080492E-02
  9.122384E-02
  9.184518E-02
  1.092309E-01
  2.691263E-02
 -2.154659E-01
 -2.154554E-01
 -2.154450E-01
 -2.154345E-01
 -2.154240E-01
 -2.154135E-01
 -2.154030E-01
 -2.153925E-01
 -2.153821E-01
 -2.152909E-01
 -2.151964E-01
 -2.151019E-01
 -2.150074E-01
 -2.149129E-01
 -2.148185E-01
 -2.147240E-01
 -2.145636E-01
 -2.142649E-01
 -2.139661E-01
 -2.136674E-01
 -2.133687E-01
 -2.130699E-01
 -2.127712E-01
 -2.124451E-01
 -2.117351E-01
 -2.110251E-01
 -2.103152E-01
 -2.096052E-01
 -2.088953E-01
 -2.081853E-01
 -2.073399E-01
 -2.058499E-01
 -2.043598E-01
 -2.028698E-01
 -2.013798E-01
 -1.998898E-01
 -1.983997E-01
 -1.960010E-01
 -1.930575E-01
 -1.901141E-01
 -1.871706E-01
 -1.842272E-01
 -1.812837E-01
 -1.772692E-01
 -1.716763E-01
 -1.660835E-01
 -1.604906E-01
 -1.548978E-01
 -1.493049E-01
 -1.415422E-01
 -1.315600E-01
 -1.215779E-01
 -1.115957E-01
 -1.016135E-01
 -9.163133E-02
 -7.687756E-02
 -6.147266E-02
 -4.606775E-02
 -3.066284E-02
 -1.525792E-02
  2.638786E-02
  4.616173E-02
  6.593560E-02
  8.570945E-02
  1.054833E-01
  1.263079E-01
  1.482745E-01
  1.702410E-01
  1.922075E-01
  2.141740E-01
  2.354847E-01
  2.564657E-01
  2.774467E-01
  2.984276E-01
  3.189720E-01
  3.352360E-01
  3.514999E-01
  3.677637E-01
  3.840275E-01
  3.947524E-01
  4.036130E-01
  4.124736E-01
  4.213342E-01
  4.254083E-01
  4.265621E-01
  4.277158E-01
  4.288696E-01
  4.246666E-01
  4.181711E-01
  4.116756E-01
  4.051800E-01
  3.913099E-01
  3.772549E-01
  3.632000E-01
  3.458930E-01
  3.243977E-01
  3.029022E-01
  2.808771E-01
  2.523679E-01
  2.238586E-01
  1.953492E-01
  1.634094E-01
  1.310105E-01
  9.861160E-02
  6.649172E-02
  3.442174E-02
 -2.142040E-02
 -4.989940E-02
 -7.825196E-02
 -1.051988E-01
 -1.273877E-01
 -1.495765E-01
 -1.669269E-01
 -1.813983E-01
 -1.945360E-01
 -2.004513E-01
 -2.063667E-01
 -2.051136E-01
 -2.021612E-01
 -1.942102E-01
 -1.826132E-01
 -1.676938E-01
 -1.488681E-01
 -1.275532E-01
 -1.031577E-01
 -7.652261E-02
 -4.793977E-02
 -1.713061E-02
  3.811088E-02
  7.202490E-02
  1.065377E-01
  1.421161E-01
  1.786387E-01
  2.156702E-01
  2.532785E-01
  2.914243E-01
  3.298537E-01
  3.685336E-01
  4.074105E-01
  4.464280E-01
  4.855210E-01
  5.246355E-01
  5.637342E-01
  6.027832E-01
  6.417502E-01
  6.806010E-01
  7.193229E-01
  7.579024E-01
  4.858696E-01
  2.729896E+00
  9.895559E-01
  9.895559E-01
  9.895559E-01
  9.895559E-01
  9.895559E-01
  9.895559E-01
  9.895559E-01
  9.895559E-01
  9.895559E-01
  9.895559E-01
  9.895559E-01
  9.895559E-01
  9.895559E-01
  9.895559E-01
  9.895559E-01
  9.895559E-01
  9.895559E-01
  9.895559E-01
  9.895558E-01
  9.895558E-01
  9.895558E-01
  9.895558E-01
  9.895558E-01
  9.895557E-01
  9.895557E-01
  9.895556E-01
  9.895556E-01
  9.895556E-01
  9.895555E-01
  9.895555E-01
  9.895554E-01
  9.895553E-01
  9.895552E-01
  9.895551E-01
  9.895550E-01
  9.895550E-01
  9.895549E-01
  9.895547E-01
  9.895546E-01
  9.895544E-01
  9.895542E-01
  9.895541E-01
  9.895539E-01
  9.895537E-01
  9.895534E-01
  9.895531E-01
  9.895528E-01
  9.895526E-01
  9.895523E-01
  9.895520E-01
  9.895515E-01
  9.895512E-01
  9.895508E-01
  9.895505E-01
  9.895502E-01
  9.895498E-01
  9.895495E-01
  9.895493E-01
  9.895491E-01
  9.895490E-01
  9.895490E-01
  9.895493E-01
  9.895496E-01
  9.895500E-01
  9.895506E-01
  9.895513E-01
  9.895522E-01
  9.895533E-01
  9.895545E-01
  9.895558E-01
  9.895573E-01
  9.895588E-01
  9.895605E-01
  9.895624E-01
  9.895643E-01
  9.895659E-01
  9.895676E-01
  9.895693E-01
  9.895712E-01
  9.895724E-01
  9.895735E-01
  9.895746E-01
  9.895757E-01
  9.895762E-01
  9.895764E-01
  9.895765E-01
  9.895767E-01
  9.895761E-01
  9.895753E-01
  9.895745E-01
  9.895737E-01
  9.895720E-01
  9.895704E-01
  9.895688E-01
  9.895670E-01
  9.895648E-01
  9.895628E-01
  9.895608E-01
  9.895585E-01
  9.895565E-01
  9.895547E-01
  9.895530E-01
  9.895515E-01
  9.895504E-01
  9.895496E-01
  9.895491E-01
  9.895490E-01
  9.895493E-01
  9.895499E-01
  9.895506E-01
  9.895514E-01
  9.895523E-01
  9.895531E-01
  9.895539E-01
  9.895546E-01
  9.895550E-01
  9.895554E-01
  9.895553E-01
  9.895551E-01
  9.895546E-01
  9.895540E-01
  9.895532E-01
  9.895523E-01
  9.895514E-01
  9.895505E-01
  9.895498E-01
  9.895493E-01
  9.895490E-01
  9.895492E-01
  9.895497E-01
  9.895506E-01
  9.895520E-01
  9.895537E-01
  9.895559E-01
  9.895586E-01
  9.895617E-01
  9.895653E-01
  9.895694E-01
  9.895740E-01
  9.895790E-01
  9.895845E-01
  9.895904E-01
  9.895968E-01
  9.896037E-01
  9.896110E-01
  9.896188E-01
  9.896269E-01
  9.896355E-01
  8.085456E-01
  1.206082E-05
 -2.233806E+02
 -2.233283E+02
 -2.232760E+02
 -2.232237E+02
 -2.231714E+02
 -2.231191E+02
 -2.230668E+02
 -2.230146E+02
 -2.229623E+02
 -2.227628E+02
 -2.225573E+02
 -2.223518E+02
 -2.221463E+02
 -2.219408E+02
 -2.217353E+02
 -2.215298E+02
 -2.212575E+02
 -2.208448E+02
 -2.204321E+02
 -2.200193E+02
 -2.196066E+02
 -2.191939E+02
 -2.187812E+02
 -2.183562E+02
 -2.177591E+02
 -2.171620E+02
 -2.165649E+02
 -2.159678E+02
 -2.153706E+02
 -2.147735E+02
 -2.141508E+02
 -2.134061E+02
 -2.126614E+02
 -2.119167E+02
 -2.111720E+02
 -2.104273E+02
 -2.096826E+02
 -2.088269E+02
 -2.079047E+02
 -2.069824E+02
 -2.060601E+02
 -2.051377E+02
 -2.042153E+02
 -2.031759E+02
 -2.019639E+02
 -2.007517E+02
 -1.995394E+02
 -1.983268E+02
 -1.971141E+02
 -1.956749E+02
 -1.940038E+02
 -1.923321E+02
 -1.906597E+02
 -1.889868E+02
 -1.873133E+02
 -1.851309E+02
 -1.828778E+02
 -1.806233E+02
 -1.783673E+02
 -1.761100E+02
 -1.735585E+02
 -1.707617E+02
 -1.679627E+02
 -1.651613E+02
 -1.623575E+02
 -1.593929E+02
 -1.562532E+02
 -1.531107E+02
 -1.499654E+02
 -1.468172E+02
 -1.436567E+02
 -1.404889E+02
 -1.373186E+02
 -1.341458E+02
 -1.310017E+02
 -1.281626E+02
 -1.253221E+02
 -1.224803E+02
 -1.196371E+02
 -1.172321E+02
 -1.149748E+02
 -1.127172E+02
 -1.104595E+02
 -1.085811E+02
 -1.069343E+02
 -1.052880E+02
 -1.036420E+02
 -1.023403E+02
 -1.011861E+02
 -1.000319E+02
 -9.887780E+01
 -9.810342E+01
 -9.733751E+01
 -9.657057E+01
 -9.597407E+01
 -9.559582E+01
 -9.521445E+01
 -9.485895E+01
 -9.485231E+01
 -9.483978E+01
 -9.482162E+01
 -9.492397E+01
 -9.503564E+01
 -9.514002E+01
 -9.506488E+01
 -9.495157E+01
 -9.483135E+01
 -9.426095E+01
 -9.366946E+01
 -9.292772E+01
 -9.169082E+01
 -9.045070E+01
 -8.872642E+01
 -8.671424E+01
 -8.457147E+01
 -8.172774E+01
 -7.888426E+01
 -7.539222E+01
 -7.174758E+01
 -6.764935E+01
 -6.322121E+01
 -5.846826E+01
 -5.333337E+01
 -4.797200E+01
 -4.232977E+01
 -3.648982E+01
 -3.047789E+01
 -2.422842E+01
 -1.788628E+01
 -1.119143E+01
 -4.343341E+00
  2.781389E+00
  1.033171E+01
  1.820737E+01
  2.654864E+01
  3.567424E+01
  4.550939E+01
  5.625172E+01
  6.819214E+01
  8.192511E+01
  9.858507E+01
  1.196760E+02
  1.478811E+02
  1.875872E+02
  2.469473E+02
  3.232293E+02
  3.846717E+02
  4.886565E+02
  2.808229E+02
  1.820454E-03
  1.097651E+04
  1.097512E+04
  1.097372E+04
  1.097233E+04
  1.097094E+04
  1.096954E+04
  1.096815E+04
  1.096675E+04
  1.096536E+04
  1.096135E+04
  1.095723E+04
  1.095311E+04
  1.094899E+04
  1.094488E+04
  1.094076E+04
  1.093664E+04
  1.093173E+04
  1.092516E+04
  1.091859E+04
  1.091201E+04
  1.090544E+04
  1.089887E+04
  1.089230E+04
  1.088556E+04
  1.087641E+04
  1.086726E+04
  1.085812E+04
  1.084897E+04
  1.083982E+04
  1.083068E+04
  1.082101E+04
  1.080889E+04
  1.079676E+04
  1.078464E+04
  1.077252E+04
  1.076039E+04
  1.074827E+04
  1.073397E+04
  1.071835E+04
  1.070274E+04
  1.068713E+04
  1.067152E+04
  1.065591E+04
  1.063868E+04
  1.061907E+04
  1.059946E+04
  1.057985E+04
  1.056024E+04
  1.054063E+04
  1.051888E+04
  1.049494E+04
  1.047101E+04
  1.044708E+04
  1.042315E+04
  1.039922E+04
  1.037136E+04
  1.034297E+04
  1.031458E+04
  1.028620E+04
  1.025782E+04
  1.022704E+04
  1.019426E+04
  1.016148E+04
  1.012872E+04
  1.009596E+04
  1.006136E+04
  1.002476E+04
  9.988162E+03
  9.951577E+03
  9.915001E+03
  9.876429E+03
  9.836857E+03
  9.797293E+03
  9.757738E+03
  9.717963E+03
  9.675962E+03
  9.633965E+03
  9.591972E+03
  9.549983E+03
  9.506408E+03
  9.462298E+03
  9.418189E+03
  9.374081E+03
  9.328852E+03
  9.282939E+03
  9.237028E+03
  9.191117E+03
  9.143884E+03
  9.096089E+03
  9.048299E+03
  9.000513E+03
  8.950440E+03
  8.900321E+03
  8.850213E+03
  8.798836E+03
  8.745830E+03
  8.692846E+03
  8.639615E+03
  8.583116E+03
  8.526654E+03
  8.470229E+03
  8.410298E+03
  8.349945E+03
  8.289641E+03
  8.225490E+03
  8.160699E+03
  8.095963E+03
  8.026090E+03
  7.956090E+03
  7.884793E+03
  7.808972E+03
  7.733202E+03
  7.653635E+03
  7.571824E+03
  7.489104E+03
  7.401263E+03
  7.313460E+03
  7.220965E+03
  7.127384E+03
  7.030791E+03
  6.932009E+03
  6.831073E+03
  6.727595E+03
  6.622161E+03
  6.514297E+03
  6.404338E+03
  6.292558E+03
  6.178316E+03
  6.063120E+03
  5.944925E+03
  5.825771E+03
  5.704889E+03
  5.582067E+03
  5.458009E+03
  5.332344E+03
  5.204484E+03
  5.074990E+03
  4.943793E+03
  4.811077E+03
  4.678016E+03
  4.550059E+03
  4.438017E+03
  4.358939E+03
  4.341076E+03
  4.447777E+03
  4.598610E+03
  4.352942E+03
  4.667716E+03
  1.332553E+03
  7.365307E-03
  2.775607E-02
  4.853400E-02
  6.931194E-02
  9.008988E-02
  1.108678E-01
  1.316457E-01
  1.524237E-01
  1.732016E-01
  1.939795E-01
  2.703056E-01
  3.489289E-01
  4.275522E-01
  5.061756E-01
  5.847989E-01
  6.634222E-01
  7.420456E-01
  8.534779E-01
  1.033817E+00
  1.214156E+00
  1.394495E+00
  1.574834E+00
  1.755173E+00
  1.935512E+00
  2.128309E+00
  2.495392E+00
  2.862475E+00
  3.229558E+00
  3.596642E+00
  3.963726E+00
  4.330810E+00
  4.758368E+00
  5.473678E+00
  6.188988E+00
  6.904300E+00
  7.619612E+00
  8.334925E+00
  9.050239E+00
  1.016354E+01
  1.151537E+01
  1.286720E+01
  1.421904E+01
  1.557088E+01
  1.692272E+01
  1.868149E+01
  2.103985E+01
  2.339823E+01
  2.575662E+01
  2.811504E+01
  3.047346E+01
  3.329068E+01
  3.657718E+01
  3.986373E+01
  4.315036E+01
  4.643705E+01
  4.972382E+01
  5.289836E+01
  5.605773E+01
  5.921729E+01
  6.237703E+01
  6.553698E+01
  6.795101E+01
  6.974545E+01
  7.154016E+01
  7.333518E+01
  7.513050E+01
  7.592935E+01
  7.564509E+01
  7.536105E+01
  7.507722E+01
  7.479361E+01
  7.286810E+01
  7.011722E+01
  6.736622E+01
  6.461508E+01
  6.173606E+01
  5.760423E+01
  5.347200E+01
  4.933934E+01
  4.520624E+01
  4.302908E+01
  4.151015E+01
  3.999101E+01
  3.847164E+01
  4.053530E+01
  4.478516E+01
  4.903494E+01
  5.328464E+01
  6.151651E+01
  7.145207E+01
  8.138694E+01
  9.132112E+01
  1.061468E+02
  1.210929E+02
  1.360368E+02
  1.527173E+02
  1.716333E+02
  1.905450E+02
  2.094734E+02
  2.286539E+02
  2.478283E+02
  2.669969E+02
  2.821779E+02
  2.968209E+02
  3.114589E+02
  3.211746E+02
  3.300072E+02
  3.388372E+02
  3.429729E+02
  3.469431E+02
  3.500555E+02
  3.502655E+02
  3.504766E+02
  3.489467E+02
  3.463817E+02
  3.435043E+02
  3.389273E+02
  3.343521E+02
  3.281980E+02
  3.216710E+02
  3.125169E+02
  3.014475E+02
  2.873380E+02
  2.696542E+02
  2.498748E+02
  2.275012E+02
  2.039925E+02
  1.794964E+02
  1.547319E+02
  1.298619E+02
  1.057057E+02
  8.203289E+01
  5.923510E+01
  3.778582E+01
  1.726817E+01
 -1.982166E+00
 -1.948255E+01
 -3.568885E+01
 -5.044993E+01
 -6.359760E+01
 -7.480117E+01
 -8.361222E+01
 -8.962505E+01
 -9.189035E+01
 -8.935932E+01
 -8.204307E+01
 -7.057530E+01
 -5.386203E+01
 -7.612011E+01
  4.705038E+03
  1.079844E-01
