 Title= "ADflow Lift Distribution Data"
Variables = "eta" "CoordinateX" "CoordinateY" "CoordinateZ" "Lift" "Drag" "Moment" "Normalized Lift" "Normalized Drag" "Normalized Moment" "CL" "CD" "CM" "CLp" "CDp" "CMp" "CLv" "CDv" "CMv" "Elliptical" "thickness" "twist" "chord" "fx" "fy" "fz" 
Zone T= "LiftDist_01 allWalls: : z normal"
 I=          150
 DATAPACKING=BLOCK
  0.000000E+00
  6.711405E-03
  1.342281E-02
  2.013422E-02
  2.684563E-02
  3.355704E-02
  4.026845E-02
  4.697986E-02
  5.369127E-02
  6.040268E-02
  6.711409E-02
  7.382550E-02
  8.053691E-02
  8.724832E-02
  9.395973E-02
  1.006711E-01
  1.073825E-01
  1.140940E-01
  1.208054E-01
  1.275168E-01
  1.342282E-01
  1.409396E-01
  1.476510E-01
  1.543624E-01
  1.610738E-01
  1.677852E-01
  1.744966E-01
  1.812081E-01
  1.879195E-01
  1.946309E-01
  2.013423E-01
  2.080537E-01
  2.147651E-01
  2.214765E-01
  2.281879E-01
  2.348993E-01
  2.416107E-01
  2.483221E-01
  2.550336E-01
  2.617450E-01
  2.684564E-01
  2.751678E-01
  2.818792E-01
  2.885906E-01
  2.953020E-01
  3.020134E-01
  3.087248E-01
  3.154362E-01
  3.221476E-01
  3.288591E-01
  3.355705E-01
  3.422819E-01
  3.489933E-01
  3.557047E-01
  3.624161E-01
  3.691275E-01
  3.758389E-01
  3.825503E-01
  3.892617E-01
  3.959732E-01
  4.026846E-01
  4.093960E-01
  4.161074E-01
  4.228188E-01
  4.295302E-01
  4.362416E-01
  4.429530E-01
  4.496644E-01
  4.563758E-01
  4.630872E-01
  4.697987E-01
  4.765101E-01
  4.832215E-01
  4.899329E-01
  4.966443E-01
  5.033557E-01
  5.100671E-01
  5.167785E-01
  5.234899E-01
  5.302013E-01
  5.369128E-01
  5.436242E-01
  5.503356E-01
  5.570470E-01
  5.637584E-01
  5.704698E-01
  5.771812E-01
  5.838926E-01
  5.906040E-01
  5.973154E-01
  6.040268E-01
  6.107383E-01
  6.174497E-01
  6.241611E-01
  6.308725E-01
  6.375839E-01
  6.442953E-01
  6.510067E-01
  6.577181E-01
  6.644295E-01
  6.711409E-01
  6.778524E-01
  6.845638E-01
  6.912752E-01
  6.979866E-01
  7.046980E-01
  7.114094E-01
  7.181208E-01
  7.248322E-01
  7.315436E-01
  7.382550E-01
  7.449664E-01
  7.516779E-01
  7.583893E-01
  7.651007E-01
  7.718121E-01
  7.785235E-01
  7.852349E-01
  7.919463E-01
  7.986577E-01
  8.053691E-01
  8.120805E-01
  8.187919E-01
  8.255034E-01
  8.322148E-01
  8.389262E-01
  8.456376E-01
  8.523490E-01
  8.590604E-01
  8.657718E-01
  8.724832E-01
  8.791946E-01
  8.859060E-01
  8.926175E-01
  8.993289E-01
  9.060403E-01
  9.127517E-01
  9.194631E-01
  9.261745E-01
  9.328859E-01
  9.395973E-01
  9.463087E-01
  9.530201E-01
  9.597315E-01
  9.664430E-01
  9.731544E-01
  9.798658E-01
  9.865772E-01
  9.932886E-01
  1.000000E+00
  0.000000E+00
  0.000000E+00
  0.000000E+00
  0.000000E+00
  0.000000E+00
  0.000000E+00
  0.000000E+00
  0.000000E+00
  0.000000E+00
  0.000000E+00
  0.000000E+00
  0.000000E+00
  0.000000E+00
  0.000000E+00
  0.000000E+00
  0.000000E+00
  0.000000E+00
  0.000000E+00
  0.000000E+00
  0.000000E+00
  0.000000E+00
  0.000000E+00
  0.000000E+00
  0.000000E+00
  0.000000E+00
  0.000000E+00
  0.000000E+00
  0.000000E+00
  0.000000E+00
  0.000000E+00
  0.000000E+00
  0.000000E+00
  0.000000E+00
  0.000000E+00
  0.000000E+00
  0.000000E+00
  0.000000E+00
  0.000000E+00
  0.000000E+00
  0.000000E+00
  0.000000E+00
  0.000000E+00
  0.000000E+00
  0.000000E+00
  0.000000E+00
  0.000000E+00
  0.000000E+00
  0.000000E+00
  0.000000E+00
  0.000000E+00
  0.000000E+00
  0.000000E+00
  0.000000E+00
  0.000000E+00
  0.000000E+00
  0.000000E+00
  0.000000E+00
  0.000000E+00
  0.000000E+00
  0.000000E+00
  0.000000E+00
  0.000000E+00
  0.000000E+00
  0.000000E+00
  0.000000E+00
  0.000000E+00
  0.000000E+00
  0.000000E+00
  0.000000E+00
  0.000000E+00
  0.000000E+00
  0.000000E+00
  0.000000E+00
  0.000000E+00
  0.000000E+00
  0.000000E+00
  0.000000E+00
  0.000000E+00
  0.000000E+00
  0.000000E+00
  0.000000E+00
  0.000000E+00
  0.000000E+00
  0.000000E+00
  0.000000E+00
  0.000000E+00
  0.000000E+00
  0.000000E+00
  0.000000E+00
  0.000000E+00
  0.000000E+00
  0.000000E+00
  0.000000E+00
  0.000000E+00
  0.000000E+00
  0.000000E+00
  0.000000E+00
  0.000000E+00
  0.000000E+00
  0.000000E+00
  0.000000E+00
  0.000000E+00
  0.000000E+00
  0.000000E+00
  0.000000E+00
  0.000000E+00
  0.000000E+00
  0.000000E+00
  0.000000E+00
  0.000000E+00
  0.000000E+00
  0.000000E+00
  0.000000E+00
  0.000000E+00
  0.000000E+00
  0.000000E+00
  0.000000E+00
  0.000000E+00
  0.000000E+00
  0.000000E+00
  0.000000E+00
  0.000000E+00
  0.000000E+00
  0.000000E+00
  0.000000E+00
  0.000000E+00
  0.000000E+00
  0.000000E+00
  0.000000E+00
  0.000000E+00
  0.000000E+00
  0.000000E+00
  0.000000E+00
  0.000000E+00
  0.000000E+00
  0.000000E+00
  0.000000E+00
  0.000000E+00
  0.000000E+00
  0.000000E+00
  0.000000E+00
  0.000000E+00
  0.000000E+00
  0.000000E+00
  0.000000E+00
  0.000000E+00
  0.000000E+00
  0.000000E+00
  0.000000E+00
  0.000000E+00
  0.000000E+00
  0.000000E+00
  0.000000E+00
  0.000000E+00
  0.000000E+00
  0.000000E+00
  0.000000E+00
  0.000000E+00
  0.000000E+00
  0.000000E+00
  0.000000E+00
  0.000000E+00
  0.000000E+00
  0.000000E+00
  0.000000E+00
  0.000000E+00
  0.000000E+00
  0.000000E+00
  0.000000E+00
  0.000000E+00
  0.000000E+00
  0.000000E+00
  0.000000E+00
  0.000000E+00
  0.000000E+00
  0.000000E+00
  0.000000E+00
  0.000000E+00
  0.000000E+00
  0.000000E+00
  0.000000E+00
  0.000000E+00
  0.000000E+00
  0.000000E+00
  0.000000E+00
  0.000000E+00
  0.000000E+00
  0.000000E+00
  0.000000E+00
  0.000000E+00
  0.000000E+00
  0.000000E+00
  0.000000E+00
  0.000000E+00
  0.000000E+00
  0.000000E+00
  0.000000E+00
  0.000000E+00
  0.000000E+00
  0.000000E+00
  0.000000E+00
  0.000000E+00
  0.000000E+00
  0.000000E+00
  0.000000E+00
  0.000000E+00
  0.000000E+00
  0.000000E+00
  0.000000E+00
  0.000000E+00
  0.000000E+00
  0.000000E+00
  0.000000E+00
  0.000000E+00
  0.000000E+00
  0.000000E+00
  0.000000E+00
  0.000000E+00
  0.000000E+00
  0.000000E+00
  0.000000E+00
  0.000000E+00
  0.000000E+00
  0.000000E+00
  0.000000E+00
  0.000000E+00
  0.000000E+00
  0.000000E+00
  0.000000E+00
  0.000000E+00
  0.000000E+00
  0.000000E+00
  0.000000E+00
  0.000000E+00
  0.000000E+00
  0.000000E+00
  0.000000E+00
  0.000000E+00
  0.000000E+00
  0.000000E+00
  0.000000E+00
  0.000000E+00
  0.000000E+00
  0.000000E+00
  0.000000E+00
  0.000000E+00
  0.000000E+00
  0.000000E+00
  0.000000E+00
  0.000000E+00
  0.000000E+00
  0.000000E+00
  0.000000E+00
  0.000000E+00
  0.000000E+00
  0.000000E+00
  0.000000E+00
  0.000000E+00
  0.000000E+00
  0.000000E+00
  0.000000E+00
  0.000000E+00
  0.000000E+00
  0.000000E+00
  0.000000E+00
  0.000000E+00
  0.000000E+00
  0.000000E+00
  0.000000E+00
  0.000000E+00
  0.000000E+00
  0.000000E+00
  0.000000E+00
  0.000000E+00
  0.000000E+00
  0.000000E+00
  0.000000E+00
  0.000000E+00
  0.000000E+00
  0.000000E+00
  0.000000E+00
  0.000000E+00
  0.000000E+00
  0.000000E+00
  0.000000E+00
  0.000000E+00
  0.000000E+00
  0.000000E+00
  0.000000E+00
  0.000000E+00
  0.000000E+00
  0.000000E+00
  0.000000E+00
  0.000000E+00
  0.000000E+00
  0.000000E+00
  0.000000E+00
  0.000000E+00
  0.000000E+00
  0.000000E+00
  1.000000E-08
  1.695085E-02
  3.390169E-02
  5.085254E-02
  6.780338E-02
  8.475423E-02
  1.017051E-01
  1.186559E-01
  1.356068E-01
  1.525576E-01
  1.695085E-01
  1.864593E-01
  2.034101E-01
  2.203610E-01
  2.373118E-01
  2.542627E-01
  2.712135E-01
  2.881644E-01
  3.051152E-01
  3.220661E-01
  3.390169E-01
  3.559678E-01
  3.729186E-01
  3.898694E-01
  4.068203E-01
  4.237711E-01
  4.407220E-01
  4.576728E-01
  4.746237E-01
  4.915745E-01
  5.085254E-01
  5.254762E-01
  5.424271E-01
  5.593779E-01
  5.763287E-01
  5.932796E-01
  6.102304E-01
  6.271813E-01
  6.441321E-01
  6.610830E-01
  6.780338E-01
  6.949847E-01
  7.119355E-01
  7.288864E-01
  7.458372E-01
  7.627880E-01
  7.797389E-01
  7.966897E-01
  8.136406E-01
  8.305914E-01
  8.475423E-01
  8.644931E-01
  8.814440E-01
  8.983948E-01
  9.153457E-01
  9.322965E-01
  9.492473E-01
  9.661982E-01
  9.831490E-01
  1.000100E+00
  1.017051E+00
  1.034002E+00
  1.050952E+00
  1.067903E+00
  1.084854E+00
  1.101805E+00
  1.118756E+00
  1.135707E+00
  1.152657E+00
  1.169608E+00
  1.186559E+00
  1.203510E+00
  1.220461E+00
  1.237412E+00
  1.254363E+00
  1.271313E+00
  1.288264E+00
  1.305215E+00
  1.322166E+00
  1.339117E+00
  1.356068E+00
  1.373018E+00
  1.389969E+00
  1.406920E+00
  1.423871E+00
  1.440822E+00
  1.457773E+00
  1.474724E+00
  1.491674E+00
  1.508625E+00
  1.525576E+00
  1.542527E+00
  1.559478E+00
  1.576429E+00
  1.593379E+00
  1.610330E+00
  1.627281E+00
  1.644232E+00
  1.661183E+00
  1.678134E+00
  1.695085E+00
  1.712035E+00
  1.728986E+00
  1.745937E+00
  1.762888E+00
  1.779839E+00
  1.796790E+00
  1.813740E+00
  1.830691E+00
  1.847642E+00
  1.864593E+00
  1.881544E+00
  1.898495E+00
  1.915446E+00
  1.932396E+00
  1.949347E+00
  1.966298E+00
  1.983249E+00
  2.000200E+00
  2.017151E+00
  2.034101E+00
  2.051052E+00
  2.068003E+00
  2.084954E+00
  2.101905E+00
  2.118856E+00
  2.135807E+00
  2.152757E+00
  2.169708E+00
  2.186659E+00
  2.203610E+00
  2.220561E+00
  2.237512E+00
  2.254462E+00
  2.271413E+00
  2.288364E+00
  2.305315E+00
  2.322266E+00
  2.339217E+00
  2.356168E+00
  2.373118E+00
  2.390069E+00
  2.407020E+00
  2.423971E+00
  2.440922E+00
  2.457873E+00
  2.474823E+00
  2.491774E+00
  2.508725E+00
  2.525676E+00
  1.010624E+04
  1.010477E+04
  1.010331E+04
  1.010185E+04
  1.010041E+04
  1.009896E+04
  1.009753E+04
  1.009610E+04
  1.009468E+04
  1.008932E+04
  1.008387E+04
  1.007842E+04
  1.007298E+04
  1.006755E+04
  1.006212E+04
  1.005669E+04
  1.004970E+04
  1.003981E+04
  1.002992E+04
  1.002004E+04
  1.001017E+04
  1.000030E+04
  9.990430E+03
  9.980423E+03
  9.969267E+03
  9.958115E+03
  9.946966E+03
  9.935821E+03
  9.924680E+03
  9.913542E+03
  9.902300E+03
  9.890706E+03
  9.879115E+03
  9.867526E+03
  9.855940E+03
  9.844357E+03
  9.832776E+03
  9.820783E+03
  9.808610E+03
  9.796439E+03
  9.784269E+03
  9.772100E+03
  9.759933E+03
  9.747599E+03
  9.735089E+03
  9.722578E+03
  9.710068E+03
  9.697558E+03
  9.685049E+03
  9.672644E+03
  9.660312E+03
  9.647980E+03
  9.635647E+03
  9.623314E+03
  9.610980E+03
  9.599404E+03
  9.587839E+03
  9.576274E+03
  9.564708E+03
  9.553143E+03
  9.542519E+03
  9.532380E+03
  9.522241E+03
  9.512103E+03
  9.501966E+03
  9.492999E+03
  9.484802E+03
  9.476608E+03
  9.468419E+03
  9.460233E+03
  9.453635E+03
  9.447445E+03
  9.441266E+03
  9.435097E+03
  9.429234E+03
  9.424348E+03
  9.419486E+03
  9.414650E+03
  9.409839E+03
  9.405064E+03
  9.400334E+03
  9.395650E+03
  9.391012E+03
  9.385222E+03
  9.379154E+03
  9.373146E+03
  9.367199E+03
  9.358225E+03
  9.348841E+03
  9.339520E+03
  9.329414E+03
  9.314538E+03
  9.299715E+03
  9.284946E+03
  9.265732E+03
  9.243775E+03
  9.221852E+03
  9.197773E+03
  9.167569E+03
  9.137380E+03
  9.106525E+03
  9.067326E+03
  9.028130E+03
  8.988495E+03
  8.939973E+03
  8.891453E+03
  8.841360E+03
  8.783633E+03
  8.725914E+03
  8.664297E+03
  8.597691E+03
  8.531103E+03
  8.457325E+03
  8.382226E+03
  8.304095E+03
  8.220918E+03
  8.137535E+03
  8.046877E+03
  7.956273E+03
  7.860325E+03
  7.763148E+03
  7.662025E+03
  7.559188E+03
  7.452987E+03
  7.345262E+03
  7.234340E+03
  7.122527E+03
  7.007359E+03
  6.891356E+03
  6.773033E+03
  6.653024E+03
  6.531778E+03
  6.407965E+03
  6.282628E+03
  6.155711E+03
  6.026647E+03
  5.895778E+03
  5.764053E+03
  5.632786E+03
  5.505168E+03
  5.388519E+03
  5.297320E+03
  5.252932E+03
  5.290621E+03
  5.438601E+03
  5.409036E+03
  4.832280E+03
  5.145989E+03
  1.294388E+03
 -7.041868E-04
  5.336697E+02
  5.339480E+02
  5.342273E+02
  5.345078E+02
  5.347892E+02
  5.350718E+02
  5.353554E+02
  5.356402E+02
  5.359260E+02
  5.358965E+02
  5.358605E+02
  5.358256E+02
  5.357919E+02
  5.357595E+02
  5.357283E+02
  5.356984E+02
  5.356381E+02
  5.355209E+02
  5.354044E+02
  5.352887E+02
  5.351737E+02
  5.350596E+02
  5.349462E+02
  5.348713E+02
  5.350988E+02
  5.353267E+02
  5.355551E+02
  5.357839E+02
  5.360131E+02
  5.362427E+02
  5.365581E+02
  5.371574E+02
  5.377569E+02
  5.383565E+02
  5.389564E+02
  5.395564E+02
  5.401566E+02
  5.409837E+02
  5.419102E+02
  5.428367E+02
  5.437634E+02
  5.446901E+02
  5.456169E+02
  5.467007E+02
  5.479503E+02
  5.492000E+02
  5.504500E+02
  5.517001E+02
  5.529503E+02
  5.543685E+02
  5.559046E+02
  5.574409E+02
  5.589775E+02
  5.605145E+02
  5.620517E+02
  5.637920E+02
  5.655356E+02
  5.672794E+02
  5.690234E+02
  5.707676E+02
  5.725196E+02
  5.742756E+02
  5.760317E+02
  5.777878E+02
  5.795440E+02
  5.811491E+02
  5.826553E+02
  5.841617E+02
  5.856684E+02
  5.871752E+02
  5.882693E+02
  5.892609E+02
  5.902536E+02
  5.912474E+02
  5.920848E+02
  5.924123E+02
  5.927431E+02
  5.930773E+02
  5.934148E+02
  5.932549E+02
  5.930452E+02
  5.928417E+02
  5.926444E+02
  5.922808E+02
  5.918764E+02
  5.914797E+02
  5.910904E+02
  5.908074E+02
  5.905468E+02
  5.902933E+02
  5.900948E+02
  5.901769E+02
  5.902643E+02
  5.903568E+02
  5.906707E+02
  5.911218E+02
  5.915760E+02
  5.921009E+02
  5.928181E+02
  5.935365E+02
  5.942713E+02
  5.951963E+02
  5.961215E+02
  5.970545E+02
  5.981387E+02
  5.992235E+02
  6.003213E+02
  6.014817E+02
  6.026435E+02
  6.038103E+02
  6.049842E+02
  6.061615E+02
  6.073248E+02
  6.084905E+02
  6.096459E+02
  6.107823E+02
  6.119245E+02
  6.129920E+02
  6.140715E+02
  6.151144E+02
  6.161608E+02
  6.171860E+02
  6.182127E+02
  6.191555E+02
  6.200710E+02
  6.208906E+02
  6.216980E+02
  6.224863E+02
  6.233208E+02
  6.242582E+02
  6.253868E+02
  6.266729E+02
  6.284391E+02
  6.306415E+02
  6.333488E+02
  6.369269E+02
  6.417481E+02
  6.480776E+02
  6.566534E+02
  6.687990E+02
  6.869873E+02
  7.155960E+02
  7.610443E+02
  8.326399E+02
  9.361566E+02
  1.016341E+03
  1.002011E+03
  1.127586E+03
  2.566091E+02
  3.156823E-04
  8.083969E+02
  8.072337E+02
  8.060726E+02
  8.049137E+02
  8.037570E+02
  8.026025E+02
  8.014501E+02
  8.002999E+02
  7.991518E+02
  7.955553E+02
  7.919004E+02
  7.882480E+02
  7.845980E+02
  7.809504E+02
  7.773052E+02
  7.736624E+02
  7.695697E+02
  7.646496E+02
  7.597314E+02
  7.548149E+02
  7.499003E+02
  7.449874E+02
  7.400764E+02
  7.352244E+02
  7.308336E+02
  7.264441E+02
  7.220558E+02
  7.176687E+02
  7.132829E+02
  7.088982E+02
  7.047444E+02
  7.013551E+02
  6.979665E+02
  6.945787E+02
  6.911916E+02
  6.878053E+02
  6.844198E+02
  6.818695E+02
  6.796849E+02
  6.775007E+02
  6.753169E+02
  6.731335E+02
  6.709504E+02
  6.696036E+02
  6.691388E+02
  6.686741E+02
  6.682096E+02
  6.677451E+02
  6.672808E+02
  6.681908E+02
  6.700632E+02
  6.719357E+02
  6.738083E+02
  6.756809E+02
  6.775536E+02
  6.823703E+02
  6.872335E+02
  6.920968E+02
  6.969602E+02
  7.018237E+02
  7.091653E+02
  7.177776E+02
  7.263903E+02
  7.350035E+02
  7.436170E+02
  7.549221E+02
  7.679938E+02
  7.810671E+02
  7.941420E+02
  8.072185E+02
  8.241786E+02
  8.421165E+02
  8.600590E+02
  8.780062E+02
  8.970587E+02
  9.196958E+02
  9.423437E+02
  9.650026E+02
  9.876727E+02
  1.013545E+03
  1.039795E+03
  1.066065E+03
  1.092355E+03
  1.119771E+03
  1.147526E+03
  1.175308E+03
  1.203118E+03
  1.230079E+03
  1.256934E+03
  1.283820E+03
  1.310269E+03
  1.334088E+03
  1.357934E+03
  1.381806E+03
  1.402650E+03
  1.421624E+03
  1.440616E+03
  1.457957E+03
  1.470626E+03
  1.483304E+03
  1.495462E+03
  1.501162E+03
  1.506864E+03
  1.512239E+03
  1.510982E+03
  1.509727E+03
  1.507335E+03
  1.499426E+03
  1.491520E+03
  1.480915E+03
  1.466851E+03
  1.452795E+03
  1.434108E+03
  1.414566E+03
  1.393247E+03
  1.368974E+03
  1.344592E+03
  1.316412E+03
  1.288259E+03
  1.257782E+03
  1.226773E+03
  1.194603E+03
  1.161936E+03
  1.128879E+03
  1.095658E+03
  1.062750E+03
  1.029952E+03
  9.983045E+02
  9.671572E+02
  9.373980E+02
  9.090389E+02
  8.817351E+02
  8.569778E+02
  8.339479E+02
  8.127812E+02
  7.944498E+02
  7.794401E+02
  7.680889E+02
  7.618860E+02
  7.635891E+02
  7.785337E+02
  8.164690E+02
  8.917348E+02
  1.021782E+03
  1.212778E+03
  1.355713E+03
  1.277141E+03
  1.340103E+03
  1.621139E+02
 -6.505599E-10
  1.147737E+00
  1.147570E+00
  1.147405E+00
  1.147239E+00
  1.147075E+00
  1.146911E+00
  1.146748E+00
  1.146586E+00
  1.146424E+00
  1.145816E+00
  1.145197E+00
  1.144579E+00
  1.143961E+00
  1.143344E+00
  1.142727E+00
  1.142111E+00
  1.141316E+00
  1.140193E+00
  1.139070E+00
  1.137948E+00
  1.136827E+00
  1.135706E+00
  1.134585E+00
  1.133449E+00
  1.132182E+00
  1.130915E+00
  1.129649E+00
  1.128384E+00
  1.127118E+00
  1.125853E+00
  1.124577E+00
  1.123260E+00
  1.121944E+00
  1.120627E+00
  1.119312E+00
  1.117996E+00
  1.116681E+00
  1.115319E+00
  1.113937E+00
  1.112554E+00
  1.111172E+00
  1.109790E+00
  1.108408E+00
  1.107008E+00
  1.105587E+00
  1.104166E+00
  1.102745E+00
  1.101325E+00
  1.099904E+00
  1.098495E+00
  1.097095E+00
  1.095694E+00
  1.094294E+00
  1.092893E+00
  1.091492E+00
  1.090178E+00
  1.088864E+00
  1.087551E+00
  1.086237E+00
  1.084924E+00
  1.083717E+00
  1.082566E+00
  1.081414E+00
  1.080263E+00
  1.079112E+00
  1.078093E+00
  1.077162E+00
  1.076232E+00
  1.075302E+00
  1.074372E+00
  1.073623E+00
  1.072920E+00
  1.072218E+00
  1.071518E+00
  1.070852E+00
  1.070297E+00
  1.069745E+00
  1.069196E+00
  1.068649E+00
  1.068107E+00
  1.067570E+00
  1.067038E+00
  1.066511E+00
  1.065853E+00
  1.065164E+00
  1.064482E+00
  1.063807E+00
  1.062788E+00
  1.061722E+00
  1.060663E+00
  1.059516E+00
  1.057826E+00
  1.056143E+00
  1.054465E+00
  1.052283E+00
  1.049790E+00
  1.047300E+00
  1.044565E+00
  1.041135E+00
  1.037707E+00
  1.034203E+00
  1.029751E+00
  1.025300E+00
  1.020798E+00
  1.015288E+00
  1.009778E+00
  1.004089E+00
  9.975327E-01
  9.909777E-01
  9.839801E-01
  9.764158E-01
  9.688536E-01
  9.604748E-01
  9.519460E-01
  9.430729E-01
  9.336267E-01
  9.241572E-01
  9.138614E-01
  9.035718E-01
  8.926752E-01
  8.816391E-01
  8.701549E-01
  8.584759E-01
  8.464150E-01
  8.341810E-01
  8.215838E-01
  8.088856E-01
  7.958063E-01
  7.826321E-01
  7.691945E-01
  7.555654E-01
  7.417959E-01
  7.277347E-01
  7.135005E-01
  6.990870E-01
  6.844295E-01
  6.695671E-01
  6.546074E-01
  6.396998E-01
  6.252065E-01
  6.119591E-01
  6.016018E-01
  5.965608E-01
  6.008411E-01
  6.176468E-01
  6.142891E-01
  5.487885E-01
  5.844156E-01
  1.470001E-01
 -7.997253E-08
  9.048634E-01
  9.053353E-01
  9.058089E-01
  9.062844E-01
  9.067617E-01
  9.072408E-01
  9.077217E-01
  9.082045E-01
  9.086891E-01
  9.086392E-01
  9.085780E-01
  9.085189E-01
  9.084618E-01
  9.084069E-01
  9.083540E-01
  9.083032E-01
  9.082011E-01
  9.080023E-01
  9.078048E-01
  9.076086E-01
  9.074136E-01
  9.072201E-01
  9.070278E-01
  9.069008E-01
  9.072866E-01
  9.076731E-01
  9.080603E-01
  9.084482E-01
  9.088368E-01
  9.092262E-01
  9.097609E-01
  9.107771E-01
  9.117935E-01
  9.128102E-01
  9.138273E-01
  9.148447E-01
  9.158624E-01
  9.172648E-01
  9.188356E-01
  9.204066E-01
  9.219778E-01
  9.235491E-01
  9.251205E-01
  9.269582E-01
  9.290769E-01
  9.311959E-01
  9.333152E-01
  9.354348E-01
  9.375547E-01
  9.399594E-01
  9.425638E-01
  9.451687E-01
  9.477741E-01
  9.503801E-01
  9.529866E-01
  9.559372E-01
  9.588936E-01
  9.618503E-01
  9.648073E-01
  9.677647E-01
  9.707354E-01
  9.737128E-01
  9.766903E-01
  9.796679E-01
  9.826456E-01
  9.853672E-01
  9.879210E-01
  9.904752E-01
  9.930298E-01
  9.955847E-01
  9.974398E-01
  9.991210E-01
  1.000804E+00
  1.002489E+00
  1.003909E+00
  1.004464E+00
  1.005025E+00
  1.005592E+00
  1.006164E+00
  1.005893E+00
  1.005538E+00
  1.005193E+00
  1.004858E+00
  1.004242E+00
  1.003556E+00
  1.002883E+00
  1.002223E+00
  1.001743E+00
  1.001301E+00
  1.000872E+00
  1.000535E+00
  1.000674E+00
  1.000822E+00
  1.000979E+00
  1.001512E+00
  1.002276E+00
  1.003046E+00
  1.003936E+00
  1.005153E+00
  1.006371E+00
  1.007616E+00
  1.009185E+00
  1.010754E+00
  1.012336E+00
  1.014174E+00
  1.016013E+00
  1.017875E+00
  1.019842E+00
  1.021812E+00
  1.023790E+00
  1.025781E+00
  1.027777E+00
  1.029749E+00
  1.031726E+00
  1.033685E+00
  1.035612E+00
  1.037548E+00
  1.039358E+00
  1.041189E+00
  1.042957E+00
  1.044731E+00
  1.046469E+00
  1.048210E+00
  1.049809E+00
  1.051361E+00
  1.052751E+00
  1.054120E+00
  1.055456E+00
  1.056871E+00
  1.058461E+00
  1.060374E+00
  1.062555E+00
  1.065550E+00
  1.069284E+00
  1.073874E+00
  1.079941E+00
  1.088116E+00
  1.098848E+00
  1.113388E+00
  1.133982E+00
  1.164821E+00
  1.213329E+00
  1.290388E+00
  1.411782E+00
  1.587300E+00
  1.723257E+00
  1.698959E+00
  1.911879E+00
  4.350935E-01
  5.352549E-07
  8.482093E-01
  8.469888E-01
  8.457706E-01
  8.445546E-01
  8.433409E-01
  8.421295E-01
  8.409203E-01
  8.397135E-01
  8.385089E-01
  8.347352E-01
  8.309004E-01
  8.270681E-01
  8.232384E-01
  8.194111E-01
  8.155864E-01
  8.117642E-01
  8.074700E-01
  8.023075E-01
  7.971471E-01
  7.919885E-01
  7.868318E-01
  7.816770E-01
  7.765241E-01
  7.714332E-01
  7.668262E-01
  7.622204E-01
  7.576160E-01
  7.530129E-01
  7.484110E-01
  7.438104E-01
  7.394521E-01
  7.358958E-01
  7.323403E-01
  7.287857E-01
  7.252318E-01
  7.216788E-01
  7.181265E-01
  7.154506E-01
  7.131584E-01
  7.108667E-01
  7.085753E-01
  7.062844E-01
  7.039938E-01
  7.025806E-01
  7.020929E-01
  7.016054E-01
  7.011179E-01
  7.006306E-01
  7.001435E-01
  7.010982E-01
  7.030629E-01
  7.050276E-01
  7.069924E-01
  7.089572E-01
  7.109221E-01
  7.159761E-01
  7.210788E-01
  7.261816E-01
  7.312845E-01
  7.363875E-01
  7.440907E-01
  7.531271E-01
  7.621640E-01
  7.712013E-01
  7.802391E-01
  7.921009E-01
  8.058164E-01
  8.195335E-01
  8.332524E-01
  8.469729E-01
  8.647682E-01
  8.835895E-01
  9.024156E-01
  9.212467E-01
  9.412376E-01
  9.649895E-01
  9.887527E-01
  1.012528E+00
  1.036314E+00
  1.063461E+00
  1.091003E+00
  1.118567E+00
  1.146152E+00
  1.174919E+00
  1.204040E+00
  1.233190E+00
  1.262370E+00
  1.290658E+00
  1.318836E+00
  1.347046E+00
  1.374798E+00
  1.399790E+00
  1.424810E+00
  1.449858E+00
  1.471728E+00
  1.491637E+00
  1.511565E+00
  1.529759E+00
  1.543052E+00
  1.556354E+00
  1.569111E+00
  1.575092E+00
  1.581075E+00
  1.586714E+00
  1.585396E+00
  1.584079E+00
  1.581569E+00
  1.573270E+00
  1.564975E+00
  1.553847E+00
  1.539091E+00
  1.524343E+00
  1.504736E+00
  1.484231E+00
  1.461862E+00
  1.436394E+00
  1.410811E+00
  1.381244E+00
  1.351704E+00
  1.319726E+00
  1.287190E+00
  1.253436E+00
  1.219159E+00
  1.184474E+00
  1.149618E+00
  1.115089E+00
  1.080676E+00
  1.047470E+00
  1.014788E+00
  9.835636E-01
  9.538078E-01
  9.251593E-01
  8.991827E-01
  8.750187E-01
  8.528095E-01
  8.335753E-01
  8.178265E-01
  8.059162E-01
  7.994078E-01
  8.011948E-01
  8.168753E-01
  8.566790E-01
  9.356515E-01
  1.072103E+00
  1.272505E+00
  1.422480E+00
  1.340038E+00
  1.406101E+00
  1.700977E-01
 -6.825991E-13
  9.036267E-01
  9.034966E-01
  9.033670E-01
  9.032380E-01
  9.031096E-01
  9.029817E-01
  9.028543E-01
  9.027275E-01
  9.026013E-01
  9.021232E-01
  9.016368E-01
  9.011508E-01
  9.006653E-01
  9.001802E-01
  8.996955E-01
  8.992112E-01
  8.985862E-01
  8.977028E-01
  8.968197E-01
  8.959370E-01
  8.950547E-01
  8.941727E-01
  8.932911E-01
  8.923970E-01
  8.914001E-01
  8.904035E-01
  8.894072E-01
  8.884112E-01
  8.874155E-01
  8.864201E-01
  8.854155E-01
  8.843792E-01
  8.833432E-01
  8.823074E-01
  8.812718E-01
  8.802364E-01
  8.792013E-01
  8.781292E-01
  8.770410E-01
  8.759530E-01
  8.748650E-01
  8.737772E-01
  8.726895E-01
  8.715868E-01
  8.704683E-01
  8.693498E-01
  8.682313E-01
  8.671129E-01
  8.659945E-01
  8.648854E-01
  8.637827E-01
  8.626801E-01
  8.615774E-01
  8.604746E-01
  8.593719E-01
  8.583367E-01
  8.573026E-01
  8.562684E-01
  8.552342E-01
  8.542000E-01
  8.532500E-01
  8.523432E-01
  8.514364E-01
  8.505297E-01
  8.496230E-01
  8.488208E-01
  8.480873E-01
  8.473541E-01
  8.466211E-01
  8.458884E-01
  8.452973E-01
  8.447424E-01
  8.441883E-01
  8.436350E-01
  8.431087E-01
  8.426690E-01
  8.422313E-01
  8.417955E-01
  8.413618E-01
  8.409302E-01
  8.405021E-01
  8.400778E-01
  8.396571E-01
  8.391327E-01
  8.385827E-01
  8.380377E-01
  8.374977E-01
  8.366865E-01
  8.358382E-01
  8.349950E-01
  8.340814E-01
  8.327415E-01
  8.314060E-01
  8.300749E-01
  8.283472E-01
  8.263746E-01
  8.244048E-01
  8.222426E-01
  8.195348E-01
  8.168282E-01
  8.140621E-01
  8.105532E-01
  8.070445E-01
  8.034968E-01
  7.991582E-01
  7.948198E-01
  7.903413E-01
  7.851836E-01
  7.800265E-01
  7.745225E-01
  7.685743E-01
  7.626275E-01
  7.560404E-01
  7.493353E-01
  7.423597E-01
  7.349343E-01
  7.274899E-01
  7.193965E-01
  7.113072E-01
  7.027406E-01
  6.940635E-01
  6.850333E-01
  6.758490E-01
  6.663631E-01
  6.567401E-01
  6.468301E-01
  6.368396E-01
  6.265479E-01
  6.161807E-01
  6.056051E-01
  5.948778E-01
  5.840392E-01
  5.729703E-01
  5.617645E-01
  5.504169E-01
  5.388765E-01
  5.271741E-01
  5.153948E-01
  5.036563E-01
  4.922438E-01
  4.818121E-01
  4.736557E-01
  4.696849E-01
  4.730528E-01
  4.862819E-01
  4.836361E-01
  4.320647E-01
  4.601119E-01
  1.589691E-01
 -1.530557E-02
  4.771689E-02
  4.774183E-02
  4.776687E-02
  4.779199E-02
  4.781722E-02
  4.784254E-02
  4.786795E-02
  4.789346E-02
  4.791906E-02
  4.791648E-02
  4.791330E-02
  4.791023E-02
  4.790727E-02
  4.790442E-02
  4.790167E-02
  4.789904E-02
  4.789369E-02
  4.788325E-02
  4.787287E-02
  4.786256E-02
  4.785232E-02
  4.784215E-02
  4.783204E-02
  4.782538E-02
  4.784576E-02
  4.786617E-02
  4.788662E-02
  4.790711E-02
  4.792763E-02
  4.794819E-02
  4.797641E-02
  4.803002E-02
  4.808365E-02
  4.813729E-02
  4.819094E-02
  4.824461E-02
  4.829830E-02
  4.837228E-02
  4.845513E-02
  4.853799E-02
  4.862086E-02
  4.870374E-02
  4.878662E-02
  4.888354E-02
  4.899528E-02
  4.910703E-02
  4.921880E-02
  4.933059E-02
  4.944239E-02
  4.956920E-02
  4.970655E-02
  4.984392E-02
  4.998132E-02
  5.011875E-02
  5.025621E-02
  5.041181E-02
  5.056771E-02
  5.072363E-02
  5.087957E-02
  5.103553E-02
  5.119218E-02
  5.134918E-02
  5.150619E-02
  5.166320E-02
  5.182022E-02
  5.196371E-02
  5.209836E-02
  5.223301E-02
  5.236769E-02
  5.250237E-02
  5.260013E-02
  5.268870E-02
  5.277737E-02
  5.286613E-02
  5.294087E-02
  5.296997E-02
  5.299937E-02
  5.302904E-02
  5.305899E-02
  5.304440E-02
  5.302532E-02
  5.300678E-02
  5.298876E-02
  5.295583E-02
  5.291921E-02
  5.288324E-02
  5.284790E-02
  5.282204E-02
  5.279816E-02
  5.277487E-02
  5.275648E-02
  5.276320E-02
  5.277036E-02
  5.277795E-02
  5.280537E-02
  5.284508E-02
  5.288504E-02
  5.293136E-02
  5.299497E-02
  5.305867E-02
  5.312386E-02
  5.320623E-02
  5.328862E-02
  5.337171E-02
  5.346856E-02
  5.356545E-02
  5.366355E-02
  5.376745E-02
  5.387148E-02
  5.397606E-02
  5.408142E-02
  5.418706E-02
  5.429165E-02
  5.439646E-02
  5.450041E-02
  5.460276E-02
  5.470562E-02
  5.480192E-02
  5.489926E-02
  5.499338E-02
  5.508780E-02
  5.518031E-02
  5.527292E-02
  5.535799E-02
  5.544056E-02
  5.551450E-02
  5.558728E-02
  5.565827E-02
  5.573333E-02
  5.581752E-02
  5.591874E-02
  5.603398E-02
  5.619209E-02
  5.638914E-02
  5.663129E-02
  5.695122E-02
  5.738224E-02
  5.794809E-02
  5.871475E-02
  5.980057E-02
  6.142667E-02
  6.398446E-02
  6.804790E-02
  7.444921E-02
  8.370462E-02
  9.087377E-02
  8.959198E-02
  1.008195E-01
  3.151521E-02
  6.861386E-03
  7.228102E-02
  7.217710E-02
  7.207337E-02
  7.196983E-02
  7.186649E-02
  7.176333E-02
  7.166037E-02
  7.155761E-02
  7.145503E-02
  7.113352E-02
  7.080680E-02
  7.048030E-02
  7.015400E-02
  6.982792E-02
  6.950205E-02
  6.917640E-02
  6.881051E-02
  6.837064E-02
  6.793094E-02
  6.749139E-02
  6.705200E-02
  6.661277E-02
  6.617370E-02
  6.573991E-02
  6.534735E-02
  6.495490E-02
  6.456256E-02
  6.417033E-02
  6.377821E-02
  6.338619E-02
  6.301481E-02
  6.271178E-02
  6.240882E-02
  6.210593E-02
  6.180310E-02
  6.150034E-02
  6.119764E-02
  6.096963E-02
  6.077431E-02
  6.057903E-02
  6.038378E-02
  6.018857E-02
  5.999338E-02
  5.987296E-02
  5.983141E-02
  5.978987E-02
  5.974835E-02
  5.970683E-02
  5.966532E-02
  5.974669E-02
  5.991411E-02
  6.008155E-02
  6.024899E-02
  6.041643E-02
  6.058388E-02
  6.101457E-02
  6.144941E-02
  6.188426E-02
  6.231912E-02
  6.275399E-02
  6.341043E-02
  6.418049E-02
  6.495059E-02
  6.572072E-02
  6.649089E-02
  6.750170E-02
  6.867047E-02
  6.983937E-02
  7.100841E-02
  7.217759E-02
  7.369397E-02
  7.529776E-02
  7.690194E-02
  7.850653E-02
  8.020991E-02
  8.223372E-02
  8.425845E-02
  8.628413E-02
  8.831077E-02
  9.062363E-02
  9.297008E-02
  9.531828E-02
  9.766826E-02
  1.001188E-01
  1.025994E-01
  1.050823E-01
  1.075678E-01
  1.099771E-01
  1.123769E-01
  1.147793E-01
  1.171425E-01
  1.192706E-01
  1.214009E-01
  1.235335E-01
  1.253955E-01
  1.270903E-01
  1.287866E-01
  1.303353E-01
  1.314666E-01
  1.325986E-01
  1.336842E-01
  1.341930E-01
  1.347019E-01
  1.351816E-01
  1.350691E-01
  1.349567E-01
  1.347427E-01
  1.340362E-01
  1.333299E-01
  1.323825E-01
  1.311263E-01
  1.298708E-01
  1.282017E-01
  1.264562E-01
  1.245519E-01
  1.223837E-01
  1.202055E-01
  1.176882E-01
  1.151730E-01
  1.124501E-01
  1.096796E-01
  1.068050E-01
  1.038859E-01
  1.009318E-01
  9.796283E-02
  9.502162E-02
  9.209008E-02
  8.926125E-02
  8.647697E-02
  8.381666E-02
  8.128140E-02
  7.884038E-02
  7.662695E-02
  7.456789E-02
  7.267535E-02
  7.103623E-02
  6.969405E-02
  6.867894E-02
  6.812414E-02
  6.827622E-02
  6.961225E-02
  7.300394E-02
  7.973345E-02
  9.136103E-02
  1.084382E-01
  1.212179E-01
  1.141920E-01
  1.198209E-01
  1.990986E-02
 -1.413999E-08
  9.039406E-01
  9.038107E-01
  9.036814E-01
  9.035527E-01
  9.034245E-01
  9.032968E-01
  9.031697E-01
  9.030432E-01
  9.029172E-01
  9.024396E-01
  9.019537E-01
  9.014682E-01
  9.009832E-01
  9.004986E-01
  9.000144E-01
  8.995306E-01
  8.989061E-01
  8.980232E-01
  8.971407E-01
  8.962586E-01
  8.953768E-01
  8.944954E-01
  8.936143E-01
  8.927208E-01
  8.917245E-01
  8.907285E-01
  8.897328E-01
  8.887374E-01
  8.877423E-01
  8.867475E-01
  8.857435E-01
  8.847079E-01
  8.836726E-01
  8.826375E-01
  8.816026E-01
  8.805680E-01
  8.795335E-01
  8.784622E-01
  8.773748E-01
  8.762876E-01
  8.752005E-01
  8.741135E-01
  8.730266E-01
  8.719248E-01
  8.708072E-01
  8.696896E-01
  8.685720E-01
  8.674544E-01
  8.663369E-01
  8.652288E-01
  8.641271E-01
  8.630255E-01
  8.619238E-01
  8.608220E-01
  8.597202E-01
  8.586861E-01
  8.576530E-01
  8.566199E-01
  8.555868E-01
  8.545536E-01
  8.536046E-01
  8.526988E-01
  8.517930E-01
  8.508873E-01
  8.499816E-01
  8.491802E-01
  8.484476E-01
  8.477151E-01
  8.469830E-01
  8.462511E-01
  8.456604E-01
  8.451059E-01
  8.445522E-01
  8.439994E-01
  8.434734E-01
  8.430335E-01
  8.425955E-01
  8.421596E-01
  8.417257E-01
  8.412933E-01
  8.408644E-01
  8.404391E-01
  8.400176E-01
  8.394919E-01
  8.389405E-01
  8.383941E-01
  8.378526E-01
  8.370398E-01
  8.361897E-01
  8.353449E-01
  8.344295E-01
  8.330879E-01
  8.317508E-01
  8.304180E-01
  8.286887E-01
  8.267147E-01
  8.247436E-01
  8.225803E-01
  8.198718E-01
  8.171645E-01
  8.143979E-01
  8.108893E-01
  8.073810E-01
  8.038336E-01
  7.994964E-01
  7.951594E-01
  7.906825E-01
  7.855272E-01
  7.803726E-01
  7.748715E-01
  7.689267E-01
  7.629834E-01
  7.564005E-01
  7.496997E-01
  7.427288E-01
  7.353085E-01
  7.278693E-01
  7.197817E-01
  7.116983E-01
  7.031380E-01
  6.944674E-01
  6.854440E-01
  6.762667E-01
  6.667882E-01
  6.571726E-01
  6.472705E-01
  6.372879E-01
  6.270049E-01
  6.166467E-01
  6.060809E-01
  5.953646E-01
  5.845378E-01
  5.734832E-01
  5.622936E-01
  5.509645E-01
  5.394465E-01
  5.277714E-01
  5.160247E-01
  5.043251E-01
  4.929591E-01
  4.825819E-01
  4.744871E-01
  4.705800E-01
  4.740034E-01
  4.872589E-01
  4.845855E-01
  4.329478E-01
  4.606108E-01
  1.584291E-01
 -1.601828E-02
  4.238629E-02
  4.241249E-02
  4.243879E-02
  4.246518E-02
  4.249166E-02
  4.251822E-02
  4.254488E-02
  4.257163E-02
  4.259848E-02
  4.259799E-02
  4.259692E-02
  4.259596E-02
  4.259510E-02
  4.259435E-02
  4.259370E-02
  4.259316E-02
  4.258964E-02
  4.258054E-02
  4.257150E-02
  4.256253E-02
  4.255362E-02
  4.254478E-02
  4.253600E-02
  4.253053E-02
  4.255108E-02
  4.257165E-02
  4.259226E-02
  4.261291E-02
  4.263359E-02
  4.265431E-02
  4.268243E-02
  4.273505E-02
  4.278768E-02
  4.284033E-02
  4.289300E-02
  4.294568E-02
  4.299838E-02
  4.307054E-02
  4.315123E-02
  4.323192E-02
  4.331262E-02
  4.339333E-02
  4.347404E-02
  4.356821E-02
  4.367657E-02
  4.378496E-02
  4.389335E-02
  4.400177E-02
  4.411019E-02
  4.423296E-02
  4.436578E-02
  4.449863E-02
  4.463151E-02
  4.476442E-02
  4.489735E-02
  4.504741E-02
  4.519774E-02
  4.534810E-02
  4.549847E-02
  4.564887E-02
  4.579931E-02
  4.594977E-02
  4.610024E-02
  4.625071E-02
  4.640119E-02
  4.653760E-02
  4.666480E-02
  4.679201E-02
  4.691924E-02
  4.704648E-02
  4.713621E-02
  4.721661E-02
  4.729711E-02
  4.737769E-02
  4.744414E-02
  4.746462E-02
  4.748538E-02
  4.750641E-02
  4.752770E-02
  4.750433E-02
  4.747645E-02
  4.744908E-02
  4.742221E-02
  4.738059E-02
  4.733531E-02
  4.729066E-02
  4.724661E-02
  4.721249E-02
  4.718039E-02
  4.714885E-02
  4.712228E-02
  4.712136E-02
  4.712085E-02
  4.712076E-02
  4.714086E-02
  4.717349E-02
  4.720636E-02
  4.724571E-02
  4.730279E-02
  4.735994E-02
  4.741859E-02
  4.749477E-02
  4.757097E-02
  4.764787E-02
  4.773851E-02
  4.782919E-02
  4.792103E-02
  4.801835E-02
  4.811580E-02
  4.821353E-02
  4.831169E-02
  4.841013E-02
  4.850690E-02
  4.860378E-02
  4.869951E-02
  4.879318E-02
  4.888732E-02
  4.897426E-02
  4.906222E-02
  4.914652E-02
  4.923100E-02
  4.931324E-02
  4.939541E-02
  4.946955E-02
  4.954095E-02
  4.960271E-02
  4.966301E-02
  4.971922E-02
  4.977838E-02
  4.984352E-02
  4.992169E-02
  5.001078E-02
  5.013355E-02
  5.028770E-02
  5.047835E-02
  5.073237E-02
  5.107861E-02
  5.153947E-02
  5.217574E-02
  5.310019E-02
  5.452985E-02
  5.685764E-02
  6.067274E-02
  6.685039E-02
  7.599104E-02
  8.327459E-02
  8.238972E-02
  9.416035E-02
  2.504124E-02
 -5.684247E-04
  7.242577E-02
  7.232166E-02
  7.221774E-02
  7.211401E-02
  7.201048E-02
  7.190714E-02
  7.180399E-02
  7.170104E-02
  7.159828E-02
  7.127650E-02
  7.094951E-02
  7.062274E-02
  7.029617E-02
  6.996983E-02
  6.964369E-02
  6.931777E-02
  6.895161E-02
  6.851144E-02
  6.807144E-02
  6.763160E-02
  6.719191E-02
  6.675239E-02
  6.631302E-02
  6.587895E-02
  6.548614E-02
  6.509345E-02
  6.470086E-02
  6.430838E-02
  6.391601E-02
  6.352374E-02
  6.315215E-02
  6.284898E-02
  6.254588E-02
  6.224285E-02
  6.193988E-02
  6.163698E-02
  6.133415E-02
  6.110610E-02
  6.091080E-02
  6.071552E-02
  6.052029E-02
  6.032508E-02
  6.012991E-02
  6.000957E-02
  5.996819E-02
  5.992682E-02
  5.988546E-02
  5.984411E-02
  5.980277E-02
  5.988439E-02
  6.005213E-02
  6.021988E-02
  6.038763E-02
  6.055538E-02
  6.072314E-02
  6.115428E-02
  6.158957E-02
  6.202487E-02
  6.246018E-02
  6.289550E-02
  6.355255E-02
  6.432329E-02
  6.509407E-02
  6.586489E-02
  6.663574E-02
  6.764748E-02
  6.881734E-02
  6.998733E-02
  7.115746E-02
  7.232772E-02
  7.384567E-02
  7.545114E-02
  7.705701E-02
  7.866328E-02
  8.036853E-02
  8.239478E-02
  8.442195E-02
  8.645009E-02
  8.847919E-02
  9.079514E-02
  9.314478E-02
  9.549617E-02
  9.784936E-02
  1.003034E-01
  1.027875E-01
  1.052741E-01
  1.077631E-01
  1.101760E-01
  1.125794E-01
  1.149854E-01
  1.173522E-01
  1.194836E-01
  1.216171E-01
  1.237530E-01
  1.256177E-01
  1.273150E-01
  1.290139E-01
  1.305649E-01
  1.316978E-01
  1.328314E-01
  1.339185E-01
  1.344280E-01
  1.349376E-01
  1.354178E-01
  1.353053E-01
  1.351927E-01
  1.349786E-01
  1.342713E-01
  1.335644E-01
  1.326161E-01
  1.313587E-01
  1.301020E-01
  1.284314E-01
  1.266842E-01
  1.247783E-01
  1.226082E-01
  1.204282E-01
  1.179087E-01
  1.153914E-01
  1.126663E-01
  1.098936E-01
  1.070168E-01
  1.040954E-01
  1.011390E-01
  9.816790E-02
  9.522465E-02
  9.229112E-02
  8.946063E-02
  8.667483E-02
  8.401340E-02
  8.147747E-02
  7.903612E-02
  7.682335E-02
  7.476570E-02
  7.287539E-02
  7.124142E-02
  6.990462E-02
  6.889665E-02
  6.835108E-02
  6.851473E-02
  6.986457E-02
  7.327154E-02
  8.001576E-02
  9.165335E-02
  1.087284E-01
  1.214864E-01
  1.144238E-01
  1.199244E-01
  1.974963E-02
 -1.603611E-08
 -3.138853E-04
 -3.141333E-04
 -3.143814E-04
 -3.146298E-04
 -3.148782E-04
 -3.151269E-04
 -3.153757E-04
 -3.156248E-04
 -3.158740E-04
 -3.163715E-04
 -3.168752E-04
 -3.173788E-04
 -3.178823E-04
 -3.183857E-04
 -3.188890E-04
 -3.193923E-04
 -3.199109E-04
 -3.204576E-04
 -3.210043E-04
 -3.215509E-04
 -3.220975E-04
 -3.226440E-04
 -3.231905E-04
 -3.237439E-04
 -3.243528E-04
 -3.249617E-04
 -3.255706E-04
 -3.261796E-04
 -3.267885E-04
 -3.273975E-04
 -3.280281E-04
 -3.287308E-04
 -3.294335E-04
 -3.301363E-04
 -3.308392E-04
 -3.315422E-04
 -3.322452E-04
 -3.330216E-04
 -3.338303E-04
 -3.346391E-04
 -3.354479E-04
 -3.362569E-04
 -3.370659E-04
 -3.379230E-04
 -3.388308E-04
 -3.397385E-04
 -3.406464E-04
 -3.415543E-04
 -3.424622E-04
 -3.434183E-04
 -3.444081E-04
 -3.453979E-04
 -3.463877E-04
 -3.473775E-04
 -3.483673E-04
 -3.494046E-04
 -3.504427E-04
 -3.514807E-04
 -3.525188E-04
 -3.535567E-04
 -3.545690E-04
 -3.555681E-04
 -3.565671E-04
 -3.575662E-04
 -3.585652E-04
 -3.594480E-04
 -3.602545E-04
 -3.610612E-04
 -3.618680E-04
 -3.626749E-04
 -3.631608E-04
 -3.635667E-04
 -3.639730E-04
 -3.643798E-04
 -3.646451E-04
 -3.644507E-04
 -3.642575E-04
 -3.640654E-04
 -3.638745E-04
 -3.630756E-04
 -3.622108E-04
 -3.613482E-04
 -3.604877E-04
 -3.591908E-04
 -3.577731E-04
 -3.563582E-04
 -3.549458E-04
 -3.532691E-04
 -3.515542E-04
 -3.498419E-04
 -3.481325E-04
 -3.464277E-04
 -3.447251E-04
 -3.430246E-04
 -3.415406E-04
 -3.401909E-04
 -3.388427E-04
 -3.376795E-04
 -3.370320E-04
 -3.363854E-04
 -3.358126E-04
 -3.361307E-04
 -3.364493E-04
 -3.368196E-04
 -3.382146E-04
 -3.396096E-04
 -3.411872E-04
 -3.436492E-04
 -3.461108E-04
 -3.490078E-04
 -3.524627E-04
 -3.559167E-04
 -3.601210E-04
 -3.644649E-04
 -3.691044E-04
 -3.742356E-04
 -3.793888E-04
 -3.852297E-04
 -3.910692E-04
 -3.974208E-04
 -4.038940E-04
 -4.107358E-04
 -4.177408E-04
 -4.250583E-04
 -4.325197E-04
 -4.403710E-04
 -4.483339E-04
 -4.570055E-04
 -4.659848E-04
 -4.758550E-04
 -4.868109E-04
 -4.986049E-04
 -5.128580E-04
 -5.291215E-04
 -5.476642E-04
 -5.700184E-04
 -5.973235E-04
 -6.298461E-04
 -6.687890E-04
 -7.153046E-04
 -7.698902E-04
 -8.313540E-04
 -8.951349E-04
 -9.505776E-04
 -9.769609E-04
 -9.493849E-04
 -8.830208E-04
 -4.989148E-04
  5.399412E-04
  7.127093E-04
  5.330604E-03
  5.329337E-03
  5.328075E-03
  5.326816E-03
  5.325562E-03
  5.324311E-03
  5.323066E-03
  5.321824E-03
  5.320586E-03
  5.318493E-03
  5.316383E-03
  5.314275E-03
  5.312170E-03
  5.310069E-03
  5.307971E-03
  5.305877E-03
  5.304049E-03
  5.302709E-03
  5.301371E-03
  5.300036E-03
  5.298703E-03
  5.297372E-03
  5.296043E-03
  5.294846E-03
  5.294681E-03
  5.294517E-03
  5.294356E-03
  5.294196E-03
  5.294037E-03
  5.293880E-03
  5.293989E-03
  5.294976E-03
  5.295964E-03
  5.296953E-03
  5.297942E-03
  5.298933E-03
  5.299925E-03
  5.301735E-03
  5.303903E-03
  5.306071E-03
  5.308240E-03
  5.310409E-03
  5.312579E-03
  5.315334E-03
  5.318705E-03
  5.322077E-03
  5.325449E-03
  5.328821E-03
  5.332193E-03
  5.336242E-03
  5.340764E-03
  5.345287E-03
  5.349810E-03
  5.354333E-03
  5.358856E-03
  5.364404E-03
  5.369968E-03
  5.375532E-03
  5.381095E-03
  5.386659E-03
  5.392868E-03
  5.399408E-03
  5.405948E-03
  5.412487E-03
  5.419027E-03
  5.426112E-03
  5.433556E-03
  5.441000E-03
  5.448445E-03
  5.455891E-03
  5.463914E-03
  5.472085E-03
  5.480261E-03
  5.488440E-03
  5.496725E-03
  5.505350E-03
  5.513987E-03
  5.522634E-03
  5.531291E-03
  5.540068E-03
  5.548876E-03
  5.557706E-03
  5.566557E-03
  5.575238E-03
  5.583893E-03
  5.592575E-03
  5.601286E-03
  5.609550E-03
  5.617771E-03
  5.626021E-03
  5.634200E-03
  5.641841E-03
  5.649506E-03
  5.657195E-03
  5.664507E-03
  5.671589E-03
  5.678686E-03
  5.685645E-03
  5.692187E-03
  5.698735E-03
  5.705262E-03
  5.711454E-03
  5.717648E-03
  5.723843E-03
  5.730048E-03
  5.736254E-03
  5.742524E-03
  5.749102E-03
  5.755682E-03
  5.762532E-03
  5.769729E-03
  5.776931E-03
  5.784745E-03
  5.792682E-03
  5.800899E-03
  5.809579E-03
  5.818294E-03
  5.827660E-03
  5.837043E-03
  5.846859E-03
  5.856795E-03
  5.867071E-03
  5.877511E-03
  5.888442E-03
  5.899612E-03
  5.911787E-03
  5.924269E-03
  5.939056E-03
  5.954947E-03
  5.974003E-03
  5.997056E-03
  6.023208E-03
  6.058537E-03
  6.101441E-03
  6.152942E-03
  6.218852E-03
  6.303633E-03
  6.408622E-03
  6.539008E-03
  6.700388E-03
  6.896816E-03
  7.126816E-03
  7.375155E-03
  7.598823E-03
  7.713583E-03
  7.599172E-03
  7.202255E-03
  6.659133E-03
  6.473969E-03
  7.429811E-03
 -1.447501E-04
 -1.445604E-04
 -1.443712E-04
 -1.441824E-04
 -1.439941E-04
 -1.438062E-04
 -1.436187E-04
 -1.434318E-04
 -1.432452E-04
 -1.429771E-04
 -1.427078E-04
 -1.424395E-04
 -1.421720E-04
 -1.419054E-04
 -1.416397E-04
 -1.413749E-04
 -1.410988E-04
 -1.408011E-04
 -1.405044E-04
 -1.402087E-04
 -1.399139E-04
 -1.396201E-04
 -1.393272E-04
 -1.390399E-04
 -1.387902E-04
 -1.385414E-04
 -1.382933E-04
 -1.380460E-04
 -1.377995E-04
 -1.375538E-04
 -1.373332E-04
 -1.371941E-04
 -1.370555E-04
 -1.369174E-04
 -1.367799E-04
 -1.366428E-04
 -1.365063E-04
 -1.364715E-04
 -1.364814E-04
 -1.364915E-04
 -1.365018E-04
 -1.365124E-04
 -1.365233E-04
 -1.366109E-04
 -1.367793E-04
 -1.369478E-04
 -1.371164E-04
 -1.372851E-04
 -1.374538E-04
 -1.377062E-04
 -1.380173E-04
 -1.383283E-04
 -1.386394E-04
 -1.389504E-04
 -1.392615E-04
 -1.397093E-04
 -1.401593E-04
 -1.406094E-04
 -1.410595E-04
 -1.415097E-04
 -1.421145E-04
 -1.427991E-04
 -1.434842E-04
 -1.441698E-04
 -1.448560E-04
 -1.457826E-04
 -1.468680E-04
 -1.479553E-04
 -1.490446E-04
 -1.501357E-04
 -1.516958E-04
 -1.533773E-04
 -1.550633E-04
 -1.567538E-04
 -1.586218E-04
 -1.610583E-04
 -1.635034E-04
 -1.659571E-04
 -1.684194E-04
 -1.715166E-04
 -1.746967E-04
 -1.778900E-04
 -1.810966E-04
 -1.845879E-04
 -1.881714E-04
 -1.917710E-04
 -1.953866E-04
 -1.989715E-04
 -2.025655E-04
 -2.061759E-04
 -2.097389E-04
 -2.129538E-04
 -2.161830E-04
 -2.194266E-04
 -2.222243E-04
 -2.247487E-04
 -2.272835E-04
 -2.295764E-04
 -2.311688E-04
 -2.327671E-04
 -2.343005E-04
 -2.349716E-04
 -2.356450E-04
 -2.362839E-04
 -2.361862E-04
 -2.360887E-04
 -2.358868E-04
 -2.351768E-04
 -2.344663E-04
 -2.335453E-04
 -2.323545E-04
 -2.311629E-04
 -2.296533E-04
 -2.280833E-04
 -2.264009E-04
 -2.245321E-04
 -2.226545E-04
 -2.205599E-04
 -2.184631E-04
 -2.162499E-04
 -2.140062E-04
 -2.117438E-04
 -2.094699E-04
 -2.072560E-04
 -2.050652E-04
 -2.030338E-04
 -2.010391E-04
 -1.993844E-04
 -1.978600E-04
 -1.967388E-04
 -1.960753E-04
 -1.957422E-04
 -1.964009E-04
 -1.978082E-04
 -2.000416E-04
 -2.051830E-04
 -2.105674E-04
 -2.177102E-04
 -2.269432E-04
 -2.385116E-04
 -2.523264E-04
 -2.676008E-04
 -2.823159E-04
 -2.923219E-04
 -2.902136E-04
 -2.685533E-04
 -2.317990E-04
 -1.034261E-04
  1.602369E-04
  1.896125E-09
  1.273240E+00
  1.273211E+00
  1.273125E+00
  1.272981E+00
  1.272781E+00
  1.272522E+00
  1.272207E+00
  1.271834E+00
  1.271403E+00
  1.270915E+00
  1.270369E+00
  1.269765E+00
  1.269104E+00
  1.268384E+00
  1.267607E+00
  1.266771E+00
  1.265877E+00
  1.264925E+00
  1.263915E+00
  1.262845E+00
  1.261717E+00
  1.260530E+00
  1.259284E+00
  1.257979E+00
  1.256614E+00
  1.255190E+00
  1.253705E+00
  1.252161E+00
  1.250556E+00
  1.248891E+00
  1.247165E+00
  1.245378E+00
  1.243529E+00
  1.241620E+00
  1.239648E+00
  1.237614E+00
  1.235518E+00
  1.233359E+00
  1.231136E+00
  1.228851E+00
  1.226501E+00
  1.224088E+00
  1.221610E+00
  1.219067E+00
  1.216458E+00
  1.213784E+00
  1.211044E+00
  1.208237E+00
  1.205362E+00
  1.202421E+00
  1.199411E+00
  1.196332E+00
  1.193185E+00
  1.189968E+00
  1.186680E+00
  1.183322E+00
  1.179892E+00
  1.176390E+00
  1.172816E+00
  1.169168E+00
  1.165446E+00
  1.161649E+00
  1.157776E+00
  1.153828E+00
  1.149802E+00
  1.145699E+00
  1.141516E+00
  1.137254E+00
  1.132912E+00
  1.128488E+00
  1.123982E+00
  1.119393E+00
  1.114719E+00
  1.109960E+00
  1.105114E+00
  1.100180E+00
  1.095157E+00
  1.090045E+00
  1.084841E+00
  1.079544E+00
  1.074153E+00
  1.068667E+00
  1.063083E+00
  1.057401E+00
  1.051619E+00
  1.045735E+00
  1.039748E+00
  1.033655E+00
  1.027455E+00
  1.021146E+00
  1.014726E+00
  1.008193E+00
  1.001543E+00
  9.947766E-01
  9.878894E-01
  9.808795E-01
  9.737441E-01
  9.664805E-01
  9.590857E-01
  9.515567E-01
  9.438904E-01
  9.360832E-01
  9.281318E-01
  9.200322E-01
  9.117806E-01
  9.033729E-01
  8.948045E-01
  8.860709E-01
  8.771671E-01
  8.680879E-01
  8.588277E-01
  8.493806E-01
  8.397402E-01
  8.299000E-01
  8.198525E-01
  8.095903E-01
  7.991048E-01
  7.883874E-01
  7.774283E-01
  7.662172E-01
  7.547428E-01
  7.429930E-01
  7.309546E-01
  7.186128E-01
  7.059520E-01
  6.929545E-01
  6.796012E-01
  6.658704E-01
  6.517385E-01
  6.371787E-01
  6.221609E-01
  6.066513E-01
  5.906109E-01
  5.739954E-01
  5.567532E-01
  5.388241E-01
  5.201372E-01
  5.006076E-01
  4.801325E-01
  4.585853E-01
  4.358068E-01
  4.115929E-01
  3.856731E-01
  3.576769E-01
  3.270715E-01
  2.930404E-01
  2.542116E-01
  2.079144E-01
  1.472658E-01
  0.000000E+00
  1.039864E-01
  1.039145E-01
  1.038426E-01
  1.037707E-01
  1.036988E-01
  1.036269E-01
  1.035550E-01
  1.034858E-01
  1.034433E-01
  1.034047E-01
  1.033662E-01
  1.033277E-01
  1.032891E-01
  1.032544E-01
  1.032472E-01
  1.032401E-01
  1.032333E-01
  1.032271E-01
  1.032209E-01
  1.032146E-01
  1.032326E-01
  1.032537E-01
  1.032749E-01
  1.032956E-01
  1.033131E-01
  1.033306E-01
  1.033481E-01
  1.033656E-01
  1.033831E-01
  1.034172E-01
  1.034526E-01
  1.034806E-01
  1.035086E-01
  1.035367E-01
  1.035647E-01
  1.035958E-01
  1.036418E-01
  1.036746E-01
  1.037017E-01
  1.037287E-01
  1.037557E-01
  1.037827E-01
  1.038098E-01
  1.038268E-01
  1.038333E-01
  1.038397E-01
  1.038462E-01
  1.038526E-01
  1.038591E-01
  1.038571E-01
  1.038491E-01
  1.038412E-01
  1.038332E-01
  1.038253E-01
  1.038173E-01
  1.038106E-01
  1.038039E-01
  1.037972E-01
  1.037905E-01
  1.037838E-01
  1.037836E-01
  1.037867E-01
  1.037899E-01
  1.037930E-01
  1.037961E-01
  1.038098E-01
  1.038304E-01
  1.038510E-01
  1.038716E-01
  1.038921E-01
  1.039334E-01
  1.039799E-01
  1.040264E-01
  1.040728E-01
  1.041270E-01
  1.042069E-01
  1.042867E-01
  1.043664E-01
  1.044753E-01
  1.046523E-01
  1.048345E-01
  1.050230E-01
  1.052230E-01
  1.054702E-01
  1.058003E-01
  1.061303E-01
  1.064625E-01
  1.069102E-01
  1.073585E-01
  1.078874E-01
  1.084512E-01
  1.090133E-01
  1.096425E-01
  1.102717E-01
  1.108704E-01
  1.114464E-01
  1.120222E-01
  1.125369E-01
  1.128803E-01
  1.132237E-01
  1.135967E-01
  1.137213E-01
  1.138458E-01
  1.139586E-01
  1.138385E-01
  1.137183E-01
  1.135621E-01
  1.132308E-01
  1.128994E-01
  1.124907E-01
  1.120093E-01
  1.115485E-01
  1.109810E-01
  1.103935E-01
  1.097677E-01
  1.091060E-01
  1.085042E-01
  1.078363E-01
  1.072477E-01
  1.066508E-01
  1.061461E-01
  1.056693E-01
  1.052861E-01
  1.049083E-01
  1.045864E-01
  1.043066E-01
  1.040255E-01
  1.038194E-01
  1.036312E-01
  1.034417E-01
  1.033710E-01
  1.033185E-01
  1.032658E-01
  1.032223E-01
  1.032376E-01
  1.032456E-01
  1.032602E-01
  1.033440E-01
  1.034280E-01
  1.035115E-01
  1.036309E-01
  1.037648E-01
  1.038981E-01
  1.040309E-01
  1.042272E-01
  1.044328E-01
  1.046372E-01
  1.048402E-01
  1.247291E-01
  2.265917E-02
 -4.609248E-01
 -4.522623E-01
 -4.435999E-01
 -4.349374E-01
 -4.262749E-01
 -4.176124E-01
 -4.089498E-01
 -4.002873E-01
 -3.916247E-01
 -3.828939E-01
 -3.741615E-01
 -3.654290E-01
 -3.566964E-01
 -3.479639E-01
 -3.392314E-01
 -3.304988E-01
 -3.217661E-01
 -3.130331E-01
 -3.043001E-01
 -2.955671E-01
 -2.868341E-01
 -2.781011E-01
 -2.693680E-01
 -2.606495E-01
 -2.520477E-01
 -2.434458E-01
 -2.348439E-01
 -2.262420E-01
 -2.176400E-01
 -2.090381E-01
 -2.005252E-01
 -1.923082E-01
 -1.840911E-01
 -1.758741E-01
 -1.676570E-01
 -1.594399E-01
 -1.512228E-01
 -1.436195E-01
 -1.362847E-01
 -1.289500E-01
 -1.216152E-01
 -1.142805E-01
 -1.069457E-01
 -1.005025E-01
 -9.499989E-02
 -8.949729E-02
 -8.399468E-02
 -7.849208E-02
 -7.298947E-02
 -6.945547E-02
 -6.730036E-02
 -6.514524E-02
 -6.299012E-02
 -6.083500E-02
 -5.867988E-02
 -6.129520E-02
 -6.398563E-02
 -6.667605E-02
 -6.936647E-02
 -7.205689E-02
 -7.878246E-02
 -8.757658E-02
 -9.637070E-02
 -1.051648E-01
 -1.139589E-01
 -1.271697E-01
 -1.432777E-01
 -1.593857E-01
 -1.754937E-01
 -1.916017E-01
 -2.142658E-01
 -2.385741E-01
 -2.628823E-01
 -2.871904E-01
 -3.134811E-01
 -3.462138E-01
 -3.789463E-01
 -4.116785E-01
 -4.444105E-01
 -4.835086E-01
 -5.233184E-01
 -5.631278E-01
 -6.029366E-01
 -6.455497E-01
 -6.889521E-01
 -7.323537E-01
 -7.757545E-01
 -8.192161E-01
 -8.626862E-01
 -9.061553E-01
 -9.491502E-01
 -9.894523E-01
 -1.029753E+00
 -1.070054E+00
 -1.106582E+00
 -1.140778E+00
 -1.174973E+00
 -1.206881E+00
 -1.232377E+00
 -1.257873E+00
 -1.282575E+00
 -1.297570E+00
 -1.312564E+00
 -1.327016E+00
 -1.330604E+00
 -1.334193E+00
 -1.335796E+00
 -1.327768E+00
 -1.319741E+00
 -1.306767E+00
 -1.287453E+00
 -1.268139E+00
 -1.239895E+00
 -1.209978E+00
 -1.176402E+00
 -1.136753E+00
 -1.096814E+00
 -1.048371E+00
 -9.999273E-01
 -9.453827E-01
 -8.893782E-01
 -8.300660E-01
 -7.692843E-01
 -7.070632E-01
 -6.441753E-01
 -5.810964E-01
 -5.179612E-01
 -4.557520E-01
 -3.939859E-01
 -3.335105E-01
 -2.743109E-01
 -2.160625E-01
 -1.600147E-01
 -1.053314E-01
 -5.206758E-02
  5.627512E-02
  1.056438E-01
  1.533836E-01
  1.994123E-01
  2.436793E-01
  2.861632E-01
  3.268684E-01
  3.658197E-01
  4.030576E-01
  4.386350E-01
  4.726129E-01
  5.050583E-01
  5.358266E-01
 -2.303929E-01
  2.203801E+00
  9.800141E-01
  9.800129E-01
  9.800117E-01
  9.800106E-01
  9.800095E-01
  9.800084E-01
  9.800073E-01
  9.800063E-01
  9.800053E-01
  9.800043E-01
  9.800033E-01
  9.800023E-01
  9.800014E-01
  9.800004E-01
  9.799996E-01
  9.799987E-01
  9.799978E-01
  9.799970E-01
  9.799962E-01
  9.799954E-01
  9.799947E-01
  9.799939E-01
  9.799932E-01
  9.799925E-01
  9.799919E-01
  9.799912E-01
  9.799906E-01
  9.799900E-01
  9.799894E-01
  9.799889E-01
  9.799884E-01
  9.799879E-01
  9.799874E-01
  9.799870E-01
  9.799866E-01
  9.799862E-01
  9.799858E-01
  9.799855E-01
  9.799851E-01
  9.799849E-01
  9.799846E-01
  9.799843E-01
  9.799841E-01
  9.799839E-01
  9.799837E-01
  9.799836E-01
  9.799834E-01
  9.799833E-01
  9.799832E-01
  9.799831E-01
  9.799831E-01
  9.799830E-01
  9.799830E-01
  9.799829E-01
  9.799829E-01
  9.799829E-01
  9.799830E-01
  9.799830E-01
  9.799831E-01
  9.799832E-01
  9.799833E-01
  9.799835E-01
  9.799838E-01
  9.799840E-01
  9.799843E-01
  9.799848E-01
  9.799854E-01
  9.799862E-01
  9.799870E-01
  9.799879E-01
  9.799892E-01
  9.799909E-01
  9.799927E-01
  9.799947E-01
  9.799970E-01
  9.800003E-01
  9.800038E-01
  9.800077E-01
  9.800119E-01
  9.800173E-01
  9.800233E-01
  9.800297E-01
  9.800366E-01
  9.800446E-01
  9.800532E-01
  9.800624E-01
  9.800722E-01
  9.800826E-01
  9.800935E-01
  9.801050E-01
  9.801169E-01
  9.801285E-01
  9.801407E-01
  9.801533E-01
  9.801652E-01
  9.801767E-01
  9.801885E-01
  9.801998E-01
  9.802091E-01
  9.802186E-01
  9.802280E-01
  9.802337E-01
  9.802396E-01
  9.802453E-01
  9.802467E-01
  9.802481E-01
  9.802488E-01
  9.802456E-01
  9.802424E-01
  9.802373E-01
  9.802298E-01
  9.802225E-01
  9.802119E-01
  9.802009E-01
  9.801890E-01
  9.801753E-01
  9.801620E-01
  9.801464E-01
  9.801316E-01
  9.801158E-01
  9.801005E-01
  9.800852E-01
  9.800707E-01
  9.800570E-01
  9.800443E-01
  9.800328E-01
  9.800224E-01
  9.800134E-01
  9.800055E-01
  9.799990E-01
  9.799936E-01
  9.799893E-01
  9.799862E-01
  9.799840E-01
  9.799828E-01
  9.799829E-01
  9.799840E-01
  9.799859E-01
  9.799883E-01
  9.799912E-01
  9.799946E-01
  9.799983E-01
  9.800024E-01
  9.800066E-01
  9.800111E-01
  9.800157E-01
  9.800205E-01
  9.800252E-01
  7.134833E-01
  4.031533E-06
 -7.261540E+02
 -7.256956E+02
 -7.252369E+02
 -7.247779E+02
 -7.243187E+02
 -7.238592E+02
 -7.233994E+02
 -7.229393E+02
 -7.224790E+02
 -7.218426E+02
 -7.212012E+02
 -7.205593E+02
 -7.199167E+02
 -7.192736E+02
 -7.186299E+02
 -7.179855E+02
 -7.171758E+02
 -7.160635E+02
 -7.149509E+02
 -7.138382E+02
 -7.127252E+02
 -7.116120E+02
 -7.104986E+02
 -7.093296E+02
 -7.077177E+02
 -7.061059E+02
 -7.044941E+02
 -7.028823E+02
 -7.012706E+02
 -6.996588E+02
 -6.979491E+02
 -6.959140E+02
 -6.938789E+02
 -6.918440E+02
 -6.898093E+02
 -6.877747E+02
 -6.857402E+02
 -6.834294E+02
 -6.809976E+02
 -6.785660E+02
 -6.761344E+02
 -6.737030E+02
 -6.712716E+02
 -6.686637E+02
 -6.658694E+02
 -6.630749E+02
 -6.602803E+02
 -6.574856E+02
 -6.546907E+02
 -6.517422E+02
 -6.486859E+02
 -6.456292E+02
 -6.425721E+02
 -6.395147E+02
 -6.364569E+02
 -6.332918E+02
 -6.301248E+02
 -6.269576E+02
 -6.237901E+02
 -6.206224E+02
 -6.175640E+02
 -6.145618E+02
 -6.115596E+02
 -6.085574E+02
 -6.055552E+02
 -6.028484E+02
 -6.003354E+02
 -5.978227E+02
 -5.953102E+02
 -5.927979E+02
 -5.908926E+02
 -5.891396E+02
 -5.873867E+02
 -5.856342E+02
 -5.840749E+02
 -5.831427E+02
 -5.822104E+02
 -5.812779E+02
 -5.803453E+02
 -5.799107E+02
 -5.795311E+02
 -5.791509E+02
 -5.787705E+02
 -5.784118E+02
 -5.780591E+02
 -5.777063E+02
 -5.773538E+02
 -5.765196E+02
 -5.756121E+02
 -5.747055E+02
 -5.736469E+02
 -5.717171E+02
 -5.697886E+02
 -5.678617E+02
 -5.651630E+02
 -5.619872E+02
 -5.588127E+02
 -5.553001E+02
 -5.508356E+02
 -5.463719E+02
 -5.418090E+02
 -5.360208E+02
 -5.302327E+02
 -5.243823E+02
 -5.172777E+02
 -5.101728E+02
 -5.028594E+02
 -4.945356E+02
 -4.862111E+02
 -4.773976E+02
 -4.679571E+02
 -4.585154E+02
 -4.481943E+02
 -4.377066E+02
 -4.268525E+02
 -4.153903E+02
 -4.038967E+02
 -3.915734E+02
 -3.792448E+02
 -3.662885E+02
 -3.531761E+02
 -3.395945E+02
 -3.257983E+02
 -3.116674E+02
 -2.973744E+02
 -2.827791E+02
 -2.680854E+02
 -2.529937E+02
 -2.377525E+02
 -2.221208E+02
 -2.060899E+02
 -1.897491E+02
 -1.726130E+02
 -1.548547E+02
 -1.363991E+02
 -1.168126E+02
 -9.576844E+01
 -7.312126E+01
 -4.830222E+01
 -2.039426E+01
  1.214653E+01
  5.186496E+01
  1.024762E+02
  1.688341E+02
  2.531624E+02
  3.363994E+02
  3.938410E+02
  4.794655E+02
  9.379442E+01
  4.007305E-04
  1.009423E+04
  1.009281E+04
  1.009140E+04
  1.008999E+04
  1.008859E+04
  1.008719E+04
  1.008580E+04
  1.008442E+04
  1.008304E+04
  1.007772E+04
  1.007231E+04
  1.006690E+04
  1.006150E+04
  1.005610E+04
  1.005071E+04
  1.004533E+04
  1.003837E+04
  1.002855E+04
  1.001873E+04
  1.000891E+04
  9.999095E+03
  9.989286E+03
  9.979481E+03
  9.969543E+03
  9.958502E+03
  9.947464E+03
  9.936430E+03
  9.925400E+03
  9.914373E+03
  9.903350E+03
  9.892235E+03
  9.880805E+03
  9.869378E+03
  9.857954E+03
  9.846532E+03
  9.835113E+03
  9.823697E+03
  9.811899E+03
  9.799936E+03
  9.787974E+03
  9.776013E+03
  9.764054E+03
  9.752097E+03
  9.739993E+03
  9.727734E+03
  9.715476E+03
  9.703218E+03
  9.690961E+03
  9.678704E+03
  9.666571E+03
  9.654526E+03
  9.642480E+03
  9.630434E+03
  9.618387E+03
  9.606340E+03
  9.595069E+03
  9.583811E+03
  9.572552E+03
  9.561293E+03
  9.550033E+03
  9.539710E+03
  9.529868E+03
  9.520025E+03
  9.510184E+03
  9.500343E+03
  9.491645E+03
  9.483699E+03
  9.475756E+03
  9.467817E+03
  9.459882E+03
  9.453472E+03
  9.447453E+03
  9.441444E+03
  9.435447E+03
  9.429734E+03
  9.424926E+03
  9.420143E+03
  9.415386E+03
  9.410654E+03
  9.405896E+03
  9.401177E+03
  9.396504E+03
  9.391877E+03
  9.386087E+03
  9.380015E+03
  9.374005E+03
  9.368056E+03
  9.359116E+03
  9.349772E+03
  9.340492E+03
  9.330440E+03
  9.315689E+03
  9.300992E+03
  9.286349E+03
  9.267323E+03
  9.245592E+03
  9.223896E+03
  9.200068E+03
  9.170187E+03
  9.140322E+03
  9.109797E+03
  9.071016E+03
  9.032239E+03
  8.993027E+03
  8.945016E+03
  8.897007E+03
  8.847438E+03
  8.790303E+03
  8.733175E+03
  8.672181E+03
  8.606237E+03
  8.540311E+03
  8.467249E+03
  8.392877E+03
  8.315495E+03
  8.233104E+03
  8.150509E+03
  8.060686E+03
  7.970919E+03
  7.875843E+03
  7.779549E+03
  7.679338E+03
  7.577425E+03
  7.472164E+03
  7.365388E+03
  7.255427E+03
  7.144581E+03
  7.030403E+03
  6.915403E+03
  6.798113E+03
  6.679174E+03
  6.559028E+03
  6.436393E+03
  6.312301E+03
  6.186704E+03
  6.059085E+03
  5.929829E+03
  5.799910E+03
  5.670727E+03
  5.545606E+03
  5.432121E+03
  5.345183E+03
  5.306786E+03
  5.353079E+03
  5.512774E+03
  5.493401E+03
  4.919333E+03
  5.246214E+03
  1.316242E+03
 -6.595069E-04
  1.250726E+02
  1.242973E+02
  1.235222E+02
  1.227473E+02
  1.219725E+02
  1.211979E+02
  1.204234E+02
  1.196491E+02
  1.188750E+02
  1.170414E+02
  1.151818E+02
  1.133224E+02
  1.114632E+02
  1.096043E+02
  1.077456E+02
  1.058870E+02
  1.038652E+02
  1.015439E+02
  9.922268E+01
  9.690171E+01
  9.458093E+01
  9.226035E+01
  8.993996E+01
  8.756645E+01
  8.476621E+01
  8.196615E+01
  7.916626E+01
  7.636654E+01
  7.356699E+01
  7.076760E+01
  6.783139E+01
  6.444005E+01
  6.104883E+01
  5.765773E+01
  5.426676E+01
  5.087590E+01
  4.748516E+01
  4.371873E+01
  3.978788E+01
  3.585707E+01
  3.192630E+01
  2.799558E+01
  2.406489E+01
  2.026393E+01
  1.659979E+01
  1.293561E+01
  9.271407E+00
  5.607169E+00
  1.942899E+00
 -7.099470E-01
 -2.654354E+00
 -4.598774E+00
 -6.543206E+00
 -8.487650E+00
 -1.043211E+01
 -1.156662E+01
 -1.268836E+01
 -1.381005E+01
 -1.493171E+01
 -1.605333E+01
 -1.844498E+01
 -2.148764E+01
 -2.453021E+01
 -2.757269E+01
 -3.061509E+01
 -3.574756E+01
 -4.225102E+01
 -4.875430E+01
 -5.525742E+01
 -6.176041E+01
 -7.182152E+01
 -8.277487E+01
 -9.372815E+01
 -1.046814E+02
 -1.165164E+02
 -1.312166E+02
 -1.459174E+02
 -1.606191E+02
 -1.753218E+02
 -1.893910E+02
 -2.033915E+02
 -2.173948E+02
 -2.314012E+02
 -2.411594E+02
 -2.497238E+02
 -2.582922E+02
 -2.668647E+02
 -2.689049E+02
 -2.699459E+02
 -2.709897E+02
 -2.706981E+02
 -2.627954E+02
 -2.548926E+02
 -2.469896E+02
 -2.331889E+02
 -2.157381E+02
 -1.982838E+02
 -1.790647E+02
 -1.549010E+02
 -1.307332E+02
 -1.064625E+02
 -8.098282E+01
 -5.550098E+01
 -3.010996E+01
 -6.583982E+00
  1.694143E+01
  3.991476E+01
  6.021162E+01
  8.050579E+01
  9.908516E+01
  1.154663E+02
  1.318438E+02
  1.447668E+02
  1.570393E+02
  1.678283E+02
  1.761568E+02
  1.843558E+02
  1.888277E+02
  1.932982E+02
  1.936139E+02
  1.929370E+02
  1.881125E+02
  1.814486E+02
  1.718265E+02
  1.608384E+02
  1.480848E+02
  1.348223E+02
  1.207720E+02
  1.067227E+02
  9.276746E+01
  7.922741E+01
  6.600923E+01
  5.373751E+01
  4.212676E+01
  3.121832E+01
  2.133312E+01
  1.253416E+01
  4.749179E+00
 -1.834156E+00
 -6.932535E+00
 -1.008796E+01
 -1.060012E+01
 -7.645524E+00
 -7.878743E-01
  9.006121E+00
  1.759675E+01
  1.795824E+01
  1.106190E+03
  5.744726E+03
  3.968513E-02
