 Title= "ADflow Lift Distribution Data"
Variables = "eta" "CoordinateX" "CoordinateY" "CoordinateZ" "Lift" "Drag" "Moment" "Normalized Lift" "Normalized Drag" "Normalized Moment" "CL" "CD" "CM" "CLp" "CDp" "CMp" "CLv" "CDv" "CMv" "Elliptical" "thickness" "twist" "chord" "fx" "fy" "fz" 
Zone T= "LiftDist_01 allWalls: : z normal"
 I=          150
 DATAPACKING=BLOCK
  0.000000E+00
  6.711405E-03
  1.342281E-02
  2.013422E-02
  2.684563E-02
  3.355704E-02
  4.026845E-02
  4.697986E-02
  5.369127E-02
  6.040268E-02
  6.711409E-02
  7.382550E-02
  8.053691E-02
  8.724832E-02
  9.395973E-02
  1.006711E-01
  1.073825E-01
  1.140940E-01
  1.208054E-01
  1.275168E-01
  1.342282E-01
  1.409396E-01
  1.476510E-01
  1.543624E-01
  1.610738E-01
  1.677852E-01
  1.744966E-01
  1.812081E-01
  1.879195E-01
  1.946309E-01
  2.013423E-01
  2.080537E-01
  2.147651E-01
  2.214765E-01
  2.281879E-01
  2.348993E-01
  2.416107E-01
  2.483221E-01
  2.550336E-01
  2.617450E-01
  2.684564E-01
  2.751678E-01
  2.818792E-01
  2.885906E-01
  2.953020E-01
  3.020134E-01
  3.087248E-01
  3.154362E-01
  3.221476E-01
  3.288591E-01
  3.355705E-01
  3.422819E-01
  3.489933E-01
  3.557047E-01
  3.624161E-01
  3.691275E-01
  3.758389E-01
  3.825503E-01
  3.892617E-01
  3.959732E-01
  4.026846E-01
  4.093960E-01
  4.161074E-01
  4.228188E-01
  4.295302E-01
  4.362416E-01
  4.429530E-01
  4.496644E-01
  4.563758E-01
  4.630872E-01
  4.697987E-01
  4.765101E-01
  4.832215E-01
  4.899329E-01
  4.966443E-01
  5.033557E-01
  5.100671E-01
  5.167785E-01
  5.234899E-01
  5.302013E-01
  5.369128E-01
  5.436242E-01
  5.503356E-01
  5.570470E-01
  5.637584E-01
  5.704698E-01
  5.771812E-01
  5.838926E-01
  5.906040E-01
  5.973154E-01
  6.040268E-01
  6.107383E-01
  6.174497E-01
  6.241611E-01
  6.308725E-01
  6.375839E-01
  6.442953E-01
  6.510067E-01
  6.577181E-01
  6.644295E-01
  6.711409E-01
  6.778524E-01
  6.845638E-01
  6.912752E-01
  6.979866E-01
  7.046980E-01
  7.114094E-01
  7.181208E-01
  7.248322E-01
  7.315436E-01
  7.382550E-01
  7.449664E-01
  7.516779E-01
  7.583893E-01
  7.651007E-01
  7.718121E-01
  7.785235E-01
  7.852349E-01
  7.919463E-01
  7.986577E-01
  8.053691E-01
  8.120805E-01
  8.187919E-01
  8.255034E-01
  8.322148E-01
  8.389262E-01
  8.456376E-01
  8.523490E-01
  8.590604E-01
  8.657718E-01
  8.724832E-01
  8.791946E-01
  8.859060E-01
  8.926175E-01
  8.993289E-01
  9.060403E-01
  9.127517E-01
  9.194631E-01
  9.261745E-01
  9.328859E-01
  9.395973E-01
  9.463087E-01
  9.530201E-01
  9.597315E-01
  9.664430E-01
  9.731544E-01
  9.798658E-01
  9.865772E-01
  9.932886E-01
  1.000000E+00
  0.000000E+00
  0.000000E+00
  0.000000E+00
  0.000000E+00
  0.000000E+00
  0.000000E+00
  0.000000E+00
  0.000000E+00
  0.000000E+00
  0.000000E+00
  0.000000E+00
  0.000000E+00
  0.000000E+00
  0.000000E+00
  0.000000E+00
  0.000000E+00
  0.000000E+00
  0.000000E+00
  0.000000E+00
  0.000000E+00
  0.000000E+00
  0.000000E+00
  0.000000E+00
  0.000000E+00
  0.000000E+00
  0.000000E+00
  0.000000E+00
  0.000000E+00
  0.000000E+00
  0.000000E+00
  0.000000E+00
  0.000000E+00
  0.000000E+00
  0.000000E+00
  0.000000E+00
  0.000000E+00
  0.000000E+00
  0.000000E+00
  0.000000E+00
  0.000000E+00
  0.000000E+00
  0.000000E+00
  0.000000E+00
  0.000000E+00
  0.000000E+00
  0.000000E+00
  0.000000E+00
  0.000000E+00
  0.000000E+00
  0.000000E+00
  0.000000E+00
  0.000000E+00
  0.000000E+00
  0.000000E+00
  0.000000E+00
  0.000000E+00
  0.000000E+00
  0.000000E+00
  0.000000E+00
  0.000000E+00
  0.000000E+00
  0.000000E+00
  0.000000E+00
  0.000000E+00
  0.000000E+00
  0.000000E+00
  0.000000E+00
  0.000000E+00
  0.000000E+00
  0.000000E+00
  0.000000E+00
  0.000000E+00
  0.000000E+00
  0.000000E+00
  0.000000E+00
  0.000000E+00
  0.000000E+00
  0.000000E+00
  0.000000E+00
  0.000000E+00
  0.000000E+00
  0.000000E+00
  0.000000E+00
  0.000000E+00
  0.000000E+00
  0.000000E+00
  0.000000E+00
  0.000000E+00
  0.000000E+00
  0.000000E+00
  0.000000E+00
  0.000000E+00
  0.000000E+00
  0.000000E+00
  0.000000E+00
  0.000000E+00
  0.000000E+00
  0.000000E+00
  0.000000E+00
  0.000000E+00
  0.000000E+00
  0.000000E+00
  0.000000E+00
  0.000000E+00
  0.000000E+00
  0.000000E+00
  0.000000E+00
  0.000000E+00
  0.000000E+00
  0.000000E+00
  0.000000E+00
  0.000000E+00
  0.000000E+00
  0.000000E+00
  0.000000E+00
  0.000000E+00
  0.000000E+00
  0.000000E+00
  0.000000E+00
  0.000000E+00
  0.000000E+00
  0.000000E+00
  0.000000E+00
  0.000000E+00
  0.000000E+00
  0.000000E+00
  0.000000E+00
  0.000000E+00
  0.000000E+00
  0.000000E+00
  0.000000E+00
  0.000000E+00
  0.000000E+00
  0.000000E+00
  0.000000E+00
  0.000000E+00
  0.000000E+00
  0.000000E+00
  0.000000E+00
  0.000000E+00
  0.000000E+00
  0.000000E+00
  0.000000E+00
  0.000000E+00
  0.000000E+00
  0.000000E+00
  0.000000E+00
  0.000000E+00
  0.000000E+00
  0.000000E+00
  0.000000E+00
  0.000000E+00
  0.000000E+00
  0.000000E+00
  0.000000E+00
  0.000000E+00
  0.000000E+00
  0.000000E+00
  0.000000E+00
  0.000000E+00
  0.000000E+00
  0.000000E+00
  0.000000E+00
  0.000000E+00
  0.000000E+00
  0.000000E+00
  0.000000E+00
  0.000000E+00
  0.000000E+00
  0.000000E+00
  0.000000E+00
  0.000000E+00
  0.000000E+00
  0.000000E+00
  0.000000E+00
  0.000000E+00
  0.000000E+00
  0.000000E+00
  0.000000E+00
  0.000000E+00
  0.000000E+00
  0.000000E+00
  0.000000E+00
  0.000000E+00
  0.000000E+00
  0.000000E+00
  0.000000E+00
  0.000000E+00
  0.000000E+00
  0.000000E+00
  0.000000E+00
  0.000000E+00
  0.000000E+00
  0.000000E+00
  0.000000E+00
  0.000000E+00
  0.000000E+00
  0.000000E+00
  0.000000E+00
  0.000000E+00
  0.000000E+00
  0.000000E+00
  0.000000E+00
  0.000000E+00
  0.000000E+00
  0.000000E+00
  0.000000E+00
  0.000000E+00
  0.000000E+00
  0.000000E+00
  0.000000E+00
  0.000000E+00
  0.000000E+00
  0.000000E+00
  0.000000E+00
  0.000000E+00
  0.000000E+00
  0.000000E+00
  0.000000E+00
  0.000000E+00
  0.000000E+00
  0.000000E+00
  0.000000E+00
  0.000000E+00
  0.000000E+00
  0.000000E+00
  0.000000E+00
  0.000000E+00
  0.000000E+00
  0.000000E+00
  0.000000E+00
  0.000000E+00
  0.000000E+00
  0.000000E+00
  0.000000E+00
  0.000000E+00
  0.000000E+00
  0.000000E+00
  0.000000E+00
  0.000000E+00
  0.000000E+00
  0.000000E+00
  0.000000E+00
  0.000000E+00
  0.000000E+00
  0.000000E+00
  0.000000E+00
  0.000000E+00
  0.000000E+00
  0.000000E+00
  0.000000E+00
  0.000000E+00
  0.000000E+00
  0.000000E+00
  0.000000E+00
  0.000000E+00
  0.000000E+00
  0.000000E+00
  0.000000E+00
  0.000000E+00
  0.000000E+00
  0.000000E+00
  0.000000E+00
  0.000000E+00
  0.000000E+00
  0.000000E+00
  0.000000E+00
  0.000000E+00
  0.000000E+00
  0.000000E+00
  0.000000E+00
  0.000000E+00
  0.000000E+00
  0.000000E+00
  0.000000E+00
  0.000000E+00
  0.000000E+00
  0.000000E+00
  0.000000E+00
  0.000000E+00
  0.000000E+00
  0.000000E+00
  0.000000E+00
  0.000000E+00
  0.000000E+00
  0.000000E+00
  0.000000E+00
  0.000000E+00
  0.000000E+00
  0.000000E+00
  0.000000E+00
  0.000000E+00
  0.000000E+00
  0.000000E+00
  0.000000E+00
  0.000000E+00
  0.000000E+00
  0.000000E+00
  0.000000E+00
  0.000000E+00
  1.000000E-08
  1.695085E-02
  3.390169E-02
  5.085254E-02
  6.780338E-02
  8.475423E-02
  1.017051E-01
  1.186559E-01
  1.356068E-01
  1.525576E-01
  1.695085E-01
  1.864593E-01
  2.034101E-01
  2.203610E-01
  2.373118E-01
  2.542627E-01
  2.712135E-01
  2.881644E-01
  3.051152E-01
  3.220661E-01
  3.390169E-01
  3.559678E-01
  3.729186E-01
  3.898694E-01
  4.068203E-01
  4.237711E-01
  4.407220E-01
  4.576728E-01
  4.746237E-01
  4.915745E-01
  5.085254E-01
  5.254762E-01
  5.424271E-01
  5.593779E-01
  5.763287E-01
  5.932796E-01
  6.102304E-01
  6.271813E-01
  6.441321E-01
  6.610830E-01
  6.780338E-01
  6.949847E-01
  7.119355E-01
  7.288864E-01
  7.458372E-01
  7.627880E-01
  7.797389E-01
  7.966897E-01
  8.136406E-01
  8.305914E-01
  8.475423E-01
  8.644931E-01
  8.814440E-01
  8.983948E-01
  9.153457E-01
  9.322965E-01
  9.492473E-01
  9.661982E-01
  9.831490E-01
  1.000100E+00
  1.017051E+00
  1.034002E+00
  1.050952E+00
  1.067903E+00
  1.084854E+00
  1.101805E+00
  1.118756E+00
  1.135707E+00
  1.152657E+00
  1.169608E+00
  1.186559E+00
  1.203510E+00
  1.220461E+00
  1.237412E+00
  1.254363E+00
  1.271313E+00
  1.288264E+00
  1.305215E+00
  1.322166E+00
  1.339117E+00
  1.356068E+00
  1.373018E+00
  1.389969E+00
  1.406920E+00
  1.423871E+00
  1.440822E+00
  1.457773E+00
  1.474724E+00
  1.491674E+00
  1.508625E+00
  1.525576E+00
  1.542527E+00
  1.559478E+00
  1.576429E+00
  1.593379E+00
  1.610330E+00
  1.627281E+00
  1.644232E+00
  1.661183E+00
  1.678134E+00
  1.695085E+00
  1.712035E+00
  1.728986E+00
  1.745937E+00
  1.762888E+00
  1.779839E+00
  1.796790E+00
  1.813740E+00
  1.830691E+00
  1.847642E+00
  1.864593E+00
  1.881544E+00
  1.898495E+00
  1.915446E+00
  1.932396E+00
  1.949347E+00
  1.966298E+00
  1.983249E+00
  2.000200E+00
  2.017151E+00
  2.034101E+00
  2.051052E+00
  2.068003E+00
  2.084954E+00
  2.101905E+00
  2.118856E+00
  2.135807E+00
  2.152757E+00
  2.169708E+00
  2.186659E+00
  2.203610E+00
  2.220561E+00
  2.237512E+00
  2.254462E+00
  2.271413E+00
  2.288364E+00
  2.305315E+00
  2.322266E+00
  2.339217E+00
  2.356168E+00
  2.373118E+00
  2.390069E+00
  2.407020E+00
  2.423971E+00
  2.440922E+00
  2.457873E+00
  2.474823E+00
  2.491774E+00
  2.508725E+00
  2.525676E+00
  1.106302E+04
  1.106116E+04
  1.105931E+04
  1.105745E+04
  1.105559E+04
  1.105373E+04
  1.105188E+04
  1.105002E+04
  1.104816E+04
  1.104266E+04
  1.103708E+04
  1.103149E+04
  1.102590E+04
  1.102031E+04
  1.101472E+04
  1.100914E+04
  1.100236E+04
  1.099342E+04
  1.098447E+04
  1.097552E+04
  1.096658E+04
  1.095763E+04
  1.094868E+04
  1.093938E+04
  1.092722E+04
  1.091505E+04
  1.090289E+04
  1.089073E+04
  1.087857E+04
  1.086641E+04
  1.085346E+04
  1.083791E+04
  1.082236E+04
  1.080682E+04
  1.079127E+04
  1.077572E+04
  1.076017E+04
  1.074224E+04
  1.072327E+04
  1.070430E+04
  1.068533E+04
  1.066637E+04
  1.064740E+04
  1.062682E+04
  1.060453E+04
  1.058225E+04
  1.055997E+04
  1.053769E+04
  1.051542E+04
  1.049120E+04
  1.046563E+04
  1.044007E+04
  1.041450E+04
  1.038894E+04
  1.036337E+04
  1.033456E+04
  1.030569E+04
  1.027683E+04
  1.024796E+04
  1.021911E+04
  1.018812E+04
  1.015605E+04
  1.012398E+04
  1.009191E+04
  1.005985E+04
  1.002583E+04
  9.990521E+03
  9.955219E+03
  9.919919E+03
  9.884623E+03
  9.846538E+03
  9.807756E+03
  9.768977E+03
  9.730200E+03
  9.690562E+03
  9.648118E+03
  9.605675E+03
  9.563235E+03
  9.520796E+03
  9.474991E+03
  9.428810E+03
  9.382630E+03
  9.336452E+03
  9.287326E+03
  9.237371E+03
  9.187417E+03
  9.137465E+03
  9.084506E+03
  9.031087E+03
  8.977672E+03
  8.923823E+03
  8.867494E+03
  8.811172E+03
  8.754855E+03
  8.696895E+03
  8.637926E+03
  8.578969E+03
  8.519337E+03
  8.457796E+03
  8.396280E+03
  8.334609E+03
  8.270787E+03
  8.207003E+03
  8.143133E+03
  8.076857E+03
  8.010625E+03
  7.943867E+03
  7.874388E+03
  7.804954E+03
  7.733816E+03
  7.660479E+03
  7.587182E+03
  7.510287E+03
  7.432745E+03
  7.353575E+03
  7.271677E+03
  7.189661E+03
  7.103439E+03
  7.017237E+03
  6.927603E+03
  6.837160E+03
  6.743820E+03
  6.649199E+03
  6.551751E+03
  6.453001E+03
  6.351175E+03
  6.248466E+03
  6.142224E+03
  6.035051E+03
  5.925348E+03
  5.813815E+03
  5.700943E+03
  5.585376E+03
  5.468206E+03
  5.349339E+03
  5.228034E+03
  5.104109E+03
  4.977898E+03
  4.849593E+03
  4.720498E+03
  4.594945E+03
  4.483320E+03
  4.403392E+03
  4.390489E+03
  4.481770E+03
  4.445720E+03
  4.005172E+03
  4.499776E+03
  1.347067E+03
 -1.138144E-04
  6.307173E+02
  6.306569E+02
  6.305965E+02
  6.305361E+02
  6.304757E+02
  6.304153E+02
  6.303549E+02
  6.302945E+02
  6.302341E+02
  6.300943E+02
  6.299525E+02
  6.298107E+02
  6.296689E+02
  6.295271E+02
  6.293853E+02
  6.292435E+02
  6.290992E+02
  6.289503E+02
  6.288013E+02
  6.286524E+02
  6.285034E+02
  6.283545E+02
  6.282055E+02
  6.280539E+02
  6.278810E+02
  6.277080E+02
  6.275351E+02
  6.273621E+02
  6.271891E+02
  6.270161E+02
  6.268227E+02
  6.265617E+02
  6.263006E+02
  6.260395E+02
  6.257783E+02
  6.255172E+02
  6.252560E+02
  6.249206E+02
  6.245528E+02
  6.241850E+02
  6.238171E+02
  6.234491E+02
  6.230811E+02
  6.226438E+02
  6.221336E+02
  6.216233E+02
  6.211128E+02
  6.206023E+02
  6.200917E+02
  6.194340E+02
  6.186733E+02
  6.179125E+02
  6.171516E+02
  6.163905E+02
  6.156294E+02
  6.145189E+02
  6.134028E+02
  6.122867E+02
  6.111704E+02
  6.100541E+02
  6.087105E+02
  6.072504E+02
  6.057902E+02
  6.043299E+02
  6.028696E+02
  6.012546E+02
  5.995382E+02
  5.978216E+02
  5.961049E+02
  5.943881E+02
  5.925716E+02
  5.907299E+02
  5.888879E+02
  5.870457E+02
  5.852176E+02
  5.834357E+02
  5.816535E+02
  5.798709E+02
  5.780880E+02
  5.763835E+02
  5.746875E+02
  5.729912E+02
  5.712947E+02
  5.694929E+02
  5.676612E+02
  5.658294E+02
  5.639972E+02
  5.618558E+02
  5.596668E+02
  5.574776E+02
  5.552137E+02
  5.525256E+02
  5.498380E+02
  5.471510E+02
  5.439983E+02
  5.405596E+02
  5.371235E+02
  5.334511E+02
  5.291137E+02
  5.247830E+02
  5.204102E+02
  5.154522E+02
  5.105043E+02
  5.055549E+02
  5.003869E+02
  4.952300E+02
  4.900880E+02
  4.849762E+02
  4.798739E+02
  4.748854E+02
  4.700382E+02
  4.651977E+02
  4.607135E+02
  4.562985E+02
  4.520844E+02
  4.481995E+02
  4.443344E+02
  4.410341E+02
  4.377320E+02
  4.349292E+02
  4.322430E+02
  4.299668E+02
  4.278705E+02
  4.261318E+02
  4.245576E+02
  4.233625E+02
  4.222779E+02
  4.216743E+02
  4.212235E+02
  4.211907E+02
  4.215399E+02
  4.221837E+02
  4.235345E+02
  4.254037E+02
  4.278462E+02
  4.311793E+02
  4.355992E+02
  4.411777E+02
  4.483170E+02
  4.577542E+02
  4.709672E+02
  4.908022E+02
  5.219176E+02
  5.725134E+02
  6.505988E+02
  7.194195E+02
  7.323194E+02
  8.841580E+02
  2.139944E+02
  3.893675E-04
  1.804773E+03
  1.804242E+03
  1.803712E+03
  1.803181E+03
  1.802650E+03
  1.802120E+03
  1.801589E+03
  1.801058E+03
  1.800528E+03
  1.799145E+03
  1.797742E+03
  1.796338E+03
  1.794934E+03
  1.793531E+03
  1.792127E+03
  1.790723E+03
  1.789113E+03
  1.787125E+03
  1.785136E+03
  1.783148E+03
  1.781159E+03
  1.779171E+03
  1.777182E+03
  1.775124E+03
  1.772505E+03
  1.769887E+03
  1.767268E+03
  1.764649E+03
  1.762031E+03
  1.759412E+03
  1.756629E+03
  1.753300E+03
  1.749971E+03
  1.746641E+03
  1.743312E+03
  1.739983E+03
  1.736654E+03
  1.732845E+03
  1.728825E+03
  1.724806E+03
  1.720786E+03
  1.716767E+03
  1.712748E+03
  1.708437E+03
  1.703820E+03
  1.699202E+03
  1.694585E+03
  1.689969E+03
  1.685352E+03
  1.680465E+03
  1.675389E+03
  1.670313E+03
  1.665237E+03
  1.660162E+03
  1.655087E+03
  1.649729E+03
  1.644367E+03
  1.639006E+03
  1.633646E+03
  1.628286E+03
  1.622803E+03
  1.617257E+03
  1.611713E+03
  1.606169E+03
  1.600626E+03
  1.594917E+03
  1.589099E+03
  1.583282E+03
  1.577467E+03
  1.571652E+03
  1.565526E+03
  1.559323E+03
  1.553120E+03
  1.546918E+03
  1.540652E+03
  1.534177E+03
  1.527702E+03
  1.521227E+03
  1.514753E+03
  1.508105E+03
  1.501437E+03
  1.494769E+03
  1.488102E+03
  1.481162E+03
  1.474145E+03
  1.467128E+03
  1.460112E+03
  1.452875E+03
  1.445605E+03
  1.438336E+03
  1.431082E+03
  1.423916E+03
  1.416751E+03
  1.409589E+03
  1.402455E+03
  1.395342E+03
  1.388234E+03
  1.381031E+03
  1.373557E+03
  1.366094E+03
  1.358605E+03
  1.350687E+03
  1.342786E+03
  1.334876E+03
  1.326459E+03
  1.318063E+03
  1.309510E+03
  1.300123E+03
  1.290758E+03
  1.280754E+03
  1.269925E+03
  1.259115E+03
  1.246881E+03
  1.234392E+03
  1.221255E+03
  1.207028E+03
  1.192754E+03
  1.176817E+03
  1.160886E+03
  1.143705E+03
  1.126227E+03
  1.107889E+03
  1.089170E+03
  1.069835E+03
  1.050217E+03
  1.030183E+03
  1.010031E+03
  9.897526E+02
  9.695462E+02
  9.495725E+02
  9.300449E+02
  9.108689E+02
  8.927558E+02
  8.754621E+02
  8.590629E+02
  8.440401E+02
  8.306020E+02
  8.188082E+02
  8.093124E+02
  8.035418E+02
  8.047931E+02
  8.201754E+02
  8.616185E+02
  9.475938E+02
  1.092378E+03
  1.203051E+03
  1.135028E+03
  1.285504E+03
  2.076194E+02
 -8.314384E-11
  1.244896E+00
  1.244687E+00
  1.244478E+00
  1.244269E+00
  1.244060E+00
  1.243852E+00
  1.243643E+00
  1.243434E+00
  1.243225E+00
  1.242606E+00
  1.241977E+00
  1.241348E+00
  1.240719E+00
  1.240091E+00
  1.239462E+00
  1.238833E+00
  1.238071E+00
  1.237064E+00
  1.236057E+00
  1.235050E+00
  1.234044E+00
  1.233037E+00
  1.232030E+00
  1.230983E+00
  1.229615E+00
  1.228246E+00
  1.226878E+00
  1.225509E+00
  1.224140E+00
  1.222772E+00
  1.221315E+00
  1.219566E+00
  1.217816E+00
  1.216066E+00
  1.214317E+00
  1.212567E+00
  1.210818E+00
  1.208800E+00
  1.206666E+00
  1.204531E+00
  1.202396E+00
  1.200262E+00
  1.198127E+00
  1.195812E+00
  1.193304E+00
  1.190797E+00
  1.188290E+00
  1.185783E+00
  1.183276E+00
  1.180551E+00
  1.177674E+00
  1.174797E+00
  1.171920E+00
  1.169043E+00
  1.166167E+00
  1.162924E+00
  1.159676E+00
  1.156428E+00
  1.153180E+00
  1.149933E+00
  1.146446E+00
  1.142837E+00
  1.139228E+00
  1.135620E+00
  1.132012E+00
  1.128183E+00
  1.124211E+00
  1.120238E+00
  1.116266E+00
  1.112294E+00
  1.108009E+00
  1.103644E+00
  1.099281E+00
  1.094917E+00
  1.090457E+00
  1.085681E+00
  1.080905E+00
  1.076129E+00
  1.071353E+00
  1.066199E+00
  1.061002E+00
  1.055806E+00
  1.050610E+00
  1.045082E+00
  1.039460E+00
  1.033839E+00
  1.028218E+00
  1.022259E+00
  1.016248E+00
  1.010237E+00
  1.004177E+00
  9.978389E-01
  9.915011E-01
  9.851639E-01
  9.786418E-01
  9.720061E-01
  9.653719E-01
  9.586616E-01
  9.517365E-01
  9.448142E-01
  9.378746E-01
  9.306928E-01
  9.235153E-01
  9.163282E-01
  9.088703E-01
  9.014174E-01
  8.939052E-01
  8.860870E-01
  8.782737E-01
  8.702687E-01
  8.620163E-01
  8.537683E-01
  8.451155E-01
  8.363898E-01
  8.274810E-01
  8.182653E-01
  8.090362E-01
  7.993339E-01
  7.896337E-01
  7.795474E-01
  7.693701E-01
  7.588667E-01
  7.482193E-01
  7.372536E-01
  7.261415E-01
  7.146833E-01
  7.031256E-01
  6.911705E-01
  6.791105E-01
  6.667659E-01
  6.542154E-01
  6.415141E-01
  6.285097E-01
  6.153248E-01
  6.019489E-01
  5.882988E-01
  5.743538E-01
  5.601516E-01
  5.457137E-01
  5.311869E-01
  5.170588E-01
  5.044978E-01
  4.955036E-01
  4.940518E-01
  5.043233E-01
  5.002667E-01
  4.506929E-01
  5.063495E-01
  1.515823E-01
 -1.280728E-08
  1.126129E+00
  1.126021E+00
  1.125913E+00
  1.125805E+00
  1.125697E+00
  1.125589E+00
  1.125481E+00
  1.125374E+00
  1.125266E+00
  1.125016E+00
  1.124763E+00
  1.124510E+00
  1.124257E+00
  1.124004E+00
  1.123750E+00
  1.123497E+00
  1.123240E+00
  1.122974E+00
  1.122708E+00
  1.122442E+00
  1.122176E+00
  1.121910E+00
  1.121644E+00
  1.121373E+00
  1.121064E+00
  1.120756E+00
  1.120447E+00
  1.120138E+00
  1.119829E+00
  1.119520E+00
  1.119175E+00
  1.118709E+00
  1.118243E+00
  1.117777E+00
  1.117310E+00
  1.116844E+00
  1.116378E+00
  1.115779E+00
  1.115122E+00
  1.114465E+00
  1.113808E+00
  1.113151E+00
  1.112494E+00
  1.111714E+00
  1.110803E+00
  1.109891E+00
  1.108980E+00
  1.108069E+00
  1.107157E+00
  1.105983E+00
  1.104624E+00
  1.103266E+00
  1.101907E+00
  1.100549E+00
  1.099190E+00
  1.097207E+00
  1.095214E+00
  1.093221E+00
  1.091228E+00
  1.089235E+00
  1.086836E+00
  1.084229E+00
  1.081622E+00
  1.079015E+00
  1.076407E+00
  1.073524E+00
  1.070459E+00
  1.067394E+00
  1.064329E+00
  1.061264E+00
  1.058021E+00
  1.054732E+00
  1.051443E+00
  1.048154E+00
  1.044890E+00
  1.041709E+00
  1.038526E+00
  1.035344E+00
  1.032160E+00
  1.029117E+00
  1.026089E+00
  1.023060E+00
  1.020031E+00
  1.016814E+00
  1.013544E+00
  1.010273E+00
  1.007002E+00
  1.003178E+00
  9.992699E-01
  9.953612E-01
  9.913189E-01
  9.865194E-01
  9.817209E-01
  9.769233E-01
  9.712943E-01
  9.651544E-01
  9.590193E-01
  9.524624E-01
  9.447182E-01
  9.369858E-01
  9.291784E-01
  9.203258E-01
  9.114915E-01
  9.026545E-01
  8.934272E-01
  8.842197E-01
  8.750389E-01
  8.659118E-01
  8.568018E-01
  8.478949E-01
  8.392404E-01
  8.305978E-01
  8.225914E-01
  8.147086E-01
  8.071844E-01
  8.002481E-01
  7.933470E-01
  7.874544E-01
  7.815586E-01
  7.765543E-01
  7.717582E-01
  7.676941E-01
  7.639512E-01
  7.608467E-01
  7.580360E-01
  7.559022E-01
  7.539657E-01
  7.528881E-01
  7.520832E-01
  7.520246E-01
  7.526481E-01
  7.537975E-01
  7.562093E-01
  7.595468E-01
  7.639078E-01
  7.698589E-01
  7.777505E-01
  7.877108E-01
  8.004578E-01
  8.173078E-01
  8.408992E-01
  8.763141E-01
  9.318696E-01
  1.022207E+00
  1.161627E+00
  1.284504E+00
  1.307536E+00
  1.578640E+00
  3.820811E-01
  6.952051E-07
  1.242811E+00
  1.242445E+00
  1.242080E+00
  1.241715E+00
  1.241349E+00
  1.240984E+00
  1.240618E+00
  1.240253E+00
  1.239887E+00
  1.238935E+00
  1.237969E+00
  1.237002E+00
  1.236036E+00
  1.235069E+00
  1.234102E+00
  1.233136E+00
  1.232027E+00
  1.230658E+00
  1.229288E+00
  1.227919E+00
  1.226550E+00
  1.225181E+00
  1.223811E+00
  1.222394E+00
  1.220590E+00
  1.218787E+00
  1.216984E+00
  1.215181E+00
  1.213377E+00
  1.211574E+00
  1.209658E+00
  1.207365E+00
  1.205073E+00
  1.202780E+00
  1.200487E+00
  1.198195E+00
  1.195903E+00
  1.193279E+00
  1.190511E+00
  1.187743E+00
  1.184975E+00
  1.182208E+00
  1.179440E+00
  1.176472E+00
  1.173292E+00
  1.170112E+00
  1.166933E+00
  1.163754E+00
  1.160575E+00
  1.157209E+00
  1.153713E+00
  1.150218E+00
  1.146723E+00
  1.143228E+00
  1.139734E+00
  1.136044E+00
  1.132352E+00
  1.128660E+00
  1.124968E+00
  1.121277E+00
  1.117502E+00
  1.113683E+00
  1.109865E+00
  1.106047E+00
  1.102230E+00
  1.098298E+00
  1.094292E+00
  1.090287E+00
  1.086282E+00
  1.082278E+00
  1.078059E+00
  1.073788E+00
  1.069516E+00
  1.065246E+00
  1.060931E+00
  1.056472E+00
  1.052013E+00
  1.047554E+00
  1.043096E+00
  1.038518E+00
  1.033926E+00
  1.029335E+00
  1.024743E+00
  1.019964E+00
  1.015132E+00
  1.010300E+00
  1.005469E+00
  1.000485E+00
  9.954790E-01
  9.904731E-01
  9.854782E-01
  9.805433E-01
  9.756097E-01
  9.706775E-01
  9.657650E-01
  9.608668E-01
  9.559720E-01
  9.510119E-01
  9.458651E-01
  9.407257E-01
  9.355686E-01
  9.301161E-01
  9.246755E-01
  9.192285E-01
  9.134321E-01
  9.076500E-01
  9.017607E-01
  8.952968E-01
  8.888474E-01
  8.819586E-01
  8.745016E-01
  8.670573E-01
  8.586330E-01
  8.500327E-01
  8.409857E-01
  8.311888E-01
  8.213593E-01
  8.103850E-01
  7.994146E-01
  7.875833E-01
  7.755477E-01
  7.629196E-01
  7.500290E-01
  7.367146E-01
  7.232051E-01
  7.094090E-01
  6.955318E-01
  6.815678E-01
  6.676532E-01
  6.538988E-01
  6.404516E-01
  6.272466E-01
  6.147734E-01
  6.028646E-01
  5.915717E-01
  5.812267E-01
  5.719728E-01
  5.638513E-01
  5.573123E-01
  5.533385E-01
  5.542002E-01
  5.647928E-01
  5.933315E-01
  6.525362E-01
  7.522383E-01
  8.284503E-01
  7.816078E-01
  8.852294E-01
  1.429718E-01
 -5.725488E-14
  9.892043E-01
  9.890383E-01
  9.888722E-01
  9.887062E-01
  9.885401E-01
  9.883741E-01
  9.882080E-01
  9.880420E-01
  9.878760E-01
  9.873844E-01
  9.868848E-01
  9.863851E-01
  9.858855E-01
  9.853859E-01
  9.848863E-01
  9.843867E-01
  9.837811E-01
  9.829811E-01
  9.821811E-01
  9.813812E-01
  9.805813E-01
  9.797813E-01
  9.789814E-01
  9.781496E-01
  9.770621E-01
  9.759747E-01
  9.748873E-01
  9.737998E-01
  9.727125E-01
  9.716251E-01
  9.704677E-01
  9.690774E-01
  9.676872E-01
  9.662970E-01
  9.649068E-01
  9.635167E-01
  9.621267E-01
  9.605236E-01
  9.588274E-01
  9.571312E-01
  9.554351E-01
  9.537391E-01
  9.520431E-01
  9.502029E-01
  9.482105E-01
  9.462183E-01
  9.442262E-01
  9.422341E-01
  9.402422E-01
  9.380771E-01
  9.357908E-01
  9.335047E-01
  9.312187E-01
  9.289329E-01
  9.266472E-01
  9.240705E-01
  9.214893E-01
  9.189084E-01
  9.163277E-01
  9.137473E-01
  9.109767E-01
  9.081089E-01
  9.052413E-01
  9.023739E-01
  8.995069E-01
  8.964646E-01
  8.933076E-01
  8.901509E-01
  8.869945E-01
  8.838383E-01
  8.804328E-01
  8.769650E-01
  8.734974E-01
  8.700300E-01
  8.664857E-01
  8.626904E-01
  8.588953E-01
  8.551004E-01
  8.513057E-01
  8.472100E-01
  8.430808E-01
  8.389517E-01
  8.348227E-01
  8.304301E-01
  8.259633E-01
  8.214967E-01
  8.170303E-01
  8.122948E-01
  8.075183E-01
  8.027421E-01
  7.979270E-01
  7.928901E-01
  7.878537E-01
  7.828178E-01
  7.776348E-01
  7.723613E-01
  7.670890E-01
  7.617560E-01
  7.562519E-01
  7.507498E-01
  7.452338E-01
  7.395248E-01
  7.338190E-01
  7.281054E-01
  7.221761E-01
  7.162507E-01
  7.102780E-01
  7.040620E-01
  6.978498E-01
  6.914854E-01
  6.849246E-01
  6.783672E-01
  6.714890E-01
  6.645528E-01
  6.574716E-01
  6.501472E-01
  6.428122E-01
  6.351024E-01
  6.273943E-01
  6.193805E-01
  6.112946E-01
  6.029504E-01
  5.944921E-01
  5.857816E-01
  5.769549E-01
  5.678537E-01
  5.586735E-01
  5.491779E-01
  5.395989E-01
  5.297938E-01
  5.198250E-01
  5.097361E-01
  4.994062E-01
  4.889326E-01
  4.783069E-01
  4.674629E-01
  4.563841E-01
  4.451004E-01
  4.336290E-01
  4.220865E-01
  4.108597E-01
  4.008777E-01
  3.937295E-01
  3.925738E-01
  4.007329E-01
  3.975062E-01
  3.581118E-01
  4.023307E-01
  1.654390E-01
 -2.475596E-03
  5.639584E-02
  5.639043E-02
  5.638503E-02
  5.637963E-02
  5.637423E-02
  5.636884E-02
  5.636344E-02
  5.635804E-02
  5.635264E-02
  5.634014E-02
  5.632746E-02
  5.631478E-02
  5.630211E-02
  5.628943E-02
  5.627676E-02
  5.626408E-02
  5.625118E-02
  5.623787E-02
  5.622455E-02
  5.621123E-02
  5.619792E-02
  5.618460E-02
  5.617128E-02
  5.615773E-02
  5.614227E-02
  5.612681E-02
  5.611135E-02
  5.609589E-02
  5.608042E-02
  5.606495E-02
  5.604767E-02
  5.602433E-02
  5.600099E-02
  5.597764E-02
  5.595430E-02
  5.593095E-02
  5.590759E-02
  5.587761E-02
  5.584473E-02
  5.581184E-02
  5.577895E-02
  5.574605E-02
  5.571315E-02
  5.567405E-02
  5.562843E-02
  5.558280E-02
  5.553717E-02
  5.549152E-02
  5.544587E-02
  5.538706E-02
  5.531904E-02
  5.525101E-02
  5.518298E-02
  5.511493E-02
  5.504687E-02
  5.494757E-02
  5.484778E-02
  5.474797E-02
  5.464816E-02
  5.454835E-02
  5.442820E-02
  5.429764E-02
  5.416707E-02
  5.403649E-02
  5.390591E-02
  5.376150E-02
  5.360802E-02
  5.345452E-02
  5.330102E-02
  5.314750E-02
  5.298507E-02
  5.282038E-02
  5.265568E-02
  5.249095E-02
  5.232748E-02
  5.216814E-02
  5.200878E-02
  5.184939E-02
  5.168996E-02
  5.153756E-02
  5.138591E-02
  5.123424E-02
  5.108254E-02
  5.092144E-02
  5.075766E-02
  5.059387E-02
  5.043005E-02
  5.023857E-02
  5.004283E-02
  4.984708E-02
  4.964464E-02
  4.940427E-02
  4.916394E-02
  4.892366E-02
  4.864173E-02
  4.833421E-02
  4.802692E-02
  4.769849E-02
  4.731058E-02
  4.692325E-02
  4.653215E-02
  4.608868E-02
  4.564611E-02
  4.520339E-02
  4.474110E-02
  4.427979E-02
  4.381981E-02
  4.336252E-02
  4.290607E-02
  4.245980E-02
  4.202619E-02
  4.159316E-02
  4.119203E-02
  4.079710E-02
  4.042016E-02
  4.007269E-02
  3.972698E-02
  3.943186E-02
  3.913657E-02
  3.888599E-02
  3.864585E-02
  3.844241E-02
  3.825508E-02
  3.809976E-02
  3.795917E-02
  3.785251E-02
  3.775574E-02
  3.770201E-02
  3.766195E-02
  3.765926E-02
  3.769074E-02
  3.774854E-02
  3.786957E-02
  3.803693E-02
  3.825553E-02
  3.855375E-02
  3.894911E-02
  3.944805E-02
  4.008650E-02
  4.093040E-02
  4.211181E-02
  4.388527E-02
  4.666729E-02
  5.119105E-02
  5.817264E-02
  6.432564E-02
  6.547840E-02
  7.905371E-02
  2.628156E-02
  8.469198E-03
  1.613745E-01
  1.613271E-01
  1.612796E-01
  1.612322E-01
  1.611847E-01
  1.611373E-01
  1.610898E-01
  1.610424E-01
  1.609949E-01
  1.608713E-01
  1.607458E-01
  1.606203E-01
  1.604948E-01
  1.603693E-01
  1.602438E-01
  1.601183E-01
  1.599743E-01
  1.597966E-01
  1.596188E-01
  1.594410E-01
  1.592632E-01
  1.590854E-01
  1.589076E-01
  1.587235E-01
  1.584894E-01
  1.582553E-01
  1.580211E-01
  1.577870E-01
  1.575529E-01
  1.573187E-01
  1.570699E-01
  1.567722E-01
  1.564745E-01
  1.561769E-01
  1.558792E-01
  1.555815E-01
  1.552839E-01
  1.549432E-01
  1.545838E-01
  1.542244E-01
  1.538650E-01
  1.535057E-01
  1.531463E-01
  1.527609E-01
  1.523480E-01
  1.519352E-01
  1.515223E-01
  1.511095E-01
  1.506967E-01
  1.502598E-01
  1.498059E-01
  1.493520E-01
  1.488982E-01
  1.484444E-01
  1.479906E-01
  1.475115E-01
  1.470321E-01
  1.465527E-01
  1.460734E-01
  1.455941E-01
  1.451039E-01
  1.446080E-01
  1.441122E-01
  1.436165E-01
  1.431208E-01
  1.426103E-01
  1.420901E-01
  1.415700E-01
  1.410500E-01
  1.405300E-01
  1.399822E-01
  1.394275E-01
  1.388729E-01
  1.383184E-01
  1.377581E-01
  1.371791E-01
  1.366001E-01
  1.360211E-01
  1.354422E-01
  1.348478E-01
  1.342516E-01
  1.336554E-01
  1.330592E-01
  1.324387E-01
  1.318113E-01
  1.311839E-01
  1.305565E-01
  1.299094E-01
  1.292594E-01
  1.286094E-01
  1.279608E-01
  1.273199E-01
  1.266793E-01
  1.260388E-01
  1.254009E-01
  1.247647E-01
  1.241290E-01
  1.234848E-01
  1.228163E-01
  1.221487E-01
  1.214788E-01
  1.207704E-01
  1.200636E-01
  1.193559E-01
  1.186027E-01
  1.178514E-01
  1.170861E-01
  1.162462E-01
  1.154081E-01
  1.145131E-01
  1.135442E-01
  1.125770E-01
  1.114827E-01
  1.103655E-01
  1.091905E-01
  1.079181E-01
  1.066415E-01
  1.052165E-01
  1.037921E-01
  1.022560E-01
  1.006934E-01
  9.905398E-02
  9.738057E-02
  9.565224E-02
  9.389861E-02
  9.210784E-02
  9.030654E-02
  8.849404E-02
  8.668793E-02
  8.490263E-02
  8.315719E-02
  8.144316E-02
  7.982413E-02
  7.827832E-02
  7.681243E-02
  7.546956E-02
  7.426830E-02
  7.321400E-02
  7.236510E-02
  7.184922E-02
  7.196104E-02
  7.333630E-02
  7.704166E-02
  8.472871E-02
  9.767389E-02
  1.075687E-01
  1.014855E-01
  1.149386E-01
  2.549862E-02
 -1.808476E-09
  9.893349E-01
  9.891689E-01
  9.890029E-01
  9.888369E-01
  9.886709E-01
  9.885049E-01
  9.883390E-01
  9.881730E-01
  9.880070E-01
  9.875156E-01
  9.870161E-01
  9.865167E-01
  9.860172E-01
  9.855178E-01
  9.850183E-01
  9.845189E-01
  9.839135E-01
  9.831138E-01
  9.823142E-01
  9.815145E-01
  9.807149E-01
  9.799153E-01
  9.791157E-01
  9.782841E-01
  9.771971E-01
  9.761101E-01
  9.750231E-01
  9.739362E-01
  9.728492E-01
  9.717623E-01
  9.706054E-01
  9.692157E-01
  9.678260E-01
  9.664364E-01
  9.650469E-01
  9.636573E-01
  9.622679E-01
  9.606655E-01
  9.589700E-01
  9.572746E-01
  9.555792E-01
  9.538839E-01
  9.521887E-01
  9.503493E-01
  9.483578E-01
  9.463664E-01
  9.443752E-01
  9.423840E-01
  9.403930E-01
  9.382288E-01
  9.359434E-01
  9.336582E-01
  9.313731E-01
  9.290883E-01
  9.268036E-01
  9.242277E-01
  9.216475E-01
  9.190675E-01
  9.164877E-01
  9.139082E-01
  9.111385E-01
  9.082715E-01
  9.054047E-01
  9.025383E-01
  8.996720E-01
  8.966307E-01
  8.934745E-01
  8.903185E-01
  8.871629E-01
  8.840075E-01
  8.806028E-01
  8.771358E-01
  8.736690E-01
  8.702024E-01
  8.666588E-01
  8.628644E-01
  8.590702E-01
  8.552761E-01
  8.514822E-01
  8.473874E-01
  8.432591E-01
  8.391309E-01
  8.350028E-01
  8.306112E-01
  8.261455E-01
  8.216799E-01
  8.172145E-01
  8.124802E-01
  8.077049E-01
  8.029298E-01
  7.981160E-01
  7.930804E-01
  7.880453E-01
  7.830107E-01
  7.778291E-01
  7.725571E-01
  7.672862E-01
  7.619547E-01
  7.564521E-01
  7.509517E-01
  7.454373E-01
  7.397299E-01
  7.340258E-01
  7.283138E-01
  7.223864E-01
  7.164627E-01
  7.104918E-01
  7.042778E-01
  6.980675E-01
  6.917051E-01
  6.851463E-01
  6.785909E-01
  6.717148E-01
  6.647808E-01
  6.577019E-01
  6.503799E-01
  6.430473E-01
  6.353401E-01
  6.276347E-01
  6.196237E-01
  6.115407E-01
  6.031995E-01
  5.947444E-01
  5.860372E-01
  5.772138E-01
  5.681162E-01
  5.589397E-01
  5.494481E-01
  5.398733E-01
  5.300727E-01
  5.201090E-01
  5.100256E-01
  4.997026E-01
  4.892372E-01
  4.786211E-01
  4.677894E-01
  4.567267E-01
  4.454635E-01
  4.340181E-01
  4.225084E-01
  4.113223E-01
  4.013880E-01
  3.942908E-01
  3.931803E-01
  4.013609E-01
  3.981142E-01
  3.586788E-01
  4.026098E-01
  1.648470E-01
 -3.502413E-03
  5.019667E-02
  5.019169E-02
  5.018671E-02
  5.018172E-02
  5.017674E-02
  5.017176E-02
  5.016678E-02
  5.016180E-02
  5.015681E-02
  5.014508E-02
  5.013319E-02
  5.012129E-02
  5.010939E-02
  5.009750E-02
  5.008560E-02
  5.007370E-02
  5.006144E-02
  5.004851E-02
  5.003557E-02
  5.002263E-02
  5.000970E-02
  4.999676E-02
  4.998382E-02
  4.997060E-02
  4.995506E-02
  4.993952E-02
  4.992399E-02
  4.990845E-02
  4.989290E-02
  4.987736E-02
  4.985996E-02
  4.983640E-02
  4.981284E-02
  4.978927E-02
  4.976570E-02
  4.974213E-02
  4.971855E-02
  4.968835E-02
  4.965526E-02
  4.962215E-02
  4.958905E-02
  4.955593E-02
  4.952281E-02
  4.948353E-02
  4.943775E-02
  4.939196E-02
  4.934616E-02
  4.930035E-02
  4.925453E-02
  4.919559E-02
  4.912745E-02
  4.905930E-02
  4.899114E-02
  4.892297E-02
  4.885479E-02
  4.875538E-02
  4.865546E-02
  4.855554E-02
  4.845561E-02
  4.835567E-02
  4.823540E-02
  4.810470E-02
  4.797400E-02
  4.784329E-02
  4.771257E-02
  4.756803E-02
  4.741440E-02
  4.726075E-02
  4.710710E-02
  4.695344E-02
  4.679081E-02
  4.662592E-02
  4.646101E-02
  4.629608E-02
  4.613235E-02
  4.597263E-02
  4.581287E-02
  4.565308E-02
  4.549326E-02
  4.534013E-02
  4.518772E-02
  4.503529E-02
  4.488284E-02
  4.472063E-02
  4.455566E-02
  4.439066E-02
  4.422564E-02
  4.403258E-02
  4.383520E-02
  4.363780E-02
  4.343366E-02
  4.319128E-02
  4.294893E-02
  4.270663E-02
  4.242260E-02
  4.211292E-02
  4.180346E-02
  4.147295E-02
  4.108315E-02
  4.069393E-02
  4.030097E-02
  3.985627E-02
  3.941244E-02
  3.896849E-02
  3.850588E-02
  3.804421E-02
  3.758404E-02
  3.712751E-02
  3.667179E-02
  3.622674E-02
  3.579501E-02
  3.536382E-02
  3.496537E-02
  3.457326E-02
  3.419933E-02
  3.385526E-02
  3.351293E-02
  3.322134E-02
  3.292957E-02
  3.268234E-02
  3.244550E-02
  3.224505E-02
  3.206056E-02
  3.190768E-02
  3.176934E-02
  3.166444E-02
  3.156929E-02
  3.151637E-02
  3.147672E-02
  3.147334E-02
  3.150234E-02
  3.155626E-02
  3.166826E-02
  3.182139E-02
  3.201952E-02
  3.228569E-02
  3.263230E-02
  3.306370E-02
  3.361016E-02
  3.433105E-02
  3.535291E-02
  3.693038E-02
  3.949496E-02
  4.382273E-02
  5.071222E-02
  5.698974E-02
  5.852522E-02
  7.261073E-02
  1.999912E-02
  1.220182E-03
  1.618375E-01
  1.617899E-01
  1.617424E-01
  1.616948E-01
  1.616473E-01
  1.615997E-01
  1.615522E-01
  1.615046E-01
  1.614571E-01
  1.613332E-01
  1.612075E-01
  1.610818E-01
  1.609561E-01
  1.608304E-01
  1.607047E-01
  1.605790E-01
  1.604348E-01
  1.602568E-01
  1.600787E-01
  1.599006E-01
  1.597226E-01
  1.595445E-01
  1.593665E-01
  1.591822E-01
  1.589477E-01
  1.587132E-01
  1.584787E-01
  1.582442E-01
  1.580098E-01
  1.577753E-01
  1.575261E-01
  1.572280E-01
  1.569298E-01
  1.566317E-01
  1.563335E-01
  1.560354E-01
  1.557373E-01
  1.553961E-01
  1.550361E-01
  1.546760E-01
  1.543160E-01
  1.539560E-01
  1.535960E-01
  1.532098E-01
  1.527961E-01
  1.523824E-01
  1.519687E-01
  1.515550E-01
  1.511414E-01
  1.507034E-01
  1.502483E-01
  1.497933E-01
  1.493384E-01
  1.488835E-01
  1.484286E-01
  1.479481E-01
  1.474673E-01
  1.469866E-01
  1.465059E-01
  1.460253E-01
  1.455336E-01
  1.450362E-01
  1.445389E-01
  1.440416E-01
  1.435445E-01
  1.430324E-01
  1.425107E-01
  1.419890E-01
  1.414674E-01
  1.409459E-01
  1.403967E-01
  1.398405E-01
  1.392844E-01
  1.387284E-01
  1.381668E-01
  1.375866E-01
  1.370064E-01
  1.364263E-01
  1.358462E-01
  1.352508E-01
  1.346537E-01
  1.340565E-01
  1.334594E-01
  1.328378E-01
  1.322094E-01
  1.315809E-01
  1.309525E-01
  1.303038E-01
  1.296521E-01
  1.290004E-01
  1.283500E-01
  1.277065E-01
  1.270632E-01
  1.264200E-01
  1.257785E-01
  1.251383E-01
  1.244985E-01
  1.238498E-01
  1.231755E-01
  1.225022E-01
  1.218265E-01
  1.211110E-01
  1.203971E-01
  1.196822E-01
  1.189212E-01
  1.181620E-01
  1.173889E-01
  1.165409E-01
  1.156948E-01
  1.147918E-01
  1.138151E-01
  1.128401E-01
  1.117384E-01
  1.106140E-01
  1.094319E-01
  1.081530E-01
  1.068700E-01
  1.054393E-01
  1.040092E-01
  1.024683E-01
  1.009011E-01
  9.925773E-02
  9.758068E-02
  9.584940E-02
  9.409314E-02
  9.230050E-02
  9.049753E-02
  8.868426E-02
  8.687763E-02
  8.509251E-02
  8.334788E-02
  8.163509E-02
  8.001846E-02
  7.847588E-02
  7.701414E-02
  7.567693E-02
  7.448326E-02
  7.343849E-02
  7.260149E-02
  7.210033E-02
  7.223157E-02
  7.362733E-02
  7.735416E-02
  8.505963E-02
  9.801262E-02
  1.078960E-01
  1.017848E-01
  1.151235E-01
  2.544286E-02
 -3.419764E-09
 -1.305855E-04
 -1.306406E-04
 -1.306957E-04
 -1.307509E-04
 -1.308060E-04
 -1.308611E-04
 -1.309162E-04
 -1.309713E-04
 -1.310264E-04
 -1.311961E-04
 -1.313685E-04
 -1.315409E-04
 -1.317134E-04
 -1.318858E-04
 -1.320583E-04
 -1.322307E-04
 -1.324474E-04
 -1.327453E-04
 -1.330431E-04
 -1.333410E-04
 -1.336388E-04
 -1.339367E-04
 -1.342345E-04
 -1.345480E-04
 -1.349870E-04
 -1.354259E-04
 -1.358649E-04
 -1.363038E-04
 -1.367428E-04
 -1.371817E-04
 -1.376556E-04
 -1.382459E-04
 -1.388361E-04
 -1.394264E-04
 -1.400166E-04
 -1.406068E-04
 -1.411970E-04
 -1.418929E-04
 -1.426351E-04
 -1.433773E-04
 -1.441194E-04
 -1.448615E-04
 -1.456036E-04
 -1.464081E-04
 -1.472782E-04
 -1.481483E-04
 -1.490183E-04
 -1.498883E-04
 -1.507582E-04
 -1.516655E-04
 -1.525988E-04
 -1.535320E-04
 -1.544651E-04
 -1.553982E-04
 -1.563311E-04
 -1.572463E-04
 -1.581611E-04
 -1.590758E-04
 -1.599904E-04
 -1.609047E-04
 -1.617786E-04
 -1.626316E-04
 -1.634845E-04
 -1.643371E-04
 -1.651896E-04
 -1.660121E-04
 -1.668150E-04
 -1.676176E-04
 -1.684201E-04
 -1.692223E-04
 -1.700173E-04
 -1.708103E-04
 -1.716031E-04
 -1.723957E-04
 -1.731957E-04
 -1.740202E-04
 -1.748445E-04
 -1.756687E-04
 -1.764927E-04
 -1.773856E-04
 -1.782862E-04
 -1.791867E-04
 -1.800871E-04
 -1.810907E-04
 -1.821232E-04
 -1.831555E-04
 -1.841877E-04
 -1.853563E-04
 -1.865453E-04
 -1.877337E-04
 -1.889431E-04
 -1.902740E-04
 -1.916035E-04
 -1.929316E-04
 -1.943366E-04
 -1.957875E-04
 -1.972357E-04
 -1.987161E-04
 -2.002902E-04
 -2.018600E-04
 -2.034352E-04
 -2.051235E-04
 -2.068059E-04
 -2.084881E-04
 -2.102785E-04
 -2.120619E-04
 -2.138608E-04
 -2.157611E-04
 -2.176542E-04
 -2.196067E-04
 -2.216380E-04
 -2.236627E-04
 -2.258325E-04
 -2.280253E-04
 -2.302927E-04
 -2.326887E-04
 -2.350887E-04
 -2.377215E-04
 -2.403520E-04
 -2.431918E-04
 -2.460811E-04
 -2.491461E-04
 -2.522896E-04
 -2.556008E-04
 -2.589901E-04
 -2.625826E-04
 -2.662346E-04
 -2.702192E-04
 -2.743478E-04
 -2.788903E-04
 -2.839778E-04
 -2.894932E-04
 -2.963861E-04
 -3.045409E-04
 -3.141832E-04
 -3.264991E-04
 -3.426505E-04
 -3.631003E-04
 -3.890926E-04
 -4.219546E-04
 -4.625489E-04
 -5.102089E-04
 -5.613077E-04
 -6.065242E-04
 -6.279831E-04
 -6.080100E-04
 -5.670249E-04
 -2.790927E-04
  5.919746E-04
  1.026817E-03
  6.199162E-03
  6.198745E-03
  6.198328E-03
  6.197910E-03
  6.197493E-03
  6.197076E-03
  6.196659E-03
  6.196242E-03
  6.195825E-03
  6.195054E-03
  6.194275E-03
  6.193496E-03
  6.192716E-03
  6.191937E-03
  6.191158E-03
  6.190378E-03
  6.189740E-03
  6.189360E-03
  6.188980E-03
  6.188600E-03
  6.188220E-03
  6.187840E-03
  6.187460E-03
  6.187131E-03
  6.187208E-03
  6.187285E-03
  6.187363E-03
  6.187440E-03
  6.187518E-03
  6.187595E-03
  6.187706E-03
  6.187929E-03
  6.188152E-03
  6.188375E-03
  6.188598E-03
  6.188821E-03
  6.189045E-03
  6.189261E-03
  6.189475E-03
  6.189689E-03
  6.189904E-03
  6.190118E-03
  6.190333E-03
  6.190521E-03
  6.190682E-03
  6.190844E-03
  6.191006E-03
  6.191169E-03
  6.191331E-03
  6.191469E-03
  6.191590E-03
  6.191711E-03
  6.191833E-03
  6.191956E-03
  6.192079E-03
  6.192197E-03
  6.192315E-03
  6.192435E-03
  6.192555E-03
  6.192677E-03
  6.192804E-03
  6.192936E-03
  6.193068E-03
  6.193201E-03
  6.193336E-03
  6.193477E-03
  6.193622E-03
  6.193768E-03
  6.193915E-03
  6.194063E-03
  6.194256E-03
  6.194460E-03
  6.194665E-03
  6.194871E-03
  6.195122E-03
  6.195516E-03
  6.195912E-03
  6.196308E-03
  6.196705E-03
  6.197427E-03
  6.198187E-03
  6.198947E-03
  6.199708E-03
  6.200809E-03
  6.202007E-03
  6.203206E-03
  6.204406E-03
  6.205990E-03
  6.207634E-03
  6.209280E-03
  6.210981E-03
  6.212995E-03
  6.215011E-03
  6.217032E-03
  6.219133E-03
  6.221290E-03
  6.223456E-03
  6.225549E-03
  6.227426E-03
  6.229323E-03
  6.231186E-03
  6.232409E-03
  6.233664E-03
  6.234903E-03
  6.235222E-03
  6.235581E-03
  6.235773E-03
  6.235009E-03
  6.234285E-03
  6.233060E-03
  6.231179E-03
  6.229335E-03
  6.226657E-03
  6.223847E-03
  6.220826E-03
  6.217430E-03
  6.214051E-03
  6.210515E-03
  6.206996E-03
  6.203646E-03
  6.200345E-03
  6.197360E-03
  6.194519E-03
  6.192079E-03
  6.189825E-03
  6.188068E-03
  6.186456E-03
  6.185645E-03
  6.185222E-03
  6.185926E-03
  6.188393E-03
  6.192282E-03
  6.201309E-03
  6.215537E-03
  6.236012E-03
  6.268050E-03
  6.316807E-03
  6.384344E-03
  6.476343E-03
  6.599346E-03
  6.758902E-03
  6.954888E-03
  7.172328E-03
  7.368321E-03
  7.460413E-03
  7.335893E-03
  6.953181E-03
  6.442980E-03
  6.282439E-03
  7.249016E-03
 -4.629600E-04
 -4.628555E-04
 -4.627511E-04
 -4.626467E-04
 -4.625422E-04
 -4.624378E-04
 -4.623334E-04
 -4.622290E-04
 -4.621246E-04
 -4.619228E-04
 -4.617186E-04
 -4.615145E-04
 -4.613104E-04
 -4.611063E-04
 -4.609022E-04
 -4.606981E-04
 -4.604726E-04
 -4.602076E-04
 -4.599427E-04
 -4.596777E-04
 -4.594128E-04
 -4.591479E-04
 -4.588830E-04
 -4.586099E-04
 -4.582713E-04
 -4.579326E-04
 -4.575939E-04
 -4.572552E-04
 -4.569165E-04
 -4.565778E-04
 -4.562108E-04
 -4.557498E-04
 -4.552889E-04
 -4.548279E-04
 -4.543669E-04
 -4.539059E-04
 -4.534449E-04
 -4.528626E-04
 -4.522274E-04
 -4.515920E-04
 -4.509567E-04
 -4.503214E-04
 -4.496860E-04
 -4.489389E-04
 -4.480738E-04
 -4.472087E-04
 -4.463437E-04
 -4.454786E-04
 -4.446135E-04
 -4.435942E-04
 -4.424669E-04
 -4.413397E-04
 -4.402125E-04
 -4.390854E-04
 -4.379583E-04
 -4.366051E-04
 -4.352485E-04
 -4.338921E-04
 -4.325358E-04
 -4.311797E-04
 -4.297178E-04
 -4.282018E-04
 -4.266861E-04
 -4.251706E-04
 -4.236553E-04
 -4.221130E-04
 -4.205532E-04
 -4.189936E-04
 -4.174342E-04
 -4.158750E-04
 -4.144072E-04
 -4.129624E-04
 -4.115177E-04
 -4.100733E-04
 -4.086921E-04
 -4.075162E-04
 -4.063403E-04
 -4.051645E-04
 -4.039887E-04
 -4.030263E-04
 -4.020877E-04
 -4.011489E-04
 -4.002101E-04
 -3.991684E-04
 -3.980976E-04
 -3.970268E-04
 -3.959558E-04
 -3.943792E-04
 -3.927252E-04
 -3.910713E-04
 -3.892644E-04
 -3.865868E-04
 -3.839100E-04
 -3.812343E-04
 -3.776811E-04
 -3.735872E-04
 -3.694962E-04
 -3.649725E-04
 -3.592321E-04
 -3.534983E-04
 -3.476668E-04
 -3.405700E-04
 -3.334838E-04
 -3.263702E-04
 -3.185089E-04
 -3.106611E-04
 -3.027844E-04
 -2.947175E-04
 -2.866648E-04
 -2.787110E-04
 -2.708796E-04
 -2.630619E-04
 -2.556920E-04
 -2.484155E-04
 -2.414277E-04
 -2.349098E-04
 -2.284300E-04
 -2.228045E-04
 -2.171858E-04
 -2.123450E-04
 -2.076933E-04
 -2.037448E-04
 -2.001093E-04
 -1.971638E-04
 -1.945375E-04
 -1.926580E-04
 -1.909942E-04
 -1.902188E-04
 -1.897002E-04
 -1.898870E-04
 -1.906859E-04
 -1.919385E-04
 -1.943274E-04
 -1.975543E-04
 -2.017065E-04
 -2.073769E-04
 -2.149579E-04
 -2.244863E-04
 -2.363907E-04
 -2.511079E-04
 -2.705337E-04
 -2.910332E-04
 -3.124946E-04
 -3.309213E-04
 -3.387263E-04
 -3.272932E-04
 -2.992985E-04
 -1.849933E-04
  5.576240E-05
  1.611289E-09
  1.273240E+00
  1.273211E+00
  1.273125E+00
  1.272981E+00
  1.272781E+00
  1.272522E+00
  1.272207E+00
  1.271834E+00
  1.271403E+00
  1.270915E+00
  1.270369E+00
  1.269765E+00
  1.269104E+00
  1.268384E+00
  1.267607E+00
  1.266771E+00
  1.265877E+00
  1.264925E+00
  1.263915E+00
  1.262845E+00
  1.261717E+00
  1.260530E+00
  1.259284E+00
  1.257979E+00
  1.256614E+00
  1.255190E+00
  1.253705E+00
  1.252161E+00
  1.250556E+00
  1.248891E+00
  1.247165E+00
  1.245378E+00
  1.243529E+00
  1.241620E+00
  1.239648E+00
  1.237614E+00
  1.235518E+00
  1.233359E+00
  1.231136E+00
  1.228851E+00
  1.226501E+00
  1.224088E+00
  1.221610E+00
  1.219067E+00
  1.216458E+00
  1.213784E+00
  1.211044E+00
  1.208237E+00
  1.205362E+00
  1.202421E+00
  1.199411E+00
  1.196332E+00
  1.193185E+00
  1.189968E+00
  1.186680E+00
  1.183322E+00
  1.179892E+00
  1.176390E+00
  1.172816E+00
  1.169168E+00
  1.165446E+00
  1.161649E+00
  1.157776E+00
  1.153828E+00
  1.149802E+00
  1.145699E+00
  1.141516E+00
  1.137254E+00
  1.132912E+00
  1.128488E+00
  1.123982E+00
  1.119393E+00
  1.114719E+00
  1.109960E+00
  1.105114E+00
  1.100180E+00
  1.095157E+00
  1.090045E+00
  1.084841E+00
  1.079544E+00
  1.074153E+00
  1.068667E+00
  1.063083E+00
  1.057401E+00
  1.051619E+00
  1.045735E+00
  1.039748E+00
  1.033655E+00
  1.027455E+00
  1.021146E+00
  1.014726E+00
  1.008193E+00
  1.001543E+00
  9.947766E-01
  9.878894E-01
  9.808795E-01
  9.737441E-01
  9.664805E-01
  9.590857E-01
  9.515567E-01
  9.438904E-01
  9.360832E-01
  9.281318E-01
  9.200322E-01
  9.117806E-01
  9.033729E-01
  8.948045E-01
  8.860709E-01
  8.771671E-01
  8.680879E-01
  8.588277E-01
  8.493806E-01
  8.397402E-01
  8.299000E-01
  8.198525E-01
  8.095903E-01
  7.991048E-01
  7.883874E-01
  7.774283E-01
  7.662172E-01
  7.547428E-01
  7.429930E-01
  7.309546E-01
  7.186128E-01
  7.059520E-01
  6.929545E-01
  6.796012E-01
  6.658704E-01
  6.517385E-01
  6.371787E-01
  6.221609E-01
  6.066513E-01
  5.906109E-01
  5.739954E-01
  5.567532E-01
  5.388241E-01
  5.201372E-01
  5.006076E-01
  4.801325E-01
  4.585853E-01
  4.358068E-01
  4.115929E-01
  3.856731E-01
  3.576769E-01
  3.270715E-01
  2.930404E-01
  2.542116E-01
  2.079144E-01
  1.472658E-01
  0.000000E+00
  1.109548E-01
  1.109480E-01
  1.109412E-01
  1.109343E-01
  1.109275E-01
  1.109207E-01
  1.109138E-01
  1.109070E-01
  1.109002E-01
  1.108883E-01
  1.108764E-01
  1.108644E-01
  1.108525E-01
  1.108405E-01
  1.108286E-01
  1.108166E-01
  1.108025E-01
  1.107843E-01
  1.107661E-01
  1.107479E-01
  1.107297E-01
  1.107115E-01
  1.106934E-01
  1.106743E-01
  1.106484E-01
  1.106224E-01
  1.105965E-01
  1.105706E-01
  1.105446E-01
  1.105187E-01
  1.104905E-01
  1.104549E-01
  1.104192E-01
  1.103836E-01
  1.103479E-01
  1.103123E-01
  1.102767E-01
  1.102326E-01
  1.101849E-01
  1.101372E-01
  1.100895E-01
  1.100418E-01
  1.099942E-01
  1.099398E-01
  1.098783E-01
  1.098168E-01
  1.097553E-01
  1.096938E-01
  1.096324E-01
  1.095642E-01
  1.094913E-01
  1.094184E-01
  1.093455E-01
  1.092726E-01
  1.091997E-01
  1.091242E-01
  1.090486E-01
  1.089731E-01
  1.088975E-01
  1.088225E-01
  1.087617E-01
  1.087031E-01
  1.086445E-01
  1.085860E-01
  1.085274E-01
  1.084774E-01
  1.084330E-01
  1.083886E-01
  1.083442E-01
  1.082997E-01
  1.082735E-01
  1.082519E-01
  1.082302E-01
  1.082086E-01
  1.081942E-01
  1.082033E-01
  1.082125E-01
  1.082216E-01
  1.082308E-01
  1.082637E-01
  1.083017E-01
  1.083396E-01
  1.083776E-01
  1.084065E-01
  1.084329E-01
  1.084593E-01
  1.084856E-01
  1.084725E-01
  1.084534E-01
  1.084342E-01
  1.084036E-01
  1.083079E-01
  1.082123E-01
  1.081166E-01
  1.079565E-01
  1.077564E-01
  1.075564E-01
  1.073612E-01
  1.070896E-01
  1.068179E-01
  1.065398E-01
  1.061880E-01
  1.058971E-01
  1.056044E-01
  1.052772E-01
  1.049799E-01
  1.047346E-01
  1.045050E-01
  1.042754E-01
  1.041155E-01
  1.039618E-01
  1.038080E-01
  1.036950E-01
  1.036108E-01
  1.035315E-01
  1.034604E-01
  1.033897E-01
  1.033519E-01
  1.033275E-01
  1.033084E-01
  1.032907E-01
  1.032767E-01
  1.032644E-01
  1.032546E-01
  1.032461E-01
  1.032396E-01
  1.032336E-01
  1.032292E-01
  1.032250E-01
  1.032215E-01
  1.032183E-01
  1.032151E-01
  1.032120E-01
  1.032088E-01
  1.032053E-01
  1.032016E-01
  1.031991E-01
  1.031983E-01
  1.031975E-01
  1.031967E-01
  1.031967E-01
  1.031894E-01
  1.031867E-01
  1.031855E-01
  1.031842E-01
  1.031993E-01
  1.032922E-01
  1.034404E-01
  1.211643E-01
  2.269647E-02
 -1.435840E-01
 -1.430885E-01
 -1.425929E-01
 -1.420974E-01
 -1.416018E-01
 -1.411062E-01
 -1.406107E-01
 -1.401151E-01
 -1.396196E-01
 -1.388042E-01
 -1.379809E-01
 -1.371577E-01
 -1.363344E-01
 -1.355111E-01
 -1.346878E-01
 -1.338646E-01
 -1.329166E-01
 -1.317401E-01
 -1.305635E-01
 -1.293870E-01
 -1.282105E-01
 -1.270339E-01
 -1.258574E-01
 -1.246402E-01
 -1.230975E-01
 -1.215548E-01
 -1.200122E-01
 -1.184695E-01
 -1.169269E-01
 -1.153842E-01
 -1.137632E-01
 -1.118820E-01
 -1.100008E-01
 -1.081196E-01
 -1.062384E-01
 -1.043571E-01
 -1.024759E-01
 -1.004565E-01
 -9.837663E-02
 -9.629675E-02
 -9.421686E-02
 -9.213697E-02
 -9.005708E-02
 -8.808581E-02
 -8.622914E-02
 -8.437248E-02
 -8.251581E-02
 -8.065914E-02
 -7.880247E-02
 -7.764315E-02
 -7.697228E-02
 -7.630140E-02
 -7.563053E-02
 -7.495965E-02
 -7.428878E-02
 -7.578402E-02
 -7.731336E-02
 -7.884270E-02
 -8.037204E-02
 -8.190137E-02
 -8.466317E-02
 -8.805675E-02
 -9.145034E-02
 -9.484393E-02
 -9.823752E-02
 -1.021626E-01
 -1.064364E-01
 -1.107102E-01
 -1.149840E-01
 -1.192578E-01
 -1.231084E-01
 -1.268528E-01
 -1.305972E-01
 -1.343416E-01
 -1.375748E-01
 -1.391471E-01
 -1.407194E-01
 -1.422917E-01
 -1.438639E-01
 -1.431842E-01
 -1.422526E-01
 -1.413210E-01
 -1.403894E-01
 -1.395681E-01
 -1.387779E-01
 -1.379878E-01
 -1.371976E-01
 -1.390129E-01
 -1.412277E-01
 -1.434425E-01
 -1.464976E-01
 -1.543327E-01
 -1.621678E-01
 -1.700028E-01
 -1.827683E-01
 -1.985831E-01
 -2.143979E-01
 -2.327490E-01
 -2.582153E-01
 -2.836814E-01
 -3.096737E-01
 -3.421121E-01
 -3.745502E-01
 -4.070961E-01
 -4.418066E-01
 -4.765167E-01
 -5.109473E-01
 -5.440239E-01
 -5.771001E-01
 -6.081822E-01
 -6.367081E-01
 -6.652338E-01
 -6.882688E-01
 -7.102744E-01
 -7.293857E-01
 -7.436908E-01
 -7.577235E-01
 -7.637462E-01
 -7.697688E-01
 -7.689594E-01
 -7.665167E-01
 -7.582635E-01
 -7.474304E-01
 -7.311892E-01
 -7.124462E-01
 -6.881420E-01
 -6.622264E-01
 -6.301919E-01
 -5.965814E-01
 -5.587397E-01
 -5.179689E-01
 -4.750678E-01
 -4.281562E-01
 -3.791386E-01
 -3.280047E-01
 -2.742054E-01
 -2.180482E-01
 -1.600168E-01
 -1.001150E-01
 -3.838985E-02
  8.212454E-02
  1.472591E-01
  2.139561E-01
  2.821155E-01
  3.516378E-01
  4.224264E-01
  4.943890E-01
  5.675932E-01
 -2.078677E-01
  8.334486E-02
  9.799855E-01
  9.799854E-01
  9.799854E-01
  9.799854E-01
  9.799854E-01
  9.799853E-01
  9.799853E-01
  9.799853E-01
  9.799853E-01
  9.799853E-01
  9.799852E-01
  9.799852E-01
  9.799852E-01
  9.799851E-01
  9.799851E-01
  9.799851E-01
  9.799850E-01
  9.799850E-01
  9.799849E-01
  9.799849E-01
  9.799848E-01
  9.799848E-01
  9.799847E-01
  9.799847E-01
  9.799846E-01
  9.799846E-01
  9.799845E-01
  9.799845E-01
  9.799844E-01
  9.799844E-01
  9.799843E-01
  9.799842E-01
  9.799842E-01
  9.799841E-01
  9.799841E-01
  9.799840E-01
  9.799839E-01
  9.799839E-01
  9.799838E-01
  9.799838E-01
  9.799837E-01
  9.799836E-01
  9.799836E-01
  9.799835E-01
  9.799835E-01
  9.799834E-01
  9.799834E-01
  9.799833E-01
  9.799833E-01
  9.799833E-01
  9.799833E-01
  9.799832E-01
  9.799832E-01
  9.799832E-01
  9.799832E-01
  9.799832E-01
  9.799833E-01
  9.799833E-01
  9.799833E-01
  9.799834E-01
  9.799834E-01
  9.799835E-01
  9.799836E-01
  9.799837E-01
  9.799838E-01
  9.799839E-01
  9.799841E-01
  9.799842E-01
  9.799844E-01
  9.799845E-01
  9.799846E-01
  9.799848E-01
  9.799849E-01
  9.799851E-01
  9.799852E-01
  9.799853E-01
  9.799853E-01
  9.799854E-01
  9.799855E-01
  9.799854E-01
  9.799854E-01
  9.799854E-01
  9.799853E-01
  9.799853E-01
  9.799853E-01
  9.799852E-01
  9.799852E-01
  9.799853E-01
  9.799854E-01
  9.799854E-01
  9.799856E-01
  9.799859E-01
  9.799863E-01
  9.799867E-01
  9.799874E-01
  9.799883E-01
  9.799892E-01
  9.799905E-01
  9.799923E-01
  9.799944E-01
  9.799967E-01
  9.799998E-01
  9.800033E-01
  9.800071E-01
  9.800115E-01
  9.800163E-01
  9.800213E-01
  9.800266E-01
  9.800321E-01
  9.800376E-01
  9.800429E-01
  9.800484E-01
  9.800531E-01
  9.800577E-01
  9.800618E-01
  9.800649E-01
  9.800681E-01
  9.800694E-01
  9.800708E-01
  9.800706E-01
  9.800701E-01
  9.800682E-01
  9.800658E-01
  9.800622E-01
  9.800581E-01
  9.800531E-01
  9.800478E-01
  9.800417E-01
  9.800355E-01
  9.800290E-01
  9.800224E-01
  9.800161E-01
  9.800097E-01
  9.800038E-01
  9.799984E-01
  9.799936E-01
  9.799895E-01
  9.799862E-01
  9.799839E-01
  9.799826E-01
  9.799834E-01
  9.799856E-01
  9.799892E-01
  9.799943E-01
  9.800008E-01
  9.800090E-01
  9.800189E-01
  9.800305E-01
  7.134822E-01
  4.028556E-06
 -3.184757E+02
 -3.183769E+02
 -3.182782E+02
 -3.181794E+02
 -3.180806E+02
 -3.179818E+02
 -3.178830E+02
 -3.177842E+02
 -3.176855E+02
 -3.173542E+02
 -3.170172E+02
 -3.166802E+02
 -3.163432E+02
 -3.160062E+02
 -3.156692E+02
 -3.153322E+02
 -3.148962E+02
 -3.142788E+02
 -3.136614E+02
 -3.130441E+02
 -3.124267E+02
 -3.118094E+02
 -3.111921E+02
 -3.105469E+02
 -3.096782E+02
 -3.088095E+02
 -3.079409E+02
 -3.070723E+02
 -3.062038E+02
 -3.053352E+02
 -3.044200E+02
 -3.033492E+02
 -3.022785E+02
 -3.012079E+02
 -3.001374E+02
 -2.990669E+02
 -2.979965E+02
 -2.967961E+02
 -2.955388E+02
 -2.942817E+02
 -2.930247E+02
 -2.917678E+02
 -2.905110E+02
 -2.891851E+02
 -2.877863E+02
 -2.863878E+02
 -2.849894E+02
 -2.835912E+02
 -2.821932E+02
 -2.807760E+02
 -2.793454E+02
 -2.779151E+02
 -2.764851E+02
 -2.750553E+02
 -2.736258E+02
 -2.722657E+02
 -2.709071E+02
 -2.695487E+02
 -2.681906E+02
 -2.668328E+02
 -2.655195E+02
 -2.642292E+02
 -2.629393E+02
 -2.616496E+02
 -2.603603E+02
 -2.590574E+02
 -2.577457E+02
 -2.564345E+02
 -2.551236E+02
 -2.538131E+02
 -2.523633E+02
 -2.508789E+02
 -2.493950E+02
 -2.479116E+02
 -2.463404E+02
 -2.444830E+02
 -2.426260E+02
 -2.407696E+02
 -2.389136E+02
 -2.366915E+02
 -2.344286E+02
 -2.321662E+02
 -2.299042E+02
 -2.274947E+02
 -2.250439E+02
 -2.225936E+02
 -2.201436E+02
 -2.177444E+02
 -2.153533E+02
 -2.129627E+02
 -2.106094E+02
 -2.084665E+02
 -2.063235E+02
 -2.041806E+02
 -2.023609E+02
 -2.007399E+02
 -1.991174E+02
 -1.976724E+02
 -1.967265E+02
 -1.957762E+02
 -1.948546E+02
 -1.943320E+02
 -1.938024E+02
 -1.932671E+02
 -1.927436E+02
 -1.922128E+02
 -1.916221E+02
 -1.907686E+02
 -1.899093E+02
 -1.887908E+02
 -1.873434E+02
 -1.858926E+02
 -1.837790E+02
 -1.815409E+02
 -1.789635E+02
 -1.758245E+02
 -1.726558E+02
 -1.685642E+02
 -1.644762E+02
 -1.595970E+02
 -1.545323E+02
 -1.488112E+02
 -1.428013E+02
 -1.361931E+02
 -1.293096E+02
 -1.217851E+02
 -1.140748E+02
 -1.055830E+02
 -9.685924E+01
 -8.750247E+01
 -7.760857E+01
 -6.730650E+01
 -5.606932E+01
 -4.417840E+01
 -3.157109E+01
 -1.786786E+01
 -2.857519E+00
  1.350286E+01
  3.159753E+01
  5.204933E+01
  7.595983E+01
  1.052761E+02
  1.431182E+02
  1.946327E+02
  2.646189E+02
  3.362726E+02
  3.868315E+02
  4.957800E+02
  9.791433E+01
  3.976801E-04
  1.107641E+04
  1.107455E+04
  1.107270E+04
  1.107084E+04
  1.106898E+04
  1.106713E+04
  1.106527E+04
  1.106342E+04
  1.106156E+04
  1.105607E+04
  1.105049E+04
  1.104491E+04
  1.103933E+04
  1.103375E+04
  1.102817E+04
  1.102259E+04
  1.101583E+04
  1.100691E+04
  1.099798E+04
  1.098905E+04
  1.098013E+04
  1.097120E+04
  1.096227E+04
  1.095299E+04
  1.094086E+04
  1.092873E+04
  1.091659E+04
  1.090446E+04
  1.089233E+04
  1.088020E+04
  1.086728E+04
  1.085177E+04
  1.083626E+04
  1.082074E+04
  1.080523E+04
  1.078972E+04
  1.077420E+04
  1.075631E+04
  1.073738E+04
  1.071845E+04
  1.069952E+04
  1.068059E+04
  1.066166E+04
  1.064111E+04
  1.061887E+04
  1.059663E+04
  1.057438E+04
  1.055214E+04
  1.052990E+04
  1.050572E+04
  1.048018E+04
  1.045464E+04
  1.042910E+04
  1.040357E+04
  1.037804E+04
  1.034923E+04
  1.032037E+04
  1.029152E+04
  1.026267E+04
  1.023382E+04
  1.020283E+04
  1.017075E+04
  1.013868E+04
  1.010660E+04
  1.007453E+04
  1.004050E+04
  1.000517E+04
  9.969855E+03
  9.934538E+03
  9.899225E+03
  9.861124E+03
  9.822327E+03
  9.783532E+03
  9.744740E+03
  9.705091E+03
  9.662650E+03
  9.620210E+03
  9.577773E+03
  9.535337E+03
  9.489554E+03
  9.443398E+03
  9.397243E+03
  9.351089E+03
  9.301989E+03
  9.252060E+03
  9.202133E+03
  9.152207E+03
  9.099259E+03
  9.045849E+03
  8.992442E+03
  8.938597E+03
  8.882245E+03
  8.825899E+03
  8.769559E+03
  8.711542E+03
  8.652495E+03
  8.593461E+03
  8.533733E+03
  8.472047E+03
  8.410385E+03
  8.348567E+03
  8.284555E+03
  8.220581E+03
  8.156522E+03
  8.090047E+03
  8.023616E+03
  7.956663E+03
  7.887002E+03
  7.817386E+03
  7.746082E+03
  7.672599E+03
  7.599156E+03
  7.522160E+03
  7.444524E+03
  7.365284E+03
  7.283355E+03
  7.201309E+03
  7.115121E+03
  7.028952E+03
  6.939407E+03
  6.849067E+03
  6.755874E+03
  6.661421E+03
  6.564182E+03
  6.465659E+03
  6.364105E+03
  6.261679E+03
  6.155776E+03
  6.048958E+03
  5.939654E+03
  5.828561E+03
  5.716158E+03
  5.601131E+03
  5.484550E+03
  5.366329E+03
  5.245754E+03
  5.122662E+03
  4.997392E+03
  4.870169E+03
  4.742355E+03
  4.618394E+03
  4.508876E+03
  4.431904E+03
  4.423379E+03
  4.521008E+03
  4.490981E+03
  4.053154E+03
  4.558938E+03
  1.360439E+03
 -8.007099E-05
  8.242632E+00
  8.537286E+00
  8.831938E+00
  9.126589E+00
  9.421240E+00
  9.715889E+00
  1.001054E+01
  1.030519E+01
  1.059983E+01
  1.130988E+01
  1.203021E+01
  1.275054E+01
  1.347087E+01
  1.419119E+01
  1.491151E+01
  1.563182E+01
  1.644235E+01
  1.741833E+01
  1.839430E+01
  1.937026E+01
  2.034622E+01
  2.132217E+01
  2.229811E+01
  2.331614E+01
  2.467126E+01
  2.602637E+01
  2.738146E+01
  2.873654E+01
  3.009160E+01
  3.144664E+01
  3.293171E+01
  3.484895E+01
  3.676617E+01
  3.868334E+01
  4.060049E+01
  4.251759E+01
  4.443467E+01
  4.688919E+01
  4.957891E+01
  5.226855E+01
  5.495812E+01
  5.764762E+01
  6.033705E+01
  6.338717E+01
  6.681780E+01
  7.024829E+01
  7.367864E+01
  7.710886E+01
  8.053894E+01
  8.398132E+01
  8.743223E+01
  9.088294E+01
  9.433345E+01
  9.778375E+01
  1.012339E+02
  1.038993E+02
  1.065523E+02
  1.092050E+02
  1.118575E+02
  1.145098E+02
  1.163226E+02
  1.177050E+02
  1.190873E+02
  1.204694E+02
  1.218513E+02
  1.220806E+02
  1.215537E+02
  1.210268E+02
  1.204999E+02
  1.199730E+02
  1.174435E+02
  1.144119E+02
  1.113804E+02
  1.083490E+02
  1.049758E+02
  1.004917E+02
  9.600772E+01
  9.152385E+01
  8.704009E+01
  8.531701E+01
  8.390276E+01
  8.248851E+01
  8.107427E+01
  8.496474E+01
  9.034915E+01
  9.573339E+01
  1.011175E+02
  1.124477E+02
  1.246889E+02
  1.369292E+02
  1.500916E+02
  1.685020E+02
  1.869096E+02
  2.053146E+02
  2.266846E+02
  2.498850E+02
  2.730797E+02
  2.959823E+02
  3.180739E+02
  3.401577E+02
  3.615753E+02
  3.749164E+02
  3.882520E+02
  4.010905E+02
  4.040645E+02
  4.070377E+02
  4.086042E+02
  4.033546E+02
  3.981080E+02
  3.902957E+02
  3.791951E+02
  3.680997E+02
  3.538342E+02
  3.389794E+02
  3.233210E+02
  3.063242E+02
  2.892909E+02
  2.710204E+02
  2.527549E+02
  2.327919E+02
  2.124265E+02
  1.901741E+02
  1.670857E+02
  1.431066E+02
  1.187162E+02
  9.450184E+01
  7.033843E+01
  4.728698E+01
  2.467630E+01
  3.325223E+00
 -1.688179E+01
 -3.624201E+01
 -5.371881E+01
 -7.005756E+01
 -8.521354E+01
 -9.873538E+01
 -1.106155E+02
 -1.210292E+02
 -1.297759E+02
 -1.365624E+02
 -1.409031E+02
 -1.419742E+02
 -1.385494E+02
 -1.297578E+02
 -1.164136E+02
 -9.872479E+01
 -8.529552E+01
  7.707295E+02
  4.439876E+03
  2.713271E-02
