 Title= "ADflow Lift Distribution Data"
Variables = "eta" "CoordinateX" "CoordinateY" "CoordinateZ" "Lift" "Drag" "Moment" "Normalized Lift" "Normalized Drag" "Normalized Moment" "CL" "CD" "CM" "CLp" "CDp" "CMp" "CLv" "CDv" "CMv" "Elliptical" "thickness" "twist" "chord" "fx" "fy" "fz" 
Zone T= "LiftDist_01 allWalls: : z normal"
 I=          150
 DATAPACKING=BLOCK
  0.000000E+00
  6.711405E-03
  1.342281E-02
  2.013422E-02
  2.684563E-02
  3.355704E-02
  4.026845E-02
  4.697986E-02
  5.369127E-02
  6.040268E-02
  6.711409E-02
  7.382550E-02
  8.053691E-02
  8.724832E-02
  9.395973E-02
  1.006711E-01
  1.073825E-01
  1.140940E-01
  1.208054E-01
  1.275168E-01
  1.342282E-01
  1.409396E-01
  1.476510E-01
  1.543624E-01
  1.610738E-01
  1.677852E-01
  1.744966E-01
  1.812081E-01
  1.879195E-01
  1.946309E-01
  2.013423E-01
  2.080537E-01
  2.147651E-01
  2.214765E-01
  2.281879E-01
  2.348993E-01
  2.416107E-01
  2.483221E-01
  2.550336E-01
  2.617450E-01
  2.684564E-01
  2.751678E-01
  2.818792E-01
  2.885906E-01
  2.953020E-01
  3.020134E-01
  3.087248E-01
  3.154362E-01
  3.221476E-01
  3.288591E-01
  3.355705E-01
  3.422819E-01
  3.489933E-01
  3.557047E-01
  3.624161E-01
  3.691275E-01
  3.758389E-01
  3.825503E-01
  3.892617E-01
  3.959732E-01
  4.026846E-01
  4.093960E-01
  4.161074E-01
  4.228188E-01
  4.295302E-01
  4.362416E-01
  4.429530E-01
  4.496644E-01
  4.563758E-01
  4.630872E-01
  4.697987E-01
  4.765101E-01
  4.832215E-01
  4.899329E-01
  4.966443E-01
  5.033557E-01
  5.100671E-01
  5.167785E-01
  5.234899E-01
  5.302013E-01
  5.369128E-01
  5.436242E-01
  5.503356E-01
  5.570470E-01
  5.637584E-01
  5.704698E-01
  5.771812E-01
  5.838926E-01
  5.906040E-01
  5.973154E-01
  6.040268E-01
  6.107383E-01
  6.174497E-01
  6.241611E-01
  6.308725E-01
  6.375839E-01
  6.442953E-01
  6.510067E-01
  6.577181E-01
  6.644295E-01
  6.711409E-01
  6.778524E-01
  6.845638E-01
  6.912752E-01
  6.979866E-01
  7.046980E-01
  7.114094E-01
  7.181208E-01
  7.248322E-01
  7.315436E-01
  7.382550E-01
  7.449664E-01
  7.516779E-01
  7.583893E-01
  7.651007E-01
  7.718121E-01
  7.785235E-01
  7.852349E-01
  7.919463E-01
  7.986577E-01
  8.053691E-01
  8.120805E-01
  8.187919E-01
  8.255034E-01
  8.322148E-01
  8.389262E-01
  8.456376E-01
  8.523490E-01
  8.590604E-01
  8.657718E-01
  8.724832E-01
  8.791946E-01
  8.859060E-01
  8.926175E-01
  8.993289E-01
  9.060403E-01
  9.127517E-01
  9.194631E-01
  9.261745E-01
  9.328859E-01
  9.395973E-01
  9.463087E-01
  9.530201E-01
  9.597315E-01
  9.664430E-01
  9.731544E-01
  9.798658E-01
  9.865772E-01
  9.932886E-01
  1.000000E+00
  0.000000E+00
  0.000000E+00
  0.000000E+00
  0.000000E+00
  0.000000E+00
  0.000000E+00
  0.000000E+00
  0.000000E+00
  0.000000E+00
  0.000000E+00
  0.000000E+00
  0.000000E+00
  0.000000E+00
  0.000000E+00
  0.000000E+00
  0.000000E+00
  0.000000E+00
  0.000000E+00
  0.000000E+00
  0.000000E+00
  0.000000E+00
  0.000000E+00
  0.000000E+00
  0.000000E+00
  0.000000E+00
  0.000000E+00
  0.000000E+00
  0.000000E+00
  0.000000E+00
  0.000000E+00
  0.000000E+00
  0.000000E+00
  0.000000E+00
  0.000000E+00
  0.000000E+00
  0.000000E+00
  0.000000E+00
  0.000000E+00
  0.000000E+00
  0.000000E+00
  0.000000E+00
  0.000000E+00
  0.000000E+00
  0.000000E+00
  0.000000E+00
  0.000000E+00
  0.000000E+00
  0.000000E+00
  0.000000E+00
  0.000000E+00
  0.000000E+00
  0.000000E+00
  0.000000E+00
  0.000000E+00
  0.000000E+00
  0.000000E+00
  0.000000E+00
  0.000000E+00
  0.000000E+00
  0.000000E+00
  0.000000E+00
  0.000000E+00
  0.000000E+00
  0.000000E+00
  0.000000E+00
  0.000000E+00
  0.000000E+00
  0.000000E+00
  0.000000E+00
  0.000000E+00
  0.000000E+00
  0.000000E+00
  0.000000E+00
  0.000000E+00
  0.000000E+00
  0.000000E+00
  0.000000E+00
  0.000000E+00
  0.000000E+00
  0.000000E+00
  0.000000E+00
  0.000000E+00
  0.000000E+00
  0.000000E+00
  0.000000E+00
  0.000000E+00
  0.000000E+00
  0.000000E+00
  0.000000E+00
  0.000000E+00
  0.000000E+00
  0.000000E+00
  0.000000E+00
  0.000000E+00
  0.000000E+00
  0.000000E+00
  0.000000E+00
  0.000000E+00
  0.000000E+00
  0.000000E+00
  0.000000E+00
  0.000000E+00
  0.000000E+00
  0.000000E+00
  0.000000E+00
  0.000000E+00
  0.000000E+00
  0.000000E+00
  0.000000E+00
  0.000000E+00
  0.000000E+00
  0.000000E+00
  0.000000E+00
  0.000000E+00
  0.000000E+00
  0.000000E+00
  0.000000E+00
  0.000000E+00
  0.000000E+00
  0.000000E+00
  0.000000E+00
  0.000000E+00
  0.000000E+00
  0.000000E+00
  0.000000E+00
  0.000000E+00
  0.000000E+00
  0.000000E+00
  0.000000E+00
  0.000000E+00
  0.000000E+00
  0.000000E+00
  0.000000E+00
  0.000000E+00
  0.000000E+00
  0.000000E+00
  0.000000E+00
  0.000000E+00
  0.000000E+00
  0.000000E+00
  0.000000E+00
  0.000000E+00
  0.000000E+00
  0.000000E+00
  0.000000E+00
  0.000000E+00
  0.000000E+00
  0.000000E+00
  0.000000E+00
  0.000000E+00
  0.000000E+00
  0.000000E+00
  0.000000E+00
  0.000000E+00
  0.000000E+00
  0.000000E+00
  0.000000E+00
  0.000000E+00
  0.000000E+00
  0.000000E+00
  0.000000E+00
  0.000000E+00
  0.000000E+00
  0.000000E+00
  0.000000E+00
  0.000000E+00
  0.000000E+00
  0.000000E+00
  0.000000E+00
  0.000000E+00
  0.000000E+00
  0.000000E+00
  0.000000E+00
  0.000000E+00
  0.000000E+00
  0.000000E+00
  0.000000E+00
  0.000000E+00
  0.000000E+00
  0.000000E+00
  0.000000E+00
  0.000000E+00
  0.000000E+00
  0.000000E+00
  0.000000E+00
  0.000000E+00
  0.000000E+00
  0.000000E+00
  0.000000E+00
  0.000000E+00
  0.000000E+00
  0.000000E+00
  0.000000E+00
  0.000000E+00
  0.000000E+00
  0.000000E+00
  0.000000E+00
  0.000000E+00
  0.000000E+00
  0.000000E+00
  0.000000E+00
  0.000000E+00
  0.000000E+00
  0.000000E+00
  0.000000E+00
  0.000000E+00
  0.000000E+00
  0.000000E+00
  0.000000E+00
  0.000000E+00
  0.000000E+00
  0.000000E+00
  0.000000E+00
  0.000000E+00
  0.000000E+00
  0.000000E+00
  0.000000E+00
  0.000000E+00
  0.000000E+00
  0.000000E+00
  0.000000E+00
  0.000000E+00
  0.000000E+00
  0.000000E+00
  0.000000E+00
  0.000000E+00
  0.000000E+00
  0.000000E+00
  0.000000E+00
  0.000000E+00
  0.000000E+00
  0.000000E+00
  0.000000E+00
  0.000000E+00
  0.000000E+00
  0.000000E+00
  0.000000E+00
  0.000000E+00
  0.000000E+00
  0.000000E+00
  0.000000E+00
  0.000000E+00
  0.000000E+00
  0.000000E+00
  0.000000E+00
  0.000000E+00
  0.000000E+00
  0.000000E+00
  0.000000E+00
  0.000000E+00
  0.000000E+00
  0.000000E+00
  0.000000E+00
  0.000000E+00
  0.000000E+00
  0.000000E+00
  0.000000E+00
  0.000000E+00
  0.000000E+00
  0.000000E+00
  0.000000E+00
  0.000000E+00
  0.000000E+00
  0.000000E+00
  0.000000E+00
  0.000000E+00
  0.000000E+00
  0.000000E+00
  0.000000E+00
  0.000000E+00
  0.000000E+00
  0.000000E+00
  0.000000E+00
  0.000000E+00
  0.000000E+00
  0.000000E+00
  0.000000E+00
  0.000000E+00
  0.000000E+00
  0.000000E+00
  0.000000E+00
  0.000000E+00
  0.000000E+00
  0.000000E+00
  0.000000E+00
  0.000000E+00
  0.000000E+00
  0.000000E+00
  0.000000E+00
  0.000000E+00
  0.000000E+00
  0.000000E+00
  0.000000E+00
  0.000000E+00
  0.000000E+00
  0.000000E+00
  0.000000E+00
  0.000000E+00
  0.000000E+00
  0.000000E+00
  1.000000E-08
  1.695085E-02
  3.390169E-02
  5.085254E-02
  6.780338E-02
  8.475423E-02
  1.017051E-01
  1.186559E-01
  1.356068E-01
  1.525576E-01
  1.695085E-01
  1.864593E-01
  2.034101E-01
  2.203610E-01
  2.373118E-01
  2.542627E-01
  2.712135E-01
  2.881644E-01
  3.051152E-01
  3.220661E-01
  3.390169E-01
  3.559678E-01
  3.729186E-01
  3.898694E-01
  4.068203E-01
  4.237711E-01
  4.407220E-01
  4.576728E-01
  4.746237E-01
  4.915745E-01
  5.085254E-01
  5.254762E-01
  5.424271E-01
  5.593779E-01
  5.763287E-01
  5.932796E-01
  6.102304E-01
  6.271813E-01
  6.441321E-01
  6.610830E-01
  6.780338E-01
  6.949847E-01
  7.119355E-01
  7.288864E-01
  7.458372E-01
  7.627880E-01
  7.797389E-01
  7.966897E-01
  8.136406E-01
  8.305914E-01
  8.475423E-01
  8.644931E-01
  8.814440E-01
  8.983948E-01
  9.153457E-01
  9.322965E-01
  9.492473E-01
  9.661982E-01
  9.831490E-01
  1.000100E+00
  1.017051E+00
  1.034002E+00
  1.050952E+00
  1.067903E+00
  1.084854E+00
  1.101805E+00
  1.118756E+00
  1.135707E+00
  1.152657E+00
  1.169608E+00
  1.186559E+00
  1.203510E+00
  1.220461E+00
  1.237412E+00
  1.254363E+00
  1.271313E+00
  1.288264E+00
  1.305215E+00
  1.322166E+00
  1.339117E+00
  1.356068E+00
  1.373018E+00
  1.389969E+00
  1.406920E+00
  1.423871E+00
  1.440822E+00
  1.457773E+00
  1.474724E+00
  1.491674E+00
  1.508625E+00
  1.525576E+00
  1.542527E+00
  1.559478E+00
  1.576429E+00
  1.593379E+00
  1.610330E+00
  1.627281E+00
  1.644232E+00
  1.661183E+00
  1.678134E+00
  1.695085E+00
  1.712035E+00
  1.728986E+00
  1.745937E+00
  1.762888E+00
  1.779839E+00
  1.796790E+00
  1.813740E+00
  1.830691E+00
  1.847642E+00
  1.864593E+00
  1.881544E+00
  1.898495E+00
  1.915446E+00
  1.932396E+00
  1.949347E+00
  1.966298E+00
  1.983249E+00
  2.000200E+00
  2.017151E+00
  2.034101E+00
  2.051052E+00
  2.068003E+00
  2.084954E+00
  2.101905E+00
  2.118856E+00
  2.135807E+00
  2.152757E+00
  2.169708E+00
  2.186659E+00
  2.203610E+00
  2.220561E+00
  2.237512E+00
  2.254462E+00
  2.271413E+00
  2.288364E+00
  2.305315E+00
  2.322266E+00
  2.339217E+00
  2.356168E+00
  2.373118E+00
  2.390069E+00
  2.407020E+00
  2.423971E+00
  2.440922E+00
  2.457873E+00
  2.474823E+00
  2.491774E+00
  2.508725E+00
  2.525676E+00
  1.129093E+04
  1.128921E+04
  1.128748E+04
  1.128576E+04
  1.128404E+04
  1.128231E+04
  1.128059E+04
  1.127887E+04
  1.127715E+04
  1.127239E+04
  1.126756E+04
  1.126273E+04
  1.125790E+04
  1.125307E+04
  1.124824E+04
  1.124340E+04
  1.123763E+04
  1.123012E+04
  1.122262E+04
  1.121511E+04
  1.120761E+04
  1.120010E+04
  1.119260E+04
  1.118475E+04
  1.117422E+04
  1.116369E+04
  1.115316E+04
  1.114263E+04
  1.113210E+04
  1.112157E+04
  1.111025E+04
  1.109632E+04
  1.108240E+04
  1.106847E+04
  1.105454E+04
  1.104061E+04
  1.102669E+04
  1.101021E+04
  1.099262E+04
  1.097503E+04
  1.095744E+04
  1.093985E+04
  1.092227E+04
  1.090273E+04
  1.088115E+04
  1.085957E+04
  1.083798E+04
  1.081640E+04
  1.079482E+04
  1.077055E+04
  1.074439E+04
  1.071824E+04
  1.069209E+04
  1.066593E+04
  1.063978E+04
  1.060838E+04
  1.057690E+04
  1.054541E+04
  1.051393E+04
  1.048244E+04
  1.044691E+04
  1.040931E+04
  1.037170E+04
  1.033410E+04
  1.029649E+04
  1.025468E+04
  1.021010E+04
  1.016553E+04
  1.012097E+04
  1.007640E+04
  1.002565E+04
  9.973358E+03
  9.921075E+03
  9.868803E+03
  9.814699E+03
  9.754631E+03
  9.694591E+03
  9.634578E+03
  9.574592E+03
  9.508401E+03
  9.441562E+03
  9.374774E+03
  9.308035E+03
  9.236910E+03
  9.164600E+03
  9.092354E+03
  9.020171E+03
  8.944528E+03
  8.868411E+03
  8.792357E+03
  8.716086E+03
  8.638273E+03
  8.560516E+03
  8.482811E+03
  8.405024E+03
  8.327194E+03
  8.249401E+03
  8.171773E+03
  8.094533E+03
  8.017313E+03
  7.940179E+03
  7.863856E+03
  7.787547E+03
  7.711293E+03
  7.635918E+03
  7.560554E+03
  7.485246E+03
  7.410168E+03
  7.335102E+03
  7.259815E+03
  7.184242E+03
  7.108680E+03
  7.032160E+03
  6.955469E+03
  6.878151E+03
  6.799786E+03
  6.721359E+03
  6.640875E+03
  6.560397E+03
  6.477978E+03
  6.395098E+03
  6.310427E+03
  6.224962E+03
  6.137670E+03
  6.049532E+03
  5.959339E+03
  5.868549E+03
  5.775235E+03
  5.681186E+03
  5.585132E+03
  5.487463E+03
  5.388598E+03
  5.287143E+03
  5.184087E+03
  5.079364E+03
  4.972334E+03
  4.863155E+03
  4.752468E+03
  4.640958E+03
  4.530637E+03
  4.426781E+03
  4.340893E+03
  4.292079E+03
  4.317939E+03
  4.454248E+03
  4.445334E+03
  4.005490E+03
  4.510071E+03
  1.261287E+03
 -6.035510E-04
  6.560734E+02
  6.559472E+02
  6.558210E+02
  6.556947E+02
  6.555685E+02
  6.554423E+02
  6.553161E+02
  6.551899E+02
  6.550637E+02
  6.548432E+02
  6.546204E+02
  6.543975E+02
  6.541747E+02
  6.539519E+02
  6.537291E+02
  6.535063E+02
  6.533021E+02
  6.531319E+02
  6.529617E+02
  6.527915E+02
  6.526213E+02
  6.524511E+02
  6.522809E+02
  6.521043E+02
  6.518760E+02
  6.516478E+02
  6.514195E+02
  6.511913E+02
  6.509630E+02
  6.507348E+02
  6.504619E+02
  6.500407E+02
  6.496196E+02
  6.491984E+02
  6.487772E+02
  6.483561E+02
  6.479349E+02
  6.473120E+02
  6.466008E+02
  6.458896E+02
  6.451784E+02
  6.444672E+02
  6.437560E+02
  6.428538E+02
  6.417502E+02
  6.406465E+02
  6.395428E+02
  6.384391E+02
  6.373354E+02
  6.359282E+02
  6.343085E+02
  6.326888E+02
  6.310690E+02
  6.294492E+02
  6.278294E+02
  6.256072E+02
  6.233754E+02
  6.211437E+02
  6.189118E+02
  6.166800E+02
  6.140696E+02
  6.112651E+02
  6.084606E+02
  6.056561E+02
  6.028515E+02
  5.998310E+02
  5.966689E+02
  5.935071E+02
  5.903455E+02
  5.871843E+02
  5.839904E+02
  5.807894E+02
  5.775897E+02
  5.743912E+02
  5.712687E+02
  5.683915E+02
  5.655177E+02
  5.626475E+02
  5.597808E+02
  5.574986E+02
  5.552880E+02
  5.530844E+02
  5.508878E+02
  5.491482E+02
  5.475446E+02
  5.459508E+02
  5.443669E+02
  5.428907E+02
  5.414404E+02
  5.400010E+02
  5.385214E+02
  5.367591E+02
  5.350071E+02
  5.332654E+02
  5.310641E+02
  5.285806E+02
  5.261050E+02
  5.233448E+02
  5.197701E+02
  5.162006E+02
  5.125569E+02
  5.079439E+02
  5.033341E+02
  4.987023E+02
  4.935629E+02
  4.884252E+02
  4.832788E+02
  4.780826E+02
  4.728868E+02
  4.677958E+02
  4.628383E+02
  4.578799E+02
  4.532944E+02
  4.487772E+02
  4.444689E+02
  4.405086E+02
  4.365661E+02
  4.332134E+02
  4.298585E+02
  4.270060E+02
  4.242724E+02
  4.219457E+02
  4.197995E+02
  4.180149E+02
  4.163984E+02
  4.151795E+02
  4.140773E+02
  4.134904E+02
  4.130664E+02
  4.130889E+02
  4.135173E+02
  4.142525E+02
  4.157331E+02
  4.177499E+02
  4.203589E+02
  4.239035E+02
  4.286193E+02
  4.346044E+02
  4.423237E+02
  4.526073E+02
  4.670538E+02
  4.886196E+02
  5.219969E+02
  5.753474E+02
  6.553686E+02
  7.197400E+02
  7.222151E+02
  8.623385E+02
  1.938637E+02
  3.338425E-04
  1.869627E+03
  1.869431E+03
  1.869234E+03
  1.869038E+03
  1.868841E+03
  1.868645E+03
  1.868449E+03
  1.868252E+03
  1.868056E+03
  1.867590E+03
  1.867118E+03
  1.866646E+03
  1.866174E+03
  1.865701E+03
  1.865229E+03
  1.864757E+03
  1.864193E+03
  1.863460E+03
  1.862728E+03
  1.861995E+03
  1.861263E+03
  1.860530E+03
  1.859797E+03
  1.859008E+03
  1.857763E+03
  1.856518E+03
  1.855273E+03
  1.854028E+03
  1.852783E+03
  1.851538E+03
  1.850120E+03
  1.848129E+03
  1.846137E+03
  1.844146E+03
  1.842154E+03
  1.840163E+03
  1.838171E+03
  1.835509E+03
  1.832553E+03
  1.829597E+03
  1.826641E+03
  1.823685E+03
  1.820729E+03
  1.817174E+03
  1.812989E+03
  1.808803E+03
  1.804617E+03
  1.800431E+03
  1.796245E+03
  1.791139E+03
  1.785388E+03
  1.779638E+03
  1.773887E+03
  1.768137E+03
  1.762386E+03
  1.754561E+03
  1.746703E+03
  1.738845E+03
  1.730987E+03
  1.723128E+03
  1.713294E+03
  1.702446E+03
  1.691598E+03
  1.680750E+03
  1.669902E+03
  1.656593E+03
  1.641739E+03
  1.626815E+03
  1.611893E+03
  1.596971E+03
  1.577917E+03
  1.557830E+03
  1.537747E+03
  1.517666E+03
  1.496207E+03
  1.470269E+03
  1.444340E+03
  1.418420E+03
  1.392507E+03
  1.361916E+03
  1.330817E+03
  1.299734E+03
  1.268667E+03
  1.235153E+03
  1.200965E+03
  1.166799E+03
  1.132653E+03
  1.097821E+03
  1.062904E+03
  1.028007E+03
  9.933214E+02
  9.597340E+02
  9.261653E+02
  8.926148E+02
  8.609814E+02
  8.305373E+02
  8.001069E+02
  7.708007E+02
  7.446223E+02
  7.184526E+02
  6.926230E+02
  6.708613E+02
  6.491050E+02
  6.275376E+02
  6.096555E+02
  5.917769E+02
  5.744375E+02
  5.596993E+02
  5.449633E+02
  5.313034E+02
  5.190219E+02
  5.067418E+02
  4.960185E+02
  4.855876E+02
  4.756587E+02
  4.665624E+02
  4.574980E+02
  4.493579E+02
  4.412178E+02
  4.336801E+02
  4.262863E+02
  4.193647E+02
  4.126525E+02
  4.064330E+02
  4.004411E+02
  3.950965E+02
  3.899391E+02
  3.857309E+02
  3.818357E+02
  3.788144E+02
  3.765889E+02
  3.749591E+02
  3.747424E+02
  3.754880E+02
  3.772817E+02
  3.806903E+02
  3.860990E+02
  3.937363E+02
  4.045768E+02
  4.205147E+02
  4.454848E+02
  4.872837E+02
  5.585762E+02
  6.780131E+02
  8.572925E+02
  9.985856E+02
  9.571350E+02
  1.111870E+03
  1.532817E+02
 -5.552351E-10
  1.272039E+00
  1.271845E+00
  1.271651E+00
  1.271457E+00
  1.271263E+00
  1.271069E+00
  1.270875E+00
  1.270681E+00
  1.270486E+00
  1.269951E+00
  1.269406E+00
  1.268862E+00
  1.268318E+00
  1.267774E+00
  1.267229E+00
  1.266685E+00
  1.266035E+00
  1.265189E+00
  1.264343E+00
  1.263498E+00
  1.262652E+00
  1.261807E+00
  1.260961E+00
  1.260078E+00
  1.258891E+00
  1.257705E+00
  1.256518E+00
  1.255332E+00
  1.254145E+00
  1.252959E+00
  1.251684E+00
  1.250115E+00
  1.248546E+00
  1.246977E+00
  1.245408E+00
  1.243839E+00
  1.242270E+00
  1.240414E+00
  1.238432E+00
  1.236450E+00
  1.234469E+00
  1.232487E+00
  1.230506E+00
  1.228305E+00
  1.225873E+00
  1.223442E+00
  1.221010E+00
  1.218579E+00
  1.216147E+00
  1.213413E+00
  1.210466E+00
  1.207520E+00
  1.204574E+00
  1.201627E+00
  1.198681E+00
  1.195143E+00
  1.191596E+00
  1.188049E+00
  1.184502E+00
  1.180955E+00
  1.176952E+00
  1.172715E+00
  1.168479E+00
  1.164242E+00
  1.160006E+00
  1.155295E+00
  1.150273E+00
  1.145252E+00
  1.140231E+00
  1.135210E+00
  1.129493E+00
  1.123601E+00
  1.117711E+00
  1.111822E+00
  1.105727E+00
  1.098960E+00
  1.092195E+00
  1.085434E+00
  1.078676E+00
  1.071219E+00
  1.063689E+00
  1.056165E+00
  1.048646E+00
  1.040633E+00
  1.032486E+00
  1.024347E+00
  1.016215E+00
  1.007693E+00
  9.991177E-01
  9.905495E-01
  9.819567E-01
  9.731903E-01
  9.644301E-01
  9.556759E-01
  9.469124E-01
  9.381441E-01
  9.293799E-01
  9.206343E-01
  9.119324E-01
  9.032328E-01
  8.945428E-01
  8.859443E-01
  8.773473E-01
  8.687565E-01
  8.602647E-01
  8.517741E-01
  8.432899E-01
  8.348317E-01
  8.263747E-01
  8.178928E-01
  8.093787E-01
  8.008659E-01
  7.922452E-01
  7.836051E-01
  7.748945E-01
  7.660658E-01
  7.572302E-01
  7.481628E-01
  7.390962E-01
  7.298109E-01
  7.204735E-01
  7.109345E-01
  7.013060E-01
  6.914716E-01
  6.815419E-01
  6.713808E-01
  6.611524E-01
  6.506396E-01
  6.400441E-01
  6.292225E-01
  6.182192E-01
  6.070810E-01
  5.956510E-01
  5.840407E-01
  5.722426E-01
  5.601846E-01
  5.478844E-01
  5.354144E-01
  5.228516E-01
  5.104229E-01
  4.987224E-01
  4.890462E-01
  4.835469E-01
  4.864603E-01
  5.018168E-01
  5.008125E-01
  4.512596E-01
  5.081058E-01
  1.420970E-01
 -6.799622E-08
  1.165312E+00
  1.165088E+00
  1.164864E+00
  1.164640E+00
  1.164415E+00
  1.164191E+00
  1.163967E+00
  1.163743E+00
  1.163519E+00
  1.163127E+00
  1.162731E+00
  1.162336E+00
  1.161940E+00
  1.161544E+00
  1.161148E+00
  1.160753E+00
  1.160390E+00
  1.160087E+00
  1.159785E+00
  1.159483E+00
  1.159181E+00
  1.158878E+00
  1.158576E+00
  1.158262E+00
  1.157857E+00
  1.157451E+00
  1.157046E+00
  1.156641E+00
  1.156235E+00
  1.155830E+00
  1.155345E+00
  1.154597E+00
  1.153849E+00
  1.153101E+00
  1.152353E+00
  1.151605E+00
  1.150857E+00
  1.149750E+00
  1.148487E+00
  1.147224E+00
  1.145961E+00
  1.144697E+00
  1.143434E+00
  1.141832E+00
  1.139871E+00
  1.137911E+00
  1.135951E+00
  1.133990E+00
  1.132030E+00
  1.129531E+00
  1.126654E+00
  1.123777E+00
  1.120900E+00
  1.118023E+00
  1.115145E+00
  1.111198E+00
  1.107234E+00
  1.103270E+00
  1.099306E+00
  1.095342E+00
  1.090705E+00
  1.085724E+00
  1.080743E+00
  1.075761E+00
  1.070780E+00
  1.065415E+00
  1.059798E+00
  1.054182E+00
  1.048567E+00
  1.042952E+00
  1.037279E+00
  1.031593E+00
  1.025910E+00
  1.020229E+00
  1.014683E+00
  1.009572E+00
  1.004468E+00
  9.993699E-01
  9.942781E-01
  9.902244E-01
  9.862980E-01
  9.823840E-01
  9.784824E-01
  9.753924E-01
  9.725442E-01
  9.697133E-01
  9.669000E-01
  9.642780E-01
  9.617019E-01
  9.591454E-01
  9.565173E-01
  9.533871E-01
  9.502751E-01
  9.471817E-01
  9.432718E-01
  9.388605E-01
  9.344634E-01
  9.295608E-01
  9.232114E-01
  9.168713E-01
  9.103994E-01
  9.022058E-01
  8.940180E-01
  8.857909E-01
  8.766623E-01
  8.675368E-01
  8.583959E-01
  8.491664E-01
  8.399376E-01
  8.308951E-01
  8.220896E-01
  8.132826E-01
  8.051378E-01
  7.971143E-01
  7.894620E-01
  7.824277E-01
  7.754252E-01
  7.694701E-01
  7.635112E-01
  7.584445E-01
  7.535892E-01
  7.494564E-01
  7.456445E-01
  7.424747E-01
  7.396033E-01
  7.374384E-01
  7.354807E-01
  7.344382E-01
  7.336851E-01
  7.337251E-01
  7.344860E-01
  7.357918E-01
  7.384216E-01
  7.420040E-01
  7.466381E-01
  7.529339E-01
  7.613100E-01
  7.719407E-01
  7.856518E-01
  8.039175E-01
  8.295771E-01
  8.678821E-01
  9.271665E-01
  1.021927E+00
  1.164060E+00
  1.278396E+00
  1.282793E+00
  1.531679E+00
  3.443392E-01
  5.929683E-07
  1.500768E+00
  1.500610E+00
  1.500452E+00
  1.500294E+00
  1.500137E+00
  1.499979E+00
  1.499821E+00
  1.499664E+00
  1.499506E+00
  1.499132E+00
  1.498753E+00
  1.498374E+00
  1.497995E+00
  1.497616E+00
  1.497237E+00
  1.496858E+00
  1.496406E+00
  1.495818E+00
  1.495229E+00
  1.494641E+00
  1.494053E+00
  1.493465E+00
  1.492877E+00
  1.492243E+00
  1.491244E+00
  1.490245E+00
  1.489245E+00
  1.488246E+00
  1.487246E+00
  1.486247E+00
  1.485109E+00
  1.483511E+00
  1.481912E+00
  1.480313E+00
  1.478715E+00
  1.477116E+00
  1.475517E+00
  1.473380E+00
  1.471008E+00
  1.468635E+00
  1.466262E+00
  1.463889E+00
  1.461516E+00
  1.458663E+00
  1.455303E+00
  1.451943E+00
  1.448583E+00
  1.445223E+00
  1.441863E+00
  1.437764E+00
  1.433148E+00
  1.428532E+00
  1.423916E+00
  1.419300E+00
  1.414684E+00
  1.408403E+00
  1.402095E+00
  1.395787E+00
  1.389480E+00
  1.383172E+00
  1.375277E+00
  1.366570E+00
  1.357862E+00
  1.349154E+00
  1.340446E+00
  1.329763E+00
  1.317839E+00
  1.305860E+00
  1.293882E+00
  1.281904E+00
  1.266609E+00
  1.250485E+00
  1.234364E+00
  1.218245E+00
  1.201020E+00
  1.180199E+00
  1.159386E+00
  1.138579E+00
  1.117779E+00
  1.093223E+00
  1.068260E+00
  1.043309E+00
  1.018371E+00
  9.914687E-01
  9.640262E-01
  9.366005E-01
  9.091911E-01
  8.812316E-01
  8.532029E-01
  8.251914E-01
  7.973486E-01
  7.703877E-01
  7.434418E-01
  7.165104E-01
  6.911180E-01
  6.666803E-01
  6.422534E-01
  6.187291E-01
  5.977154E-01
  5.767088E-01
  5.559751E-01
  5.385067E-01
  5.210428E-01
  5.037304E-01
  4.893763E-01
  4.750250E-01
  4.611065E-01
  4.492760E-01
  4.374473E-01
  4.264824E-01
  4.166238E-01
  4.067665E-01
  3.981588E-01
  3.897858E-01
  3.818158E-01
  3.745141E-01
  3.672380E-01
  3.607038E-01
  3.541697E-01
  3.481192E-01
  3.421841E-01
  3.366280E-01
  3.312401E-01
  3.262476E-01
  3.214379E-01
  3.171477E-01
  3.130079E-01
  3.096299E-01
  3.065031E-01
  3.040779E-01
  3.022915E-01
  3.009832E-01
  3.008093E-01
  3.014078E-01
  3.028477E-01
  3.055837E-01
  3.099254E-01
  3.160559E-01
  3.247577E-01
  3.375512E-01
  3.575949E-01
  3.911473E-01
  4.483744E-01
  5.442476E-01
  6.881569E-01
  8.015742E-01
  7.683014E-01
  8.925086E-01
  1.230407E-01
 -4.456925E-13
  1.009585E+00
  1.009431E+00
  1.009277E+00
  1.009123E+00
  1.008969E+00
  1.008815E+00
  1.008661E+00
  1.008507E+00
  1.008353E+00
  1.007928E+00
  1.007496E+00
  1.007064E+00
  1.006632E+00
  1.006200E+00
  1.005768E+00
  1.005336E+00
  1.004819E+00
  1.004148E+00
  1.003477E+00
  1.002806E+00
  1.002135E+00
  1.001464E+00
  1.000792E+00
  1.000091E+00
  9.991497E-01
  9.982080E-01
  9.972664E-01
  9.963247E-01
  9.953831E-01
  9.944415E-01
  9.934296E-01
  9.921842E-01
  9.909389E-01
  9.896936E-01
  9.884482E-01
  9.872029E-01
  9.859575E-01
  9.844844E-01
  9.829117E-01
  9.813389E-01
  9.797662E-01
  9.781934E-01
  9.766207E-01
  9.748741E-01
  9.729443E-01
  9.710144E-01
  9.690846E-01
  9.671547E-01
  9.652248E-01
  9.630547E-01
  9.607162E-01
  9.583778E-01
  9.560393E-01
  9.537009E-01
  9.513624E-01
  9.485547E-01
  9.457396E-01
  9.429245E-01
  9.401094E-01
  9.372942E-01
  9.341172E-01
  9.307547E-01
  9.273923E-01
  9.240299E-01
  9.206675E-01
  9.169288E-01
  9.129432E-01
  9.089578E-01
  9.049727E-01
  9.009880E-01
  8.964497E-01
  8.917735E-01
  8.870983E-01
  8.824240E-01
  8.775859E-01
  8.722141E-01
  8.668448E-01
  8.614778E-01
  8.561132E-01
  8.501932E-01
  8.442152E-01
  8.382415E-01
  8.322721E-01
  8.259102E-01
  8.194421E-01
  8.129795E-01
  8.065223E-01
  7.997558E-01
  7.929466E-01
  7.861431E-01
  7.793199E-01
  7.723594E-01
  7.654036E-01
  7.584524E-01
  7.514944E-01
  7.445330E-01
  7.375748E-01
  7.306317E-01
  7.237243E-01
  7.168188E-01
  7.099210E-01
  7.030969E-01
  6.962741E-01
  6.894562E-01
  6.827177E-01
  6.759801E-01
  6.692476E-01
  6.625361E-01
  6.558255E-01
  6.490952E-01
  6.423393E-01
  6.355845E-01
  6.287438E-01
  6.218879E-01
  6.149758E-01
  6.079698E-01
  6.009584E-01
  5.937627E-01
  5.865676E-01
  5.791987E-01
  5.717884E-01
  5.642180E-01
  5.565764E-01
  5.487713E-01
  5.408905E-01
  5.328259E-01
  5.247079E-01
  5.163642E-01
  5.079547E-01
  4.993659E-01
  4.906327E-01
  4.817926E-01
  4.727208E-01
  4.635060E-01
  4.541421E-01
  4.445719E-01
  4.348096E-01
  4.249125E-01
  4.149418E-01
  4.050775E-01
  3.957911E-01
  3.881113E-01
  3.837463E-01
  3.860577E-01
  3.982440E-01
  3.974463E-01
  3.581202E-01
  4.032328E-01
  1.549045E-01
 -1.310291E-02
  5.866321E-02
  5.865192E-02
  5.864063E-02
  5.862935E-02
  5.861806E-02
  5.860677E-02
  5.859549E-02
  5.858420E-02
  5.857292E-02
  5.855320E-02
  5.853327E-02
  5.851335E-02
  5.849343E-02
  5.847350E-02
  5.845358E-02
  5.843366E-02
  5.841539E-02
  5.840017E-02
  5.838495E-02
  5.836973E-02
  5.835452E-02
  5.833930E-02
  5.832408E-02
  5.830829E-02
  5.828787E-02
  5.826746E-02
  5.824705E-02
  5.822664E-02
  5.820623E-02
  5.818583E-02
  5.816143E-02
  5.812377E-02
  5.808611E-02
  5.804845E-02
  5.801079E-02
  5.797313E-02
  5.793547E-02
  5.787978E-02
  5.781619E-02
  5.775259E-02
  5.768900E-02
  5.762541E-02
  5.756182E-02
  5.748115E-02
  5.738246E-02
  5.728378E-02
  5.718509E-02
  5.708641E-02
  5.698772E-02
  5.686190E-02
  5.671707E-02
  5.657224E-02
  5.642741E-02
  5.628258E-02
  5.613774E-02
  5.593905E-02
  5.573950E-02
  5.553995E-02
  5.534039E-02
  5.514083E-02
  5.490742E-02
  5.465666E-02
  5.440589E-02
  5.415513E-02
  5.390437E-02
  5.363428E-02
  5.335154E-02
  5.306882E-02
  5.278612E-02
  5.250346E-02
  5.221786E-02
  5.193162E-02
  5.164550E-02
  5.135948E-02
  5.108025E-02
  5.082294E-02
  5.056594E-02
  5.030924E-02
  5.005286E-02
  4.984871E-02
  4.965095E-02
  4.945381E-02
  4.925729E-02
  4.910160E-02
  4.895806E-02
  4.881539E-02
  4.867359E-02
  4.854141E-02
  4.841153E-02
  4.828262E-02
  4.815011E-02
  4.799233E-02
  4.783547E-02
  4.767953E-02
  4.748252E-02
  4.726030E-02
  4.703878E-02
  4.679185E-02
  4.647214E-02
  4.615290E-02
  4.582704E-02
  4.541459E-02
  4.500243E-02
  4.458829E-02
  4.412883E-02
  4.366951E-02
  4.320943E-02
  4.274491E-02
  4.228042E-02
  4.182531E-02
  4.138214E-02
  4.093888E-02
  4.052895E-02
  4.012513E-02
  3.973998E-02
  3.938594E-02
  3.903349E-02
  3.873375E-02
  3.843382E-02
  3.817878E-02
  3.793438E-02
  3.772634E-02
  3.753444E-02
  3.737487E-02
  3.723031E-02
  3.712130E-02
  3.702272E-02
  3.697021E-02
  3.693226E-02
  3.693423E-02
  3.697248E-02
  3.703816E-02
  3.717049E-02
  3.735076E-02
  3.758397E-02
  3.790083E-02
  3.832240E-02
  3.885745E-02
  3.954757E-02
  4.046694E-02
  4.175850E-02
  4.368658E-02
  4.667070E-02
  5.144058E-02
  5.859500E-02
  6.435018E-02
  6.457135E-02
  7.709927E-02
  2.380930E-02
  7.247622E-03
  1.671739E-01
  1.671563E-01
  1.671387E-01
  1.671212E-01
  1.671036E-01
  1.670860E-01
  1.670685E-01
  1.670509E-01
  1.670333E-01
  1.669917E-01
  1.669495E-01
  1.669073E-01
  1.668650E-01
  1.668228E-01
  1.667806E-01
  1.667384E-01
  1.666879E-01
  1.666224E-01
  1.665569E-01
  1.664914E-01
  1.664259E-01
  1.663604E-01
  1.662949E-01
  1.662243E-01
  1.661129E-01
  1.660016E-01
  1.658903E-01
  1.657790E-01
  1.656676E-01
  1.655563E-01
  1.654296E-01
  1.652515E-01
  1.650734E-01
  1.648953E-01
  1.647173E-01
  1.645392E-01
  1.643611E-01
  1.641231E-01
  1.638588E-01
  1.635945E-01
  1.633301E-01
  1.630658E-01
  1.628015E-01
  1.624837E-01
  1.621094E-01
  1.617351E-01
  1.613609E-01
  1.609866E-01
  1.606123E-01
  1.601557E-01
  1.596416E-01
  1.591274E-01
  1.586132E-01
  1.580990E-01
  1.575848E-01
  1.568851E-01
  1.561825E-01
  1.554799E-01
  1.547773E-01
  1.540746E-01
  1.531952E-01
  1.522253E-01
  1.512553E-01
  1.502854E-01
  1.493154E-01
  1.481253E-01
  1.467971E-01
  1.454628E-01
  1.441284E-01
  1.427941E-01
  1.410904E-01
  1.392943E-01
  1.374984E-01
  1.357028E-01
  1.337840E-01
  1.314647E-01
  1.291461E-01
  1.268283E-01
  1.245112E-01
  1.217757E-01
  1.189947E-01
  1.162152E-01
  1.134371E-01
  1.104401E-01
  1.073829E-01
  1.043276E-01
  1.012741E-01
  9.815933E-02
  9.503686E-02
  9.191629E-02
  8.881455E-02
  8.581108E-02
  8.280929E-02
  7.980914E-02
  7.698047E-02
  7.425820E-02
  7.153715E-02
  6.891668E-02
  6.657596E-02
  6.423603E-02
  6.192651E-02
  5.998081E-02
  5.803560E-02
  5.610728E-02
  5.450852E-02
  5.291007E-02
  5.135983E-02
  5.004218E-02
  4.872472E-02
  4.750348E-02
  4.640548E-02
  4.530760E-02
  4.434890E-02
  4.341634E-02
  4.252866E-02
  4.171541E-02
  4.090501E-02
  4.017723E-02
  3.944945E-02
  3.877552E-02
  3.811444E-02
  3.749557E-02
  3.689543E-02
  3.633932E-02
  3.580357E-02
  3.532567E-02
  3.486452E-02
  3.448823E-02
  3.413992E-02
  3.386975E-02
  3.367072E-02
  3.352495E-02
  3.350554E-02
  3.357214E-02
  3.373247E-02
  3.403717E-02
  3.452071E-02
  3.520349E-02
  3.617266E-02
  3.759759E-02
  3.983006E-02
  4.356715E-02
  4.994119E-02
  6.061969E-02
  7.664855E-02
  8.928107E-02
  8.557491E-02
  9.940917E-02
  1.882523E-02
 -1.205399E-08
  1.009716E+00
  1.009562E+00
  1.009408E+00
  1.009254E+00
  1.009100E+00
  1.008946E+00
  1.008792E+00
  1.008638E+00
  1.008484E+00
  1.008058E+00
  1.007626E+00
  1.007195E+00
  1.006763E+00
  1.006331E+00
  1.005899E+00
  1.005467E+00
  1.004950E+00
  1.004279E+00
  1.003608E+00
  1.002937E+00
  1.002266E+00
  1.001595E+00
  1.000924E+00
  1.000223E+00
  9.992815E-01
  9.983401E-01
  9.973986E-01
  9.964571E-01
  9.955157E-01
  9.945742E-01
  9.935625E-01
  9.923174E-01
  9.910723E-01
  9.898272E-01
  9.885821E-01
  9.873369E-01
  9.860918E-01
  9.846190E-01
  9.830465E-01
  9.814740E-01
  9.799015E-01
  9.783290E-01
  9.767565E-01
  9.750103E-01
  9.730807E-01
  9.711511E-01
  9.692215E-01
  9.672919E-01
  9.653622E-01
  9.631924E-01
  9.608542E-01
  9.585160E-01
  9.561778E-01
  9.538396E-01
  9.515013E-01
  9.486939E-01
  9.458791E-01
  9.430643E-01
  9.402494E-01
  9.374346E-01
  9.342580E-01
  9.308961E-01
  9.275342E-01
  9.241723E-01
  9.208105E-01
  9.170726E-01
  9.130880E-01
  9.091038E-01
  9.051198E-01
  9.011361E-01
  8.965997E-01
  8.919255E-01
  8.872523E-01
  8.825800E-01
  8.777442E-01
  8.723757E-01
  8.670095E-01
  8.616458E-01
  8.562843E-01
  8.503687E-01
  8.443950E-01
  8.384257E-01
  8.324607E-01
  8.261037E-01
  8.196407E-01
  8.131832E-01
  8.067312E-01
  7.999699E-01
  7.931660E-01
  7.863677E-01
  7.795498E-01
  7.725941E-01
  7.656432E-01
  7.586970E-01
  7.517435E-01
  7.447862E-01
  7.378322E-01
  7.308930E-01
  7.239888E-01
  7.170865E-01
  7.101919E-01
  7.033702E-01
  6.965496E-01
  6.897341E-01
  6.829973E-01
  6.762615E-01
  6.695307E-01
  6.628207E-01
  6.561117E-01
  6.493829E-01
  6.426285E-01
  6.358751E-01
  6.290361E-01
  6.221817E-01
  6.152712E-01
  6.082670E-01
  6.012573E-01
  5.940636E-01
  5.868704E-01
  5.795035E-01
  5.720954E-01
  5.645271E-01
  5.568877E-01
  5.490849E-01
  5.412065E-01
  5.331444E-01
  5.250289E-01
  5.166881E-01
  5.082818E-01
  4.996967E-01
  4.909681E-01
  4.821331E-01
  4.730685E-01
  4.638624E-01
  4.545092E-01
  4.449527E-01
  4.352079E-01
  4.253321E-01
  4.153873E-01
  4.055542E-01
  3.963047E-01
  3.886661E-01
  3.843427E-01
  3.866880E-01
  3.988855E-01
  3.980601E-01
  3.586864E-01
  4.035016E-01
  1.543082E-01
 -1.401794E-02
  5.246015E-02
  5.244924E-02
  5.243833E-02
  5.242742E-02
  5.241651E-02
  5.240560E-02
  5.239469E-02
  5.238378E-02
  5.237287E-02
  5.235389E-02
  5.233471E-02
  5.231553E-02
  5.229635E-02
  5.227717E-02
  5.225799E-02
  5.223881E-02
  5.222118E-02
  5.220640E-02
  5.219162E-02
  5.217685E-02
  5.216207E-02
  5.214729E-02
  5.213251E-02
  5.211713E-02
  5.209683E-02
  5.207654E-02
  5.205625E-02
  5.203595E-02
  5.201566E-02
  5.199537E-02
  5.197110E-02
  5.193358E-02
  5.189607E-02
  5.185856E-02
  5.182104E-02
  5.178353E-02
  5.174602E-02
  5.169061E-02
  5.162736E-02
  5.156412E-02
  5.150087E-02
  5.143763E-02
  5.137438E-02
  5.129417E-02
  5.119604E-02
  5.109792E-02
  5.099979E-02
  5.090166E-02
  5.080354E-02
  5.067834E-02
  5.053418E-02
  5.039002E-02
  5.024586E-02
  5.010170E-02
  4.995753E-02
  4.975946E-02
  4.956055E-02
  4.936162E-02
  4.916270E-02
  4.896377E-02
  4.873094E-02
  4.848072E-02
  4.823051E-02
  4.798030E-02
  4.773009E-02
  4.746056E-02
  4.717838E-02
  4.689623E-02
  4.661409E-02
  4.633199E-02
  4.604713E-02
  4.576168E-02
  4.547634E-02
  4.519110E-02
  4.491277E-02
  4.465676E-02
  4.440104E-02
  4.414562E-02
  4.389049E-02
  4.368824E-02
  4.349242E-02
  4.329720E-02
  4.310257E-02
  4.294921E-02
  4.280811E-02
  4.266783E-02
  4.252839E-02
  4.239887E-02
  4.227167E-02
  4.214540E-02
  4.201552E-02
  4.186057E-02
  4.170650E-02
  4.155331E-02
  4.135906E-02
  4.113959E-02
  4.092080E-02
  4.067649E-02
  4.035918E-02
  4.004232E-02
  3.971876E-02
  3.930798E-02
  3.889748E-02
  3.848494E-02
  3.802625E-02
  3.756769E-02
  3.710821E-02
  3.664354E-02
  3.617890E-02
  3.572329E-02
  3.527919E-02
  3.483499E-02
  3.442367E-02
  3.401837E-02
  3.363166E-02
  3.327592E-02
  3.292178E-02
  3.262045E-02
  3.231892E-02
  3.206261E-02
  3.181702E-02
  3.160818E-02
  3.141567E-02
  3.125581E-02
  3.111114E-02
  3.100202E-02
  3.090335E-02
  3.084969E-02
  3.080985E-02
  3.080768E-02
  3.083839E-02
  3.089384E-02
  3.100737E-02
  3.116156E-02
  3.136045E-02
  3.162925E-02
  3.198549E-02
  3.243718E-02
  3.302122E-02
  3.380633E-02
  3.493103E-02
  3.666110E-02
  3.943183E-02
  4.401682E-02
  5.109935E-02
  5.700965E-02
  5.765154E-02
  7.072408E-02
  1.753801E-02
 -1.617109E-04
  1.676487E-01
  1.676311E-01
  1.676135E-01
  1.675959E-01
  1.675783E-01
  1.675607E-01
  1.675431E-01
  1.675255E-01
  1.675079E-01
  1.674662E-01
  1.674239E-01
  1.673816E-01
  1.673393E-01
  1.672970E-01
  1.672547E-01
  1.672124E-01
  1.671619E-01
  1.670963E-01
  1.670308E-01
  1.669652E-01
  1.668996E-01
  1.668340E-01
  1.667685E-01
  1.666978E-01
  1.665864E-01
  1.664751E-01
  1.663637E-01
  1.662523E-01
  1.661409E-01
  1.660296E-01
  1.659027E-01
  1.657246E-01
  1.655464E-01
  1.653683E-01
  1.651902E-01
  1.650120E-01
  1.648339E-01
  1.645957E-01
  1.643313E-01
  1.640669E-01
  1.638025E-01
  1.635381E-01
  1.632736E-01
  1.629557E-01
  1.625813E-01
  1.622068E-01
  1.618324E-01
  1.614580E-01
  1.610835E-01
  1.606268E-01
  1.601124E-01
  1.595980E-01
  1.590836E-01
  1.585692E-01
  1.580548E-01
  1.573548E-01
  1.566518E-01
  1.559488E-01
  1.552458E-01
  1.545428E-01
  1.536628E-01
  1.526921E-01
  1.517214E-01
  1.507507E-01
  1.497799E-01
  1.485886E-01
  1.472604E-01
  1.459244E-01
  1.445885E-01
  1.432527E-01
  1.415464E-01
  1.397474E-01
  1.379486E-01
  1.361502E-01
  1.342281E-01
  1.319042E-01
  1.295810E-01
  1.272586E-01
  1.249370E-01
  1.221953E-01
  1.194080E-01
  1.166222E-01
  1.138377E-01
  1.108334E-01
  1.077687E-01
  1.047058E-01
  1.016448E-01
  9.852190E-02
  9.539123E-02
  9.226248E-02
  8.915255E-02
  8.614085E-02
  8.313084E-02
  8.012247E-02
  7.728591E-02
  7.455593E-02
  7.182718E-02
  6.919926E-02
  6.685181E-02
  6.450514E-02
  6.218899E-02
  6.023767E-02
  5.828683E-02
  5.635295E-02
  5.474961E-02
  5.314659E-02
  5.159194E-02
  5.027064E-02
  4.894953E-02
  4.772498E-02
  4.662410E-02
  4.552334E-02
  4.456229E-02
  4.362747E-02
  4.273770E-02
  4.192265E-02
  4.111045E-02
  4.038119E-02
  3.965193E-02
  3.897669E-02
  3.831434E-02
  3.769429E-02
  3.709300E-02
  3.653581E-02
  3.599900E-02
  3.552010E-02
  3.505796E-02
  3.468081E-02
  3.433170E-02
  3.406093E-02
  3.386158E-02
  3.371571E-02
  3.369690E-02
  3.376471E-02
  3.392692E-02
  3.423459E-02
  3.472244E-02
  3.541081E-02
  3.638707E-02
  3.782070E-02
  4.006334E-02
  4.381131E-02
  5.019516E-02
  6.087901E-02
  7.690274E-02
  8.951418E-02
  8.577590E-02
  9.950776E-02
  1.870858E-02
 -1.402929E-08
 -1.309329E-04
 -1.309260E-04
 -1.309191E-04
 -1.309123E-04
 -1.309054E-04
 -1.308985E-04
 -1.308916E-04
 -1.308848E-04
 -1.308779E-04
 -1.308938E-04
 -1.309103E-04
 -1.309268E-04
 -1.309432E-04
 -1.309597E-04
 -1.309762E-04
 -1.309927E-04
 -1.310362E-04
 -1.311291E-04
 -1.312221E-04
 -1.313150E-04
 -1.314080E-04
 -1.315009E-04
 -1.315939E-04
 -1.316959E-04
 -1.318702E-04
 -1.320445E-04
 -1.322187E-04
 -1.323930E-04
 -1.325673E-04
 -1.327416E-04
 -1.329290E-04
 -1.331599E-04
 -1.333908E-04
 -1.336217E-04
 -1.338526E-04
 -1.340835E-04
 -1.343144E-04
 -1.345651E-04
 -1.348245E-04
 -1.350838E-04
 -1.353432E-04
 -1.356026E-04
 -1.358620E-04
 -1.361221E-04
 -1.363831E-04
 -1.366441E-04
 -1.369050E-04
 -1.371660E-04
 -1.374270E-04
 -1.376809E-04
 -1.379298E-04
 -1.381786E-04
 -1.384275E-04
 -1.386764E-04
 -1.389253E-04
 -1.392161E-04
 -1.395075E-04
 -1.397990E-04
 -1.400904E-04
 -1.403818E-04
 -1.408289E-04
 -1.413558E-04
 -1.418826E-04
 -1.424095E-04
 -1.429363E-04
 -1.437998E-04
 -1.448841E-04
 -1.459683E-04
 -1.470525E-04
 -1.481367E-04
 -1.499646E-04
 -1.519789E-04
 -1.539933E-04
 -1.560076E-04
 -1.583055E-04
 -1.615250E-04
 -1.647448E-04
 -1.679650E-04
 -1.711855E-04
 -1.754475E-04
 -1.798270E-04
 -1.842077E-04
 -1.885898E-04
 -1.935391E-04
 -1.986497E-04
 -2.037623E-04
 -2.088773E-04
 -2.141176E-04
 -2.193789E-04
 -2.246427E-04
 -2.298548E-04
 -2.347597E-04
 -2.396661E-04
 -2.445743E-04
 -2.490238E-04
 -2.531887E-04
 -2.573536E-04
 -2.612703E-04
 -2.644898E-04
 -2.677072E-04
 -2.708577E-04
 -2.732076E-04
 -2.755547E-04
 -2.778720E-04
 -2.796478E-04
 -2.814208E-04
 -2.831488E-04
 -2.846697E-04
 -2.861883E-04
 -2.876934E-04
 -2.891823E-04
 -2.906697E-04
 -2.922395E-04
 -2.938241E-04
 -2.954688E-04
 -2.972142E-04
 -2.989651E-04
 -3.008912E-04
 -3.028171E-04
 -3.048757E-04
 -3.069661E-04
 -3.091457E-04
 -3.113649E-04
 -3.136645E-04
 -3.160011E-04
 -3.184865E-04
 -3.210149E-04
 -3.239333E-04
 -3.270567E-04
 -3.307814E-04
 -3.353260E-04
 -3.405104E-04
 -3.476589E-04
 -3.564500E-04
 -3.670947E-04
 -3.808101E-04
 -3.983125E-04
 -4.196276E-04
 -4.455353E-04
 -4.767839E-04
 -5.136095E-04
 -5.547629E-04
 -5.963684E-04
 -6.303585E-04
 -6.415493E-04
 -6.137893E-04
 -5.661503E-04
 -2.688539E-04
  5.962732E-04
  9.150261E-04
  6.203061E-03
  6.202684E-03
  6.202307E-03
  6.201930E-03
  6.201553E-03
  6.201176E-03
  6.200799E-03
  6.200422E-03
  6.200045E-03
  6.199310E-03
  6.198566E-03
  6.197823E-03
  6.197079E-03
  6.196335E-03
  6.195592E-03
  6.194848E-03
  6.194211E-03
  6.193770E-03
  6.193329E-03
  6.192888E-03
  6.192447E-03
  6.192006E-03
  6.191565E-03
  6.191160E-03
  6.191043E-03
  6.190925E-03
  6.190808E-03
  6.190690E-03
  6.190573E-03
  6.190455E-03
  6.190331E-03
  6.190185E-03
  6.190040E-03
  6.189894E-03
  6.189748E-03
  6.189602E-03
  6.189456E-03
  6.189170E-03
  6.188823E-03
  6.188476E-03
  6.188129E-03
  6.187782E-03
  6.187434E-03
  6.186984E-03
  6.186424E-03
  6.185863E-03
  6.185303E-03
  6.184743E-03
  6.184183E-03
  6.183559E-03
  6.182890E-03
  6.182221E-03
  6.181552E-03
  6.180884E-03
  6.180215E-03
  6.179583E-03
  6.178953E-03
  6.178322E-03
  6.177691E-03
  6.177060E-03
  6.176482E-03
  6.175932E-03
  6.175382E-03
  6.174831E-03
  6.174280E-03
  6.173722E-03
  6.173158E-03
  6.172594E-03
  6.172030E-03
  6.171467E-03
  6.170725E-03
  6.169940E-03
  6.169158E-03
  6.168379E-03
  6.167480E-03
  6.166185E-03
  6.164902E-03
  6.163629E-03
  6.162368E-03
  6.160473E-03
  6.158530E-03
  6.156611E-03
  6.154716E-03
  6.152383E-03
  6.149954E-03
  6.147560E-03
  6.145200E-03
  6.142536E-03
  6.139859E-03
  6.137220E-03
  6.134582E-03
  6.131759E-03
  6.128973E-03
  6.126224E-03
  6.123465E-03
  6.120709E-03
  6.117982E-03
  6.115358E-03
  6.112962E-03
  6.110587E-03
  6.108281E-03
  6.106610E-03
  6.104951E-03
  6.103348E-03
  6.102579E-03
  6.101820E-03
  6.101223E-03
  6.101367E-03
  6.101519E-03
  6.102015E-03
  6.102950E-03
  6.103891E-03
  6.105280E-03
  6.106757E-03
  6.108318E-03
  6.110015E-03
  6.111711E-03
  6.113301E-03
  6.114893E-03
  6.116164E-03
  6.117358E-03
  6.118155E-03
  6.118776E-03
  6.119053E-03
  6.119171E-03
  6.119275E-03
  6.119375E-03
  6.120516E-03
  6.122408E-03
  6.126547E-03
  6.134096E-03
  6.144326E-03
  6.163115E-03
  6.189196E-03
  6.223525E-03
  6.271581E-03
  6.336908E-03
  6.420271E-03
  6.526350E-03
  6.660609E-03
  6.827469E-03
  7.025483E-03
  7.238870E-03
  7.423754E-03
  7.495644E-03
  7.340528E-03
  6.919809E-03
  6.375186E-03
  6.271290E-03
  7.409333E-03
 -4.748414E-04
 -4.748082E-04
 -4.747750E-04
 -4.747417E-04
 -4.747085E-04
 -4.746753E-04
 -4.746421E-04
 -4.746089E-04
 -4.745756E-04
 -4.745029E-04
 -4.744292E-04
 -4.743554E-04
 -4.742817E-04
 -4.742079E-04
 -4.741342E-04
 -4.740605E-04
 -4.739900E-04
 -4.739256E-04
 -4.738612E-04
 -4.737968E-04
 -4.737324E-04
 -4.736680E-04
 -4.736036E-04
 -4.735405E-04
 -4.734876E-04
 -4.734346E-04
 -4.733817E-04
 -4.733288E-04
 -4.732759E-04
 -4.732230E-04
 -4.731662E-04
 -4.730964E-04
 -4.730265E-04
 -4.729567E-04
 -4.728869E-04
 -4.728171E-04
 -4.727473E-04
 -4.726527E-04
 -4.725472E-04
 -4.724417E-04
 -4.723362E-04
 -4.722307E-04
 -4.721252E-04
 -4.719968E-04
 -4.718445E-04
 -4.716921E-04
 -4.715397E-04
 -4.713873E-04
 -4.712349E-04
 -4.710467E-04
 -4.708335E-04
 -4.706202E-04
 -4.704069E-04
 -4.701936E-04
 -4.699802E-04
 -4.696310E-04
 -4.692795E-04
 -4.689280E-04
 -4.685765E-04
 -4.682248E-04
 -4.676030E-04
 -4.668427E-04
 -4.660823E-04
 -4.653219E-04
 -4.645615E-04
 -4.633081E-04
 -4.632654E-04
 -4.616881E-04
 -4.601111E-04
 -4.585343E-04
 -4.559252E-04
 -4.530584E-04
 -4.501929E-04
 -4.473286E-04
 -4.440621E-04
 -4.394877E-04
 -4.349169E-04
 -4.303495E-04
 -4.257857E-04
 -4.196290E-04
 -4.133006E-04
 -4.069791E-04
 -4.006643E-04
 -3.933640E-04
 -3.857933E-04
 -3.782320E-04
 -3.706800E-04
 -3.625638E-04
 -3.543698E-04
 -3.461859E-04
 -3.380019E-04
 -3.297709E-04
 -3.215491E-04
 -3.133364E-04
 -3.054346E-04
 -2.977272E-04
 -2.900270E-04
 -2.825840E-04
 -2.758479E-04
 -2.691169E-04
 -2.624738E-04
 -2.568521E-04
 -2.512336E-04
 -2.456675E-04
 -2.410931E-04
 -2.365208E-04
 -2.321076E-04
 -2.284575E-04
 -2.248091E-04
 -2.214992E-04
 -2.186227E-04
 -2.157476E-04
 -2.133873E-04
 -2.111247E-04
 -2.090352E-04
 -2.072320E-04
 -2.054406E-04
 -2.039601E-04
 -2.024804E-04
 -2.011687E-04
 -1.998975E-04
 -1.987166E-04
 -1.975759E-04
 -1.964910E-04
 -1.954317E-04
 -1.944294E-04
 -1.934432E-04
 -1.925798E-04
 -1.917825E-04
 -1.911808E-04
 -1.908607E-04
 -1.907605E-04
 -1.913660E-04
 -1.925692E-04
 -1.944426E-04
 -1.974206E-04
 -2.017263E-04
 -2.073220E-04
 -2.144080E-04
 -2.231111E-04
 -2.332836E-04
 -2.441598E-04
 -2.539765E-04
 -2.593186E-04
 -2.541955E-04
 -2.331111E-04
 -2.009922E-04
 -9.859200E-05
  1.166568E-04
  1.975302E-09
  1.273240E+00
  1.273211E+00
  1.273125E+00
  1.272981E+00
  1.272781E+00
  1.272522E+00
  1.272207E+00
  1.271834E+00
  1.271403E+00
  1.270915E+00
  1.270369E+00
  1.269765E+00
  1.269104E+00
  1.268384E+00
  1.267607E+00
  1.266771E+00
  1.265877E+00
  1.264925E+00
  1.263915E+00
  1.262845E+00
  1.261717E+00
  1.260530E+00
  1.259284E+00
  1.257979E+00
  1.256614E+00
  1.255190E+00
  1.253705E+00
  1.252161E+00
  1.250556E+00
  1.248891E+00
  1.247165E+00
  1.245378E+00
  1.243529E+00
  1.241620E+00
  1.239648E+00
  1.237614E+00
  1.235518E+00
  1.233359E+00
  1.231136E+00
  1.228851E+00
  1.226501E+00
  1.224088E+00
  1.221610E+00
  1.219067E+00
  1.216458E+00
  1.213784E+00
  1.211044E+00
  1.208237E+00
  1.205362E+00
  1.202421E+00
  1.199411E+00
  1.196332E+00
  1.193185E+00
  1.189968E+00
  1.186680E+00
  1.183322E+00
  1.179892E+00
  1.176390E+00
  1.172816E+00
  1.169168E+00
  1.165446E+00
  1.161649E+00
  1.157776E+00
  1.153828E+00
  1.149802E+00
  1.145699E+00
  1.141516E+00
  1.137254E+00
  1.132912E+00
  1.128488E+00
  1.123982E+00
  1.119393E+00
  1.114719E+00
  1.109960E+00
  1.105114E+00
  1.100180E+00
  1.095157E+00
  1.090045E+00
  1.084841E+00
  1.079544E+00
  1.074153E+00
  1.068667E+00
  1.063083E+00
  1.057401E+00
  1.051619E+00
  1.045735E+00
  1.039748E+00
  1.033655E+00
  1.027455E+00
  1.021146E+00
  1.014726E+00
  1.008193E+00
  1.001543E+00
  9.947766E-01
  9.878894E-01
  9.808795E-01
  9.737441E-01
  9.664805E-01
  9.590857E-01
  9.515567E-01
  9.438904E-01
  9.360832E-01
  9.281318E-01
  9.200322E-01
  9.117806E-01
  9.033729E-01
  8.948045E-01
  8.860709E-01
  8.771671E-01
  8.680879E-01
  8.588277E-01
  8.493806E-01
  8.397402E-01
  8.299000E-01
  8.198525E-01
  8.095903E-01
  7.991048E-01
  7.883874E-01
  7.774283E-01
  7.662172E-01
  7.547428E-01
  7.429930E-01
  7.309546E-01
  7.186128E-01
  7.059520E-01
  6.929545E-01
  6.796012E-01
  6.658704E-01
  6.517385E-01
  6.371787E-01
  6.221609E-01
  6.066513E-01
  5.906109E-01
  5.739954E-01
  5.567532E-01
  5.388241E-01
  5.201372E-01
  5.006076E-01
  4.801325E-01
  4.585853E-01
  4.358068E-01
  4.115929E-01
  3.856731E-01
  3.576769E-01
  3.270715E-01
  2.930404E-01
  2.542116E-01
  2.079144E-01
  1.472658E-01
  0.000000E+00
  1.119945E-01
  1.119904E-01
  1.119864E-01
  1.119823E-01
  1.119782E-01
  1.119742E-01
  1.119701E-01
  1.119660E-01
  1.119620E-01
  1.119584E-01
  1.119548E-01
  1.119512E-01
  1.119476E-01
  1.119440E-01
  1.119404E-01
  1.119368E-01
  1.119334E-01
  1.119304E-01
  1.119275E-01
  1.119245E-01
  1.119216E-01
  1.119186E-01
  1.119156E-01
  1.119128E-01
  1.119107E-01
  1.119086E-01
  1.119065E-01
  1.119044E-01
  1.119024E-01
  1.119003E-01
  1.118985E-01
  1.118977E-01
  1.118968E-01
  1.118960E-01
  1.118952E-01
  1.118944E-01
  1.118936E-01
  1.118940E-01
  1.118951E-01
  1.118961E-01
  1.118971E-01
  1.118982E-01
  1.118992E-01
  1.119015E-01
  1.119053E-01
  1.119090E-01
  1.119128E-01
  1.119165E-01
  1.119202E-01
  1.119261E-01
  1.119333E-01
  1.119406E-01
  1.119479E-01
  1.119552E-01
  1.119625E-01
  1.119666E-01
  1.119707E-01
  1.119749E-01
  1.119790E-01
  1.119831E-01
  1.119633E-01
  1.119313E-01
  1.118993E-01
  1.118672E-01
  1.118352E-01
  1.117519E-01
  1.119224E-01
  1.118053E-01
  1.116881E-01
  1.115710E-01
  1.113462E-01
  1.111091E-01
  1.108926E-01
  1.106760E-01
  1.104209E-01
  1.100406E-01
  1.096602E-01
  1.092798E-01
  1.088994E-01
  1.083660E-01
  1.078153E-01
  1.072898E-01
  1.068551E-01
  1.063540E-01
  1.058340E-01
  1.053140E-01
  1.048272E-01
  1.043259E-01
  1.038967E-01
  1.035415E-01
  1.036105E-01
  1.037358E-01
  1.038667E-01
  1.040804E-01
  1.042670E-01
  1.044533E-01
  1.046971E-01
  1.049186E-01
  1.050773E-01
  1.052361E-01
  1.053888E-01
  1.054684E-01
  1.055480E-01
  1.056249E-01
  1.056484E-01
  1.056719E-01
  1.056894E-01
  1.056780E-01
  1.056666E-01
  1.056477E-01
  1.056191E-01
  1.055905E-01
  1.055589E-01
  1.055268E-01
  1.054972E-01
  1.054715E-01
  1.054463E-01
  1.054340E-01
  1.054217E-01
  1.054232E-01
  1.054280E-01
  1.054435E-01
  1.054637E-01
  1.054924E-01
  1.055250E-01
  1.055651E-01
  1.056074E-01
  1.056569E-01
  1.057080E-01
  1.057635E-01
  1.058346E-01
  1.059093E-01
  1.059874E-01
  1.060671E-01
  1.061483E-01
  1.062312E-01
  1.063155E-01
  1.064007E-01
  1.064867E-01
  1.065735E-01
  1.066651E-01
  1.067764E-01
  1.068880E-01
  1.069998E-01
  1.071117E-01
  1.072235E-01
  1.073353E-01
  1.074469E-01
  1.284281E-01
  2.260938E-02
 -6.523100E-02
 -6.605386E-02
 -6.687671E-02
 -6.769957E-02
 -6.852243E-02
 -6.934529E-02
 -7.016814E-02
 -7.099100E-02
 -7.181386E-02
 -7.254385E-02
 -7.327153E-02
 -7.399921E-02
 -7.472690E-02
 -7.545458E-02
 -7.618227E-02
 -7.690995E-02
 -7.759236E-02
 -7.819173E-02
 -7.879110E-02
 -7.939047E-02
 -7.998984E-02
 -8.058921E-02
 -8.118858E-02
 -8.176817E-02
 -8.218942E-02
 -8.261066E-02
 -8.303191E-02
 -8.345316E-02
 -8.387440E-02
 -8.429565E-02
 -8.465788E-02
 -8.482396E-02
 -8.499005E-02
 -8.515613E-02
 -8.532222E-02
 -8.548831E-02
 -8.565439E-02
 -8.555967E-02
 -8.535078E-02
 -8.514189E-02
 -8.493300E-02
 -8.472411E-02
 -8.451522E-02
 -8.403993E-02
 -8.328356E-02
 -8.252720E-02
 -8.177083E-02
 -8.101446E-02
 -8.025809E-02
 -7.907979E-02
 -7.760593E-02
 -7.613208E-02
 -7.465823E-02
 -7.318438E-02
 -7.171053E-02
 -6.928436E-02
 -6.684319E-02
 -6.440203E-02
 -6.196087E-02
 -5.951970E-02
 -5.574012E-02
 -5.127442E-02
 -4.680871E-02
 -4.234300E-02
 -3.787730E-02
 -3.127427E-02
  3.494443E-02
  4.292147E-02
  5.089851E-02
  5.887555E-02
  7.101831E-02
  8.420581E-02
  9.739330E-02
  1.105808E-01
  1.253433E-01
  1.452235E-01
  1.651036E-01
  1.849837E-01
  2.048638E-01
  2.305282E-01
  2.568395E-01
  2.831507E-01
  3.094618E-01
  3.381498E-01
  3.675072E-01
  3.968643E-01
  4.262213E-01
  4.551239E-01
  4.839567E-01
  5.127893E-01
  5.410534E-01
  5.660857E-01
  5.911177E-01
  6.161495E-01
  6.369973E-01
  6.552575E-01
  6.735175E-01
  6.893808E-01
  6.985204E-01
  7.076600E-01
  7.161854E-01
  7.171874E-01
  7.181894E-01
  7.189344E-01
  7.145265E-01
  7.101187E-01
  7.052057E-01
  6.978432E-01
  6.904806E-01
  6.827005E-01
  6.743852E-01
  6.660698E-01
  6.582250E-01
  6.504684E-01
  6.433224E-01
  6.371905E-01
  6.311350E-01
  6.273291E-01
  6.235231E-01
  6.218635E-01
  6.207171E-01
  6.211714E-01
  6.223365E-01
  6.247275E-01
  6.276856E-01
  6.316966E-01
  6.360128E-01
  6.413046E-01
  6.468145E-01
  6.528943E-01
  6.593069E-01
  6.659579E-01
  6.729915E-01
  6.801925E-01
  6.875538E-01
  6.950889E-01
  7.027477E-01
  7.104885E-01
  7.182973E-01
  7.261574E-01
  7.340517E-01
  7.419645E-01
  7.498820E-01
  7.577923E-01
  7.656856E-01
  7.735542E-01
  7.813918E-01
  7.891878E-01
  1.568104E-01
  3.539338E+00
  9.799830E-01
  9.799830E-01
  9.799830E-01
  9.799831E-01
  9.799831E-01
  9.799831E-01
  9.799831E-01
  9.799831E-01
  9.799831E-01
  9.799832E-01
  9.799832E-01
  9.799832E-01
  9.799832E-01
  9.799832E-01
  9.799832E-01
  9.799833E-01
  9.799833E-01
  9.799833E-01
  9.799833E-01
  9.799833E-01
  9.799833E-01
  9.799833E-01
  9.799834E-01
  9.799834E-01
  9.799834E-01
  9.799834E-01
  9.799834E-01
  9.799834E-01
  9.799834E-01
  9.799834E-01
  9.799834E-01
  9.799835E-01
  9.799835E-01
  9.799835E-01
  9.799835E-01
  9.799835E-01
  9.799835E-01
  9.799835E-01
  9.799835E-01
  9.799835E-01
  9.799835E-01
  9.799834E-01
  9.799834E-01
  9.799834E-01
  9.799834E-01
  9.799834E-01
  9.799834E-01
  9.799834E-01
  9.799833E-01
  9.799833E-01
  9.799833E-01
  9.799832E-01
  9.799832E-01
  9.799832E-01
  9.799831E-01
  9.799831E-01
  9.799830E-01
  9.799830E-01
  9.799830E-01
  9.799829E-01
  9.799828E-01
  9.799828E-01
  9.799827E-01
  9.799826E-01
  9.799826E-01
  9.799825E-01
  9.799826E-01
  9.799827E-01
  9.799828E-01
  9.799829E-01
  9.799831E-01
  9.799834E-01
  9.799838E-01
  9.799842E-01
  9.799847E-01
  9.799855E-01
  9.799864E-01
  9.799875E-01
  9.799886E-01
  9.799903E-01
  9.799922E-01
  9.799943E-01
  9.799967E-01
  9.799994E-01
  9.800025E-01
  9.800059E-01
  9.800095E-01
  9.800133E-01
  9.800173E-01
  9.800216E-01
  9.800261E-01
  9.800302E-01
  9.800345E-01
  9.800390E-01
  9.800429E-01
  9.800465E-01
  9.800501E-01
  9.800533E-01
  9.800552E-01
  9.800571E-01
  9.800589E-01
  9.800592E-01
  9.800594E-01
  9.800595E-01
  9.800586E-01
  9.800576E-01
  9.800566E-01
  9.800551E-01
  9.800535E-01
  9.800519E-01
  9.800503E-01
  9.800486E-01
  9.800470E-01
  9.800455E-01
  9.800442E-01
  9.800430E-01
  9.800418E-01
  9.800411E-01
  9.800404E-01
  9.800401E-01
  9.800399E-01
  9.800400E-01
  9.800402E-01
  9.800406E-01
  9.800412E-01
  9.800419E-01
  9.800428E-01
  9.800438E-01
  9.800448E-01
  9.800460E-01
  9.800473E-01
  9.800486E-01
  9.800500E-01
  9.800514E-01
  9.800529E-01
  9.800545E-01
  9.800561E-01
  9.800577E-01
  9.800594E-01
  9.800611E-01
  9.800628E-01
  9.800646E-01
  9.800663E-01
  9.800681E-01
  9.800699E-01
  9.800717E-01
  9.800735E-01
  9.800753E-01
  7.134802E-01
  4.036250E-06
 -3.129595E+02
 -3.129377E+02
 -3.129160E+02
 -3.128942E+02
 -3.128725E+02
 -3.128507E+02
 -3.128290E+02
 -3.128072E+02
 -3.127854E+02
 -3.125980E+02
 -3.124064E+02
 -3.122149E+02
 -3.120233E+02
 -3.118317E+02
 -3.116401E+02
 -3.114485E+02
 -3.111577E+02
 -3.106847E+02
 -3.102117E+02
 -3.097387E+02
 -3.092656E+02
 -3.087926E+02
 -3.083196E+02
 -3.078243E+02
 -3.071501E+02
 -3.064760E+02
 -3.058018E+02
 -3.051277E+02
 -3.044536E+02
 -3.037794E+02
 -3.030825E+02
 -3.023097E+02
 -3.015370E+02
 -3.007643E+02
 -2.999915E+02
 -2.992188E+02
 -2.984461E+02
 -2.976563E+02
 -2.968590E+02
 -2.960618E+02
 -2.952646E+02
 -2.944673E+02
 -2.936701E+02
 -2.928967E+02
 -2.921486E+02
 -2.914004E+02
 -2.906523E+02
 -2.899042E+02
 -2.891561E+02
 -2.884803E+02
 -2.878551E+02
 -2.872299E+02
 -2.866048E+02
 -2.859796E+02
 -2.853545E+02
 -2.848803E+02
 -2.844084E+02
 -2.839367E+02
 -2.834649E+02
 -2.829932E+02
 -2.825522E+02
 -2.821269E+02
 -2.817017E+02
 -2.812765E+02
 -2.808514E+02
 -2.802812E+02
 -2.796157E+02
 -2.789502E+02
 -2.782847E+02
 -2.776193E+02
 -2.764565E+02
 -2.751688E+02
 -2.738808E+02
 -2.725925E+02
 -2.710718E+02
 -2.687960E+02
 -2.665191E+02
 -2.642410E+02
 -2.619617E+02
 -2.585689E+02
 -2.550493E+02
 -2.515270E+02
 -2.480019E+02
 -2.436462E+02
 -2.390534E+02
 -2.344563E+02
 -2.298547E+02
 -2.248496E+02
 -2.197782E+02
 -2.147012E+02
 -2.096458E+02
 -2.047401E+02
 -1.998288E+02
 -1.949117E+02
 -1.904454E+02
 -1.862568E+02
 -1.820634E+02
 -1.781677E+02
 -1.751167E+02
 -1.720622E+02
 -1.690890E+02
 -1.671511E+02
 -1.652110E+02
 -1.632978E+02
 -1.619654E+02
 -1.606322E+02
 -1.593125E+02
 -1.580622E+02
 -1.568125E+02
 -1.554393E+02
 -1.539088E+02
 -1.523801E+02
 -1.503979E+02
 -1.483329E+02
 -1.460061E+02
 -1.432430E+02
 -1.404568E+02
 -1.369069E+02
 -1.333597E+02
 -1.291459E+02
 -1.247739E+02
 -1.198435E+02
 -1.146650E+02
 -1.089699E+02
 -1.030349E+02
 -9.652786E+01
 -8.985340E+01
 -8.244948E+01
 -7.482038E+01
 -6.657464E+01
 -5.778634E+01
 -4.859000E+01
 -3.842917E+01
 -2.759702E+01
 -1.603222E+01
 -3.337747E+00
  1.070762E+01
  2.614670E+01
  4.338423E+01
  6.307471E+01
  8.635933E+01
  1.151988E+02
  1.526326E+02
  2.035734E+02
  2.716314E+02
  3.365296E+02
  3.766509E+02
  4.730624E+02
  8.517233E+01
  3.842873E-04
  1.130564E+04
  1.130392E+04
  1.130219E+04
  1.130046E+04
  1.129873E+04
  1.129701E+04
  1.129528E+04
  1.129355E+04
  1.129182E+04
  1.128707E+04
  1.128223E+04
  1.127740E+04
  1.127257E+04
  1.126774E+04
  1.126291E+04
  1.125807E+04
  1.125230E+04
  1.124481E+04
  1.123732E+04
  1.122982E+04
  1.122233E+04
  1.121484E+04
  1.120735E+04
  1.119952E+04
  1.118901E+04
  1.117849E+04
  1.116798E+04
  1.115747E+04
  1.114696E+04
  1.113645E+04
  1.112515E+04
  1.111124E+04
  1.109732E+04
  1.108341E+04
  1.106950E+04
  1.105559E+04
  1.104167E+04
  1.102521E+04
  1.100762E+04
  1.099004E+04
  1.097245E+04
  1.095486E+04
  1.093728E+04
  1.091774E+04
  1.089614E+04
  1.087454E+04
  1.085294E+04
  1.083135E+04
  1.080975E+04
  1.078545E+04
  1.075925E+04
  1.073305E+04
  1.070686E+04
  1.068066E+04
  1.065447E+04
  1.062299E+04
  1.059143E+04
  1.055987E+04
  1.052831E+04
  1.049675E+04
  1.046113E+04
  1.042342E+04
  1.038571E+04
  1.034801E+04
  1.031030E+04
  1.026838E+04
  1.022370E+04
  1.017902E+04
  1.013435E+04
  1.008968E+04
  1.003884E+04
  9.986464E+03
  9.934099E+03
  9.881745E+03
  9.827573E+03
  9.767479E+03
  9.707413E+03
  9.647375E+03
  9.587364E+03
  9.521220E+03
  9.454438E+03
  9.387706E+03
  9.321024E+03
  9.250011E+03
  9.177830E+03
  9.105712E+03
  9.033658E+03
  8.958167E+03
  8.882205E+03
  8.806308E+03
  8.730189E+03
  8.652512E+03
  8.574890E+03
  8.497321E+03
  8.419631E+03
  8.341874E+03
  8.264155E+03
  8.186576E+03
  8.109313E+03
  8.032071E+03
  7.954908E+03
  7.878471E+03
  7.802047E+03
  7.725677E+03
  7.650138E+03
  7.574611E+03
  7.499139E+03
  7.423892E+03
  7.348656E+03
  7.273210E+03
  7.197490E+03
  7.121781E+03
  7.045149E+03
  6.968353E+03
  6.890951E+03
  6.812534E+03
  6.734057E+03
  6.653581E+03
  6.573112E+03
  6.490752E+03
  6.407942E+03
  6.323383E+03
  6.238048E+03
  6.150923E+03
  6.062970E+03
  5.973004E+03
  5.882453E+03
  5.789431E+03
  5.695692E+03
  5.599992E+03
  5.502718E+03
  5.404279E+03
  5.303323E+03
  5.200818E+03
  5.096704E+03
  4.990370E+03
  4.881995E+03
  4.772227E+03
  4.661787E+03
  4.552752E+03
  4.450514E+03
  4.366787E+03
  4.321010E+03
  4.351343E+03
  4.494001E+03
  4.490631E+03
  4.052613E+03
  4.567338E+03
  1.273254E+03
 -5.727546E-04
 -2.553065E+00
 -2.537609E+00
 -2.522153E+00
 -2.506698E+00
 -2.491242E+00
 -2.475786E+00
 -2.460331E+00
 -2.444875E+00
 -2.429420E+00
 -2.389697E+00
 -2.349374E+00
 -2.309051E+00
 -2.268727E+00
 -2.228404E+00
 -2.188081E+00
 -2.147758E+00
 -2.100100E+00
 -2.038988E+00
 -1.977877E+00
 -1.916765E+00
 -1.855654E+00
 -1.794543E+00
 -1.733432E+00
 -1.668655E+00
 -1.574523E+00
 -1.480392E+00
 -1.386261E+00
 -1.292131E+00
 -1.198000E+00
 -1.103869E+00
 -9.974721E-01
 -8.503070E-01
 -7.031419E-01
 -5.559770E-01
 -4.088120E-01
 -2.616471E-01
 -1.144822E-01
  8.994917E-02
  3.194468E-01
  5.489449E-01
  7.784433E-01
  1.007942E+00
  1.237441E+00
  1.517574E+00
  1.851131E+00
  2.184689E+00
  2.518249E+00
  2.851810E+00
  3.185373E+00
  3.814948E+00
  4.651862E+00
  5.488783E+00
  6.325711E+00
  7.162646E+00
  7.999587E+00
  1.143189E+01
  1.490507E+01
  1.837829E+01
  2.185153E+01
  2.532479E+01
  3.248482E+01
  4.153478E+01
  5.058471E+01
  5.963461E+01
  6.868448E+01
  8.207855E+01
  9.832204E+01
  1.145650E+02
  1.308076E+02
  1.470496E+02
  1.690381E+02
  1.924663E+02
  2.158930E+02
  2.393180E+02
  2.635207E+02
  2.902522E+02
  3.169810E+02
  3.437071E+02
  3.704307E+02
  3.921286E+02
  4.132625E+02
  4.343945E+02
  4.555251E+02
  4.678340E+02
  4.776588E+02
  4.874840E+02
  4.973100E+02
  4.982296E+02
  4.977848E+02
  4.973417E+02
  4.956692E+02
  4.869960E+02
  4.783239E+02
  4.696528E+02
  4.570763E+02
  4.420839E+02
  4.270913E+02
  4.111562E+02
  3.925774E+02
  3.739985E+02
  3.553673E+02
  3.361006E+02
  3.168350E+02
  2.975924E+02
  2.787911E+02
  2.599922E+02
  2.413224E+02
  2.232700E+02
  2.052207E+02
  1.876206E+02
  1.705953E+02
  1.535732E+02
  1.375931E+02
  1.218107E+02
  1.065396E+02
  9.211543E+01
  7.774039E+01
  6.474680E+01
  5.175477E+01
  4.014968E+01
  2.887678E+01
  1.902253E+01
  9.798244E+00
  1.935727E+00
 -5.296888E+00
 -1.120208E+01
 -1.672272E+01
 -2.089155E+01
 -2.473751E+01
 -2.772852E+01
 -3.017983E+01
 -3.224184E+01
 -3.362570E+01
 -3.467624E+01
 -3.539377E+01
 -3.569884E+01
 -3.561734E+01
 -3.518297E+01
 -3.432290E+01
 -3.291243E+01
 -3.074042E+01
 -2.749386E+01
 -2.283173E+01
 -1.669989E+01
 -9.759307E+00
 -2.954501E+00
  1.758024E+00
  9.402760E+02
  4.870642E+03
  3.726576E-02
