 Title= "ADflow Lift Distribution Data"
Variables = "eta" "CoordinateX" "CoordinateY" "CoordinateZ" "Lift" "Drag" "Moment" "Normalized Lift" "Normalized Drag" "Normalized Moment" "CL" "CD" "CM" "CLp" "CDp" "CMp" "CLv" "CDv" "CMv" "Elliptical" "thickness" "twist" "chord" "fx" "fy" "fz" 
Zone T= "LiftDist_01 allWalls: : z normal"
 I=          150
 DATAPACKING=BLOCK
  0.000000E+00
  6.711405E-03
  1.342281E-02
  2.013422E-02
  2.684563E-02
  3.355704E-02
  4.026845E-02
  4.697986E-02
  5.369127E-02
  6.040268E-02
  6.711409E-02
  7.382550E-02
  8.053691E-02
  8.724832E-02
  9.395973E-02
  1.006711E-01
  1.073825E-01
  1.140940E-01
  1.208054E-01
  1.275168E-01
  1.342282E-01
  1.409396E-01
  1.476510E-01
  1.543624E-01
  1.610738E-01
  1.677852E-01
  1.744966E-01
  1.812081E-01
  1.879195E-01
  1.946309E-01
  2.013423E-01
  2.080537E-01
  2.147651E-01
  2.214765E-01
  2.281879E-01
  2.348993E-01
  2.416107E-01
  2.483221E-01
  2.550336E-01
  2.617450E-01
  2.684564E-01
  2.751678E-01
  2.818792E-01
  2.885906E-01
  2.953020E-01
  3.020134E-01
  3.087248E-01
  3.154362E-01
  3.221476E-01
  3.288591E-01
  3.355705E-01
  3.422819E-01
  3.489933E-01
  3.557047E-01
  3.624161E-01
  3.691275E-01
  3.758389E-01
  3.825503E-01
  3.892617E-01
  3.959732E-01
  4.026846E-01
  4.093960E-01
  4.161074E-01
  4.228188E-01
  4.295302E-01
  4.362416E-01
  4.429530E-01
  4.496644E-01
  4.563758E-01
  4.630872E-01
  4.697987E-01
  4.765101E-01
  4.832215E-01
  4.899329E-01
  4.966443E-01
  5.033557E-01
  5.100671E-01
  5.167785E-01
  5.234899E-01
  5.302013E-01
  5.369128E-01
  5.436242E-01
  5.503356E-01
  5.570470E-01
  5.637584E-01
  5.704698E-01
  5.771812E-01
  5.838926E-01
  5.906040E-01
  5.973154E-01
  6.040268E-01
  6.107383E-01
  6.174497E-01
  6.241611E-01
  6.308725E-01
  6.375839E-01
  6.442953E-01
  6.510067E-01
  6.577181E-01
  6.644295E-01
  6.711409E-01
  6.778524E-01
  6.845638E-01
  6.912752E-01
  6.979866E-01
  7.046980E-01
  7.114094E-01
  7.181208E-01
  7.248322E-01
  7.315436E-01
  7.382550E-01
  7.449664E-01
  7.516779E-01
  7.583893E-01
  7.651007E-01
  7.718121E-01
  7.785235E-01
  7.852349E-01
  7.919463E-01
  7.986577E-01
  8.053691E-01
  8.120805E-01
  8.187919E-01
  8.255034E-01
  8.322148E-01
  8.389262E-01
  8.456376E-01
  8.523490E-01
  8.590604E-01
  8.657718E-01
  8.724832E-01
  8.791946E-01
  8.859060E-01
  8.926175E-01
  8.993289E-01
  9.060403E-01
  9.127517E-01
  9.194631E-01
  9.261745E-01
  9.328859E-01
  9.395973E-01
  9.463087E-01
  9.530201E-01
  9.597315E-01
  9.664430E-01
  9.731544E-01
  9.798658E-01
  9.865772E-01
  9.932886E-01
  1.000000E+00
  0.000000E+00
  0.000000E+00
  0.000000E+00
  0.000000E+00
  0.000000E+00
  0.000000E+00
  0.000000E+00
  0.000000E+00
  0.000000E+00
  0.000000E+00
  0.000000E+00
  0.000000E+00
  0.000000E+00
  0.000000E+00
  0.000000E+00
  0.000000E+00
  0.000000E+00
  0.000000E+00
  0.000000E+00
  0.000000E+00
  0.000000E+00
  0.000000E+00
  0.000000E+00
  0.000000E+00
  0.000000E+00
  0.000000E+00
  0.000000E+00
  0.000000E+00
  0.000000E+00
  0.000000E+00
  0.000000E+00
  0.000000E+00
  0.000000E+00
  0.000000E+00
  0.000000E+00
  0.000000E+00
  0.000000E+00
  0.000000E+00
  0.000000E+00
  0.000000E+00
  0.000000E+00
  0.000000E+00
  0.000000E+00
  0.000000E+00
  0.000000E+00
  0.000000E+00
  0.000000E+00
  0.000000E+00
  0.000000E+00
  0.000000E+00
  0.000000E+00
  0.000000E+00
  0.000000E+00
  0.000000E+00
  0.000000E+00
  0.000000E+00
  0.000000E+00
  0.000000E+00
  0.000000E+00
  0.000000E+00
  0.000000E+00
  0.000000E+00
  0.000000E+00
  0.000000E+00
  0.000000E+00
  0.000000E+00
  0.000000E+00
  0.000000E+00
  0.000000E+00
  0.000000E+00
  0.000000E+00
  0.000000E+00
  0.000000E+00
  0.000000E+00
  0.000000E+00
  0.000000E+00
  0.000000E+00
  0.000000E+00
  0.000000E+00
  0.000000E+00
  0.000000E+00
  0.000000E+00
  0.000000E+00
  0.000000E+00
  0.000000E+00
  0.000000E+00
  0.000000E+00
  0.000000E+00
  0.000000E+00
  0.000000E+00
  0.000000E+00
  0.000000E+00
  0.000000E+00
  0.000000E+00
  0.000000E+00
  0.000000E+00
  0.000000E+00
  0.000000E+00
  0.000000E+00
  0.000000E+00
  0.000000E+00
  0.000000E+00
  0.000000E+00
  0.000000E+00
  0.000000E+00
  0.000000E+00
  0.000000E+00
  0.000000E+00
  0.000000E+00
  0.000000E+00
  0.000000E+00
  0.000000E+00
  0.000000E+00
  0.000000E+00
  0.000000E+00
  0.000000E+00
  0.000000E+00
  0.000000E+00
  0.000000E+00
  0.000000E+00
  0.000000E+00
  0.000000E+00
  0.000000E+00
  0.000000E+00
  0.000000E+00
  0.000000E+00
  0.000000E+00
  0.000000E+00
  0.000000E+00
  0.000000E+00
  0.000000E+00
  0.000000E+00
  0.000000E+00
  0.000000E+00
  0.000000E+00
  0.000000E+00
  0.000000E+00
  0.000000E+00
  0.000000E+00
  0.000000E+00
  0.000000E+00
  0.000000E+00
  0.000000E+00
  0.000000E+00
  0.000000E+00
  0.000000E+00
  0.000000E+00
  0.000000E+00
  0.000000E+00
  0.000000E+00
  0.000000E+00
  0.000000E+00
  0.000000E+00
  0.000000E+00
  0.000000E+00
  0.000000E+00
  0.000000E+00
  0.000000E+00
  0.000000E+00
  0.000000E+00
  0.000000E+00
  0.000000E+00
  0.000000E+00
  0.000000E+00
  0.000000E+00
  0.000000E+00
  0.000000E+00
  0.000000E+00
  0.000000E+00
  0.000000E+00
  0.000000E+00
  0.000000E+00
  0.000000E+00
  0.000000E+00
  0.000000E+00
  0.000000E+00
  0.000000E+00
  0.000000E+00
  0.000000E+00
  0.000000E+00
  0.000000E+00
  0.000000E+00
  0.000000E+00
  0.000000E+00
  0.000000E+00
  0.000000E+00
  0.000000E+00
  0.000000E+00
  0.000000E+00
  0.000000E+00
  0.000000E+00
  0.000000E+00
  0.000000E+00
  0.000000E+00
  0.000000E+00
  0.000000E+00
  0.000000E+00
  0.000000E+00
  0.000000E+00
  0.000000E+00
  0.000000E+00
  0.000000E+00
  0.000000E+00
  0.000000E+00
  0.000000E+00
  0.000000E+00
  0.000000E+00
  0.000000E+00
  0.000000E+00
  0.000000E+00
  0.000000E+00
  0.000000E+00
  0.000000E+00
  0.000000E+00
  0.000000E+00
  0.000000E+00
  0.000000E+00
  0.000000E+00
  0.000000E+00
  0.000000E+00
  0.000000E+00
  0.000000E+00
  0.000000E+00
  0.000000E+00
  0.000000E+00
  0.000000E+00
  0.000000E+00
  0.000000E+00
  0.000000E+00
  0.000000E+00
  0.000000E+00
  0.000000E+00
  0.000000E+00
  0.000000E+00
  0.000000E+00
  0.000000E+00
  0.000000E+00
  0.000000E+00
  0.000000E+00
  0.000000E+00
  0.000000E+00
  0.000000E+00
  0.000000E+00
  0.000000E+00
  0.000000E+00
  0.000000E+00
  0.000000E+00
  0.000000E+00
  0.000000E+00
  0.000000E+00
  0.000000E+00
  0.000000E+00
  0.000000E+00
  0.000000E+00
  0.000000E+00
  0.000000E+00
  0.000000E+00
  0.000000E+00
  0.000000E+00
  0.000000E+00
  0.000000E+00
  0.000000E+00
  0.000000E+00
  0.000000E+00
  0.000000E+00
  0.000000E+00
  0.000000E+00
  0.000000E+00
  0.000000E+00
  0.000000E+00
  0.000000E+00
  0.000000E+00
  0.000000E+00
  0.000000E+00
  0.000000E+00
  0.000000E+00
  0.000000E+00
  0.000000E+00
  0.000000E+00
  0.000000E+00
  0.000000E+00
  0.000000E+00
  0.000000E+00
  0.000000E+00
  0.000000E+00
  0.000000E+00
  0.000000E+00
  0.000000E+00
  0.000000E+00
  0.000000E+00
  0.000000E+00
  0.000000E+00
  0.000000E+00
  0.000000E+00
  0.000000E+00
  0.000000E+00
  0.000000E+00
  0.000000E+00
  0.000000E+00
  0.000000E+00
  1.000000E-08
  1.695085E-02
  3.390169E-02
  5.085254E-02
  6.780338E-02
  8.475423E-02
  1.017051E-01
  1.186559E-01
  1.356068E-01
  1.525576E-01
  1.695085E-01
  1.864593E-01
  2.034101E-01
  2.203610E-01
  2.373118E-01
  2.542627E-01
  2.712135E-01
  2.881644E-01
  3.051152E-01
  3.220661E-01
  3.390169E-01
  3.559678E-01
  3.729186E-01
  3.898694E-01
  4.068203E-01
  4.237711E-01
  4.407220E-01
  4.576728E-01
  4.746237E-01
  4.915745E-01
  5.085254E-01
  5.254762E-01
  5.424271E-01
  5.593779E-01
  5.763287E-01
  5.932796E-01
  6.102304E-01
  6.271813E-01
  6.441321E-01
  6.610830E-01
  6.780338E-01
  6.949847E-01
  7.119355E-01
  7.288864E-01
  7.458372E-01
  7.627880E-01
  7.797389E-01
  7.966897E-01
  8.136406E-01
  8.305914E-01
  8.475423E-01
  8.644931E-01
  8.814440E-01
  8.983948E-01
  9.153457E-01
  9.322965E-01
  9.492473E-01
  9.661982E-01
  9.831490E-01
  1.000100E+00
  1.017051E+00
  1.034002E+00
  1.050952E+00
  1.067903E+00
  1.084854E+00
  1.101805E+00
  1.118756E+00
  1.135707E+00
  1.152657E+00
  1.169608E+00
  1.186559E+00
  1.203510E+00
  1.220461E+00
  1.237412E+00
  1.254363E+00
  1.271313E+00
  1.288264E+00
  1.305215E+00
  1.322166E+00
  1.339117E+00
  1.356068E+00
  1.373018E+00
  1.389969E+00
  1.406920E+00
  1.423871E+00
  1.440822E+00
  1.457773E+00
  1.474724E+00
  1.491674E+00
  1.508625E+00
  1.525576E+00
  1.542527E+00
  1.559478E+00
  1.576429E+00
  1.593379E+00
  1.610330E+00
  1.627281E+00
  1.644232E+00
  1.661183E+00
  1.678134E+00
  1.695085E+00
  1.712035E+00
  1.728986E+00
  1.745937E+00
  1.762888E+00
  1.779839E+00
  1.796790E+00
  1.813740E+00
  1.830691E+00
  1.847642E+00
  1.864593E+00
  1.881544E+00
  1.898495E+00
  1.915446E+00
  1.932396E+00
  1.949347E+00
  1.966298E+00
  1.983249E+00
  2.000200E+00
  2.017151E+00
  2.034101E+00
  2.051052E+00
  2.068003E+00
  2.084954E+00
  2.101905E+00
  2.118856E+00
  2.135807E+00
  2.152757E+00
  2.169708E+00
  2.186659E+00
  2.203610E+00
  2.220561E+00
  2.237512E+00
  2.254462E+00
  2.271413E+00
  2.288364E+00
  2.305315E+00
  2.322266E+00
  2.339217E+00
  2.356168E+00
  2.373118E+00
  2.390069E+00
  2.407020E+00
  2.423971E+00
  2.440922E+00
  2.457873E+00
  2.474823E+00
  2.491774E+00
  2.508725E+00
  2.525676E+00
  1.106284E+04
  1.106100E+04
  1.105916E+04
  1.105732E+04
  1.105547E+04
  1.105363E+04
  1.105179E+04
  1.104995E+04
  1.104811E+04
  1.104273E+04
  1.103726E+04
  1.103179E+04
  1.102632E+04
  1.102086E+04
  1.101539E+04
  1.100992E+04
  1.100328E+04
  1.099448E+04
  1.098568E+04
  1.097689E+04
  1.096809E+04
  1.095930E+04
  1.095050E+04
  1.094136E+04
  1.092939E+04
  1.091742E+04
  1.090546E+04
  1.089349E+04
  1.088153E+04
  1.086956E+04
  1.085682E+04
  1.084148E+04
  1.082614E+04
  1.081081E+04
  1.079548E+04
  1.078014E+04
  1.076481E+04
  1.074706E+04
  1.072825E+04
  1.070944E+04
  1.069064E+04
  1.067183E+04
  1.065303E+04
  1.063256E+04
  1.061033E+04
  1.058810E+04
  1.056587E+04
  1.054364E+04
  1.052141E+04
  1.049718E+04
  1.047154E+04
  1.044590E+04
  1.042027E+04
  1.039463E+04
  1.036900E+04
  1.034002E+04
  1.031098E+04
  1.028195E+04
  1.025292E+04
  1.022390E+04
  1.019269E+04
  1.016037E+04
  1.012804E+04
  1.009573E+04
  1.006341E+04
  1.002910E+04
  9.993486E+03
  9.957873E+03
  9.922264E+03
  9.886658E+03
  9.848251E+03
  9.809145E+03
  9.770041E+03
  9.730941E+03
  9.690978E+03
  9.648200E+03
  9.605424E+03
  9.562650E+03
  9.519879E+03
  9.473743E+03
  9.427232E+03
  9.380722E+03
  9.334214E+03
  9.284817E+03
  9.234608E+03
  9.184400E+03
  9.134195E+03
  9.081084E+03
  9.027529E+03
  8.973978E+03
  8.920007E+03
  8.863634E+03
  8.807267E+03
  8.750905E+03
  8.692947E+03
  8.634008E+03
  8.575082E+03
  8.515497E+03
  8.454051E+03
  8.392630E+03
  8.331057E+03
  8.267350E+03
  8.203682E+03
  8.139929E+03
  8.073742E+03
  8.007600E+03
  7.940925E+03
  7.871497E+03
  7.802113E+03
  7.731009E+03
  7.657684E+03
  7.584398E+03
  7.507481E+03
  7.429911E+03
  7.350699E+03
  7.268735E+03
  7.186652E+03
  7.100334E+03
  7.014034E+03
  6.924292E+03
  6.833737E+03
  6.740284E+03
  6.645552E+03
  6.547996E+03
  6.449141E+03
  6.347218E+03
  6.244415E+03
  6.138094E+03
  6.030846E+03
  5.921080E+03
  5.809495E+03
  5.696577E+03
  5.580977E+03
  5.463781E+03
  5.344893E+03
  5.223575E+03
  5.099648E+03
  4.973455E+03
  4.845203E+03
  4.716221E+03
  4.590875E+03
  4.479587E+03
  4.400155E+03
  4.387941E+03
  4.480079E+03
  4.444606E+03
  4.004066E+03
  4.498912E+03
  1.346754E+03
 -1.194720E-04
  6.293526E+02
  6.292726E+02
  6.291926E+02
  6.291126E+02
  6.290327E+02
  6.289527E+02
  6.288727E+02
  6.287928E+02
  6.287128E+02
  6.285526E+02
  6.283904E+02
  6.282281E+02
  6.280659E+02
  6.279037E+02
  6.277415E+02
  6.275793E+02
  6.274265E+02
  6.272911E+02
  6.271557E+02
  6.270203E+02
  6.268849E+02
  6.267494E+02
  6.266140E+02
  6.264763E+02
  6.263208E+02
  6.261652E+02
  6.260097E+02
  6.258541E+02
  6.256985E+02
  6.255429E+02
  6.253669E+02
  6.251228E+02
  6.248788E+02
  6.246348E+02
  6.243907E+02
  6.241466E+02
  6.239025E+02
  6.235913E+02
  6.232507E+02
  6.229101E+02
  6.225695E+02
  6.222288E+02
  6.218881E+02
  6.214924E+02
  6.210385E+02
  6.205845E+02
  6.201305E+02
  6.196764E+02
  6.192223E+02
  6.186511E+02
  6.179980E+02
  6.173447E+02
  6.166913E+02
  6.160378E+02
  6.153843E+02
  6.144450E+02
  6.135011E+02
  6.125570E+02
  6.116129E+02
  6.106686E+02
  6.095334E+02
  6.083002E+02
  6.070669E+02
  6.058335E+02
  6.045999E+02
  6.032179E+02
  6.017384E+02
  6.002588E+02
  5.987790E+02
  5.972990E+02
  5.956680E+02
  5.939989E+02
  5.923295E+02
  5.906598E+02
  5.889710E+02
  5.872206E+02
  5.854699E+02
  5.837188E+02
  5.819674E+02
  5.801427E+02
  5.783096E+02
  5.764762E+02
  5.746425E+02
  5.726109E+02
  5.705235E+02
  5.684357E+02
  5.663478E+02
  5.639186E+02
  5.614372E+02
  5.589557E+02
  5.564040E+02
  5.534537E+02
  5.505043E+02
  5.475557E+02
  5.441925E+02
  5.405751E+02
  5.369607E+02
  5.331387E+02
  5.287312E+02
  5.243306E+02
  5.198951E+02
  5.149569E+02
  5.100291E+02
  5.051023E+02
  5.000020E+02
  4.949128E+02
  4.898408E+02
  4.848094E+02
  4.797876E+02
  4.748755E+02
  4.700997E+02
  4.653305E+02
  4.608995E+02
  4.565345E+02
  4.523600E+02
  4.484979E+02
  4.446546E+02
  4.413481E+02
  4.380399E+02
  4.352115E+02
  4.324952E+02
  4.301776E+02
  4.280349E+02
  4.262422E+02
  4.246103E+02
  4.233518E+02
  4.222020E+02
  4.215301E+02
  4.210104E+02
  4.209085E+02
  4.211899E+02
  4.217665E+02
  4.230541E+02
  4.248625E+02
  4.272466E+02
  4.305253E+02
  4.348955E+02
  4.404299E+02
  4.475331E+02
  4.569465E+02
  4.701531E+02
  4.900042E+02
  5.211602E+02
  5.718219E+02
  6.499826E+02
  7.188147E+02
  7.316419E+02
  8.832084E+02
  2.137994E+02
  3.890593E-04
  1.811280E+03
  1.810628E+03
  1.809976E+03
  1.809325E+03
  1.808673E+03
  1.808021E+03
  1.807369E+03
  1.806717E+03
  1.806065E+03
  1.804553E+03
  1.803018E+03
  1.801484E+03
  1.799950E+03
  1.798416E+03
  1.796882E+03
  1.795348E+03
  1.793659E+03
  1.791686E+03
  1.789713E+03
  1.787740E+03
  1.785767E+03
  1.783794E+03
  1.781821E+03
  1.779777E+03
  1.777166E+03
  1.774554E+03
  1.771943E+03
  1.769331E+03
  1.766720E+03
  1.764108E+03
  1.761321E+03
  1.757948E+03
  1.754575E+03
  1.751203E+03
  1.747830E+03
  1.744458E+03
  1.741085E+03
  1.737199E+03
  1.733087E+03
  1.728976E+03
  1.724864E+03
  1.720753E+03
  1.716641E+03
  1.712201E+03
  1.707413E+03
  1.702626E+03
  1.697838E+03
  1.693051E+03
  1.688264E+03
  1.683104E+03
  1.677683E+03
  1.672263E+03
  1.666843E+03
  1.661423E+03
  1.656004E+03
  1.650045E+03
  1.644079E+03
  1.638114E+03
  1.632149E+03
  1.626184E+03
  1.619960E+03
  1.613603E+03
  1.607247E+03
  1.600891E+03
  1.594537E+03
  1.587975E+03
  1.581277E+03
  1.574579E+03
  1.567883E+03
  1.561188E+03
  1.554233E+03
  1.547214E+03
  1.540195E+03
  1.533178E+03
  1.526140E+03
  1.519034E+03
  1.511929E+03
  1.504824E+03
  1.497720E+03
  1.490671E+03
  1.483628E+03
  1.476585E+03
  1.469543E+03
  1.462421E+03
  1.455275E+03
  1.448131E+03
  1.440987E+03
  1.433787E+03
  1.426580E+03
  1.419373E+03
  1.412202E+03
  1.405227E+03
  1.398254E+03
  1.391284E+03
  1.384390E+03
  1.377547E+03
  1.370708E+03
  1.363785E+03
  1.356621E+03
  1.349468E+03
  1.342289E+03
  1.334689E+03
  1.327107E+03
  1.319514E+03
  1.311400E+03
  1.303308E+03
  1.295055E+03
  1.285948E+03
  1.276862E+03
  1.267126E+03
  1.256548E+03
  1.245988E+03
  1.233979E+03
  1.221709E+03
  1.208778E+03
  1.194738E+03
  1.180650E+03
  1.164869E+03
  1.149094E+03
  1.132051E+03
  1.114707E+03
  1.096495E+03
  1.077899E+03
  1.058689E+03
  1.039197E+03
  1.019299E+03
  9.992848E+02
  9.791626E+02
  9.591174E+02
  9.393198E+02
  9.199795E+02
  9.009988E+02
  8.830958E+02
  8.660187E+02
  8.498426E+02
  8.350503E+02
  8.218520E+02
  8.103113E+02
  8.010914E+02
  7.956217E+02
  7.972586E+02
  8.130972E+02
  8.550990E+02
  9.417449E+02
  1.087279E+03
  1.198667E+03
  1.131197E+03
  1.281669E+03
  2.070324E+02
 -8.847108E-11
  1.244884E+00
  1.244677E+00
  1.244469E+00
  1.244262E+00
  1.244055E+00
  1.243848E+00
  1.243641E+00
  1.243434E+00
  1.243227E+00
  1.242621E+00
  1.242006E+00
  1.241390E+00
  1.240775E+00
  1.240160E+00
  1.239544E+00
  1.238929E+00
  1.238181E+00
  1.237192E+00
  1.236202E+00
  1.235212E+00
  1.234222E+00
  1.233233E+00
  1.232243E+00
  1.231214E+00
  1.229867E+00
  1.228521E+00
  1.227174E+00
  1.225827E+00
  1.224481E+00
  1.223135E+00
  1.221700E+00
  1.219975E+00
  1.218249E+00
  1.216523E+00
  1.214798E+00
  1.213072E+00
  1.211347E+00
  1.209349E+00
  1.207233E+00
  1.205117E+00
  1.203001E+00
  1.200885E+00
  1.198769E+00
  1.196465E+00
  1.193963E+00
  1.191462E+00
  1.188960E+00
  1.186459E+00
  1.183958E+00
  1.181231E+00
  1.178346E+00
  1.175461E+00
  1.172576E+00
  1.169692E+00
  1.166807E+00
  1.163546E+00
  1.160279E+00
  1.157012E+00
  1.153745E+00
  1.150479E+00
  1.146967E+00
  1.143330E+00
  1.139693E+00
  1.136056E+00
  1.132420E+00
  1.128559E+00
  1.124551E+00
  1.120544E+00
  1.116537E+00
  1.112530E+00
  1.108208E+00
  1.103808E+00
  1.099407E+00
  1.095008E+00
  1.090510E+00
  1.085697E+00
  1.080883E+00
  1.076070E+00
  1.071257E+00
  1.066065E+00
  1.060832E+00
  1.055598E+00
  1.050364E+00
  1.044806E+00
  1.039156E+00
  1.033506E+00
  1.027857E+00
  1.021880E+00
  1.015854E+00
  1.009828E+00
  1.003754E+00
  9.974108E-01
  9.910679E-01
  9.847256E-01
  9.782036E-01
  9.715713E-01
  9.649405E-01
  9.582355E-01
  9.513210E-01
  9.444094E-01
  9.374808E-01
  9.303119E-01
  9.231475E-01
  9.159734E-01
  9.085254E-01
  9.010826E-01
  8.935798E-01
  8.857671E-01
  8.779595E-01
  8.699583E-01
  8.617071E-01
  8.534603E-01
  8.448051E-01
  8.360761E-01
  8.271625E-01
  8.179393E-01
  8.087026E-01
  7.989894E-01
  7.892782E-01
  7.791796E-01
  7.689897E-01
  7.584736E-01
  7.478135E-01
  7.368357E-01
  7.257117E-01
  7.142425E-01
  7.026742E-01
  6.907100E-01
  6.786416E-01
  6.662898E-01
  6.537333E-01
  6.410268E-01
  6.280186E-01
  6.148306E-01
  6.014524E-01
  5.878006E-01
  5.738554E-01
  5.596551E-01
  5.452230E-01
  5.307089E-01
  5.166039E-01
  5.040809E-01
  4.951425E-01
  4.937681E-01
  5.041363E-01
  5.001445E-01
  4.505713E-01
  5.062555E-01
  1.515482E-01
 -1.344400E-08
  1.123693E+00
  1.123550E+00
  1.123407E+00
  1.123264E+00
  1.123122E+00
  1.122979E+00
  1.122836E+00
  1.122693E+00
  1.122550E+00
  1.122264E+00
  1.121975E+00
  1.121685E+00
  1.121395E+00
  1.121106E+00
  1.120816E+00
  1.120527E+00
  1.120254E+00
  1.120012E+00
  1.119770E+00
  1.119528E+00
  1.119287E+00
  1.119045E+00
  1.118803E+00
  1.118557E+00
  1.118280E+00
  1.118002E+00
  1.117724E+00
  1.117446E+00
  1.117168E+00
  1.116891E+00
  1.116576E+00
  1.116141E+00
  1.115705E+00
  1.115269E+00
  1.114833E+00
  1.114398E+00
  1.113962E+00
  1.113406E+00
  1.112798E+00
  1.112190E+00
  1.111582E+00
  1.110973E+00
  1.110365E+00
  1.109659E+00
  1.108848E+00
  1.108038E+00
  1.107227E+00
  1.106416E+00
  1.105605E+00
  1.104586E+00
  1.103419E+00
  1.102253E+00
  1.101086E+00
  1.099920E+00
  1.098753E+00
  1.097076E+00
  1.095390E+00
  1.093705E+00
  1.092019E+00
  1.090333E+00
  1.088306E+00
  1.086104E+00
  1.083902E+00
  1.081700E+00
  1.079497E+00
  1.077030E+00
  1.074388E+00
  1.071747E+00
  1.069104E+00
  1.066462E+00
  1.063550E+00
  1.060570E+00
  1.057589E+00
  1.054608E+00
  1.051593E+00
  1.048467E+00
  1.045341E+00
  1.042215E+00
  1.039088E+00
  1.035830E+00
  1.032557E+00
  1.029283E+00
  1.026009E+00
  1.022382E+00
  1.018655E+00
  1.014927E+00
  1.011199E+00
  1.006862E+00
  1.002432E+00
  9.980009E-01
  9.934449E-01
  9.881773E-01
  9.829111E-01
  9.776465E-01
  9.716416E-01
  9.651828E-01
  9.587295E-01
  9.519053E-01
  9.440358E-01
  9.361787E-01
  9.282593E-01
  9.194423E-01
  9.106438E-01
  9.018471E-01
  8.927405E-01
  8.836540E-01
  8.745981E-01
  8.656146E-01
  8.566483E-01
  8.478779E-01
  8.393508E-01
  8.308355E-01
  8.229242E-01
  8.151305E-01
  8.076771E-01
  8.007814E-01
  7.939192E-01
  7.880156E-01
  7.821089E-01
  7.770590E-01
  7.722090E-01
  7.680710E-01
  7.642453E-01
  7.610444E-01
  7.581307E-01
  7.558837E-01
  7.538308E-01
  7.526310E-01
  7.517031E-01
  7.515212E-01
  7.520236E-01
  7.530531E-01
  7.553522E-01
  7.585810E-01
  7.628378E-01
  7.686917E-01
  7.764947E-01
  7.863762E-01
  7.990588E-01
  8.158661E-01
  8.394461E-01
  8.748898E-01
  9.305180E-01
  1.020973E+00
  1.160527E+00
  1.283425E+00
  1.306328E+00
  1.576946E+00
  3.817333E-01
  6.946554E-07
  1.252284E+00
  1.251834E+00
  1.251383E+00
  1.250932E+00
  1.250481E+00
  1.250031E+00
  1.249580E+00
  1.249129E+00
  1.248679E+00
  1.247633E+00
  1.246572E+00
  1.245511E+00
  1.244451E+00
  1.243390E+00
  1.242330E+00
  1.241269E+00
  1.240101E+00
  1.238737E+00
  1.237373E+00
  1.236009E+00
  1.234645E+00
  1.233281E+00
  1.231917E+00
  1.230504E+00
  1.228698E+00
  1.226892E+00
  1.225087E+00
  1.223281E+00
  1.221476E+00
  1.219670E+00
  1.217743E+00
  1.215411E+00
  1.213080E+00
  1.210748E+00
  1.208416E+00
  1.206084E+00
  1.203753E+00
  1.201066E+00
  1.198223E+00
  1.195380E+00
  1.192538E+00
  1.189695E+00
  1.186853E+00
  1.183783E+00
  1.180472E+00
  1.177162E+00
  1.173853E+00
  1.170543E+00
  1.167233E+00
  1.163666E+00
  1.159918E+00
  1.156170E+00
  1.152423E+00
  1.148676E+00
  1.144929E+00
  1.140809E+00
  1.136685E+00
  1.132560E+00
  1.128436E+00
  1.124312E+00
  1.120009E+00
  1.115614E+00
  1.111219E+00
  1.106825E+00
  1.102432E+00
  1.097895E+00
  1.093264E+00
  1.088634E+00
  1.084004E+00
  1.079375E+00
  1.074567E+00
  1.069714E+00
  1.064861E+00
  1.060009E+00
  1.055143E+00
  1.050231E+00
  1.045318E+00
  1.040406E+00
  1.035495E+00
  1.030621E+00
  1.025752E+00
  1.020883E+00
  1.016014E+00
  1.011089E+00
  1.006149E+00
  1.001210E+00
  9.962702E-01
  9.912925E-01
  9.863095E-01
  9.813271E-01
  9.763690E-01
  9.715468E-01
  9.667260E-01
  9.619067E-01
  9.571404E-01
  9.524091E-01
  9.476811E-01
  9.428949E-01
  9.379417E-01
  9.329958E-01
  9.280327E-01
  9.227784E-01
  9.175358E-01
  9.122863E-01
  9.066769E-01
  9.010818E-01
  8.953761E-01
  8.890798E-01
  8.827979E-01
  8.760663E-01
  8.687529E-01
  8.614521E-01
  8.531492E-01
  8.446660E-01
  8.357259E-01
  8.260189E-01
  8.162784E-01
  8.053681E-01
  7.944617E-01
  7.826783E-01
  7.706867E-01
  7.580954E-01
  7.452385E-01
  7.319573E-01
  7.184809E-01
  7.047233E-01
  6.908862E-01
  6.769741E-01
  6.631152E-01
  6.494276E-01
  6.360561E-01
  6.229331E-01
  6.105554E-01
  5.987486E-01
  5.875647E-01
  5.773377E-01
  5.682126E-01
  5.602336E-01
  5.538591E-01
  5.500775E-01
  5.512092E-01
  5.621597E-01
  5.911990E-01
  6.511043E-01
  7.517235E-01
  8.287353E-01
  7.820877E-01
  8.861213E-01
  1.431382E-01
 -6.116720E-14
  9.891877E-01
  9.890231E-01
  9.888585E-01
  9.886939E-01
  9.885293E-01
  9.883647E-01
  9.882002E-01
  9.880356E-01
  9.878711E-01
  9.873899E-01
  9.869009E-01
  9.864120E-01
  9.859230E-01
  9.854340E-01
  9.849451E-01
  9.844562E-01
  9.838623E-01
  9.830758E-01
  9.822894E-01
  9.815030E-01
  9.807166E-01
  9.799303E-01
  9.791439E-01
  9.783261E-01
  9.772561E-01
  9.761862E-01
  9.751163E-01
  9.740464E-01
  9.729766E-01
  9.719068E-01
  9.707672E-01
  9.693961E-01
  9.680249E-01
  9.666538E-01
  9.652828E-01
  9.639117E-01
  9.625407E-01
  9.609537E-01
  9.592722E-01
  9.575907E-01
  9.559093E-01
  9.542279E-01
  9.525466E-01
  9.507161E-01
  9.487284E-01
  9.467407E-01
  9.447531E-01
  9.427655E-01
  9.407781E-01
  9.386113E-01
  9.363189E-01
  9.340266E-01
  9.317345E-01
  9.294425E-01
  9.271506E-01
  9.245591E-01
  9.219630E-01
  9.193672E-01
  9.167716E-01
  9.141761E-01
  9.113857E-01
  9.084954E-01
  9.056054E-01
  9.027157E-01
  8.998262E-01
  8.967584E-01
  8.935737E-01
  8.903893E-01
  8.872052E-01
  8.840214E-01
  8.805872E-01
  8.770905E-01
  8.735940E-01
  8.700978E-01
  8.665244E-01
  8.626994E-01
  8.588746E-01
  8.550499E-01
  8.512255E-01
  8.471002E-01
  8.429414E-01
  8.387828E-01
  8.346243E-01
  8.302074E-01
  8.257179E-01
  8.212285E-01
  8.167394E-01
  8.119903E-01
  8.072017E-01
  8.024133E-01
  7.975873E-01
  7.925465E-01
  7.875061E-01
  7.824662E-01
  7.772834E-01
  7.720128E-01
  7.667432E-01
  7.614145E-01
  7.559190E-01
  7.504257E-01
  7.449185E-01
  7.392200E-01
  7.335248E-01
  7.278217E-01
  7.219005E-01
  7.159833E-01
  7.100182E-01
  7.038069E-01
  6.975994E-01
  6.912381E-01
  6.846784E-01
  6.781222E-01
  6.712420E-01
  6.643034E-01
  6.572184E-01
  6.498881E-01
  6.425472E-01
  6.348287E-01
  6.271119E-01
  6.190883E-01
  6.109923E-01
  6.026379E-01
  5.941694E-01
  5.854491E-01
  5.766128E-01
  5.675028E-01
  5.583140E-01
  5.488110E-01
  5.392251E-01
  5.294142E-01
  5.194404E-01
  5.093473E-01
  4.990142E-01
  4.885380E-01
  4.779102E-01
  4.670648E-01
  4.559857E-01
  4.447035E-01
  4.332366E-01
  4.217040E-01
  4.104956E-01
  4.005437E-01
  3.934398E-01
  3.923456E-01
  4.005813E-01
  3.974062E-01
  3.580126E-01
  4.022531E-01
  1.654008E-01
 -2.598651E-03
  5.627378E-02
  5.626663E-02
  5.625948E-02
  5.625233E-02
  5.624518E-02
  5.623803E-02
  5.623089E-02
  5.622374E-02
  5.621659E-02
  5.620226E-02
  5.618776E-02
  5.617326E-02
  5.615875E-02
  5.614425E-02
  5.612975E-02
  5.611524E-02
  5.610159E-02
  5.608948E-02
  5.607738E-02
  5.606527E-02
  5.605317E-02
  5.604106E-02
  5.602895E-02
  5.601665E-02
  5.600274E-02
  5.598884E-02
  5.597493E-02
  5.596102E-02
  5.594712E-02
  5.593321E-02
  5.591747E-02
  5.589566E-02
  5.587384E-02
  5.585202E-02
  5.583020E-02
  5.580838E-02
  5.578656E-02
  5.575874E-02
  5.572829E-02
  5.569784E-02
  5.566739E-02
  5.563693E-02
  5.560647E-02
  5.557109E-02
  5.553051E-02
  5.548992E-02
  5.544933E-02
  5.540873E-02
  5.536813E-02
  5.531706E-02
  5.525866E-02
  5.520025E-02
  5.514183E-02
  5.508340E-02
  5.502496E-02
  5.494098E-02
  5.485658E-02
  5.477217E-02
  5.468775E-02
  5.460331E-02
  5.450181E-02
  5.439154E-02
  5.428126E-02
  5.417097E-02
  5.406067E-02
  5.393710E-02
  5.380481E-02
  5.367251E-02
  5.354019E-02
  5.340785E-02
  5.326201E-02
  5.311276E-02
  5.296349E-02
  5.281419E-02
  5.266319E-02
  5.250667E-02
  5.235013E-02
  5.219356E-02
  5.203695E-02
  5.187380E-02
  5.170989E-02
  5.154596E-02
  5.138200E-02
  5.120034E-02
  5.101369E-02
  5.082701E-02
  5.064032E-02
  5.042311E-02
  5.020122E-02
  4.997933E-02
  4.975117E-02
  4.948735E-02
  4.922361E-02
  4.895994E-02
  4.865920E-02
  4.833571E-02
  4.801248E-02
  4.767068E-02
  4.727650E-02
  4.688294E-02
  4.648624E-02
  4.604455E-02
  4.560379E-02
  4.516310E-02
  4.470687E-02
  4.425162E-02
  4.379791E-02
  4.334782E-02
  4.289857E-02
  4.245915E-02
  4.203191E-02
  4.160527E-02
  4.120891E-02
  4.081844E-02
  4.044505E-02
  4.009961E-02
  3.975586E-02
  3.946018E-02
  3.916434E-02
  3.891147E-02
  3.866863E-02
  3.846149E-02
  3.827000E-02
  3.810985E-02
  3.796408E-02
  3.785175E-02
  3.774914E-02
  3.768928E-02
  3.764304E-02
  3.763417E-02
  3.765956E-02
  3.771135E-02
  3.782671E-02
  3.798862E-02
  3.820199E-02
  3.849532E-02
  3.888624E-02
  3.938121E-02
  4.001643E-02
  4.085817E-02
  4.203900E-02
  4.381388E-02
  4.659953E-02
  5.112918E-02
  5.811748E-02
  6.427148E-02
  6.541775E-02
  7.896871E-02
  2.625763E-02
  8.462477E-03
  1.619563E-01
  1.618980E-01
  1.618397E-01
  1.617814E-01
  1.617231E-01
  1.616648E-01
  1.616066E-01
  1.615483E-01
  1.614900E-01
  1.613547E-01
  1.612176E-01
  1.610804E-01
  1.609432E-01
  1.608061E-01
  1.606689E-01
  1.605317E-01
  1.603807E-01
  1.602043E-01
  1.600279E-01
  1.598515E-01
  1.596751E-01
  1.594987E-01
  1.593223E-01
  1.591395E-01
  1.589060E-01
  1.586725E-01
  1.584390E-01
  1.582055E-01
  1.579720E-01
  1.577385E-01
  1.574893E-01
  1.571878E-01
  1.568862E-01
  1.565847E-01
  1.562831E-01
  1.559816E-01
  1.556800E-01
  1.553325E-01
  1.549649E-01
  1.545973E-01
  1.542296E-01
  1.538620E-01
  1.534944E-01
  1.530974E-01
  1.526693E-01
  1.522412E-01
  1.518132E-01
  1.513851E-01
  1.509571E-01
  1.504958E-01
  1.500111E-01
  1.495264E-01
  1.490418E-01
  1.485572E-01
  1.480726E-01
  1.475398E-01
  1.470064E-01
  1.464729E-01
  1.459396E-01
  1.454063E-01
  1.448497E-01
  1.442813E-01
  1.437130E-01
  1.431447E-01
  1.425765E-01
  1.419897E-01
  1.413908E-01
  1.407920E-01
  1.401932E-01
  1.395946E-01
  1.389727E-01
  1.383450E-01
  1.377175E-01
  1.370900E-01
  1.364607E-01
  1.358253E-01
  1.351900E-01
  1.345547E-01
  1.339195E-01
  1.332892E-01
  1.326594E-01
  1.320298E-01
  1.314001E-01
  1.307632E-01
  1.301243E-01
  1.294855E-01
  1.288467E-01
  1.282029E-01
  1.275584E-01
  1.269140E-01
  1.262728E-01
  1.256491E-01
  1.250256E-01
  1.244023E-01
  1.237858E-01
  1.231738E-01
  1.225622E-01
  1.219431E-01
  1.213023E-01
  1.206624E-01
  1.200203E-01
  1.193404E-01
  1.186620E-01
  1.179827E-01
  1.172567E-01
  1.165326E-01
  1.157942E-01
  1.149793E-01
  1.141663E-01
  1.132951E-01
  1.123488E-01
  1.114040E-01
  1.103297E-01
  1.092322E-01
  1.080756E-01
  1.068200E-01
  1.055600E-01
  1.041490E-01
  1.027384E-01
  1.012146E-01
  9.966394E-02
  9.803583E-02
  9.637342E-02
  9.465624E-02
  9.291384E-02
  9.113516E-02
  8.934619E-02
  8.754758E-02
  8.575583E-02
  8.398624E-02
  8.225751E-02
  8.056089E-02
  7.896061E-02
  7.743413E-02
  7.598814E-02
  7.466584E-02
  7.348600E-02
  7.245431E-02
  7.163005E-02
  7.114104E-02
  7.128732E-02
  7.270335E-02
  7.645866E-02
  8.420566E-02
  9.721783E-02
  1.071766E-01
  1.011429E-01
  1.145956E-01
  2.542654E-02
 -1.924345E-09
  9.893176E-01
  9.891531E-01
  9.889886E-01
  9.888241E-01
  9.886596E-01
  9.884951E-01
  9.883306E-01
  9.881662E-01
  9.880017E-01
  9.875208E-01
  9.870320E-01
  9.865432E-01
  9.860545E-01
  9.855658E-01
  9.850771E-01
  9.845883E-01
  9.839947E-01
  9.832086E-01
  9.824225E-01
  9.816364E-01
  9.808503E-01
  9.800643E-01
  9.792783E-01
  9.784608E-01
  9.773912E-01
  9.763217E-01
  9.752523E-01
  9.741828E-01
  9.731134E-01
  9.720439E-01
  9.709049E-01
  9.695342E-01
  9.681636E-01
  9.667931E-01
  9.654225E-01
  9.640520E-01
  9.626815E-01
  9.610952E-01
  9.594143E-01
  9.577335E-01
  9.560527E-01
  9.543720E-01
  9.526913E-01
  9.508616E-01
  9.488746E-01
  9.468877E-01
  9.449009E-01
  9.429141E-01
  9.409274E-01
  9.387615E-01
  9.364700E-01
  9.341786E-01
  9.318874E-01
  9.295963E-01
  9.273053E-01
  9.247148E-01
  9.221197E-01
  9.195248E-01
  9.169302E-01
  9.143357E-01
  9.115463E-01
  9.086570E-01
  9.057681E-01
  9.028794E-01
  8.999910E-01
  8.969242E-01
  8.937405E-01
  8.905572E-01
  8.873741E-01
  8.841914E-01
  8.807583E-01
  8.772626E-01
  8.737671E-01
  8.702720E-01
  8.666996E-01
  8.628756E-01
  8.590517E-01
  8.552281E-01
  8.514047E-01
  8.472804E-01
  8.431226E-01
  8.389649E-01
  8.348073E-01
  8.303914E-01
  8.259029E-01
  8.214146E-01
  8.169264E-01
  8.121784E-01
  8.073909E-01
  8.026036E-01
  7.977787E-01
  7.927391E-01
  7.876999E-01
  7.826612E-01
  7.774797E-01
  7.722104E-01
  7.669421E-01
  7.616149E-01
  7.561208E-01
  7.506289E-01
  7.451233E-01
  7.394264E-01
  7.337328E-01
  7.280313E-01
  7.221119E-01
  7.161964E-01
  7.102331E-01
  7.040236E-01
  6.978180E-01
  6.914587E-01
  6.849010E-01
  6.783468E-01
  6.714688E-01
  6.645323E-01
  6.574496E-01
  6.501217E-01
  6.427831E-01
  6.350672E-01
  6.273531E-01
  6.193323E-01
  6.112391E-01
  6.028878E-01
  5.944224E-01
  5.857054E-01
  5.768725E-01
  5.677660E-01
  5.585808E-01
  5.490818E-01
  5.395000E-01
  5.296935E-01
  5.197249E-01
  5.096372E-01
  4.993111E-01
  4.888430E-01
  4.782249E-01
  4.673917E-01
  4.563288E-01
  4.450670E-01
  4.336262E-01
  4.221264E-01
  4.109585E-01
  4.010542E-01
  3.940011E-01
  3.929519E-01
  4.012087E-01
  3.980132E-01
  3.585783E-01
  4.025308E-01
  1.648075E-01
 -3.623900E-03
  5.007236E-02
  5.006569E-02
  5.005901E-02
  5.005233E-02
  5.004566E-02
  5.003898E-02
  5.003231E-02
  5.002563E-02
  5.001896E-02
  5.000546E-02
  4.999180E-02
  4.997814E-02
  4.996447E-02
  4.995081E-02
  4.993714E-02
  4.992348E-02
  4.991052E-02
  4.989884E-02
  4.988716E-02
  4.987547E-02
  4.986379E-02
  4.985211E-02
  4.984042E-02
  4.982849E-02
  4.981457E-02
  4.980064E-02
  4.978672E-02
  4.977279E-02
  4.975887E-02
  4.974494E-02
  4.972915E-02
  4.970720E-02
  4.968525E-02
  4.966330E-02
  4.964134E-02
  4.961939E-02
  4.959743E-02
  4.956949E-02
  4.953894E-02
  4.950839E-02
  4.947783E-02
  4.944727E-02
  4.941671E-02
  4.938125E-02
  4.934064E-02
  4.930002E-02
  4.925939E-02
  4.921876E-02
  4.917812E-02
  4.912706E-02
  4.906869E-02
  4.901031E-02
  4.895193E-02
  4.889353E-02
  4.883512E-02
  4.875122E-02
  4.866690E-02
  4.858257E-02
  4.849823E-02
  4.841388E-02
  4.831247E-02
  4.820229E-02
  4.809211E-02
  4.798191E-02
  4.787171E-02
  4.774821E-02
  4.761598E-02
  4.748374E-02
  4.735148E-02
  4.721920E-02
  4.707333E-02
  4.692403E-02
  4.677470E-02
  4.662535E-02
  4.647423E-02
  4.631739E-02
  4.616052E-02
  4.600361E-02
  4.584668E-02
  4.568278E-02
  4.551808E-02
  4.535336E-02
  4.518861E-02
  4.500576E-02
  4.481779E-02
  4.462981E-02
  4.444180E-02
  4.422285E-02
  4.399915E-02
  4.377545E-02
  4.354541E-02
  4.327939E-02
  4.301344E-02
  4.274755E-02
  4.244450E-02
  4.211865E-02
  4.179305E-02
  4.144895E-02
  4.105269E-02
  4.065703E-02
  4.025827E-02
  3.981517E-02
  3.937296E-02
  3.893085E-02
  3.847413E-02
  3.801836E-02
  3.756428E-02
  3.711480E-02
  3.666613E-02
  3.622778E-02
  3.580229E-02
  3.537735E-02
  3.498353E-02
  3.459574E-02
  3.422524E-02
  3.388307E-02
  3.354258E-02
  3.325032E-02
  3.295790E-02
  3.270829E-02
  3.246866E-02
  3.226443E-02
  3.207573E-02
  3.191797E-02
  3.177442E-02
  3.166383E-02
  3.156281E-02
  3.150375E-02
  3.145792E-02
  3.144833E-02
  3.147121E-02
  3.151905E-02
  3.162527E-02
  3.177280E-02
  3.196550E-02
  3.222656E-02
  3.256846E-02
  3.299565E-02
  3.353864E-02
  3.425718E-02
  3.527831E-02
  3.685713E-02
  3.942530E-02
  4.375901E-02
  5.065542E-02
  5.693437E-02
  5.846408E-02
  7.252619E-02
  1.997419E-02
  1.211074E-03
  1.624193E-01
  1.623608E-01
  1.623024E-01
  1.622439E-01
  1.621854E-01
  1.621269E-01
  1.620685E-01
  1.620100E-01
  1.619515E-01
  1.618160E-01
  1.616785E-01
  1.615411E-01
  1.614036E-01
  1.612662E-01
  1.611288E-01
  1.609913E-01
  1.608400E-01
  1.606633E-01
  1.604866E-01
  1.603099E-01
  1.601332E-01
  1.599565E-01
  1.597798E-01
  1.595968E-01
  1.593630E-01
  1.591291E-01
  1.588953E-01
  1.586615E-01
  1.584277E-01
  1.581939E-01
  1.579444E-01
  1.576424E-01
  1.573405E-01
  1.570386E-01
  1.567367E-01
  1.564347E-01
  1.561328E-01
  1.557849E-01
  1.554167E-01
  1.550486E-01
  1.546805E-01
  1.543124E-01
  1.539443E-01
  1.535467E-01
  1.531180E-01
  1.526892E-01
  1.522605E-01
  1.518318E-01
  1.514031E-01
  1.509409E-01
  1.504553E-01
  1.499697E-01
  1.494841E-01
  1.489985E-01
  1.485130E-01
  1.479790E-01
  1.474443E-01
  1.469096E-01
  1.463750E-01
  1.458404E-01
  1.452824E-01
  1.447125E-01
  1.441426E-01
  1.435728E-01
  1.430031E-01
  1.424147E-01
  1.418141E-01
  1.412136E-01
  1.406132E-01
  1.400129E-01
  1.393894E-01
  1.387602E-01
  1.381310E-01
  1.375019E-01
  1.368711E-01
  1.362344E-01
  1.355977E-01
  1.349611E-01
  1.343246E-01
  1.336932E-01
  1.330624E-01
  1.324316E-01
  1.318009E-01
  1.311628E-01
  1.305228E-01
  1.298827E-01
  1.292428E-01
  1.285973E-01
  1.279512E-01
  1.273051E-01
  1.266619E-01
  1.260355E-01
  1.254093E-01
  1.247833E-01
  1.241632E-01
  1.235471E-01
  1.229315E-01
  1.223078E-01
  1.216613E-01
  1.210157E-01
  1.203678E-01
  1.196808E-01
  1.189954E-01
  1.183090E-01
  1.175753E-01
  1.168433E-01
  1.160971E-01
  1.152742E-01
  1.144532E-01
  1.135741E-01
  1.126200E-01
  1.116674E-01
  1.105858E-01
  1.094810E-01
  1.083175E-01
  1.070554E-01
  1.057890E-01
  1.043723E-01
  1.029562E-01
  1.014275E-01
  9.987218E-02
  9.824011E-02
  9.657406E-02
  9.485391E-02
  9.310885E-02
  9.132825E-02
  8.953758E-02
  8.773815E-02
  8.594583E-02
  8.417637E-02
  8.244838E-02
  8.075295E-02
  7.915500E-02
  7.763168E-02
  7.618977E-02
  7.487307E-02
  7.370073E-02
  7.267848E-02
  7.186603E-02
  7.139324E-02
  7.155719E-02
  7.299355E-02
  7.677010E-02
  8.453526E-02
  9.755494E-02
  1.075020E-01
  1.014401E-01
  1.147788E-01
  2.536957E-02
 -3.541078E-09
 -1.299219E-04
 -1.300096E-04
 -1.300974E-04
 -1.301851E-04
 -1.302729E-04
 -1.303606E-04
 -1.304484E-04
 -1.305361E-04
 -1.306239E-04
 -1.308448E-04
 -1.310690E-04
 -1.312932E-04
 -1.315174E-04
 -1.317416E-04
 -1.319658E-04
 -1.321901E-04
 -1.324468E-04
 -1.327633E-04
 -1.330798E-04
 -1.333962E-04
 -1.337127E-04
 -1.340292E-04
 -1.343456E-04
 -1.346735E-04
 -1.350928E-04
 -1.355120E-04
 -1.359313E-04
 -1.363506E-04
 -1.367698E-04
 -1.371891E-04
 -1.376349E-04
 -1.381687E-04
 -1.387026E-04
 -1.392365E-04
 -1.397704E-04
 -1.403043E-04
 -1.408382E-04
 -1.414569E-04
 -1.421128E-04
 -1.427688E-04
 -1.434247E-04
 -1.440806E-04
 -1.447365E-04
 -1.454533E-04
 -1.462345E-04
 -1.470156E-04
 -1.477967E-04
 -1.485777E-04
 -1.493588E-04
 -1.502076E-04
 -1.511039E-04
 -1.520001E-04
 -1.528963E-04
 -1.537925E-04
 -1.546886E-04
 -1.556704E-04
 -1.566535E-04
 -1.576365E-04
 -1.586194E-04
 -1.596021E-04
 -1.606183E-04
 -1.616515E-04
 -1.626845E-04
 -1.637173E-04
 -1.647499E-04
 -1.657942E-04
 -1.668461E-04
 -1.678977E-04
 -1.689491E-04
 -1.700003E-04
 -1.710437E-04
 -1.720849E-04
 -1.731259E-04
 -1.741666E-04
 -1.751978E-04
 -1.761983E-04
 -1.771987E-04
 -1.781988E-04
 -1.791988E-04
 -1.801676E-04
 -1.811328E-04
 -1.820978E-04
 -1.830627E-04
 -1.840515E-04
 -1.850467E-04
 -1.860416E-04
 -1.870363E-04
 -1.881129E-04
 -1.892014E-04
 -1.902891E-04
 -1.913943E-04
 -1.926010E-04
 -1.938061E-04
 -1.950099E-04
 -1.962948E-04
 -1.976283E-04
 -1.989593E-04
 -2.003290E-04
 -2.018112E-04
 -2.032895E-04
 -2.047755E-04
 -2.064019E-04
 -2.080230E-04
 -2.096455E-04
 -2.113976E-04
 -2.131435E-04
 -2.149074E-04
 -2.167831E-04
 -2.186522E-04
 -2.205833E-04
 -2.225961E-04
 -2.246027E-04
 -2.267547E-04
 -2.289300E-04
 -2.311791E-04
 -2.335553E-04
 -2.359357E-04
 -2.385457E-04
 -2.411534E-04
 -2.439682E-04
 -2.468319E-04
 -2.498697E-04
 -2.529852E-04
 -2.562672E-04
 -2.596268E-04
 -2.631897E-04
 -2.668121E-04
 -2.707685E-04
 -2.748698E-04
 -2.793873E-04
 -2.844529E-04
 -2.899488E-04
 -2.968299E-04
 -3.049786E-04
 -3.146211E-04
 -3.269458E-04
 -3.431108E-04
 -3.635717E-04
 -3.895646E-04
 -4.224045E-04
 -4.629364E-04
 -5.104715E-04
 -5.613606E-04
 -6.062846E-04
 -6.273932E-04
 -6.070554E-04
 -5.657437E-04
 -2.776963E-04
  5.932420E-04
  1.025249E-03
  6.201420E-03
  6.200946E-03
  6.200473E-03
  6.199999E-03
  6.199526E-03
  6.199052E-03
  6.198579E-03
  6.198105E-03
  6.197632E-03
  6.196801E-03
  6.195961E-03
  6.195122E-03
  6.194282E-03
  6.193442E-03
  6.192603E-03
  6.191764E-03
  6.191071E-03
  6.190647E-03
  6.190224E-03
  6.189801E-03
  6.189377E-03
  6.188954E-03
  6.188531E-03
  6.188157E-03
  6.188175E-03
  6.188194E-03
  6.188213E-03
  6.188232E-03
  6.188251E-03
  6.188270E-03
  6.188316E-03
  6.188452E-03
  6.188588E-03
  6.188724E-03
  6.188860E-03
  6.188997E-03
  6.189133E-03
  6.189246E-03
  6.189349E-03
  6.189453E-03
  6.189556E-03
  6.189660E-03
  6.189763E-03
  6.189833E-03
  6.189868E-03
  6.189903E-03
  6.189938E-03
  6.189973E-03
  6.190008E-03
  6.190003E-03
  6.189970E-03
  6.189937E-03
  6.189905E-03
  6.189873E-03
  6.189841E-03
  6.189758E-03
  6.189676E-03
  6.189594E-03
  6.189513E-03
  6.189432E-03
  6.189342E-03
  6.189246E-03
  6.189153E-03
  6.189060E-03
  6.188968E-03
  6.188893E-03
  6.188831E-03
  6.188769E-03
  6.188709E-03
  6.188650E-03
  6.188679E-03
  6.188731E-03
  6.188784E-03
  6.188839E-03
  6.188958E-03
  6.189286E-03
  6.189615E-03
  6.189944E-03
  6.190274E-03
  6.191018E-03
  6.191808E-03
  6.192599E-03
  6.193391E-03
  6.194586E-03
  6.195896E-03
  6.197207E-03
  6.198519E-03
  6.200262E-03
  6.202071E-03
  6.203882E-03
  6.205754E-03
  6.207963E-03
  6.210176E-03
  6.212393E-03
  6.214697E-03
  6.217061E-03
  6.219433E-03
  6.221731E-03
  6.223811E-03
  6.225909E-03
  6.227972E-03
  6.229383E-03
  6.230825E-03
  6.232251E-03
  6.232740E-03
  6.233267E-03
  6.233626E-03
  6.233015E-03
  6.232444E-03
  6.231367E-03
  6.229627E-03
  6.227923E-03
  6.225380E-03
  6.222702E-03
  6.219810E-03
  6.216537E-03
  6.213281E-03
  6.209854E-03
  6.206444E-03
  6.203185E-03
  6.199969E-03
  6.197053E-03
  6.194271E-03
  6.191876E-03
  6.189659E-03
  6.187925E-03
  6.186331E-03
  6.185530E-03
  6.185119E-03
  6.185844E-03
  6.188352E-03
  6.192300E-03
  6.201440E-03
  6.215821E-03
  6.236488E-03
  6.268764E-03
  6.317775E-03
  6.385563E-03
  6.477791E-03
  6.600985E-03
  6.760682E-03
  6.956752E-03
  7.174223E-03
  7.370166E-03
  7.462064E-03
  7.337109E-03
  6.953674E-03
  6.442520E-03
  6.283444E-03
  7.251403E-03
 -4.630410E-04
 -4.628498E-04
 -4.626587E-04
 -4.624675E-04
 -4.622764E-04
 -4.620853E-04
 -4.618943E-04
 -4.617033E-04
 -4.615123E-04
 -4.612370E-04
 -4.609596E-04
 -4.606823E-04
 -4.604051E-04
 -4.601279E-04
 -4.598507E-04
 -4.595736E-04
 -4.592909E-04
 -4.589979E-04
 -4.587050E-04
 -4.584121E-04
 -4.581192E-04
 -4.578263E-04
 -4.575335E-04
 -4.572386E-04
 -4.569264E-04
 -4.566142E-04
 -4.563020E-04
 -4.559898E-04
 -4.556776E-04
 -4.553654E-04
 -4.550386E-04
 -4.546633E-04
 -4.542879E-04
 -4.539126E-04
 -4.535372E-04
 -4.531619E-04
 -4.527865E-04
 -4.523331E-04
 -4.518455E-04
 -4.513580E-04
 -4.508704E-04
 -4.503828E-04
 -4.498951E-04
 -4.493188E-04
 -4.486488E-04
 -4.479789E-04
 -4.473089E-04
 -4.466389E-04
 -4.459689E-04
 -4.451390E-04
 -4.441972E-04
 -4.432554E-04
 -4.423137E-04
 -4.413720E-04
 -4.404303E-04
 -4.391744E-04
 -4.379137E-04
 -4.366532E-04
 -4.353928E-04
 -4.341325E-04
 -4.326967E-04
 -4.311709E-04
 -4.296455E-04
 -4.281203E-04
 -4.265953E-04
 -4.249902E-04
 -4.233325E-04
 -4.216752E-04
 -4.200182E-04
 -4.183615E-04
 -4.167530E-04
 -4.151568E-04
 -4.135608E-04
 -4.119651E-04
 -4.104307E-04
 -4.090951E-04
 -4.077595E-04
 -4.064240E-04
 -4.050885E-04
 -4.039909E-04
 -4.029198E-04
 -4.018487E-04
 -4.007774E-04
 -3.996282E-04
 -3.984571E-04
 -3.972859E-04
 -3.961146E-04
 -3.944654E-04
 -3.927431E-04
 -3.910210E-04
 -3.891507E-04
 -3.864370E-04
 -3.837243E-04
 -3.810126E-04
 -3.774429E-04
 -3.733444E-04
 -3.692487E-04
 -3.647276E-04
 -3.590098E-04
 -3.532984E-04
 -3.474909E-04
 -3.404365E-04
 -3.333924E-04
 -3.263213E-04
 -3.185126E-04
 -3.107169E-04
 -3.028924E-04
 -2.948793E-04
 -2.868800E-04
 -2.789773E-04
 -2.711944E-04
 -2.634246E-04
 -2.560951E-04
 -2.488572E-04
 -2.419032E-04
 -2.354114E-04
 -2.289571E-04
 -2.233436E-04
 -2.177366E-04
 -2.128963E-04
 -2.082422E-04
 -2.042822E-04
 -2.006312E-04
 -1.976619E-04
 -1.950080E-04
 -1.930924E-04
 -1.913903E-04
 -1.905676E-04
 -1.899997E-04
 -1.901314E-04
 -1.908721E-04
 -1.920638E-04
 -1.943880E-04
 -1.975482E-04
 -2.016317E-04
 -2.072298E-04
 -2.147325E-04
 -2.241753E-04
 -2.359830E-04
 -2.522000E-04
 -2.698745E-04
 -2.901990E-04
 -3.114405E-04
 -3.296000E-04
 -3.371100E-04
 -3.254129E-04
 -2.972397E-04
 -1.831974E-04
  5.697027E-05
  1.616733E-09
  1.273240E+00
  1.273211E+00
  1.273125E+00
  1.272981E+00
  1.272781E+00
  1.272522E+00
  1.272207E+00
  1.271834E+00
  1.271403E+00
  1.270915E+00
  1.270369E+00
  1.269765E+00
  1.269104E+00
  1.268384E+00
  1.267607E+00
  1.266771E+00
  1.265877E+00
  1.264925E+00
  1.263915E+00
  1.262845E+00
  1.261717E+00
  1.260530E+00
  1.259284E+00
  1.257979E+00
  1.256614E+00
  1.255190E+00
  1.253705E+00
  1.252161E+00
  1.250556E+00
  1.248891E+00
  1.247165E+00
  1.245378E+00
  1.243529E+00
  1.241620E+00
  1.239648E+00
  1.237614E+00
  1.235518E+00
  1.233359E+00
  1.231136E+00
  1.228851E+00
  1.226501E+00
  1.224088E+00
  1.221610E+00
  1.219067E+00
  1.216458E+00
  1.213784E+00
  1.211044E+00
  1.208237E+00
  1.205362E+00
  1.202421E+00
  1.199411E+00
  1.196332E+00
  1.193185E+00
  1.189968E+00
  1.186680E+00
  1.183322E+00
  1.179892E+00
  1.176390E+00
  1.172816E+00
  1.169168E+00
  1.165446E+00
  1.161649E+00
  1.157776E+00
  1.153828E+00
  1.149802E+00
  1.145699E+00
  1.141516E+00
  1.137254E+00
  1.132912E+00
  1.128488E+00
  1.123982E+00
  1.119393E+00
  1.114719E+00
  1.109960E+00
  1.105114E+00
  1.100180E+00
  1.095157E+00
  1.090045E+00
  1.084841E+00
  1.079544E+00
  1.074153E+00
  1.068667E+00
  1.063083E+00
  1.057401E+00
  1.051619E+00
  1.045735E+00
  1.039748E+00
  1.033655E+00
  1.027455E+00
  1.021146E+00
  1.014726E+00
  1.008193E+00
  1.001543E+00
  9.947766E-01
  9.878894E-01
  9.808795E-01
  9.737441E-01
  9.664805E-01
  9.590857E-01
  9.515567E-01
  9.438904E-01
  9.360832E-01
  9.281318E-01
  9.200322E-01
  9.117806E-01
  9.033729E-01
  8.948045E-01
  8.860709E-01
  8.771671E-01
  8.680879E-01
  8.588277E-01
  8.493806E-01
  8.397402E-01
  8.299000E-01
  8.198525E-01
  8.095903E-01
  7.991048E-01
  7.883874E-01
  7.774283E-01
  7.662172E-01
  7.547428E-01
  7.429930E-01
  7.309546E-01
  7.186128E-01
  7.059520E-01
  6.929545E-01
  6.796012E-01
  6.658704E-01
  6.517385E-01
  6.371787E-01
  6.221609E-01
  6.066513E-01
  5.906109E-01
  5.739954E-01
  5.567532E-01
  5.388241E-01
  5.201372E-01
  5.006076E-01
  4.801325E-01
  4.585853E-01
  4.358068E-01
  4.115929E-01
  3.856731E-01
  3.576769E-01
  3.270715E-01
  2.930404E-01
  2.542116E-01
  2.079144E-01
  1.472658E-01
  0.000000E+00
  1.109206E-01
  1.108957E-01
  1.108708E-01
  1.108458E-01
  1.108209E-01
  1.107959E-01
  1.107710E-01
  1.107461E-01
  1.107211E-01
  1.106972E-01
  1.106734E-01
  1.106495E-01
  1.106256E-01
  1.106018E-01
  1.105779E-01
  1.105540E-01
  1.105305E-01
  1.105075E-01
  1.104845E-01
  1.104615E-01
  1.104385E-01
  1.104155E-01
  1.103925E-01
  1.103695E-01
  1.103469E-01
  1.103243E-01
  1.103017E-01
  1.102791E-01
  1.102565E-01
  1.102338E-01
  1.102111E-01
  1.101878E-01
  1.101645E-01
  1.101412E-01
  1.101179E-01
  1.100946E-01
  1.100713E-01
  1.100460E-01
  1.100197E-01
  1.099935E-01
  1.099672E-01
  1.099410E-01
  1.099147E-01
  1.098847E-01
  1.098508E-01
  1.098168E-01
  1.097829E-01
  1.097489E-01
  1.097150E-01
  1.096717E-01
  1.096218E-01
  1.095719E-01
  1.095220E-01
  1.094721E-01
  1.094222E-01
  1.093508E-01
  1.092790E-01
  1.092072E-01
  1.091355E-01
  1.090637E-01
  1.089825E-01
  1.088964E-01
  1.088102E-01
  1.087308E-01
  1.086556E-01
  1.085814E-01
  1.085079E-01
  1.084345E-01
  1.083610E-01
  1.082875E-01
  1.082300E-01
  1.081764E-01
  1.081228E-01
  1.080692E-01
  1.080249E-01
  1.080109E-01
  1.079968E-01
  1.079828E-01
  1.079688E-01
  1.079908E-01
  1.080168E-01
  1.080427E-01
  1.080687E-01
  1.080939E-01
  1.081218E-01
  1.081539E-01
  1.081861E-01
  1.081845E-01
  1.081777E-01
  1.081709E-01
  1.081530E-01
  1.080716E-01
  1.079901E-01
  1.079087E-01
  1.077611E-01
  1.075726E-01
  1.073840E-01
  1.071895E-01
  1.069230E-01
  1.066565E-01
  1.063831E-01
  1.060308E-01
  1.057391E-01
  1.054455E-01
  1.051145E-01
  1.048238E-01
  1.045804E-01
  1.043506E-01
  1.041415E-01
  1.039836E-01
  1.038301E-01
  1.036846E-01
  1.035999E-01
  1.035168E-01
  1.034388E-01
  1.033694E-01
  1.033331E-01
  1.033103E-01
  1.032875E-01
  1.032703E-01
  1.032544E-01
  1.032424E-01
  1.032320E-01
  1.032265E-01
  1.032235E-01
  1.032207E-01
  1.032179E-01
  1.032153E-01
  1.032129E-01
  1.032106E-01
  1.032086E-01
  1.032067E-01
  1.032052E-01
  1.032038E-01
  1.032025E-01
  1.032015E-01
  1.032006E-01
  1.031999E-01
  1.031992E-01
  1.031917E-01
  1.031910E-01
  1.031904E-01
  1.031898E-01
  1.031892E-01
  1.031886E-01
  1.031879E-01
  1.032358E-01
  1.033599E-01
  1.212277E-01
  2.269688E-02
 -1.526350E-01
 -1.522812E-01
 -1.519275E-01
 -1.515737E-01
 -1.512199E-01
 -1.508662E-01
 -1.505124E-01
 -1.501586E-01
 -1.498048E-01
 -1.490748E-01
 -1.483355E-01
 -1.475962E-01
 -1.468568E-01
 -1.461175E-01
 -1.453781E-01
 -1.446388E-01
 -1.437462E-01
 -1.425724E-01
 -1.413987E-01
 -1.402249E-01
 -1.390512E-01
 -1.378774E-01
 -1.367037E-01
 -1.354763E-01
 -1.338194E-01
 -1.321625E-01
 -1.305056E-01
 -1.288487E-01
 -1.271918E-01
 -1.255349E-01
 -1.237594E-01
 -1.215898E-01
 -1.194201E-01
 -1.172504E-01
 -1.150807E-01
 -1.129111E-01
 -1.107414E-01
 -1.082481E-01
 -1.056132E-01
 -1.029782E-01
 -1.003432E-01
 -9.770829E-02
 -9.507333E-02
 -9.234874E-02
 -8.952957E-02
 -8.671040E-02
 -8.389124E-02
 -8.107207E-02
 -7.825290E-02
 -7.579854E-02
 -7.359970E-02
 -7.140087E-02
 -6.920203E-02
 -6.700319E-02
 -6.480435E-02
 -6.419696E-02
 -6.361461E-02
 -6.303227E-02
 -6.244992E-02
 -6.186758E-02
 -6.226547E-02
 -6.316587E-02
 -6.406628E-02
 -6.496668E-02
 -6.586708E-02
 -6.727805E-02
 -6.902396E-02
 -7.076987E-02
 -7.251578E-02
 -7.426168E-02
 -7.593153E-02
 -7.758230E-02
 -7.923308E-02
 -8.088385E-02
 -8.224818E-02
 -8.268177E-02
 -8.311537E-02
 -8.354896E-02
 -8.398256E-02
 -8.325045E-02
 -8.238794E-02
 -8.152543E-02
 -8.066292E-02
 -8.061477E-02
 -8.079600E-02
 -8.097722E-02
 -8.115845E-02
 -8.441417E-02
 -8.814134E-02
 -9.186850E-02
 -9.646685E-02
 -1.060207E-01
 -1.155746E-01
 -1.251285E-01
 -1.395510E-01
 -1.569848E-01
 -1.744185E-01
 -1.942949E-01
 -2.210237E-01
 -2.477524E-01
 -2.749781E-01
 -3.082945E-01
 -3.416107E-01
 -3.750209E-01
 -4.103204E-01
 -4.456195E-01
 -4.806052E-01
 -5.140725E-01
 -5.475395E-01
 -5.789596E-01
 -6.077559E-01
 -6.365520E-01
 -6.598082E-01
 -6.820259E-01
 -7.013448E-01
 -7.158503E-01
 -7.300840E-01
 -7.363287E-01
 -7.425733E-01
 -7.420222E-01
 -7.398466E-01
 -7.319032E-01
 -7.213989E-01
 -7.055347E-01
 -6.871908E-01
 -6.633419E-01
 -6.378977E-01
 -6.064021E-01
 -5.733487E-01
 -5.361141E-01
 -4.959868E-01
 -4.537559E-01
 -4.075668E-01
 -3.593001E-01
 -3.089460E-01
 -2.559639E-01
 -2.006577E-01
 -1.435047E-01
 -8.450924E-02
  3.332670E-02
  9.584145E-02
  1.599899E-01
  2.256759E-01
  2.928005E-01
  3.612656E-01
  4.309759E-01
  5.018403E-01
  5.739251E-01
 -1.973194E-01
  1.425955E-01
  9.799859E-01
  9.799858E-01
  9.799858E-01
  9.799858E-01
  9.799858E-01
  9.799858E-01
  9.799858E-01
  9.799857E-01
  9.799857E-01
  9.799857E-01
  9.799857E-01
  9.799856E-01
  9.799856E-01
  9.799856E-01
  9.799855E-01
  9.799855E-01
  9.799855E-01
  9.799854E-01
  9.799854E-01
  9.799853E-01
  9.799853E-01
  9.799852E-01
  9.799852E-01
  9.799851E-01
  9.799851E-01
  9.799850E-01
  9.799849E-01
  9.799849E-01
  9.799848E-01
  9.799847E-01
  9.799847E-01
  9.799846E-01
  9.799845E-01
  9.799844E-01
  9.799844E-01
  9.799843E-01
  9.799842E-01
  9.799841E-01
  9.799840E-01
  9.799840E-01
  9.799839E-01
  9.799838E-01
  9.799837E-01
  9.799837E-01
  9.799836E-01
  9.799835E-01
  9.799834E-01
  9.799834E-01
  9.799833E-01
  9.799832E-01
  9.799832E-01
  9.799831E-01
  9.799831E-01
  9.799830E-01
  9.799830E-01
  9.799830E-01
  9.799830E-01
  9.799830E-01
  9.799830E-01
  9.799829E-01
  9.799830E-01
  9.799830E-01
  9.799830E-01
  9.799830E-01
  9.799830E-01
  9.799831E-01
  9.799831E-01
  9.799831E-01
  9.799832E-01
  9.799832E-01
  9.799832E-01
  9.799833E-01
  9.799833E-01
  9.799834E-01
  9.799834E-01
  9.799834E-01
  9.799834E-01
  9.799834E-01
  9.799834E-01
  9.799834E-01
  9.799834E-01
  9.799834E-01
  9.799833E-01
  9.799833E-01
  9.799834E-01
  9.799834E-01
  9.799834E-01
  9.799834E-01
  9.799835E-01
  9.799836E-01
  9.799838E-01
  9.799841E-01
  9.799844E-01
  9.799847E-01
  9.799853E-01
  9.799861E-01
  9.799869E-01
  9.799880E-01
  9.799897E-01
  9.799915E-01
  9.799937E-01
  9.799966E-01
  9.799998E-01
  9.800034E-01
  9.800075E-01
  9.800120E-01
  9.800169E-01
  9.800218E-01
  9.800271E-01
  9.800324E-01
  9.800375E-01
  9.800429E-01
  9.800474E-01
  9.800518E-01
  9.800558E-01
  9.800589E-01
  9.800619E-01
  9.800633E-01
  9.800647E-01
  9.800646E-01
  9.800641E-01
  9.800623E-01
  9.800601E-01
  9.800567E-01
  9.800529E-01
  9.800481E-01
  9.800431E-01
  9.800373E-01
  9.800314E-01
  9.800253E-01
  9.800191E-01
  9.800131E-01
  9.800072E-01
  9.800016E-01
  9.799966E-01
  9.799922E-01
  9.799884E-01
  9.799855E-01
  9.799834E-01
  9.799825E-01
  9.799837E-01
  9.799862E-01
  9.799900E-01
  9.799952E-01
  9.800019E-01
  9.800101E-01
  9.800200E-01
  9.800315E-01
  7.134817E-01
  4.028564E-06
 -3.183635E+02
 -3.182858E+02
 -3.182082E+02
 -3.181306E+02
 -3.180529E+02
 -3.179753E+02
 -3.178977E+02
 -3.178200E+02
 -3.177424E+02
 -3.174422E+02
 -3.171364E+02
 -3.168307E+02
 -3.165249E+02
 -3.162192E+02
 -3.159135E+02
 -3.156078E+02
 -3.151924E+02
 -3.145756E+02
 -3.139588E+02
 -3.133421E+02
 -3.127254E+02
 -3.121087E+02
 -3.114921E+02
 -3.108476E+02
 -3.099799E+02
 -3.091122E+02
 -3.082446E+02
 -3.073770E+02
 -3.065095E+02
 -3.056419E+02
 -3.047282E+02
 -3.036607E+02
 -3.025934E+02
 -3.015260E+02
 -3.004587E+02
 -2.993915E+02
 -2.983243E+02
 -2.971175E+02
 -2.958496E+02
 -2.945818E+02
 -2.933141E+02
 -2.920465E+02
 -2.907790E+02
 -2.894238E+02
 -2.879762E+02
 -2.865287E+02
 -2.850813E+02
 -2.836341E+02
 -2.821870E+02
 -2.806851E+02
 -2.791449E+02
 -2.776049E+02
 -2.760651E+02
 -2.745256E+02
 -2.729863E+02
 -2.714453E+02
 -2.699046E+02
 -2.683642E+02
 -2.668241E+02
 -2.652844E+02
 -2.637485E+02
 -2.622148E+02
 -2.606815E+02
 -2.591486E+02
 -2.576161E+02
 -2.560610E+02
 -2.544913E+02
 -2.529221E+02
 -2.513534E+02
 -2.497851E+02
 -2.481280E+02
 -2.464490E+02
 -2.447706E+02
 -2.430927E+02
 -2.413601E+02
 -2.394483E+02
 -2.375371E+02
 -2.356264E+02
 -2.337163E+02
 -2.315915E+02
 -2.294432E+02
 -2.272952E+02
 -2.251477E+02
 -2.229505E+02
 -2.207395E+02
 -2.185289E+02
 -2.163187E+02
 -2.142002E+02
 -2.120959E+02
 -2.099920E+02
 -2.079220E+02
 -2.060439E+02
 -2.041655E+02
 -2.022868E+02
 -2.006846E+02
 -1.992519E+02
 -1.978173E+02
 -1.965334E+02
 -1.956736E+02
 -1.948092E+02
 -1.939665E+02
 -1.934424E+02
 -1.929112E+02
 -1.923717E+02
 -1.917971E+02
 -1.912152E+02
 -1.905708E+02
 -1.896505E+02
 -1.887246E+02
 -1.875423E+02
 -1.860343E+02
 -1.845232E+02
 -1.823648E+02
 -1.800848E+02
 -1.774746E+02
 -1.743181E+02
 -1.711327E+02
 -1.670504E+02
 -1.629715E+02
 -1.581202E+02
 -1.530880E+02
 -1.474107E+02
 -1.414499E+02
 -1.348991E+02
 -1.280770E+02
 -1.206207E+02
 -1.129809E+02
 -1.045643E+02
 -9.591686E+01
 -8.663794E+01
 -7.682172E+01
 -6.659742E+01
 -5.543554E+01
 -4.361830E+01
 -3.108293E+01
 -1.744861E+01
 -2.503743E+00
  1.379462E+01
  3.183211E+01
  5.223365E+01
  7.610381E+01
  1.053928E+02
  1.432229E+02
  1.947431E+02
  2.647439E+02
  3.363557E+02
  3.867839E+02
  4.955070E+02
  9.792564E+01
  3.978459E-04
  1.107615E+04
  1.107431E+04
  1.107247E+04
  1.107063E+04
  1.106879E+04
  1.106695E+04
  1.106511E+04
  1.106326E+04
  1.106142E+04
  1.105605E+04
  1.105059E+04
  1.104512E+04
  1.103966E+04
  1.103420E+04
  1.102874E+04
  1.102327E+04
  1.101664E+04
  1.100787E+04
  1.099909E+04
  1.099032E+04
  1.098154E+04
  1.097277E+04
  1.096399E+04
  1.095487E+04
  1.094293E+04
  1.093100E+04
  1.091906E+04
  1.090712E+04
  1.089519E+04
  1.088325E+04
  1.087054E+04
  1.085524E+04
  1.083994E+04
  1.082464E+04
  1.080934E+04
  1.079404E+04
  1.077874E+04
  1.076103E+04
  1.074227E+04
  1.072350E+04
  1.070473E+04
  1.068597E+04
  1.066720E+04
  1.064677E+04
  1.062458E+04
  1.060240E+04
  1.058021E+04
  1.055802E+04
  1.053584E+04
  1.051164E+04
  1.048604E+04
  1.046044E+04
  1.043485E+04
  1.040925E+04
  1.038366E+04
  1.035470E+04
  1.032569E+04
  1.029669E+04
  1.026768E+04
  1.023868E+04
  1.020749E+04
  1.017518E+04
  1.014287E+04
  1.011057E+04
  1.007827E+04
  1.004396E+04
  1.000835E+04
  9.972742E+03
  9.937136E+03
  9.901534E+03
  9.863128E+03
  9.824022E+03
  9.784920E+03
  9.745820E+03
  9.705858E+03
  9.663087E+03
  9.620318E+03
  9.577551E+03
  9.534787E+03
  9.488664E+03
  9.442166E+03
  9.395670E+03
  9.349175E+03
  9.299785E+03
  9.249581E+03
  9.199379E+03
  9.149178E+03
  9.096054E+03
  9.042484E+03
  8.988917E+03
  8.934925E+03
  8.878506E+03
  8.822093E+03
  8.765685E+03
  8.707651E+03
  8.648619E+03
  8.589600E+03
  8.529906E+03
  8.468308E+03
  8.406736E+03
  8.345010E+03
  8.281114E+03
  8.217257E+03
  8.153316E+03
  8.086935E+03
  8.020600E+03
  7.953736E+03
  7.884132E+03
  7.814573E+03
  7.743309E+03
  7.669844E+03
  7.596419E+03
  7.519405E+03
  7.441745E+03
  7.362466E+03
  7.280472E+03
  7.198361E+03
  7.112076E+03
  7.025809E+03
  6.936153E+03
  6.845698E+03
  6.752389E+03
  6.657820E+03
  6.560468E+03
  6.461835E+03
  6.360178E+03
  6.257652E+03
  6.151662E+03
  6.044762E+03
  5.935389E+03
  5.824236E+03
  5.711781E+03
  5.596714E+03
  5.480101E+03
  5.361852E+03
  5.241257E+03
  5.118158E+03
  4.992899E+03
  4.865723E+03
  4.738017E+03
  4.614259E+03
  4.505074E+03
  4.428596E+03
  4.420756E+03
  4.519236E+03
  4.489775E+03
  4.051943E+03
  4.557932E+03
  1.360099E+03
 -8.578654E-05
  1.610212E+01
  1.622533E+01
  1.634854E+01
  1.647174E+01
  1.659495E+01
  1.671815E+01
  1.684136E+01
  1.696456E+01
  1.708776E+01
  1.740482E+01
  1.772668E+01
  1.804853E+01
  1.837038E+01
  1.869223E+01
  1.901407E+01
  1.933591E+01
  1.971803E+01
  2.021074E+01
  2.070343E+01
  2.119613E+01
  2.168881E+01
  2.218149E+01
  2.267416E+01
  2.319838E+01
  2.397522E+01
  2.475205E+01
  2.552887E+01
  2.630568E+01
  2.708248E+01
  2.785927E+01
  2.874736E+01
  3.000536E+01
  3.126334E+01
  3.252131E+01
  3.377927E+01
  3.503720E+01
  3.629512E+01
  3.810825E+01
  4.016438E+01
  4.222047E+01
  4.427653E+01
  4.633256E+01
  4.838856E+01
  5.098794E+01
  5.416062E+01
  5.733323E+01
  6.050577E+01
  6.367823E+01
  6.685063E+01
  7.053792E+01
  7.458577E+01
  7.863348E+01
  8.268105E+01
  8.672847E+01
  9.077575E+01
  9.469675E+01
  9.861555E+01
  1.025341E+02
  1.064525E+02
  1.103706E+02
  1.134855E+02
  1.161885E+02
  1.188912E+02
  1.215937E+02
  1.242961E+02
  1.257138E+02
  1.262889E+02
  1.268639E+02
  1.274387E+02
  1.280135E+02
  1.262591E+02
  1.239207E+02
  1.215823E+02
  1.192439E+02
  1.164434E+02
  1.121412E+02
  1.078391E+02
  1.035371E+02
  9.923513E+01
  9.732704E+01
  9.568670E+01
  9.404634E+01
  9.240595E+01
  9.586184E+01
  1.007529E+02
  1.056438E+02
  1.105344E+02
  1.211657E+02
  1.326764E+02
  1.441863E+02
  1.565845E+02
  1.740392E+02
  1.914914E+02
  2.089411E+02
  2.292360E+02
  2.512875E+02
  2.733337E+02
  2.950979E+02
  3.160782E+02
  3.370516E+02
  3.573875E+02
  3.699917E+02
  3.825910E+02
  3.947164E+02
  3.974316E+02
  4.001463E+02
  4.015263E+02
  3.964384E+02
  3.913534E+02
  3.838504E+02
  3.732485E+02
  3.626516E+02
  3.490917E+02
  3.349811E+02
  3.201269E+02
  3.040341E+02
  2.879065E+02
  2.706058E+02
  2.533096E+02
  2.342129E+02
  2.146890E+02
  1.930718E+02
  1.705272E+02
  1.469003E+02
  1.227736E+02
  9.866598E+01
  7.456396E+01
  5.144272E+01
  2.873654E+01
  7.224539E+00
 -1.317393E+01
 -3.274694E+01
 -5.046209E+01
 -6.704583E+01
 -8.245213E+01
 -9.622616E+01
 -1.083555E+02
 -1.190139E+02
 -1.279994E+02
 -1.350179E+02
 -1.395858E+02
 -1.408873E+02
 -1.377160E+02
 -1.292316E+02
 -1.162708E+02
 -9.898195E+01
 -8.575250E+01
  7.714893E+02
  4.448583E+03
  2.726081E-02
