 Title= "ADflow Lift Distribution Data"
Variables = "eta" "CoordinateX" "CoordinateY" "CoordinateZ" "Lift" "Drag" "Moment" "Normalized Lift" "Normalized Drag" "Normalized Moment" "CL" "CD" "CM" "CLp" "CDp" "CMp" "CLv" "CDv" "CMv" "Elliptical" "thickness" "twist" "chord" "fx" "fy" "fz" 
Zone T= "LiftDist_01 allWalls: : z normal"
 I=          150
 DATAPACKING=BLOCK
  0.000000E+00
  6.711405E-03
  1.342281E-02
  2.013422E-02
  2.684563E-02
  3.355704E-02
  4.026845E-02
  4.697986E-02
  5.369127E-02
  6.040268E-02
  6.711409E-02
  7.382550E-02
  8.053691E-02
  8.724832E-02
  9.395973E-02
  1.006711E-01
  1.073825E-01
  1.140940E-01
  1.208054E-01
  1.275168E-01
  1.342282E-01
  1.409396E-01
  1.476510E-01
  1.543624E-01
  1.610738E-01
  1.677852E-01
  1.744966E-01
  1.812081E-01
  1.879195E-01
  1.946309E-01
  2.013423E-01
  2.080537E-01
  2.147651E-01
  2.214765E-01
  2.281879E-01
  2.348993E-01
  2.416107E-01
  2.483221E-01
  2.550336E-01
  2.617450E-01
  2.684564E-01
  2.751678E-01
  2.818792E-01
  2.885906E-01
  2.953020E-01
  3.020134E-01
  3.087248E-01
  3.154362E-01
  3.221476E-01
  3.288591E-01
  3.355705E-01
  3.422819E-01
  3.489933E-01
  3.557047E-01
  3.624161E-01
  3.691275E-01
  3.758389E-01
  3.825503E-01
  3.892617E-01
  3.959732E-01
  4.026846E-01
  4.093960E-01
  4.161074E-01
  4.228188E-01
  4.295302E-01
  4.362416E-01
  4.429530E-01
  4.496644E-01
  4.563758E-01
  4.630872E-01
  4.697987E-01
  4.765101E-01
  4.832215E-01
  4.899329E-01
  4.966443E-01
  5.033557E-01
  5.100671E-01
  5.167785E-01
  5.234899E-01
  5.302013E-01
  5.369128E-01
  5.436242E-01
  5.503356E-01
  5.570470E-01
  5.637584E-01
  5.704698E-01
  5.771812E-01
  5.838926E-01
  5.906040E-01
  5.973154E-01
  6.040268E-01
  6.107383E-01
  6.174497E-01
  6.241611E-01
  6.308725E-01
  6.375839E-01
  6.442953E-01
  6.510067E-01
  6.577181E-01
  6.644295E-01
  6.711409E-01
  6.778524E-01
  6.845638E-01
  6.912752E-01
  6.979866E-01
  7.046980E-01
  7.114094E-01
  7.181208E-01
  7.248322E-01
  7.315436E-01
  7.382550E-01
  7.449664E-01
  7.516779E-01
  7.583893E-01
  7.651007E-01
  7.718121E-01
  7.785235E-01
  7.852349E-01
  7.919463E-01
  7.986577E-01
  8.053691E-01
  8.120805E-01
  8.187919E-01
  8.255034E-01
  8.322148E-01
  8.389262E-01
  8.456376E-01
  8.523490E-01
  8.590604E-01
  8.657718E-01
  8.724832E-01
  8.791946E-01
  8.859060E-01
  8.926175E-01
  8.993289E-01
  9.060403E-01
  9.127517E-01
  9.194631E-01
  9.261745E-01
  9.328859E-01
  9.395973E-01
  9.463087E-01
  9.530201E-01
  9.597315E-01
  9.664430E-01
  9.731544E-01
  9.798658E-01
  9.865772E-01
  9.932886E-01
  1.000000E+00
  0.000000E+00
  0.000000E+00
  0.000000E+00
  0.000000E+00
  0.000000E+00
  0.000000E+00
  0.000000E+00
  0.000000E+00
  0.000000E+00
  0.000000E+00
  0.000000E+00
  0.000000E+00
  0.000000E+00
  0.000000E+00
  0.000000E+00
  0.000000E+00
  0.000000E+00
  0.000000E+00
  0.000000E+00
  0.000000E+00
  0.000000E+00
  0.000000E+00
  0.000000E+00
  0.000000E+00
  0.000000E+00
  0.000000E+00
  0.000000E+00
  0.000000E+00
  0.000000E+00
  0.000000E+00
  0.000000E+00
  0.000000E+00
  0.000000E+00
  0.000000E+00
  0.000000E+00
  0.000000E+00
  0.000000E+00
  0.000000E+00
  0.000000E+00
  0.000000E+00
  0.000000E+00
  0.000000E+00
  0.000000E+00
  0.000000E+00
  0.000000E+00
  0.000000E+00
  0.000000E+00
  0.000000E+00
  0.000000E+00
  0.000000E+00
  0.000000E+00
  0.000000E+00
  0.000000E+00
  0.000000E+00
  0.000000E+00
  0.000000E+00
  0.000000E+00
  0.000000E+00
  0.000000E+00
  0.000000E+00
  0.000000E+00
  0.000000E+00
  0.000000E+00
  0.000000E+00
  0.000000E+00
  0.000000E+00
  0.000000E+00
  0.000000E+00
  0.000000E+00
  0.000000E+00
  0.000000E+00
  0.000000E+00
  0.000000E+00
  0.000000E+00
  0.000000E+00
  0.000000E+00
  0.000000E+00
  0.000000E+00
  0.000000E+00
  0.000000E+00
  0.000000E+00
  0.000000E+00
  0.000000E+00
  0.000000E+00
  0.000000E+00
  0.000000E+00
  0.000000E+00
  0.000000E+00
  0.000000E+00
  0.000000E+00
  0.000000E+00
  0.000000E+00
  0.000000E+00
  0.000000E+00
  0.000000E+00
  0.000000E+00
  0.000000E+00
  0.000000E+00
  0.000000E+00
  0.000000E+00
  0.000000E+00
  0.000000E+00
  0.000000E+00
  0.000000E+00
  0.000000E+00
  0.000000E+00
  0.000000E+00
  0.000000E+00
  0.000000E+00
  0.000000E+00
  0.000000E+00
  0.000000E+00
  0.000000E+00
  0.000000E+00
  0.000000E+00
  0.000000E+00
  0.000000E+00
  0.000000E+00
  0.000000E+00
  0.000000E+00
  0.000000E+00
  0.000000E+00
  0.000000E+00
  0.000000E+00
  0.000000E+00
  0.000000E+00
  0.000000E+00
  0.000000E+00
  0.000000E+00
  0.000000E+00
  0.000000E+00
  0.000000E+00
  0.000000E+00
  0.000000E+00
  0.000000E+00
  0.000000E+00
  0.000000E+00
  0.000000E+00
  0.000000E+00
  0.000000E+00
  0.000000E+00
  0.000000E+00
  0.000000E+00
  0.000000E+00
  0.000000E+00
  0.000000E+00
  0.000000E+00
  0.000000E+00
  0.000000E+00
  0.000000E+00
  0.000000E+00
  0.000000E+00
  0.000000E+00
  0.000000E+00
  0.000000E+00
  0.000000E+00
  0.000000E+00
  0.000000E+00
  0.000000E+00
  0.000000E+00
  0.000000E+00
  0.000000E+00
  0.000000E+00
  0.000000E+00
  0.000000E+00
  0.000000E+00
  0.000000E+00
  0.000000E+00
  0.000000E+00
  0.000000E+00
  0.000000E+00
  0.000000E+00
  0.000000E+00
  0.000000E+00
  0.000000E+00
  0.000000E+00
  0.000000E+00
  0.000000E+00
  0.000000E+00
  0.000000E+00
  0.000000E+00
  0.000000E+00
  0.000000E+00
  0.000000E+00
  0.000000E+00
  0.000000E+00
  0.000000E+00
  0.000000E+00
  0.000000E+00
  0.000000E+00
  0.000000E+00
  0.000000E+00
  0.000000E+00
  0.000000E+00
  0.000000E+00
  0.000000E+00
  0.000000E+00
  0.000000E+00
  0.000000E+00
  0.000000E+00
  0.000000E+00
  0.000000E+00
  0.000000E+00
  0.000000E+00
  0.000000E+00
  0.000000E+00
  0.000000E+00
  0.000000E+00
  0.000000E+00
  0.000000E+00
  0.000000E+00
  0.000000E+00
  0.000000E+00
  0.000000E+00
  0.000000E+00
  0.000000E+00
  0.000000E+00
  0.000000E+00
  0.000000E+00
  0.000000E+00
  0.000000E+00
  0.000000E+00
  0.000000E+00
  0.000000E+00
  0.000000E+00
  0.000000E+00
  0.000000E+00
  0.000000E+00
  0.000000E+00
  0.000000E+00
  0.000000E+00
  0.000000E+00
  0.000000E+00
  0.000000E+00
  0.000000E+00
  0.000000E+00
  0.000000E+00
  0.000000E+00
  0.000000E+00
  0.000000E+00
  0.000000E+00
  0.000000E+00
  0.000000E+00
  0.000000E+00
  0.000000E+00
  0.000000E+00
  0.000000E+00
  0.000000E+00
  0.000000E+00
  0.000000E+00
  0.000000E+00
  0.000000E+00
  0.000000E+00
  0.000000E+00
  0.000000E+00
  0.000000E+00
  0.000000E+00
  0.000000E+00
  0.000000E+00
  0.000000E+00
  0.000000E+00
  0.000000E+00
  0.000000E+00
  0.000000E+00
  0.000000E+00
  0.000000E+00
  0.000000E+00
  0.000000E+00
  0.000000E+00
  0.000000E+00
  0.000000E+00
  0.000000E+00
  0.000000E+00
  0.000000E+00
  0.000000E+00
  0.000000E+00
  0.000000E+00
  0.000000E+00
  0.000000E+00
  0.000000E+00
  0.000000E+00
  0.000000E+00
  0.000000E+00
  0.000000E+00
  0.000000E+00
  0.000000E+00
  0.000000E+00
  0.000000E+00
  0.000000E+00
  0.000000E+00
  0.000000E+00
  0.000000E+00
  0.000000E+00
  0.000000E+00
  0.000000E+00
  0.000000E+00
  0.000000E+00
  0.000000E+00
  0.000000E+00
  0.000000E+00
  1.000000E-08
  1.695085E-02
  3.390169E-02
  5.085254E-02
  6.780338E-02
  8.475423E-02
  1.017051E-01
  1.186559E-01
  1.356068E-01
  1.525576E-01
  1.695085E-01
  1.864593E-01
  2.034101E-01
  2.203610E-01
  2.373118E-01
  2.542627E-01
  2.712135E-01
  2.881644E-01
  3.051152E-01
  3.220661E-01
  3.390169E-01
  3.559678E-01
  3.729186E-01
  3.898694E-01
  4.068203E-01
  4.237711E-01
  4.407220E-01
  4.576728E-01
  4.746237E-01
  4.915745E-01
  5.085254E-01
  5.254762E-01
  5.424271E-01
  5.593779E-01
  5.763287E-01
  5.932796E-01
  6.102304E-01
  6.271813E-01
  6.441321E-01
  6.610830E-01
  6.780338E-01
  6.949847E-01
  7.119355E-01
  7.288864E-01
  7.458372E-01
  7.627880E-01
  7.797389E-01
  7.966897E-01
  8.136406E-01
  8.305914E-01
  8.475423E-01
  8.644931E-01
  8.814440E-01
  8.983948E-01
  9.153457E-01
  9.322965E-01
  9.492473E-01
  9.661982E-01
  9.831490E-01
  1.000100E+00
  1.017051E+00
  1.034002E+00
  1.050952E+00
  1.067903E+00
  1.084854E+00
  1.101805E+00
  1.118756E+00
  1.135707E+00
  1.152657E+00
  1.169608E+00
  1.186559E+00
  1.203510E+00
  1.220461E+00
  1.237412E+00
  1.254363E+00
  1.271313E+00
  1.288264E+00
  1.305215E+00
  1.322166E+00
  1.339117E+00
  1.356068E+00
  1.373018E+00
  1.389969E+00
  1.406920E+00
  1.423871E+00
  1.440822E+00
  1.457773E+00
  1.474724E+00
  1.491674E+00
  1.508625E+00
  1.525576E+00
  1.542527E+00
  1.559478E+00
  1.576429E+00
  1.593379E+00
  1.610330E+00
  1.627281E+00
  1.644232E+00
  1.661183E+00
  1.678134E+00
  1.695085E+00
  1.712035E+00
  1.728986E+00
  1.745937E+00
  1.762888E+00
  1.779839E+00
  1.796790E+00
  1.813740E+00
  1.830691E+00
  1.847642E+00
  1.864593E+00
  1.881544E+00
  1.898495E+00
  1.915446E+00
  1.932396E+00
  1.949347E+00
  1.966298E+00
  1.983249E+00
  2.000200E+00
  2.017151E+00
  2.034101E+00
  2.051052E+00
  2.068003E+00
  2.084954E+00
  2.101905E+00
  2.118856E+00
  2.135807E+00
  2.152757E+00
  2.169708E+00
  2.186659E+00
  2.203610E+00
  2.220561E+00
  2.237512E+00
  2.254462E+00
  2.271413E+00
  2.288364E+00
  2.305315E+00
  2.322266E+00
  2.339217E+00
  2.356168E+00
  2.373118E+00
  2.390069E+00
  2.407020E+00
  2.423971E+00
  2.440922E+00
  2.457873E+00
  2.474823E+00
  2.491774E+00
  2.508725E+00
  2.525676E+00
  1.106486E+04
  1.106299E+04
  1.106111E+04
  1.105924E+04
  1.105736E+04
  1.105549E+04
  1.105361E+04
  1.105174E+04
  1.104986E+04
  1.104435E+04
  1.103876E+04
  1.103316E+04
  1.102756E+04
  1.102197E+04
  1.101637E+04
  1.101077E+04
  1.100400E+04
  1.099508E+04
  1.098615E+04
  1.097723E+04
  1.096830E+04
  1.095938E+04
  1.095045E+04
  1.094117E+04
  1.092902E+04
  1.091687E+04
  1.090472E+04
  1.089257E+04
  1.088042E+04
  1.086826E+04
  1.085533E+04
  1.083977E+04
  1.082421E+04
  1.080865E+04
  1.079309E+04
  1.077753E+04
  1.076198E+04
  1.074402E+04
  1.072503E+04
  1.070603E+04
  1.068703E+04
  1.066803E+04
  1.064904E+04
  1.062842E+04
  1.060609E+04
  1.058377E+04
  1.056144E+04
  1.053912E+04
  1.051680E+04
  1.049252E+04
  1.046688E+04
  1.044125E+04
  1.041561E+04
  1.038998E+04
  1.036434E+04
  1.033543E+04
  1.030646E+04
  1.027750E+04
  1.024854E+04
  1.021958E+04
  1.018848E+04
  1.015629E+04
  1.012411E+04
  1.009193E+04
  1.005975E+04
  1.002561E+04
  9.990195E+03
  9.954781E+03
  9.919370E+03
  9.883962E+03
  9.845783E+03
  9.806911E+03
  9.768042E+03
  9.729176E+03
  9.689457E+03
  9.646963E+03
  9.604471E+03
  9.561981E+03
  9.519492E+03
  9.473678E+03
  9.427493E+03
  9.381310E+03
  9.335128E+03
  9.286021E+03
  9.236092E+03
  9.186165E+03
  9.136239E+03
  9.083313E+03
  9.029930E+03
  8.976550E+03
  8.922736E+03
  8.866441E+03
  8.810152E+03
  8.753868E+03
  8.695938E+03
  8.636997E+03
  8.578069E+03
  8.518461E+03
  8.456936E+03
  8.395436E+03
  8.333780E+03
  8.269947E+03
  8.206151E+03
  8.142269E+03
  8.075953E+03
  8.009681E+03
  7.942881E+03
  7.873348E+03
  7.803859E+03
  7.732666E+03
  7.659274E+03
  7.585921E+03
  7.508980E+03
  7.431391E+03
  7.352183E+03
  7.270258E+03
  7.188215E+03
  7.101988E+03
  7.015781E+03
  6.926160E+03
  6.835735E+03
  6.742426E+03
  6.647843E+03
  6.550441E+03
  6.451742E+03
  6.349969E+03
  6.247314E+03
  6.141123E+03
  6.034000E+03
  5.924343E+03
  5.812852E+03
  5.700019E+03
  5.584485E+03
  5.467344E+03
  5.348502E+03
  5.227216E+03
  5.103304E+03
  4.977098E+03
  4.848787E+03
  4.719674E+03
  4.594081E+03
  4.482381E+03
  4.402322E+03
  4.389205E+03
  4.480180E+03
  4.443839E+03
  4.003436E+03
  4.498885E+03
  1.345443E+03
 -1.150618E-04
  6.311534E+02
  6.310829E+02
  6.310124E+02
  6.309420E+02
  6.308716E+02
  6.308011E+02
  6.307307E+02
  6.306603E+02
  6.305899E+02
  6.304380E+02
  6.302842E+02
  6.301304E+02
  6.299766E+02
  6.298228E+02
  6.296689E+02
  6.295151E+02
  6.293625E+02
  6.292120E+02
  6.290614E+02
  6.289109E+02
  6.287603E+02
  6.286098E+02
  6.284593E+02
  6.283062E+02
  6.281331E+02
  6.279599E+02
  6.277868E+02
  6.276136E+02
  6.274405E+02
  6.272673E+02
  6.270737E+02
  6.268125E+02
  6.265513E+02
  6.262900E+02
  6.260287E+02
  6.257674E+02
  6.255061E+02
  6.251716E+02
  6.248050E+02
  6.244385E+02
  6.240718E+02
  6.237051E+02
  6.233384E+02
  6.229031E+02
  6.223955E+02
  6.218878E+02
  6.213800E+02
  6.208721E+02
  6.203642E+02
  6.197078E+02
  6.189474E+02
  6.181869E+02
  6.174263E+02
  6.166656E+02
  6.159048E+02
  6.147873E+02
  6.136641E+02
  6.125408E+02
  6.114175E+02
  6.102942E+02
  6.089379E+02
  6.074622E+02
  6.059864E+02
  6.045107E+02
  6.030349E+02
  6.013997E+02
  5.996597E+02
  5.979198E+02
  5.961798E+02
  5.944397E+02
  5.925931E+02
  5.907197E+02
  5.888460E+02
  5.869722E+02
  5.851108E+02
  5.832900E+02
  5.814688E+02
  5.796474E+02
  5.778257E+02
  5.760804E+02
  5.743433E+02
  5.726060E+02
  5.708684E+02
  5.690301E+02
  5.671632E+02
  5.652961E+02
  5.634286E+02
  5.612644E+02
  5.590544E+02
  5.568443E+02
  5.545624E+02
  5.518742E+02
  5.491865E+02
  5.464993E+02
  5.433626E+02
  5.399497E+02
  5.365394E+02
  5.328993E+02
  5.286125E+02
  5.243322E+02
  5.200106E+02
  5.151157E+02
  5.102307E+02
  5.053440E+02
  5.002372E+02
  4.951412E+02
  4.900581E+02
  4.849963E+02
  4.799437E+02
  4.749981E+02
  4.701852E+02
  4.653788E+02
  4.609145E+02
  4.565168E+02
  4.523137E+02
  4.484300E+02
  4.445654E+02
  4.412522E+02
  4.379372E+02
  4.351131E+02
  4.324036E+02
  4.300999E+02
  4.279743E+02
  4.262053E+02
  4.246003E+02
  4.233752E+02
  4.222608E+02
  4.216300E+02
  4.211526E+02
  4.210959E+02
  4.214233E+02
  4.220468E+02
  4.233809E+02
  4.252352E+02
  4.276643E+02
  4.309860E+02
  4.353956E+02
  4.409638E+02
  4.480918E+02
  4.575151E+02
  4.707085E+02
  4.905136E+02
  5.215807E+02
  5.720958E+02
  6.500507E+02
  7.187257E+02
  7.316064E+02
  8.834014E+02
  2.132516E+02
  3.892662E-04
  1.806373E+03
  1.805841E+03
  1.805310E+03
  1.804779E+03
  1.804248E+03
  1.803717E+03
  1.803185E+03
  1.802654E+03
  1.802123E+03
  1.800755E+03
  1.799367E+03
  1.797979E+03
  1.796590E+03
  1.795202E+03
  1.793813E+03
  1.792425E+03
  1.790835E+03
  1.788875E+03
  1.786914E+03
  1.784954E+03
  1.782994E+03
  1.781034E+03
  1.779074E+03
  1.777042E+03
  1.774440E+03
  1.771838E+03
  1.769236E+03
  1.766634E+03
  1.764033E+03
  1.761431E+03
  1.758661E+03
  1.755332E+03
  1.752003E+03
  1.748674E+03
  1.745345E+03
  1.742016E+03
  1.738687E+03
  1.734870E+03
  1.730839E+03
  1.726808E+03
  1.722777E+03
  1.718746E+03
  1.714716E+03
  1.710391E+03
  1.705755E+03
  1.701119E+03
  1.696484E+03
  1.691849E+03
  1.687214E+03
  1.682305E+03
  1.677204E+03
  1.672104E+03
  1.667005E+03
  1.661906E+03
  1.656807E+03
  1.651421E+03
  1.646031E+03
  1.640641E+03
  1.635252E+03
  1.629864E+03
  1.624356E+03
  1.618787E+03
  1.613219E+03
  1.607652E+03
  1.602085E+03
  1.596360E+03
  1.590531E+03
  1.584703E+03
  1.578875E+03
  1.573049E+03
  1.566919E+03
  1.560714E+03
  1.554509E+03
  1.548305E+03
  1.542038E+03
  1.535565E+03
  1.529093E+03
  1.522620E+03
  1.516149E+03
  1.509501E+03
  1.502834E+03
  1.496167E+03
  1.489501E+03
  1.482553E+03
  1.475527E+03
  1.468501E+03
  1.461475E+03
  1.454213E+03
  1.446915E+03
  1.439617E+03
  1.432332E+03
  1.425115E+03
  1.417899E+03
  1.410685E+03
  1.403487E+03
  1.396301E+03
  1.389121E+03
  1.381842E+03
  1.374281E+03
  1.366731E+03
  1.359155E+03
  1.351143E+03
  1.343148E+03
  1.335143E+03
  1.326632E+03
  1.318142E+03
  1.309498E+03
  1.300029E+03
  1.290581E+03
  1.280504E+03
  1.269612E+03
  1.258739E+03
  1.246464E+03
  1.233937E+03
  1.220771E+03
  1.206532E+03
  1.192247E+03
  1.176323E+03
  1.160405E+03
  1.143254E+03
  1.125809E+03
  1.107515E+03
  1.088844E+03
  1.069565E+03
  1.050005E+03
  1.030032E+03
  1.009942E+03
  9.897244E+02
  9.695777E+02
  9.496604E+02
  9.301852E+02
  9.110585E+02
  8.929869E+02
  8.757291E+02
  8.593599E+02
  8.443583E+02
  8.309314E+02
  8.191395E+02
  8.096344E+02
  8.038408E+02
  8.050516E+02
  8.203702E+02
  8.617176E+02
  9.475573E+02
  1.092178E+03
  1.202736E+03
  1.134877E+03
  1.285816E+03
  2.072104E+02
 -8.426408E-11
  1.245101E+00
  1.244890E+00
  1.244679E+00
  1.244468E+00
  1.244257E+00
  1.244046E+00
  1.243835E+00
  1.243624E+00
  1.243413E+00
  1.242793E+00
  1.242163E+00
  1.241533E+00
  1.240903E+00
  1.240274E+00
  1.239644E+00
  1.239014E+00
  1.238252E+00
  1.237248E+00
  1.236244E+00
  1.235239E+00
  1.234235E+00
  1.233231E+00
  1.232227E+00
  1.231182E+00
  1.229815E+00
  1.228447E+00
  1.227080E+00
  1.225713E+00
  1.224345E+00
  1.222978E+00
  1.221522E+00
  1.219771E+00
  1.218020E+00
  1.216270E+00
  1.214519E+00
  1.212768E+00
  1.211018E+00
  1.208998E+00
  1.206860E+00
  1.204722E+00
  1.202584E+00
  1.200447E+00
  1.198309E+00
  1.195989E+00
  1.193477E+00
  1.190964E+00
  1.188452E+00
  1.185940E+00
  1.183428E+00
  1.180697E+00
  1.177812E+00
  1.174927E+00
  1.172042E+00
  1.169157E+00
  1.166273E+00
  1.163019E+00
  1.159760E+00
  1.156500E+00
  1.153242E+00
  1.149983E+00
  1.146484E+00
  1.142862E+00
  1.139240E+00
  1.135619E+00
  1.131998E+00
  1.128157E+00
  1.124171E+00
  1.120186E+00
  1.116201E+00
  1.112217E+00
  1.107921E+00
  1.103547E+00
  1.099173E+00
  1.094799E+00
  1.090330E+00
  1.085548E+00
  1.080767E+00
  1.075985E+00
  1.071204E+00
  1.066049E+00
  1.060852E+00
  1.055655E+00
  1.050458E+00
  1.044932E+00
  1.039314E+00
  1.033696E+00
  1.028078E+00
  1.022122E+00
  1.016115E+00
  1.010108E+00
  1.004053E+00
  9.977179E-01
  9.913838E-01
  9.850504E-01
  9.785317E-01
  9.718992E-01
  9.652681E-01
  9.585607E-01
  9.516374E-01
  9.447169E-01
  9.377790E-01
  9.305959E-01
  9.234172E-01
  9.162288E-01
  9.087663E-01
  9.013089E-01
  8.937921E-01
  8.859677E-01
  8.781483E-01
  8.701372E-01
  8.618785E-01
  8.536243E-01
  8.449663E-01
  8.362355E-01
  8.273223E-01
  8.181035E-01
  8.088715E-01
  7.991686E-01
  7.894679E-01
  7.793831E-01
  7.692078E-01
  7.587079E-01
  7.480648E-01
  7.371044E-01
  7.259980E-01
  7.145458E-01
  7.029943E-01
  6.910449E-01
  6.789906E-01
  6.666511E-01
  6.541054E-01
  6.414086E-01
  6.284079E-01
  6.152263E-01
  6.018533E-01
  5.882053E-01
  5.742617E-01
  5.600601E-01
  5.456216E-01
  5.310928E-01
  5.169601E-01
  5.043908E-01
  4.953821E-01
  4.939061E-01
  5.041432E-01
  5.000538E-01
  4.504964E-01
  5.062480E-01
  1.513993E-01
 -1.294761E-08
  1.126901E+00
  1.126775E+00
  1.126649E+00
  1.126523E+00
  1.126398E+00
  1.126272E+00
  1.126146E+00
  1.126020E+00
  1.125895E+00
  1.125624E+00
  1.125349E+00
  1.125074E+00
  1.124800E+00
  1.124525E+00
  1.124250E+00
  1.123976E+00
  1.123703E+00
  1.123434E+00
  1.123166E+00
  1.122897E+00
  1.122628E+00
  1.122359E+00
  1.122090E+00
  1.121817E+00
  1.121508E+00
  1.121199E+00
  1.120890E+00
  1.120581E+00
  1.120271E+00
  1.119962E+00
  1.119617E+00
  1.119150E+00
  1.118684E+00
  1.118217E+00
  1.117751E+00
  1.117284E+00
  1.116818E+00
  1.116220E+00
  1.115566E+00
  1.114911E+00
  1.114257E+00
  1.113602E+00
  1.112947E+00
  1.112170E+00
  1.111264E+00
  1.110357E+00
  1.109451E+00
  1.108544E+00
  1.107637E+00
  1.106465E+00
  1.105107E+00
  1.103750E+00
  1.102391E+00
  1.101033E+00
  1.099675E+00
  1.097680E+00
  1.095674E+00
  1.093669E+00
  1.091663E+00
  1.089657E+00
  1.087236E+00
  1.084601E+00
  1.081966E+00
  1.079331E+00
  1.076696E+00
  1.073777E+00
  1.070670E+00
  1.067563E+00
  1.064457E+00
  1.061350E+00
  1.058053E+00
  1.054708E+00
  1.051363E+00
  1.048017E+00
  1.044693E+00
  1.041442E+00
  1.038191E+00
  1.034939E+00
  1.031686E+00
  1.028570E+00
  1.025469E+00
  1.022367E+00
  1.019264E+00
  1.015982E+00
  1.012649E+00
  1.009315E+00
  1.005981E+00
  1.002116E+00
  9.981707E-01
  9.942246E-01
  9.901504E-01
  9.853508E-01
  9.805520E-01
  9.757540E-01
  9.701535E-01
  9.640600E-01
  9.579710E-01
  9.514717E-01
  9.438179E-01
  9.361755E-01
  9.284595E-01
  9.197198E-01
  9.109979E-01
  9.022727E-01
  8.931547E-01
  8.840561E-01
  8.749804E-01
  8.659427E-01
  8.569216E-01
  8.480914E-01
  8.394981E-01
  8.309164E-01
  8.229456E-01
  8.150936E-01
  8.075892E-01
  8.006549E-01
  7.937548E-01
  7.878393E-01
  7.819205E-01
  7.768781E-01
  7.720404E-01
  7.679273E-01
  7.641322E-01
  7.609737E-01
  7.581079E-01
  7.559206E-01
  7.539309E-01
  7.528045E-01
  7.519523E-01
  7.518509E-01
  7.524355E-01
  7.535487E-01
  7.559308E-01
  7.592415E-01
  7.635787E-01
  7.695094E-01
  7.773825E-01
  7.873244E-01
  8.000512E-01
  8.168761E-01
  8.404324E-01
  8.757936E-01
  9.312629E-01
  1.021456E+00
  1.160641E+00
  1.283258E+00
  1.306256E+00
  1.577280E+00
  3.807528E-01
  6.950202E-07
  1.243007E+00
  1.242641E+00
  1.242276E+00
  1.241910E+00
  1.241545E+00
  1.241179E+00
  1.240814E+00
  1.240448E+00
  1.240083E+00
  1.239141E+00
  1.238186E+00
  1.237231E+00
  1.236275E+00
  1.235320E+00
  1.234365E+00
  1.233409E+00
  1.232315E+00
  1.230966E+00
  1.229617E+00
  1.228268E+00
  1.226919E+00
  1.225571E+00
  1.224222E+00
  1.222824E+00
  1.221033E+00
  1.219243E+00
  1.217453E+00
  1.215662E+00
  1.213872E+00
  1.212081E+00
  1.210175E+00
  1.207884E+00
  1.205594E+00
  1.203303E+00
  1.201012E+00
  1.198722E+00
  1.196431E+00
  1.193804E+00
  1.191030E+00
  1.188257E+00
  1.185483E+00
  1.182709E+00
  1.179936E+00
  1.176959E+00
  1.173769E+00
  1.170579E+00
  1.167390E+00
  1.164200E+00
  1.161011E+00
  1.157633E+00
  1.154123E+00
  1.150614E+00
  1.147105E+00
  1.143596E+00
  1.140087E+00
  1.136381E+00
  1.132672E+00
  1.128963E+00
  1.125255E+00
  1.121547E+00
  1.117757E+00
  1.113925E+00
  1.110093E+00
  1.106262E+00
  1.102432E+00
  1.098492E+00
  1.094481E+00
  1.090471E+00
  1.086461E+00
  1.082451E+00
  1.078233E+00
  1.073963E+00
  1.069694E+00
  1.065425E+00
  1.061112E+00
  1.056658E+00
  1.052204E+00
  1.047750E+00
  1.043297E+00
  1.038723E+00
  1.034135E+00
  1.029547E+00
  1.024960E+00
  1.020179E+00
  1.015344E+00
  1.010509E+00
  1.005675E+00
  1.000677E+00
  9.956554E-01
  9.906340E-01
  9.856211E-01
  9.806543E-01
  9.756890E-01
  9.707252E-01
  9.657719E-01
  9.608273E-01
  9.558862E-01
  9.508772E-01
  9.456745E-01
  9.404792E-01
  9.352659E-01
  9.297526E-01
  9.242510E-01
  9.187431E-01
  9.128865E-01
  9.070442E-01
  9.010961E-01
  8.945802E-01
  8.880787E-01
  8.811443E-01
  8.736497E-01
  8.661677E-01
  8.577207E-01
  8.491004E-01
  8.400406E-01
  8.302427E-01
  8.204128E-01
  8.094553E-01
  7.985018E-01
  7.866993E-01
  7.746953E-01
  7.621066E-01
  7.492588E-01
  7.359921E-01
  7.225327E-01
  7.087887E-01
  6.949642E-01
  6.810523E-01
  6.671889E-01
  6.534833E-01
  6.400820E-01
  6.269205E-01
  6.144849E-01
  6.026094E-01
  5.913454E-01
  5.810225E-01
  5.717832E-01
  5.636689E-01
  5.571282E-01
  5.531415E-01
  5.539746E-01
  5.645157E-01
  5.929678E-01
  6.520361E-01
  7.515529E-01
  8.276307E-01
  7.809354E-01
  8.847998E-01
  1.425863E-01
 -5.798406E-14
  9.893692E-01
  9.892016E-01
  9.890339E-01
  9.888662E-01
  9.886985E-01
  9.885309E-01
  9.883632E-01
  9.881955E-01
  9.880279E-01
  9.875355E-01
  9.870350E-01
  9.865346E-01
  9.860342E-01
  9.855338E-01
  9.850333E-01
  9.845329E-01
  9.839275E-01
  9.831295E-01
  9.823316E-01
  9.815336E-01
  9.807356E-01
  9.799377E-01
  9.791398E-01
  9.783098E-01
  9.772233E-01
  9.761368E-01
  9.750504E-01
  9.739640E-01
  9.728776E-01
  9.717912E-01
  9.706343E-01
  9.692431E-01
  9.678519E-01
  9.664608E-01
  9.650697E-01
  9.636787E-01
  9.622877E-01
  9.606826E-01
  9.589839E-01
  9.572852E-01
  9.555867E-01
  9.538882E-01
  9.521898E-01
  9.503463E-01
  9.483500E-01
  9.463537E-01
  9.443575E-01
  9.423615E-01
  9.403656E-01
  9.381951E-01
  9.359026E-01
  9.336101E-01
  9.313179E-01
  9.290258E-01
  9.267339E-01
  9.241483E-01
  9.215582E-01
  9.189684E-01
  9.163788E-01
  9.137895E-01
  9.110090E-01
  9.081308E-01
  9.052529E-01
  9.023752E-01
  8.994977E-01
  8.964454E-01
  8.932784E-01
  8.901117E-01
  8.869452E-01
  8.837790E-01
  8.803651E-01
  8.768892E-01
  8.734136E-01
  8.699382E-01
  8.663866E-01
  8.625869E-01
  8.587874E-01
  8.549880E-01
  8.511888E-01
  8.470924E-01
  8.429628E-01
  8.388333E-01
  8.347039E-01
  8.303131E-01
  8.258487E-01
  8.213844E-01
  8.169204E-01
  8.121879E-01
  8.074146E-01
  8.026415E-01
  7.978296E-01
  7.927956E-01
  7.877622E-01
  7.827293E-01
  7.775489E-01
  7.722780E-01
  7.670082E-01
  7.616774E-01
  7.561747E-01
  7.506741E-01
  7.451594E-01
  7.394494E-01
  7.337427E-01
  7.280280E-01
  7.220952E-01
  7.161662E-01
  7.101898E-01
  7.039690E-01
  6.977521E-01
  6.913828E-01
  6.848171E-01
  6.782549E-01
  6.713724E-01
  6.644323E-01
  6.573476E-01
  6.500208E-01
  6.426834E-01
  6.349731E-01
  6.272646E-01
  6.192520E-01
  6.111676E-01
  6.028261E-01
  5.943711E-01
  5.856647E-01
  5.768424E-01
  5.677460E-01
  5.585705E-01
  5.490795E-01
  5.395050E-01
  5.297039E-01
  5.197388E-01
  5.096534E-01
  4.993265E-01
  4.888555E-01
  4.782320E-01
  4.673896E-01
  4.563120E-01
  4.450287E-01
  4.335569E-01
  4.220127E-01
  4.107824E-01
  4.007938E-01
  3.936339E-01
  3.924591E-01
  4.005909E-01
  3.973382E-01
  3.579567E-01
  4.022512E-01
  1.652396E-01
 -2.502728E-03
  5.643483E-02
  5.642853E-02
  5.642223E-02
  5.641593E-02
  5.640963E-02
  5.640334E-02
  5.639704E-02
  5.639075E-02
  5.638445E-02
  5.637088E-02
  5.635712E-02
  5.634337E-02
  5.632962E-02
  5.631587E-02
  5.630212E-02
  5.628836E-02
  5.627472E-02
  5.626126E-02
  5.624780E-02
  5.623434E-02
  5.622089E-02
  5.620743E-02
  5.619397E-02
  5.618029E-02
  5.616481E-02
  5.614933E-02
  5.613385E-02
  5.611837E-02
  5.610289E-02
  5.608741E-02
  5.607010E-02
  5.604675E-02
  5.602340E-02
  5.600004E-02
  5.597668E-02
  5.595332E-02
  5.592995E-02
  5.590005E-02
  5.586728E-02
  5.583450E-02
  5.580172E-02
  5.576894E-02
  5.573615E-02
  5.569723E-02
  5.565185E-02
  5.560645E-02
  5.556105E-02
  5.551564E-02
  5.547023E-02
  5.541154E-02
  5.534355E-02
  5.527554E-02
  5.520754E-02
  5.513952E-02
  5.507150E-02
  5.497157E-02
  5.487113E-02
  5.477070E-02
  5.467026E-02
  5.456981E-02
  5.444853E-02
  5.431657E-02
  5.418461E-02
  5.405265E-02
  5.392069E-02
  5.377446E-02
  5.361888E-02
  5.346329E-02
  5.330770E-02
  5.315210E-02
  5.298698E-02
  5.281946E-02
  5.265191E-02
  5.248436E-02
  5.231791E-02
  5.215510E-02
  5.199226E-02
  5.182939E-02
  5.166649E-02
  5.151043E-02
  5.135512E-02
  5.119978E-02
  5.104441E-02
  5.088004E-02
  5.071312E-02
  5.054616E-02
  5.037919E-02
  5.018567E-02
  4.998806E-02
  4.979043E-02
  4.958639E-02
  4.934601E-02
  4.910567E-02
  4.886537E-02
  4.858486E-02
  4.827966E-02
  4.797468E-02
  4.764914E-02
  4.726575E-02
  4.688292E-02
  4.649641E-02
  4.605858E-02
  4.562164E-02
  4.518452E-02
  4.472771E-02
  4.427185E-02
  4.381713E-02
  4.336432E-02
  4.291233E-02
  4.246990E-02
  4.203935E-02
  4.160937E-02
  4.121003E-02
  4.081665E-02
  4.044069E-02
  4.009332E-02
  3.974767E-02
  3.945139E-02
  3.915495E-02
  3.890245E-02
  3.866022E-02
  3.845433E-02
  3.826438E-02
  3.810635E-02
  3.796300E-02
  3.785366E-02
  3.775422E-02
  3.769805E-02
  3.765561E-02
  3.765078E-02
  3.768030E-02
  3.773629E-02
  3.785582E-02
  3.802185E-02
  3.823926E-02
  3.853646E-02
  3.893090E-02
  3.942892E-02
  4.006637E-02
  4.090901E-02
  4.208868E-02
  4.385946E-02
  4.663718E-02
  5.115373E-02
  5.812365E-02
  6.426361E-02
  6.541466E-02
  7.898608E-02
  2.619033E-02
  8.466989E-03
  1.615175E-01
  1.614700E-01
  1.614225E-01
  1.613750E-01
  1.613275E-01
  1.612801E-01
  1.612326E-01
  1.611851E-01
  1.611376E-01
  1.610153E-01
  1.608911E-01
  1.607670E-01
  1.606429E-01
  1.605187E-01
  1.603946E-01
  1.602704E-01
  1.601283E-01
  1.599530E-01
  1.597777E-01
  1.596025E-01
  1.594272E-01
  1.592519E-01
  1.590767E-01
  1.588951E-01
  1.586624E-01
  1.584298E-01
  1.581971E-01
  1.579645E-01
  1.577318E-01
  1.574992E-01
  1.572515E-01
  1.569539E-01
  1.566562E-01
  1.563586E-01
  1.560609E-01
  1.557633E-01
  1.554657E-01
  1.551243E-01
  1.547639E-01
  1.544035E-01
  1.540431E-01
  1.536827E-01
  1.533223E-01
  1.529355E-01
  1.525210E-01
  1.521065E-01
  1.516921E-01
  1.512776E-01
  1.508632E-01
  1.504243E-01
  1.499682E-01
  1.495122E-01
  1.490562E-01
  1.486003E-01
  1.481444E-01
  1.476628E-01
  1.471808E-01
  1.466989E-01
  1.462171E-01
  1.457353E-01
  1.452428E-01
  1.447448E-01
  1.442469E-01
  1.437491E-01
  1.432513E-01
  1.427394E-01
  1.422181E-01
  1.416970E-01
  1.411759E-01
  1.406549E-01
  1.401068E-01
  1.395519E-01
  1.389971E-01
  1.384423E-01
  1.378820E-01
  1.373032E-01
  1.367244E-01
  1.361457E-01
  1.355670E-01
  1.349726E-01
  1.343765E-01
  1.337803E-01
  1.331843E-01
  1.325630E-01
  1.319348E-01
  1.313066E-01
  1.306784E-01
  1.300290E-01
  1.293764E-01
  1.287239E-01
  1.280725E-01
  1.274271E-01
  1.267818E-01
  1.261368E-01
  1.254931E-01
  1.248504E-01
  1.242083E-01
  1.235572E-01
  1.228810E-01
  1.222056E-01
  1.215279E-01
  1.208111E-01
  1.200959E-01
  1.193797E-01
  1.186182E-01
  1.178585E-01
  1.170850E-01
  1.162378E-01
  1.153924E-01
  1.144907E-01
  1.135163E-01
  1.125435E-01
  1.114454E-01
  1.103249E-01
  1.091473E-01
  1.078739E-01
  1.065963E-01
  1.051725E-01
  1.037491E-01
  1.022157E-01
  1.006560E-01
  9.902057E-02
  9.735149E-02
  9.562809E-02
  9.387967E-02
  9.209436E-02
  9.029859E-02
  8.849152E-02
  8.669074E-02
  8.491048E-02
  8.316973E-02
  8.146010E-02
  7.984478E-02
  7.830218E-02
  7.683897E-02
  7.549799E-02
  7.429774E-02
  7.324362E-02
  7.239389E-02
  7.187595E-02
  7.198416E-02
  7.335372E-02
  7.705054E-02
  8.472547E-02
  9.765601E-02
  1.075406E-01
  1.014721E-01
  1.149665E-01
  2.544839E-02
 -1.832841E-09
  9.894998E-01
  9.893321E-01
  9.891645E-01
  9.889969E-01
  9.888293E-01
  9.886617E-01
  9.884940E-01
  9.883264E-01
  9.881588E-01
  9.876666E-01
  9.871663E-01
  9.866660E-01
  9.861658E-01
  9.856655E-01
  9.851653E-01
  9.846650E-01
  9.840598E-01
  9.832621E-01
  9.824644E-01
  9.816667E-01
  9.808691E-01
  9.800714E-01
  9.792738E-01
  9.784441E-01
  9.773581E-01
  9.762720E-01
  9.751860E-01
  9.741000E-01
  9.730140E-01
  9.719281E-01
  9.707717E-01
  9.693811E-01
  9.679905E-01
  9.665999E-01
  9.652094E-01
  9.638189E-01
  9.624285E-01
  9.608241E-01
  9.591262E-01
  9.574283E-01
  9.557304E-01
  9.540327E-01
  9.523350E-01
  9.504923E-01
  9.484968E-01
  9.465014E-01
  9.445061E-01
  9.425109E-01
  9.405158E-01
  9.383463E-01
  9.360546E-01
  9.337631E-01
  9.314718E-01
  9.291806E-01
  9.268896E-01
  9.243049E-01
  9.217158E-01
  9.191268E-01
  9.165381E-01
  9.139497E-01
  9.111701E-01
  9.082927E-01
  9.054156E-01
  9.025387E-01
  8.996621E-01
  8.966105E-01
  8.934443E-01
  8.902784E-01
  8.871127E-01
  8.839473E-01
  8.805341E-01
  8.770590E-01
  8.735842E-01
  8.701095E-01
  8.665587E-01
  8.627599E-01
  8.589612E-01
  8.551626E-01
  8.513643E-01
  8.472687E-01
  8.431400E-01
  8.390114E-01
  8.348830E-01
  8.304932E-01
  8.260298E-01
  8.215667E-01
  8.171037E-01
  8.123724E-01
  8.076003E-01
  8.028285E-01
  7.980178E-01
  7.929853E-01
  7.879532E-01
  7.829217E-01
  7.777428E-01
  7.724734E-01
  7.672050E-01
  7.618758E-01
  7.563748E-01
  7.508758E-01
  7.453628E-01
  7.396545E-01
  7.339495E-01
  7.282365E-01
  7.223056E-01
  7.163785E-01
  7.104039E-01
  7.041850E-01
  6.979700E-01
  6.916027E-01
  6.850391E-01
  6.784789E-01
  6.715986E-01
  6.646606E-01
  6.575782E-01
  6.502538E-01
  6.429188E-01
  6.352112E-01
  6.275053E-01
  6.194954E-01
  6.114139E-01
  6.030755E-01
  5.946235E-01
  5.859204E-01
  5.771015E-01
  5.680086E-01
  5.588368E-01
  5.493497E-01
  5.397793E-01
  5.299827E-01
  5.200227E-01
  5.099428E-01
  4.996227E-01
  4.891599E-01
  4.785460E-01
  4.677160E-01
  4.566545E-01
  4.453917E-01
  4.339458E-01
  4.224345E-01
  4.112448E-01
  4.013038E-01
  3.941950E-01
  3.930653E-01
  4.012185E-01
  3.979460E-01
  3.585237E-01
  4.025304E-01
  1.646481E-01
 -3.526343E-03
  5.023551E-02
  5.022963E-02
  5.022374E-02
  5.021786E-02
  5.021198E-02
  5.020610E-02
  5.020022E-02
  5.019434E-02
  5.018846E-02
  5.017565E-02
  5.016267E-02
  5.014970E-02
  5.013672E-02
  5.012375E-02
  5.011077E-02
  5.009780E-02
  5.008478E-02
  5.007171E-02
  5.005863E-02
  5.004555E-02
  5.003247E-02
  5.001939E-02
  5.000631E-02
  4.999296E-02
  4.997740E-02
  4.996184E-02
  4.994629E-02
  4.993073E-02
  4.991517E-02
  4.989961E-02
  4.988219E-02
  4.985862E-02
  4.983504E-02
  4.981146E-02
  4.978787E-02
  4.976429E-02
  4.974070E-02
  4.971057E-02
  4.967758E-02
  4.964459E-02
  4.961159E-02
  4.957859E-02
  4.954558E-02
  4.950647E-02
  4.946091E-02
  4.941535E-02
  4.936977E-02
  4.932419E-02
  4.927860E-02
  4.921976E-02
  4.915163E-02
  4.908349E-02
  4.901534E-02
  4.894718E-02
  4.887901E-02
  4.877894E-02
  4.867836E-02
  4.857777E-02
  4.847718E-02
  4.837659E-02
  4.825514E-02
  4.812301E-02
  4.799088E-02
  4.785875E-02
  4.772661E-02
  4.758021E-02
  4.742443E-02
  4.726865E-02
  4.711286E-02
  4.695707E-02
  4.679171E-02
  4.662394E-02
  4.645615E-02
  4.628834E-02
  4.612160E-02
  4.595835E-02
  4.579508E-02
  4.563177E-02
  4.546844E-02
  4.531164E-02
  4.515555E-02
  4.499943E-02
  4.484328E-02
  4.467780E-02
  4.450967E-02
  4.434152E-02
  4.417334E-02
  4.397825E-02
  4.377901E-02
  4.357976E-02
  4.337404E-02
  4.313168E-02
  4.288936E-02
  4.264708E-02
  4.236452E-02
  4.205722E-02
  4.175013E-02
  4.142255E-02
  4.103735E-02
  4.065270E-02
  4.026439E-02
  3.982542E-02
  3.938729E-02
  3.894901E-02
  3.849195E-02
  3.803580E-02
  3.758097E-02
  3.712898E-02
  3.667777E-02
  3.623663E-02
  3.580801E-02
  3.537993E-02
  3.498330E-02
  3.459276E-02
  3.421985E-02
  3.387590E-02
  3.353364E-02
  3.324091E-02
  3.294799E-02
  3.269885E-02
  3.245992E-02
  3.225701E-02
  3.206990E-02
  3.191432E-02
  3.177322E-02
  3.166564E-02
  3.156782E-02
  3.151246E-02
  3.147044E-02
  3.146491E-02
  3.149197E-02
  3.154406E-02
  3.165456E-02
  3.180635E-02
  3.200327E-02
  3.226841E-02
  3.261408E-02
  3.304453E-02
  3.358997E-02
  3.430962E-02
  3.532979E-02
  3.690470E-02
  3.946515E-02
  4.378594E-02
  5.066402E-02
  5.692859E-02
  5.846216E-02
  7.254342E-02
  1.990781E-02
  1.218265E-03
  1.619807E-01
  1.619331E-01
  1.618855E-01
  1.618379E-01
  1.617903E-01
  1.617427E-01
  1.616951E-01
  1.616475E-01
  1.615999E-01
  1.614774E-01
  1.613531E-01
  1.612287E-01
  1.611044E-01
  1.609800E-01
  1.608557E-01
  1.607314E-01
  1.605890E-01
  1.604134E-01
  1.602379E-01
  1.600624E-01
  1.598869E-01
  1.597113E-01
  1.595358E-01
  1.593539E-01
  1.591209E-01
  1.588879E-01
  1.586550E-01
  1.584220E-01
  1.581890E-01
  1.579560E-01
  1.577080E-01
  1.574099E-01
  1.571118E-01
  1.568137E-01
  1.565156E-01
  1.562175E-01
  1.559194E-01
  1.555775E-01
  1.552165E-01
  1.548554E-01
  1.544944E-01
  1.541334E-01
  1.537724E-01
  1.533849E-01
  1.529696E-01
  1.525542E-01
  1.521389E-01
  1.517236E-01
  1.513083E-01
  1.508684E-01
  1.504112E-01
  1.499541E-01
  1.494970E-01
  1.490400E-01
  1.485829E-01
  1.481000E-01
  1.476167E-01
  1.471334E-01
  1.466502E-01
  1.461671E-01
  1.456731E-01
  1.451736E-01
  1.446742E-01
  1.441749E-01
  1.436756E-01
  1.431621E-01
  1.426393E-01
  1.421166E-01
  1.415939E-01
  1.410714E-01
  1.405218E-01
  1.399654E-01
  1.394091E-01
  1.388529E-01
  1.382911E-01
  1.377111E-01
  1.371311E-01
  1.365512E-01
  1.359713E-01
  1.353759E-01
  1.347788E-01
  1.341817E-01
  1.335846E-01
  1.329623E-01
  1.323329E-01
  1.317036E-01
  1.310743E-01
  1.304233E-01
  1.297690E-01
  1.291148E-01
  1.284615E-01
  1.278134E-01
  1.271654E-01
  1.265177E-01
  1.258704E-01
  1.252236E-01
  1.245773E-01
  1.239218E-01
  1.232398E-01
  1.225587E-01
  1.218752E-01
  1.211513E-01
  1.204289E-01
  1.197057E-01
  1.189363E-01
  1.181688E-01
  1.173875E-01
  1.165322E-01
  1.156788E-01
  1.147692E-01
  1.137870E-01
  1.128064E-01
  1.117010E-01
  1.105732E-01
  1.093886E-01
  1.081087E-01
  1.068247E-01
  1.053953E-01
  1.039663E-01
  1.024280E-01
  1.008638E-01
  9.922433E-02
  9.755162E-02
  9.582527E-02
  9.407421E-02
  9.228701E-02
  9.048956E-02
  8.868171E-02
  8.688039E-02
  8.510030E-02
  8.336033E-02
  8.165193E-02
  8.003897E-02
  7.849958E-02
  7.704050E-02
  7.570516E-02
  7.451248E-02
  7.346785E-02
  7.263000E-02
  7.212675E-02
  7.225434E-02
  7.364436E-02
  7.736259E-02
  8.505591E-02
  9.799423E-02
  1.078674E-01
  1.017709E-01
  1.151511E-01
  2.539214E-02
 -3.443422E-09
 -1.305288E-04
 -1.305798E-04
 -1.306309E-04
 -1.306819E-04
 -1.307330E-04
 -1.307840E-04
 -1.308351E-04
 -1.308861E-04
 -1.309372E-04
 -1.310983E-04
 -1.312621E-04
 -1.314259E-04
 -1.315898E-04
 -1.317536E-04
 -1.319174E-04
 -1.320813E-04
 -1.322892E-04
 -1.325782E-04
 -1.328671E-04
 -1.331560E-04
 -1.334449E-04
 -1.337339E-04
 -1.340228E-04
 -1.343274E-04
 -1.347577E-04
 -1.351879E-04
 -1.356181E-04
 -1.360484E-04
 -1.364786E-04
 -1.369089E-04
 -1.373739E-04
 -1.379549E-04
 -1.385358E-04
 -1.391166E-04
 -1.396975E-04
 -1.402784E-04
 -1.408593E-04
 -1.415448E-04
 -1.422763E-04
 -1.430076E-04
 -1.437390E-04
 -1.444703E-04
 -1.452017E-04
 -1.459940E-04
 -1.468506E-04
 -1.477071E-04
 -1.485636E-04
 -1.494201E-04
 -1.502766E-04
 -1.511675E-04
 -1.520827E-04
 -1.529978E-04
 -1.539128E-04
 -1.548277E-04
 -1.557425E-04
 -1.566343E-04
 -1.575255E-04
 -1.584167E-04
 -1.593077E-04
 -1.601987E-04
 -1.610470E-04
 -1.618734E-04
 -1.626997E-04
 -1.635258E-04
 -1.643517E-04
 -1.651487E-04
 -1.659266E-04
 -1.667043E-04
 -1.674819E-04
 -1.682593E-04
 -1.690354E-04
 -1.698112E-04
 -1.705867E-04
 -1.713621E-04
 -1.721482E-04
 -1.729698E-04
 -1.737911E-04
 -1.746124E-04
 -1.754334E-04
 -1.763399E-04
 -1.772558E-04
 -1.781716E-04
 -1.790873E-04
 -1.801193E-04
 -1.811840E-04
 -1.822483E-04
 -1.833124E-04
 -1.845246E-04
 -1.857588E-04
 -1.869924E-04
 -1.882484E-04
 -1.896346E-04
 -1.910192E-04
 -1.924023E-04
 -1.938660E-04
 -1.953779E-04
 -1.968871E-04
 -1.984283E-04
 -2.000635E-04
 -2.016945E-04
 -2.033304E-04
 -2.050751E-04
 -2.068140E-04
 -2.085524E-04
 -2.103899E-04
 -2.122207E-04
 -2.140648E-04
 -2.159994E-04
 -2.179271E-04
 -2.199078E-04
 -2.219590E-04
 -2.240038E-04
 -2.261814E-04
 -2.283798E-04
 -2.306476E-04
 -2.330355E-04
 -2.354270E-04
 -2.380395E-04
 -2.406496E-04
 -2.434611E-04
 -2.463202E-04
 -2.493508E-04
 -2.524579E-04
 -2.557315E-04
 -2.590827E-04
 -2.626386E-04
 -2.662544E-04
 -2.702069E-04
 -2.743049E-04
 -2.788210E-04
 -2.838859E-04
 -2.893815E-04
 -2.962610E-04
 -3.044060E-04
 -3.140421E-04
 -3.263554E-04
 -3.425045E-04
 -3.629500E-04
 -3.889333E-04
 -4.217787E-04
 -4.623462E-04
 -5.099672E-04
 -5.610158E-04
 -6.062023E-04
 -6.276919E-04
 -6.078246E-04
 -5.669884E-04
 -2.791313E-04
  5.914644E-04
  1.023615E-03
  6.199318E-03
  6.198902E-03
  6.198487E-03
  6.198071E-03
  6.197656E-03
  6.197240E-03
  6.196825E-03
  6.196409E-03
  6.195994E-03
  6.195226E-03
  6.194450E-03
  6.193674E-03
  6.192897E-03
  6.192121E-03
  6.191345E-03
  6.190569E-03
  6.189932E-03
  6.189554E-03
  6.189175E-03
  6.188796E-03
  6.188417E-03
  6.188038E-03
  6.187660E-03
  6.187332E-03
  6.187409E-03
  6.187487E-03
  6.187565E-03
  6.187643E-03
  6.187721E-03
  6.187799E-03
  6.187911E-03
  6.188135E-03
  6.188359E-03
  6.188583E-03
  6.188808E-03
  6.189032E-03
  6.189257E-03
  6.189477E-03
  6.189695E-03
  6.189913E-03
  6.190131E-03
  6.190350E-03
  6.190569E-03
  6.190764E-03
  6.190936E-03
  6.191107E-03
  6.191279E-03
  6.191452E-03
  6.191624E-03
  6.191777E-03
  6.191917E-03
  6.192057E-03
  6.192198E-03
  6.192339E-03
  6.192481E-03
  6.192628E-03
  6.192776E-03
  6.192924E-03
  6.193074E-03
  6.193224E-03
  6.193387E-03
  6.193558E-03
  6.193729E-03
  6.193902E-03
  6.194075E-03
  6.194259E-03
  6.194450E-03
  6.194641E-03
  6.194834E-03
  6.195029E-03
  6.195267E-03
  6.195517E-03
  6.195768E-03
  6.196020E-03
  6.196315E-03
  6.196747E-03
  6.197180E-03
  6.197613E-03
  6.198048E-03
  6.198793E-03
  6.199573E-03
  6.200354E-03
  6.201136E-03
  6.202244E-03
  6.203444E-03
  6.204645E-03
  6.205847E-03
  6.207416E-03
  6.209043E-03
  6.210672E-03
  6.212354E-03
  6.214329E-03
  6.216308E-03
  6.218292E-03
  6.220344E-03
  6.222444E-03
  6.224554E-03
  6.226587E-03
  6.228396E-03
  6.230224E-03
  6.232018E-03
  6.233168E-03
  6.234348E-03
  6.235513E-03
  6.235761E-03
  6.236046E-03
  6.236167E-03
  6.235339E-03
  6.234551E-03
  6.233269E-03
  6.231338E-03
  6.229444E-03
  6.226730E-03
  6.223886E-03
  6.220837E-03
  6.217423E-03
  6.214025E-03
  6.210482E-03
  6.206955E-03
  6.203603E-03
  6.200300E-03
  6.197315E-03
  6.194474E-03
  6.192033E-03
  6.189780E-03
  6.188021E-03
  6.186407E-03
  6.185592E-03
  6.185166E-03
  6.185868E-03
  6.188335E-03
  6.192227E-03
  6.201262E-03
  6.215501E-03
  6.235991E-03
  6.268048E-03
  6.316827E-03
  6.384385E-03
  6.476396E-03
  6.599387E-03
  6.758891E-03
  6.954763E-03
  7.172030E-03
  7.367785E-03
  7.459631E-03
  7.335021E-03
  6.952506E-03
  6.442667E-03
  6.282525E-03
  7.248724E-03
 -4.631873E-04
 -4.630821E-04
 -4.629769E-04
 -4.628716E-04
 -4.627664E-04
 -4.626612E-04
 -4.625560E-04
 -4.624509E-04
 -4.623457E-04
 -4.621438E-04
 -4.619396E-04
 -4.617354E-04
 -4.615313E-04
 -4.613272E-04
 -4.611231E-04
 -4.609190E-04
 -4.606943E-04
 -4.604320E-04
 -4.601697E-04
 -4.599074E-04
 -4.596451E-04
 -4.593828E-04
 -4.591206E-04
 -4.588505E-04
 -4.585178E-04
 -4.581851E-04
 -4.578524E-04
 -4.575197E-04
 -4.571870E-04
 -4.568543E-04
 -4.564942E-04
 -4.560427E-04
 -4.555913E-04
 -4.551398E-04
 -4.546883E-04
 -4.542368E-04
 -4.537853E-04
 -4.532150E-04
 -4.525927E-04
 -4.519705E-04
 -4.513482E-04
 -4.507259E-04
 -4.501035E-04
 -4.493707E-04
 -4.485213E-04
 -4.476719E-04
 -4.468225E-04
 -4.459731E-04
 -4.451237E-04
 -4.441197E-04
 -4.430075E-04
 -4.418954E-04
 -4.407833E-04
 -4.396713E-04
 -4.385593E-04
 -4.372157E-04
 -4.358687E-04
 -4.345217E-04
 -4.331749E-04
 -4.318283E-04
 -4.303700E-04
 -4.288547E-04
 -4.273396E-04
 -4.258246E-04
 -4.243098E-04
 -4.227614E-04
 -4.211910E-04
 -4.196208E-04
 -4.180507E-04
 -4.164809E-04
 -4.149922E-04
 -4.135239E-04
 -4.120557E-04
 -4.105877E-04
 -4.091798E-04
 -4.079668E-04
 -4.067539E-04
 -4.055410E-04
 -4.043282E-04
 -4.033189E-04
 -4.023324E-04
 -4.013458E-04
 -4.003591E-04
 -3.992667E-04
 -3.981444E-04
 -3.970222E-04
 -3.958999E-04
 -3.942753E-04
 -3.925739E-04
 -3.908728E-04
 -3.890202E-04
 -3.863060E-04
 -3.835928E-04
 -3.808806E-04
 -3.773012E-04
 -3.731874E-04
 -3.690766E-04
 -3.645384E-04
 -3.587980E-04
 -3.530642E-04
 -3.472343E-04
 -3.401543E-04
 -3.330851E-04
 -3.259891E-04
 -3.181550E-04
 -3.103345E-04
 -3.024858E-04
 -2.944503E-04
 -2.864291E-04
 -2.785066E-04
 -2.707061E-04
 -2.629193E-04
 -2.555770E-04
 -2.483276E-04
 -2.413645E-04
 -2.348676E-04
 -2.284085E-04
 -2.227966E-04
 -2.171915E-04
 -2.123581E-04
 -2.077122E-04
 -2.037646E-04
 -2.001279E-04
 -1.971771E-04
 -1.945435E-04
 -1.926529E-04
 -1.909771E-04
 -1.901859E-04
 -1.896508E-04
 -1.898188E-04
 -1.905979E-04
 -1.918296E-04
 -1.941967E-04
 -1.974010E-04
 -2.015301E-04
 -2.071766E-04
 -2.147329E-04
 -2.242352E-04
 -2.361112E-04
 -2.507961E-04
 -2.701833E-04
 -2.906391E-04
 -3.120552E-04
 -3.304392E-04
 -3.382151E-04
 -3.267877E-04
 -2.988384E-04
 -1.845506E-04
  5.624627E-05
  1.610581E-09
  1.273240E+00
  1.273211E+00
  1.273125E+00
  1.272981E+00
  1.272781E+00
  1.272522E+00
  1.272207E+00
  1.271834E+00
  1.271403E+00
  1.270915E+00
  1.270369E+00
  1.269765E+00
  1.269104E+00
  1.268384E+00
  1.267607E+00
  1.266771E+00
  1.265877E+00
  1.264925E+00
  1.263915E+00
  1.262845E+00
  1.261717E+00
  1.260530E+00
  1.259284E+00
  1.257979E+00
  1.256614E+00
  1.255190E+00
  1.253705E+00
  1.252161E+00
  1.250556E+00
  1.248891E+00
  1.247165E+00
  1.245378E+00
  1.243529E+00
  1.241620E+00
  1.239648E+00
  1.237614E+00
  1.235518E+00
  1.233359E+00
  1.231136E+00
  1.228851E+00
  1.226501E+00
  1.224088E+00
  1.221610E+00
  1.219067E+00
  1.216458E+00
  1.213784E+00
  1.211044E+00
  1.208237E+00
  1.205362E+00
  1.202421E+00
  1.199411E+00
  1.196332E+00
  1.193185E+00
  1.189968E+00
  1.186680E+00
  1.183322E+00
  1.179892E+00
  1.176390E+00
  1.172816E+00
  1.169168E+00
  1.165446E+00
  1.161649E+00
  1.157776E+00
  1.153828E+00
  1.149802E+00
  1.145699E+00
  1.141516E+00
  1.137254E+00
  1.132912E+00
  1.128488E+00
  1.123982E+00
  1.119393E+00
  1.114719E+00
  1.109960E+00
  1.105114E+00
  1.100180E+00
  1.095157E+00
  1.090045E+00
  1.084841E+00
  1.079544E+00
  1.074153E+00
  1.068667E+00
  1.063083E+00
  1.057401E+00
  1.051619E+00
  1.045735E+00
  1.039748E+00
  1.033655E+00
  1.027455E+00
  1.021146E+00
  1.014726E+00
  1.008193E+00
  1.001543E+00
  9.947766E-01
  9.878894E-01
  9.808795E-01
  9.737441E-01
  9.664805E-01
  9.590857E-01
  9.515567E-01
  9.438904E-01
  9.360832E-01
  9.281318E-01
  9.200322E-01
  9.117806E-01
  9.033729E-01
  8.948045E-01
  8.860709E-01
  8.771671E-01
  8.680879E-01
  8.588277E-01
  8.493806E-01
  8.397402E-01
  8.299000E-01
  8.198525E-01
  8.095903E-01
  7.991048E-01
  7.883874E-01
  7.774283E-01
  7.662172E-01
  7.547428E-01
  7.429930E-01
  7.309546E-01
  7.186128E-01
  7.059520E-01
  6.929545E-01
  6.796012E-01
  6.658704E-01
  6.517385E-01
  6.371787E-01
  6.221609E-01
  6.066513E-01
  5.906109E-01
  5.739954E-01
  5.567532E-01
  5.388241E-01
  5.201372E-01
  5.006076E-01
  4.801325E-01
  4.585853E-01
  4.358068E-01
  4.115929E-01
  3.856731E-01
  3.576769E-01
  3.270715E-01
  2.930404E-01
  2.542116E-01
  2.079144E-01
  1.472658E-01
  0.000000E+00
  1.109712E-01
  1.109641E-01
  1.109570E-01
  1.109499E-01
  1.109428E-01
  1.109358E-01
  1.109287E-01
  1.109216E-01
  1.109145E-01
  1.109028E-01
  1.108910E-01
  1.108791E-01
  1.108673E-01
  1.108555E-01
  1.108436E-01
  1.108318E-01
  1.108179E-01
  1.108003E-01
  1.107827E-01
  1.107651E-01
  1.107474E-01
  1.107298E-01
  1.107122E-01
  1.106938E-01
  1.106689E-01
  1.106441E-01
  1.106193E-01
  1.105945E-01
  1.105697E-01
  1.105449E-01
  1.105179E-01
  1.104841E-01
  1.104502E-01
  1.104164E-01
  1.103825E-01
  1.103487E-01
  1.103148E-01
  1.102731E-01
  1.102281E-01
  1.101830E-01
  1.101379E-01
  1.100928E-01
  1.100477E-01
  1.099963E-01
  1.099383E-01
  1.098803E-01
  1.098223E-01
  1.097643E-01
  1.097063E-01
  1.096420E-01
  1.095732E-01
  1.095044E-01
  1.094356E-01
  1.093668E-01
  1.092980E-01
  1.092265E-01
  1.091549E-01
  1.090834E-01
  1.090119E-01
  1.089404E-01
  1.088812E-01
  1.088263E-01
  1.087714E-01
  1.087165E-01
  1.086616E-01
  1.086146E-01
  1.085729E-01
  1.085312E-01
  1.084895E-01
  1.084478E-01
  1.084231E-01
  1.084026E-01
  1.083821E-01
  1.083616E-01
  1.083479E-01
  1.083561E-01
  1.083644E-01
  1.083726E-01
  1.083808E-01
  1.084115E-01
  1.084469E-01
  1.084823E-01
  1.085178E-01
  1.085427E-01
  1.085646E-01
  1.085866E-01
  1.086085E-01
  1.085897E-01
  1.085646E-01
  1.085395E-01
  1.085028E-01
  1.084001E-01
  1.082973E-01
  1.081946E-01
  1.080268E-01
  1.078188E-01
  1.076144E-01
  1.074143E-01
  1.071342E-01
  1.068542E-01
  1.065676E-01
  1.062119E-01
  1.059126E-01
  1.056116E-01
  1.052764E-01
  1.049753E-01
  1.047268E-01
  1.044918E-01
  1.042599E-01
  1.040976E-01
  1.039402E-01
  1.037828E-01
  1.036750E-01
  1.035889E-01
  1.035082E-01
  1.034362E-01
  1.033647E-01
  1.033377E-01
  1.033134E-01
  1.032949E-01
  1.032779E-01
  1.032648E-01
  1.032535E-01
  1.032450E-01
  1.032376E-01
  1.032323E-01
  1.032275E-01
  1.032242E-01
  1.032212E-01
  1.032187E-01
  1.032163E-01
  1.032139E-01
  1.032115E-01
  1.032088E-01
  1.032057E-01
  1.032022E-01
  1.032011E-01
  1.032003E-01
  1.031995E-01
  1.031987E-01
  1.031965E-01
  1.031895E-01
  1.031882E-01
  1.031868E-01
  1.031853E-01
  1.031880E-01
  1.032707E-01
  1.034069E-01
  1.211834E-01
  2.269576E-02
 -1.430198E-01
 -1.426700E-01
 -1.423202E-01
 -1.419705E-01
 -1.416207E-01
 -1.412710E-01
 -1.409212E-01
 -1.405714E-01
 -1.402217E-01
 -1.395238E-01
 -1.388172E-01
 -1.381106E-01
 -1.374041E-01
 -1.366975E-01
 -1.359910E-01
 -1.352844E-01
 -1.344416E-01
 -1.333490E-01
 -1.322564E-01
 -1.311637E-01
 -1.300711E-01
 -1.289785E-01
 -1.278858E-01
 -1.267485E-01
 -1.252532E-01
 -1.237579E-01
 -1.222626E-01
 -1.207673E-01
 -1.192720E-01
 -1.177767E-01
 -1.161941E-01
 -1.143213E-01
 -1.124486E-01
 -1.105758E-01
 -1.087031E-01
 -1.068303E-01
 -1.049575E-01
 -1.029219E-01
 -1.008149E-01
 -9.870788E-02
 -9.660088E-02
 -9.449389E-02
 -9.238689E-02
 -9.038131E-02
 -8.848274E-02
 -8.658416E-02
 -8.468559E-02
 -8.278701E-02
 -8.088844E-02
 -7.971381E-02
 -7.904625E-02
 -7.837869E-02
 -7.771112E-02
 -7.704356E-02
 -7.637600E-02
 -7.799329E-02
 -7.964655E-02
 -8.129981E-02
 -8.295307E-02
 -8.460632E-02
 -8.756750E-02
 -9.119917E-02
 -9.483084E-02
 -9.846251E-02
 -1.020942E-01
 -1.063007E-01
 -1.108843E-01
 -1.154679E-01
 -1.200516E-01
 -1.246352E-01
 -1.288016E-01
 -1.328634E-01
 -1.369251E-01
 -1.409869E-01
 -1.445209E-01
 -1.463399E-01
 -1.481590E-01
 -1.499780E-01
 -1.517971E-01
 -1.512483E-01
 -1.504346E-01
 -1.496210E-01
 -1.488073E-01
 -1.479976E-01
 -1.471890E-01
 -1.463805E-01
 -1.455719E-01
 -1.472506E-01
 -1.493108E-01
 -1.513710E-01
 -1.542513E-01
 -1.617963E-01
 -1.693413E-01
 -1.768863E-01
 -1.892788E-01
 -2.046695E-01
 -2.200602E-01
 -2.379539E-01
 -2.628694E-01
 -2.877847E-01
 -3.132210E-01
 -3.450406E-01
 -3.768600E-01
 -4.087877E-01
 -4.428909E-01
 -4.769938E-01
 -5.108300E-01
 -5.433747E-01
 -5.759189E-01
 -6.065220E-01
 -6.346367E-01
 -6.627512E-01
 -6.855010E-01
 -7.072450E-01
 -7.261566E-01
 -7.403650E-01
 -7.543066E-01
 -7.604028E-01
 -7.664989E-01
 -7.658932E-01
 -7.636853E-01
 -7.557418E-01
 -7.452518E-01
 -7.293901E-01
 -7.110436E-01
 -6.871472E-01
 -6.616427E-01
 -6.300088E-01
 -5.967919E-01
 -5.593234E-01
 -5.189038E-01
 -4.763375E-01
 -4.297215E-01
 -3.809745E-01
 -3.300852E-01
 -2.764943E-01
 -2.205097E-01
 -1.626202E-01
 -1.028281E-01
 -4.117932E-02
  7.927487E-02
  1.443993E-01
  2.111198E-01
  2.793355E-01
  3.489461E-01
  4.198538E-01
  4.919650E-01
  5.653503E-01
 -2.104372E-01
  1.027048E-01
  9.799854E-01
  9.799854E-01
  9.799854E-01
  9.799854E-01
  9.799854E-01
  9.799854E-01
  9.799853E-01
  9.799853E-01
  9.799853E-01
  9.799853E-01
  9.799853E-01
  9.799852E-01
  9.799852E-01
  9.799852E-01
  9.799851E-01
  9.799851E-01
  9.799851E-01
  9.799850E-01
  9.799850E-01
  9.799849E-01
  9.799849E-01
  9.799849E-01
  9.799848E-01
  9.799848E-01
  9.799847E-01
  9.799847E-01
  9.799846E-01
  9.799846E-01
  9.799845E-01
  9.799844E-01
  9.799844E-01
  9.799843E-01
  9.799843E-01
  9.799842E-01
  9.799841E-01
  9.799841E-01
  9.799840E-01
  9.799840E-01
  9.799839E-01
  9.799838E-01
  9.799838E-01
  9.799837E-01
  9.799837E-01
  9.799836E-01
  9.799835E-01
  9.799835E-01
  9.799834E-01
  9.799834E-01
  9.799834E-01
  9.799833E-01
  9.799833E-01
  9.799833E-01
  9.799833E-01
  9.799833E-01
  9.799832E-01
  9.799833E-01
  9.799833E-01
  9.799834E-01
  9.799834E-01
  9.799834E-01
  9.799835E-01
  9.799836E-01
  9.799837E-01
  9.799838E-01
  9.799839E-01
  9.799841E-01
  9.799842E-01
  9.799844E-01
  9.799845E-01
  9.799847E-01
  9.799849E-01
  9.799850E-01
  9.799852E-01
  9.799853E-01
  9.799855E-01
  9.799856E-01
  9.799857E-01
  9.799857E-01
  9.799858E-01
  9.799858E-01
  9.799858E-01
  9.799857E-01
  9.799857E-01
  9.799856E-01
  9.799856E-01
  9.799856E-01
  9.799855E-01
  9.799856E-01
  9.799857E-01
  9.799858E-01
  9.799859E-01
  9.799863E-01
  9.799867E-01
  9.799870E-01
  9.799877E-01
  9.799886E-01
  9.799896E-01
  9.799908E-01
  9.799927E-01
  9.799947E-01
  9.799970E-01
  9.800001E-01
  9.800036E-01
  9.800073E-01
  9.800117E-01
  9.800163E-01
  9.800213E-01
  9.800264E-01
  9.800319E-01
  9.800373E-01
  9.800425E-01
  9.800479E-01
  9.800525E-01
  9.800570E-01
  9.800611E-01
  9.800642E-01
  9.800673E-01
  9.800687E-01
  9.800701E-01
  9.800699E-01
  9.800694E-01
  9.800676E-01
  9.800653E-01
  9.800618E-01
  9.800578E-01
  9.800529E-01
  9.800477E-01
  9.800416E-01
  9.800355E-01
  9.800291E-01
  9.800226E-01
  9.800162E-01
  9.800099E-01
  9.800040E-01
  9.799986E-01
  9.799938E-01
  9.799896E-01
  9.799863E-01
  9.799840E-01
  9.799826E-01
  9.799833E-01
  9.799855E-01
  9.799890E-01
  9.799940E-01
  9.800006E-01
  9.800087E-01
  9.800185E-01
  9.800301E-01
  7.134823E-01
  4.028558E-06
 -3.180692E+02
 -3.179789E+02
 -3.178886E+02
 -3.177983E+02
 -3.177080E+02
 -3.176177E+02
 -3.175274E+02
 -3.174371E+02
 -3.173467E+02
 -3.170267E+02
 -3.167010E+02
 -3.163753E+02
 -3.160495E+02
 -3.157238E+02
 -3.153981E+02
 -3.150724E+02
 -3.146450E+02
 -3.140312E+02
 -3.134174E+02
 -3.128036E+02
 -3.121899E+02
 -3.115761E+02
 -3.109624E+02
 -3.103205E+02
 -3.094531E+02
 -3.085857E+02
 -3.077183E+02
 -3.068510E+02
 -3.059837E+02
 -3.051165E+02
 -3.042021E+02
 -3.031307E+02
 -3.020595E+02
 -3.009883E+02
 -2.999172E+02
 -2.988461E+02
 -2.977752E+02
 -2.965722E+02
 -2.953115E+02
 -2.940510E+02
 -2.927905E+02
 -2.915302E+02
 -2.902701E+02
 -2.889394E+02
 -2.875344E+02
 -2.861296E+02
 -2.847250E+02
 -2.833206E+02
 -2.819164E+02
 -2.804930E+02
 -2.790565E+02
 -2.776202E+02
 -2.761841E+02
 -2.747483E+02
 -2.733127E+02
 -2.719515E+02
 -2.705918E+02
 -2.692323E+02
 -2.678730E+02
 -2.665140E+02
 -2.652043E+02
 -2.639201E+02
 -2.626361E+02
 -2.613523E+02
 -2.600688E+02
 -2.587768E+02
 -2.574794E+02
 -2.561823E+02
 -2.548856E+02
 -2.535891E+02
 -2.521616E+02
 -2.507016E+02
 -2.492421E+02
 -2.477829E+02
 -2.462385E+02
 -2.444161E+02
 -2.425941E+02
 -2.407727E+02
 -2.389517E+02
 -2.367699E+02
 -2.345481E+02
 -2.323268E+02
 -2.301058E+02
 -2.277350E+02
 -2.253222E+02
 -2.229098E+02
 -2.204979E+02
 -2.181250E+02
 -2.157584E+02
 -2.133923E+02
 -2.110605E+02
 -2.089212E+02
 -2.067819E+02
 -2.046427E+02
 -2.028104E+02
 -2.011667E+02
 -1.995215E+02
 -1.980472E+02
 -1.970530E+02
 -1.960546E+02
 -1.950839E+02
 -1.944981E+02
 -1.939057E+02
 -1.933077E+02
 -1.927206E+02
 -1.921264E+02
 -1.914742E+02
 -1.905670E+02
 -1.896543E+02
 -1.884893E+02
 -1.870037E+02
 -1.855152E+02
 -1.833786E+02
 -1.811204E+02
 -1.785295E+02
 -1.753880E+02
 -1.722174E+02
 -1.681393E+02
 -1.640647E+02
 -1.592089E+02
 -1.541701E+02
 -1.484801E+02
 -1.425037E+02
 -1.359308E+02
 -1.290835E+02
 -1.215946E+02
 -1.139198E+02
 -1.054609E+02
 -9.676907E+01
 -8.744138E+01
 -7.757405E+01
 -6.729684E+01
 -5.608046E+01
 -4.420832E+01
 -3.161781E+01
 -1.792894E+01
 -2.931336E+00
  1.341690E+01
  3.149926E+01
  5.193722E+01
  7.583019E+01
  1.051217E+02
  1.429261E+02
  1.943784E+02
  2.642619E+02
  3.357949E+02
  3.863171E+02
  4.951557E+02
  9.732918E+01
  3.976849E-04
  1.107829E+04
  1.107641E+04
  1.107454E+04
  1.107266E+04
  1.107079E+04
  1.106891E+04
  1.106704E+04
  1.106516E+04
  1.106329E+04
  1.105779E+04
  1.105220E+04
  1.104661E+04
  1.104102E+04
  1.103543E+04
  1.102984E+04
  1.102425E+04
  1.101749E+04
  1.100859E+04
  1.099968E+04
  1.099078E+04
  1.098187E+04
  1.097297E+04
  1.096406E+04
  1.095480E+04
  1.094268E+04
  1.093056E+04
  1.091844E+04
  1.090632E+04
  1.089420E+04
  1.088207E+04
  1.086917E+04
  1.085364E+04
  1.083812E+04
  1.082259E+04
  1.080707E+04
  1.079155E+04
  1.077602E+04
  1.075811E+04
  1.073915E+04
  1.072019E+04
  1.070123E+04
  1.068227E+04
  1.066332E+04
  1.064274E+04
  1.062045E+04
  1.059816E+04
  1.057587E+04
  1.055359E+04
  1.053131E+04
  1.050706E+04
  1.048145E+04
  1.045584E+04
  1.043024E+04
  1.040463E+04
  1.037903E+04
  1.035012E+04
  1.032117E+04
  1.029221E+04
  1.026326E+04
  1.023431E+04
  1.020322E+04
  1.017102E+04
  1.013883E+04
  1.010664E+04
  1.007445E+04
  1.004030E+04
  1.000486E+04
  9.969430E+03
  9.934000E+03
  9.898573E+03
  9.860376E+03
  9.821487E+03
  9.782600E+03
  9.743716E+03
  9.703984E+03
  9.661490E+03
  9.618997E+03
  9.576507E+03
  9.534019E+03
  9.488223E+03
  9.442059E+03
  9.395897E+03
  9.349735E+03
  9.300651E+03
  9.250746E+03
  9.200842E+03
  9.150940E+03
  9.098023E+03
  9.044647E+03
  8.991273E+03
  8.937461E+03
  8.881142E+03
  8.824830E+03
  8.768523E+03
  8.710537E+03
  8.651520E+03
  8.592516E+03
  8.532816E+03
  8.471149E+03
  8.409509E+03
  8.347709E+03
  8.283691E+03
  8.219711E+03
  8.155646E+03
  8.089135E+03
  8.022671E+03
  7.955680E+03
  7.885969E+03
  7.816303E+03
  7.744948E+03
  7.671413E+03
  7.597918E+03
  7.520877E+03
  7.443197E+03
  7.363919E+03
  7.281963E+03
  7.199890E+03
  7.113696E+03
  7.027521E+03
  6.937987E+03
  6.847662E+03
  6.754498E+03
  6.660080E+03
  6.562885E+03
  6.464410E+03
  6.362906E+03
  6.260532E+03
  6.154677E+03
  6.047906E+03
  5.938646E+03
  5.827592E+03
  5.715226E+03
  5.600231E+03
  5.483678E+03
  5.365480E+03
  5.244923E+03
  5.121842E+03
  4.996576E+03
  4.869346E+03
  4.741513E+03
  4.617509E+03
  4.507914E+03
  4.430808E+03
  4.422062E+03
  4.519374E+03
  4.489044E+03
  4.051359E+03
  4.557980E+03
  1.358757E+03
 -8.132718E-05
  7.829809E+00
  8.120883E+00
  8.411956E+00
  8.703028E+00
  8.994099E+00
  9.285168E+00
  9.576236E+00
  9.867303E+00
  1.015837E+01
  1.086035E+01
  1.157251E+01
  1.228467E+01
  1.299682E+01
  1.370897E+01
  1.442112E+01
  1.513326E+01
  1.593510E+01
  1.690147E+01
  1.786782E+01
  1.883417E+01
  1.980052E+01
  2.076685E+01
  2.173318E+01
  2.274142E+01
  2.408531E+01
  2.542919E+01
  2.677305E+01
  2.811689E+01
  2.946072E+01
  3.080453E+01
  3.227809E+01
  3.418286E+01
  3.608760E+01
  3.799231E+01
  3.989698E+01
  4.180162E+01
  4.370623E+01
  4.614909E+01
  4.882749E+01
  5.150582E+01
  5.418408E+01
  5.686228E+01
  5.954041E+01
  6.258338E+01
  6.601123E+01
  6.943897E+01
  7.286657E+01
  7.629404E+01
  7.972138E+01
  8.317437E+01
  8.664523E+01
  9.011590E+01
  9.358638E+01
  9.705668E+01
  1.005268E+02
  1.032535E+02
  1.059684E+02
  1.086830E+02
  1.113975E+02
  1.141117E+02
  1.160279E+02
  1.175349E+02
  1.190417E+02
  1.205484E+02
  1.220550E+02
  1.224571E+02
  1.221348E+02
  1.218125E+02
  1.214901E+02
  1.211677E+02
  1.189113E+02
  1.161699E+02
  1.134286E+02
  1.106874E+02
  1.076130E+02
  1.034558E+02
  9.929869E+01
  9.514168E+01
  9.098476E+01
  8.948942E+01
  8.829182E+01
  8.709421E+01
  8.589661E+01
  8.982790E+01
  9.520358E+01
  1.005790E+02
  1.059543E+02
  1.170756E+02
  1.290770E+02
  1.410775E+02
  1.539674E+02
  1.719207E+02
  1.898713E+02
  2.078191E+02
  2.286157E+02
  2.511708E+02
  2.737204E+02
  2.959704E+02
  3.173883E+02
  3.387989E+02
  3.595580E+02
  3.724204E+02
  3.852776E+02
  3.976502E+02
  4.004071E+02
  4.031633E+02
  4.045514E+02
  3.993102E+02
  3.940720E+02
  3.863461E+02
  3.754321E+02
  3.645231E+02
  3.505537E+02
  3.360154E+02
  3.207063E+02
  3.041135E+02
  2.874853E+02
  2.696635E+02
  2.518466E+02
  2.323072E+02
  2.123594E+02
  1.904562E+02
  1.676866E+02
  1.439575E+02
  1.197853E+02
  9.572784E+01
  7.170357E+01
  4.873432E+01
  2.619334E+01
  4.879375E+00
 -1.530894E+01
 -3.466361E+01
 -5.215527E+01
 -6.851746E+01
 -8.370504E+01
 -9.726710E+01
 -1.091934E+02
 -1.196571E+02
 -1.284571E+02
 -1.352992E+02
 -1.396965E+02
 -1.408237E+02
 -1.374515E+02
 -1.287011E+02
 -1.153717E+02
 -9.770393E+01
 -8.433169E+01
  7.714213E+02
  4.436341E+03
  2.714961E-02
