 Title= "ADflow Lift Distribution Data"
Variables = "eta" "CoordinateX" "CoordinateY" "CoordinateZ" "Lift" "Drag" "Moment" "Normalized Lift" "Normalized Drag" "Normalized Moment" "CL" "CD" "CM" "CLp" "CDp" "CMp" "CLv" "CDv" "CMv" "Elliptical" "thickness" "twist" "chord" "fx" "fy" "fz" 
Zone T= "LiftDist_01 allWalls: : z normal"
 I=          150
 DATAPACKING=BLOCK
  0.000000E+00
  6.711405E-03
  1.342281E-02
  2.013422E-02
  2.684563E-02
  3.355704E-02
  4.026845E-02
  4.697986E-02
  5.369127E-02
  6.040268E-02
  6.711409E-02
  7.382550E-02
  8.053691E-02
  8.724832E-02
  9.395973E-02
  1.006711E-01
  1.073825E-01
  1.140940E-01
  1.208054E-01
  1.275168E-01
  1.342282E-01
  1.409396E-01
  1.476510E-01
  1.543624E-01
  1.610738E-01
  1.677852E-01
  1.744966E-01
  1.812081E-01
  1.879195E-01
  1.946309E-01
  2.013423E-01
  2.080537E-01
  2.147651E-01
  2.214765E-01
  2.281879E-01
  2.348993E-01
  2.416107E-01
  2.483221E-01
  2.550336E-01
  2.617450E-01
  2.684564E-01
  2.751678E-01
  2.818792E-01
  2.885906E-01
  2.953020E-01
  3.020134E-01
  3.087248E-01
  3.154362E-01
  3.221476E-01
  3.288591E-01
  3.355705E-01
  3.422819E-01
  3.489933E-01
  3.557047E-01
  3.624161E-01
  3.691275E-01
  3.758389E-01
  3.825503E-01
  3.892617E-01
  3.959732E-01
  4.026846E-01
  4.093960E-01
  4.161074E-01
  4.228188E-01
  4.295302E-01
  4.362416E-01
  4.429530E-01
  4.496644E-01
  4.563758E-01
  4.630872E-01
  4.697987E-01
  4.765101E-01
  4.832215E-01
  4.899329E-01
  4.966443E-01
  5.033557E-01
  5.100671E-01
  5.167785E-01
  5.234899E-01
  5.302013E-01
  5.369128E-01
  5.436242E-01
  5.503356E-01
  5.570470E-01
  5.637584E-01
  5.704698E-01
  5.771812E-01
  5.838926E-01
  5.906040E-01
  5.973154E-01
  6.040268E-01
  6.107383E-01
  6.174497E-01
  6.241611E-01
  6.308725E-01
  6.375839E-01
  6.442953E-01
  6.510067E-01
  6.577181E-01
  6.644295E-01
  6.711409E-01
  6.778524E-01
  6.845638E-01
  6.912752E-01
  6.979866E-01
  7.046980E-01
  7.114094E-01
  7.181208E-01
  7.248322E-01
  7.315436E-01
  7.382550E-01
  7.449664E-01
  7.516779E-01
  7.583893E-01
  7.651007E-01
  7.718121E-01
  7.785235E-01
  7.852349E-01
  7.919463E-01
  7.986577E-01
  8.053691E-01
  8.120805E-01
  8.187919E-01
  8.255034E-01
  8.322148E-01
  8.389262E-01
  8.456376E-01
  8.523490E-01
  8.590604E-01
  8.657718E-01
  8.724832E-01
  8.791946E-01
  8.859060E-01
  8.926175E-01
  8.993289E-01
  9.060403E-01
  9.127517E-01
  9.194631E-01
  9.261745E-01
  9.328859E-01
  9.395973E-01
  9.463087E-01
  9.530201E-01
  9.597315E-01
  9.664430E-01
  9.731544E-01
  9.798658E-01
  9.865772E-01
  9.932886E-01
  1.000000E+00
  0.000000E+00
  0.000000E+00
  0.000000E+00
  0.000000E+00
  0.000000E+00
  0.000000E+00
  0.000000E+00
  0.000000E+00
  0.000000E+00
  0.000000E+00
  0.000000E+00
  0.000000E+00
  0.000000E+00
  0.000000E+00
  0.000000E+00
  0.000000E+00
  0.000000E+00
  0.000000E+00
  0.000000E+00
  0.000000E+00
  0.000000E+00
  0.000000E+00
  0.000000E+00
  0.000000E+00
  0.000000E+00
  0.000000E+00
  0.000000E+00
  0.000000E+00
  0.000000E+00
  0.000000E+00
  0.000000E+00
  0.000000E+00
  0.000000E+00
  0.000000E+00
  0.000000E+00
  0.000000E+00
  0.000000E+00
  0.000000E+00
  0.000000E+00
  0.000000E+00
  0.000000E+00
  0.000000E+00
  0.000000E+00
  0.000000E+00
  0.000000E+00
  0.000000E+00
  0.000000E+00
  0.000000E+00
  0.000000E+00
  0.000000E+00
  0.000000E+00
  0.000000E+00
  0.000000E+00
  0.000000E+00
  0.000000E+00
  0.000000E+00
  0.000000E+00
  0.000000E+00
  0.000000E+00
  0.000000E+00
  0.000000E+00
  0.000000E+00
  0.000000E+00
  0.000000E+00
  0.000000E+00
  0.000000E+00
  0.000000E+00
  0.000000E+00
  0.000000E+00
  0.000000E+00
  0.000000E+00
  0.000000E+00
  0.000000E+00
  0.000000E+00
  0.000000E+00
  0.000000E+00
  0.000000E+00
  0.000000E+00
  0.000000E+00
  0.000000E+00
  0.000000E+00
  0.000000E+00
  0.000000E+00
  0.000000E+00
  0.000000E+00
  0.000000E+00
  0.000000E+00
  0.000000E+00
  0.000000E+00
  0.000000E+00
  0.000000E+00
  0.000000E+00
  0.000000E+00
  0.000000E+00
  0.000000E+00
  0.000000E+00
  0.000000E+00
  0.000000E+00
  0.000000E+00
  0.000000E+00
  0.000000E+00
  0.000000E+00
  0.000000E+00
  0.000000E+00
  0.000000E+00
  0.000000E+00
  0.000000E+00
  0.000000E+00
  0.000000E+00
  0.000000E+00
  0.000000E+00
  0.000000E+00
  0.000000E+00
  0.000000E+00
  0.000000E+00
  0.000000E+00
  0.000000E+00
  0.000000E+00
  0.000000E+00
  0.000000E+00
  0.000000E+00
  0.000000E+00
  0.000000E+00
  0.000000E+00
  0.000000E+00
  0.000000E+00
  0.000000E+00
  0.000000E+00
  0.000000E+00
  0.000000E+00
  0.000000E+00
  0.000000E+00
  0.000000E+00
  0.000000E+00
  0.000000E+00
  0.000000E+00
  0.000000E+00
  0.000000E+00
  0.000000E+00
  0.000000E+00
  0.000000E+00
  0.000000E+00
  0.000000E+00
  0.000000E+00
  0.000000E+00
  0.000000E+00
  0.000000E+00
  0.000000E+00
  0.000000E+00
  0.000000E+00
  0.000000E+00
  0.000000E+00
  0.000000E+00
  0.000000E+00
  0.000000E+00
  0.000000E+00
  0.000000E+00
  0.000000E+00
  0.000000E+00
  0.000000E+00
  0.000000E+00
  0.000000E+00
  0.000000E+00
  0.000000E+00
  0.000000E+00
  0.000000E+00
  0.000000E+00
  0.000000E+00
  0.000000E+00
  0.000000E+00
  0.000000E+00
  0.000000E+00
  0.000000E+00
  0.000000E+00
  0.000000E+00
  0.000000E+00
  0.000000E+00
  0.000000E+00
  0.000000E+00
  0.000000E+00
  0.000000E+00
  0.000000E+00
  0.000000E+00
  0.000000E+00
  0.000000E+00
  0.000000E+00
  0.000000E+00
  0.000000E+00
  0.000000E+00
  0.000000E+00
  0.000000E+00
  0.000000E+00
  0.000000E+00
  0.000000E+00
  0.000000E+00
  0.000000E+00
  0.000000E+00
  0.000000E+00
  0.000000E+00
  0.000000E+00
  0.000000E+00
  0.000000E+00
  0.000000E+00
  0.000000E+00
  0.000000E+00
  0.000000E+00
  0.000000E+00
  0.000000E+00
  0.000000E+00
  0.000000E+00
  0.000000E+00
  0.000000E+00
  0.000000E+00
  0.000000E+00
  0.000000E+00
  0.000000E+00
  0.000000E+00
  0.000000E+00
  0.000000E+00
  0.000000E+00
  0.000000E+00
  0.000000E+00
  0.000000E+00
  0.000000E+00
  0.000000E+00
  0.000000E+00
  0.000000E+00
  0.000000E+00
  0.000000E+00
  0.000000E+00
  0.000000E+00
  0.000000E+00
  0.000000E+00
  0.000000E+00
  0.000000E+00
  0.000000E+00
  0.000000E+00
  0.000000E+00
  0.000000E+00
  0.000000E+00
  0.000000E+00
  0.000000E+00
  0.000000E+00
  0.000000E+00
  0.000000E+00
  0.000000E+00
  0.000000E+00
  0.000000E+00
  0.000000E+00
  0.000000E+00
  0.000000E+00
  0.000000E+00
  0.000000E+00
  0.000000E+00
  0.000000E+00
  0.000000E+00
  0.000000E+00
  0.000000E+00
  0.000000E+00
  0.000000E+00
  0.000000E+00
  0.000000E+00
  0.000000E+00
  0.000000E+00
  0.000000E+00
  0.000000E+00
  0.000000E+00
  0.000000E+00
  0.000000E+00
  0.000000E+00
  0.000000E+00
  0.000000E+00
  0.000000E+00
  0.000000E+00
  0.000000E+00
  0.000000E+00
  0.000000E+00
  0.000000E+00
  0.000000E+00
  0.000000E+00
  0.000000E+00
  0.000000E+00
  0.000000E+00
  0.000000E+00
  0.000000E+00
  0.000000E+00
  0.000000E+00
  0.000000E+00
  0.000000E+00
  0.000000E+00
  0.000000E+00
  0.000000E+00
  0.000000E+00
  0.000000E+00
  0.000000E+00
  0.000000E+00
  0.000000E+00
  0.000000E+00
  0.000000E+00
  0.000000E+00
  1.000000E-08
  1.695085E-02
  3.390169E-02
  5.085254E-02
  6.780338E-02
  8.475423E-02
  1.017051E-01
  1.186559E-01
  1.356068E-01
  1.525576E-01
  1.695085E-01
  1.864593E-01
  2.034101E-01
  2.203610E-01
  2.373118E-01
  2.542627E-01
  2.712135E-01
  2.881644E-01
  3.051152E-01
  3.220661E-01
  3.390169E-01
  3.559678E-01
  3.729186E-01
  3.898694E-01
  4.068203E-01
  4.237711E-01
  4.407220E-01
  4.576728E-01
  4.746237E-01
  4.915745E-01
  5.085254E-01
  5.254762E-01
  5.424271E-01
  5.593779E-01
  5.763287E-01
  5.932796E-01
  6.102304E-01
  6.271813E-01
  6.441321E-01
  6.610830E-01
  6.780338E-01
  6.949847E-01
  7.119355E-01
  7.288864E-01
  7.458372E-01
  7.627880E-01
  7.797389E-01
  7.966897E-01
  8.136406E-01
  8.305914E-01
  8.475423E-01
  8.644931E-01
  8.814440E-01
  8.983948E-01
  9.153457E-01
  9.322965E-01
  9.492473E-01
  9.661982E-01
  9.831490E-01
  1.000100E+00
  1.017051E+00
  1.034002E+00
  1.050952E+00
  1.067903E+00
  1.084854E+00
  1.101805E+00
  1.118756E+00
  1.135707E+00
  1.152657E+00
  1.169608E+00
  1.186559E+00
  1.203510E+00
  1.220461E+00
  1.237412E+00
  1.254363E+00
  1.271313E+00
  1.288264E+00
  1.305215E+00
  1.322166E+00
  1.339117E+00
  1.356068E+00
  1.373018E+00
  1.389969E+00
  1.406920E+00
  1.423871E+00
  1.440822E+00
  1.457773E+00
  1.474724E+00
  1.491674E+00
  1.508625E+00
  1.525576E+00
  1.542527E+00
  1.559478E+00
  1.576429E+00
  1.593379E+00
  1.610330E+00
  1.627281E+00
  1.644232E+00
  1.661183E+00
  1.678134E+00
  1.695085E+00
  1.712035E+00
  1.728986E+00
  1.745937E+00
  1.762888E+00
  1.779839E+00
  1.796790E+00
  1.813740E+00
  1.830691E+00
  1.847642E+00
  1.864593E+00
  1.881544E+00
  1.898495E+00
  1.915446E+00
  1.932396E+00
  1.949347E+00
  1.966298E+00
  1.983249E+00
  2.000200E+00
  2.017151E+00
  2.034101E+00
  2.051052E+00
  2.068003E+00
  2.084954E+00
  2.101905E+00
  2.118856E+00
  2.135807E+00
  2.152757E+00
  2.169708E+00
  2.186659E+00
  2.203610E+00
  2.220561E+00
  2.237512E+00
  2.254462E+00
  2.271413E+00
  2.288364E+00
  2.305315E+00
  2.322266E+00
  2.339217E+00
  2.356168E+00
  2.373118E+00
  2.390069E+00
  2.407020E+00
  2.423971E+00
  2.440922E+00
  2.457873E+00
  2.474823E+00
  2.491774E+00
  2.508725E+00
  2.525676E+00
  1.075313E+04
  1.075120E+04
  1.074927E+04
  1.074734E+04
  1.074541E+04
  1.074349E+04
  1.074156E+04
  1.073964E+04
  1.073772E+04
  1.073407E+04
  1.073038E+04
  1.072669E+04
  1.072300E+04
  1.071931E+04
  1.071562E+04
  1.071194E+04
  1.070798E+04
  1.070353E+04
  1.069908E+04
  1.069463E+04
  1.069018E+04
  1.068573E+04
  1.068128E+04
  1.067653E+04
  1.066931E+04
  1.066209E+04
  1.065488E+04
  1.064766E+04
  1.064044E+04
  1.063323E+04
  1.062527E+04
  1.061484E+04
  1.060441E+04
  1.059398E+04
  1.058356E+04
  1.057313E+04
  1.056270E+04
  1.055028E+04
  1.053697E+04
  1.052367E+04
  1.051037E+04
  1.049707E+04
  1.048377E+04
  1.046918E+04
  1.045324E+04
  1.043731E+04
  1.042137E+04
  1.040543E+04
  1.038949E+04
  1.037197E+04
  1.035335E+04
  1.033472E+04
  1.031609E+04
  1.029747E+04
  1.027884E+04
  1.025744E+04
  1.023599E+04
  1.021454E+04
  1.019310E+04
  1.017165E+04
  1.014837E+04
  1.012415E+04
  1.009992E+04
  1.007570E+04
  1.005148E+04
  1.002552E+04
  9.998409E+03
  9.971303E+03
  9.944197E+03
  9.917092E+03
  9.887327E+03
  9.856896E+03
  9.826465E+03
  9.796034E+03
  9.764705E+03
  9.730451E+03
  9.696198E+03
  9.661945E+03
  9.627693E+03
  9.589597E+03
  9.551071E+03
  9.512546E+03
  9.474022E+03
  9.431824E+03
  9.388594E+03
  9.345364E+03
  9.302135E+03
  9.254530E+03
  9.206256E+03
  9.157984E+03
  9.108929E+03
  9.055407E+03
  9.001891E+03
  8.948381E+03
  8.891563E+03
  8.832707E+03
  8.773863E+03
  8.713628E+03
  8.649478E+03
  8.585349E+03
  8.520855E+03
  8.451647E+03
  8.382470E+03
  8.313096E+03
  8.239194E+03
  8.165327E+03
  8.090749E+03
  8.012591E+03
  7.934470E+03
  7.854654E+03
  7.772655E+03
  7.690691E+03
  7.605733E+03
  7.520242E+03
  7.433553E+03
  7.344853E+03
  7.256084E+03
  7.164361E+03
  7.072670E+03
  6.978583E+03
  6.883947E+03
  6.787237E+03
  6.689621E+03
  6.589705E+03
  6.488739E+03
  6.384865E+03
  6.280166E+03
  6.171810E+03
  6.062465E+03
  5.950393E+03
  5.836310E+03
  5.720756E+03
  5.602172E+03
  5.481742E+03
  5.359336E+03
  5.234006E+03
  5.105328E+03
  4.973477E+03
  4.838277E+03
  4.700531E+03
  4.563929E+03
  4.438032E+03
  4.339583E+03
  4.303186E+03
  4.366669E+03
  4.309892E+03
  3.904590E+03
  4.480246E+03
  1.206801E+03
 -2.800790E-04
  5.972742E+02
  5.967971E+02
  5.963202E+02
  5.958436E+02
  5.953672E+02
  5.948911E+02
  5.944153E+02
  5.939397E+02
  5.934644E+02
  5.928634E+02
  5.922595E+02
  5.916559E+02
  5.910526E+02
  5.904495E+02
  5.898466E+02
  5.892440E+02
  5.888302E+02
  5.887623E+02
  5.886946E+02
  5.886270E+02
  5.885595E+02
  5.884921E+02
  5.884249E+02
  5.883766E+02
  5.884786E+02
  5.885807E+02
  5.886829E+02
  5.887851E+02
  5.888874E+02
  5.889897E+02
  5.891138E+02
  5.893098E+02
  5.895059E+02
  5.897019E+02
  5.898980E+02
  5.900941E+02
  5.902903E+02
  5.905882E+02
  5.909306E+02
  5.912730E+02
  5.916154E+02
  5.919578E+02
  5.923003E+02
  5.927095E+02
  5.931894E+02
  5.936692E+02
  5.941491E+02
  5.946289E+02
  5.951088E+02
  5.955778E+02
  5.960392E+02
  5.965005E+02
  5.969619E+02
  5.974233E+02
  5.978847E+02
  5.981157E+02
  5.983430E+02
  5.985704E+02
  5.987977E+02
  5.990250E+02
  5.990462E+02
  5.989617E+02
  5.988772E+02
  5.987928E+02
  5.987085E+02
  5.984473E+02
  5.980702E+02
  5.976932E+02
  5.973164E+02
  5.969397E+02
  5.963507E+02
  5.957086E+02
  5.950667E+02
  5.944250E+02
  5.937379E+02
  5.929027E+02
  5.920677E+02
  5.912329E+02
  5.903982E+02
  5.894316E+02
  5.884502E+02
  5.874690E+02
  5.864879E+02
  5.853750E+02
  5.842251E+02
  5.830752E+02
  5.819254E+02
  5.806230E+02
  5.792973E+02
  5.779717E+02
  5.766220E+02
  5.751345E+02
  5.736474E+02
  5.721609E+02
  5.705580E+02
  5.688839E+02
  5.672111E+02
  5.654722E+02
  5.635466E+02
  5.616234E+02
  5.596750E+02
  5.573901E+02
  5.551088E+02
  5.528063E+02
  5.500088E+02
  5.472156E+02
  5.443203E+02
  5.409139E+02
  5.375119E+02
  5.338473E+02
  5.298451E+02
  5.258468E+02
  5.214182E+02
  5.169118E+02
  5.122637E+02
  5.073774E+02
  5.024860E+02
  4.973445E+02
  4.922064E+02
  4.870246E+02
  4.818346E+02
  4.768103E+02
  4.718604E+02
  4.672273E+02
  4.627403E+02
  4.587041E+02
  4.547970E+02
  4.515350E+02
  4.484783E+02
  4.459972E+02
  4.440269E+02
  4.424361E+02
  4.417346E+02
  4.416146E+02
  4.421147E+02
  4.435256E+02
  4.459328E+02
  4.493059E+02
  4.539114E+02
  4.602856E+02
  4.696114E+02
  4.842675E+02
  5.081345E+02
  5.481718E+02
  6.110233E+02
  6.638841E+02
  6.753638E+02
  8.223875E+02
  1.482210E+02
  3.694837E-04
  1.914117E+03
  1.914343E+03
  1.914569E+03
  1.914796E+03
  1.915023E+03
  1.915251E+03
  1.915480E+03
  1.915708E+03
  1.915938E+03
  1.917033E+03
  1.918150E+03
  1.919267E+03
  1.920385E+03
  1.921503E+03
  1.922621E+03
  1.923740E+03
  1.924996E+03
  1.926504E+03
  1.928013E+03
  1.929521E+03
  1.931030E+03
  1.932539E+03
  1.934048E+03
  1.935479E+03
  1.936279E+03
  1.937080E+03
  1.937881E+03
  1.938682E+03
  1.939483E+03
  1.940284E+03
  1.940870E+03
  1.940741E+03
  1.940611E+03
  1.940482E+03
  1.940353E+03
  1.940224E+03
  1.940095E+03
  1.939429E+03
  1.938527E+03
  1.937626E+03
  1.936725E+03
  1.935824E+03
  1.934923E+03
  1.933740E+03
  1.932261E+03
  1.930781E+03
  1.929301E+03
  1.927821E+03
  1.926341E+03
  1.924649E+03
  1.922808E+03
  1.920967E+03
  1.919126E+03
  1.917285E+03
  1.915444E+03
  1.913454E+03
  1.911462E+03
  1.909469E+03
  1.907477E+03
  1.905484E+03
  1.903472E+03
  1.901448E+03
  1.899425E+03
  1.897402E+03
  1.895379E+03
  1.893249E+03
  1.891049E+03
  1.888850E+03
  1.886651E+03
  1.884452E+03
  1.881823E+03
  1.879088E+03
  1.876353E+03
  1.873618E+03
  1.870673E+03
  1.867047E+03
  1.863421E+03
  1.859796E+03
  1.856171E+03
  1.851394E+03
  1.846489E+03
  1.841584E+03
  1.836679E+03
  1.830411E+03
  1.823760E+03
  1.817109E+03
  1.810458E+03
  1.802004E+03
  1.793274E+03
  1.784545E+03
  1.775482E+03
  1.764518E+03
  1.753555E+03
  1.742594E+03
  1.730189E+03
  1.716893E+03
  1.703599E+03
  1.689703E+03
  1.674110E+03
  1.658522E+03
  1.642790E+03
  1.625233E+03
  1.607684E+03
  1.590072E+03
  1.571063E+03
  1.552062E+03
  1.532897E+03
  1.512897E+03
  1.492907E+03
  1.472640E+03
  1.452018E+03
  1.431406E+03
  1.410509E+03
  1.389568E+03
  1.368586E+03
  1.347531E+03
  1.326483E+03
  1.305337E+03
  1.284203E+03
  1.262936E+03
  1.241646E+03
  1.220275E+03
  1.198874E+03
  1.177412E+03
  1.155926E+03
  1.134362E+03
  1.112779E+03
  1.091221E+03
  1.069736E+03
  1.048472E+03
  1.027565E+03
  1.006934E+03
  9.871058E+02
  9.678525E+02
  9.492080E+02
  9.314403E+02
  9.145571E+02
  8.985282E+02
  8.837525E+02
  8.713029E+02
  8.641575E+02
  8.689300E+02
  8.970263E+02
  9.666411E+02
  1.093261E+03
  1.190954E+03
  1.138366E+03
  1.332420E+03
  1.554803E+02
 -2.357034E-10
  1.216069E+00
  1.215851E+00
  1.215632E+00
  1.215414E+00
  1.215196E+00
  1.214978E+00
  1.214761E+00
  1.214543E+00
  1.214326E+00
  1.213913E+00
  1.213496E+00
  1.213079E+00
  1.212661E+00
  1.212244E+00
  1.211827E+00
  1.211410E+00
  1.210963E+00
  1.210460E+00
  1.209956E+00
  1.209453E+00
  1.208950E+00
  1.208447E+00
  1.207944E+00
  1.207406E+00
  1.206590E+00
  1.205773E+00
  1.204957E+00
  1.204141E+00
  1.203325E+00
  1.202509E+00
  1.201609E+00
  1.200430E+00
  1.199251E+00
  1.198071E+00
  1.196892E+00
  1.195713E+00
  1.194533E+00
  1.193128E+00
  1.191624E+00
  1.190120E+00
  1.188615E+00
  1.187111E+00
  1.185607E+00
  1.183957E+00
  1.182155E+00
  1.180352E+00
  1.178550E+00
  1.176748E+00
  1.174945E+00
  1.172964E+00
  1.170857E+00
  1.168751E+00
  1.166645E+00
  1.164538E+00
  1.162432E+00
  1.160011E+00
  1.157586E+00
  1.155160E+00
  1.152735E+00
  1.150310E+00
  1.147677E+00
  1.144937E+00
  1.142198E+00
  1.139459E+00
  1.136719E+00
  1.133783E+00
  1.130718E+00
  1.127652E+00
  1.124587E+00
  1.121522E+00
  1.118156E+00
  1.114714E+00
  1.111273E+00
  1.107831E+00
  1.104288E+00
  1.100414E+00
  1.096541E+00
  1.092667E+00
  1.088794E+00
  1.084485E+00
  1.080128E+00
  1.075772E+00
  1.071415E+00
  1.066643E+00
  1.061754E+00
  1.056865E+00
  1.051976E+00
  1.046593E+00
  1.041133E+00
  1.035674E+00
  1.030127E+00
  1.024074E+00
  1.018022E+00
  1.011970E+00
  1.005545E+00
  9.988887E-01
  9.922341E-01
  9.854222E-01
  9.781674E-01
  9.709151E-01
  9.636215E-01
  9.557948E-01
  9.479716E-01
  9.401261E-01
  9.317685E-01
  9.234149E-01
  9.149810E-01
  9.061421E-01
  8.973074E-01
  8.882810E-01
  8.790077E-01
  8.697384E-01
  8.601306E-01
  8.504624E-01
  8.406588E-01
  8.306278E-01
  8.205889E-01
  8.102160E-01
  7.998466E-01
  7.892063E-01
  7.785040E-01
  7.675670E-01
  7.565277E-01
  7.452282E-01
  7.338100E-01
  7.220629E-01
  7.102225E-01
  6.979685E-01
  6.856028E-01
  6.729285E-01
  6.600270E-01
  6.469590E-01
  6.335483E-01
  6.199289E-01
  6.060860E-01
  5.919125E-01
  5.773604E-01
  5.624493E-01
  5.471596E-01
  5.315820E-01
  5.161337E-01
  5.018960E-01
  4.907624E-01
  4.866463E-01
  4.938256E-01
  4.874047E-01
  4.415691E-01
  5.066700E-01
  1.364768E-01
 -3.167407E-08
  1.068574E+00
  1.067720E+00
  1.066867E+00
  1.066014E+00
  1.065162E+00
  1.064310E+00
  1.063459E+00
  1.062608E+00
  1.061758E+00
  1.060682E+00
  1.059602E+00
  1.058522E+00
  1.057443E+00
  1.056364E+00
  1.055285E+00
  1.054207E+00
  1.053467E+00
  1.053345E+00
  1.053224E+00
  1.053103E+00
  1.052982E+00
  1.052862E+00
  1.052742E+00
  1.052655E+00
  1.052838E+00
  1.053020E+00
  1.053203E+00
  1.053386E+00
  1.053569E+00
  1.053752E+00
  1.053974E+00
  1.054325E+00
  1.054676E+00
  1.055026E+00
  1.055377E+00
  1.055728E+00
  1.056079E+00
  1.056612E+00
  1.057224E+00
  1.057837E+00
  1.058450E+00
  1.059062E+00
  1.059675E+00
  1.060407E+00
  1.061266E+00
  1.062124E+00
  1.062983E+00
  1.063841E+00
  1.064700E+00
  1.065539E+00
  1.066364E+00
  1.067190E+00
  1.068015E+00
  1.068841E+00
  1.069666E+00
  1.070079E+00
  1.070486E+00
  1.070893E+00
  1.071299E+00
  1.071706E+00
  1.071744E+00
  1.071593E+00
  1.071442E+00
  1.071291E+00
  1.071140E+00
  1.070673E+00
  1.069998E+00
  1.069323E+00
  1.068649E+00
  1.067975E+00
  1.066922E+00
  1.065773E+00
  1.064624E+00
  1.063476E+00
  1.062247E+00
  1.060753E+00
  1.059259E+00
  1.057765E+00
  1.056272E+00
  1.054543E+00
  1.052787E+00
  1.051031E+00
  1.049276E+00
  1.047285E+00
  1.045228E+00
  1.043171E+00
  1.041113E+00
  1.038783E+00
  1.036411E+00
  1.034040E+00
  1.031625E+00
  1.028964E+00
  1.026304E+00
  1.023644E+00
  1.020776E+00
  1.017781E+00
  1.014788E+00
  1.011677E+00
  1.008232E+00
  1.004792E+00
  1.001306E+00
  9.972177E-01
  9.931363E-01
  9.890169E-01
  9.840120E-01
  9.790147E-01
  9.738347E-01
  9.677404E-01
  9.616539E-01
  9.550978E-01
  9.479374E-01
  9.407842E-01
  9.328609E-01
  9.247987E-01
  9.164828E-01
  9.077408E-01
  8.989896E-01
  8.897912E-01
  8.805986E-01
  8.713280E-01
  8.620426E-01
  8.530538E-01
  8.441979E-01
  8.359089E-01
  8.278813E-01
  8.206602E-01
  8.136701E-01
  8.078341E-01
  8.023654E-01
  7.979266E-01
  7.944014E-01
  7.915554E-01
  7.903003E-01
  7.900857E-01
  7.909804E-01
  7.935047E-01
  7.978112E-01
  8.038461E-01
  8.120856E-01
  8.234896E-01
  8.401743E-01
  8.663953E-01
  9.090953E-01
  9.807255E-01
  1.093172E+00
  1.187744E+00
  1.208283E+00
  1.471320E+00
  2.651798E-01
  6.610374E-07
  1.158242E+00
  1.158379E+00
  1.158516E+00
  1.158653E+00
  1.158791E+00
  1.158929E+00
  1.159067E+00
  1.159206E+00
  1.159344E+00
  1.160007E+00
  1.160683E+00
  1.161359E+00
  1.162035E+00
  1.162712E+00
  1.163388E+00
  1.164065E+00
  1.164826E+00
  1.165738E+00
  1.166651E+00
  1.167564E+00
  1.168477E+00
  1.169390E+00
  1.170303E+00
  1.171169E+00
  1.171653E+00
  1.172138E+00
  1.172622E+00
  1.173107E+00
  1.173592E+00
  1.174076E+00
  1.174431E+00
  1.174353E+00
  1.174274E+00
  1.174196E+00
  1.174118E+00
  1.174040E+00
  1.173962E+00
  1.173559E+00
  1.173014E+00
  1.172468E+00
  1.171923E+00
  1.171378E+00
  1.170832E+00
  1.170117E+00
  1.169221E+00
  1.168326E+00
  1.167431E+00
  1.166535E+00
  1.165640E+00
  1.164616E+00
  1.163502E+00
  1.162388E+00
  1.161274E+00
  1.160160E+00
  1.159046E+00
  1.157841E+00
  1.156636E+00
  1.155430E+00
  1.154225E+00
  1.153019E+00
  1.151801E+00
  1.150577E+00
  1.149352E+00
  1.148128E+00
  1.146904E+00
  1.145615E+00
  1.144284E+00
  1.142953E+00
  1.141622E+00
  1.140292E+00
  1.138702E+00
  1.137046E+00
  1.135391E+00
  1.133736E+00
  1.131955E+00
  1.129760E+00
  1.127566E+00
  1.125373E+00
  1.123179E+00
  1.120289E+00
  1.117320E+00
  1.114352E+00
  1.111384E+00
  1.107592E+00
  1.103567E+00
  1.099542E+00
  1.095518E+00
  1.090402E+00
  1.085120E+00
  1.079838E+00
  1.074354E+00
  1.067719E+00
  1.061086E+00
  1.054453E+00
  1.046947E+00
  1.038901E+00
  1.030857E+00
  1.022448E+00
  1.013013E+00
  1.003581E+00
  9.940609E-01
  9.834373E-01
  9.728183E-01
  9.621615E-01
  9.506585E-01
  9.391612E-01
  9.275641E-01
  9.154619E-01
  9.033659E-01
  8.911027E-01
  8.786238E-01
  8.661513E-01
  8.535066E-01
  8.408349E-01
  8.281388E-01
  8.153982E-01
  8.026618E-01
  7.898667E-01
  7.770779E-01
  7.642094E-01
  7.513265E-01
  7.383951E-01
  7.254452E-01
  7.124587E-01
  6.994574E-01
  6.864088E-01
  6.733487E-01
  6.603036E-01
  6.473029E-01
  6.344359E-01
  6.217851E-01
  6.093014E-01
  5.973031E-01
  5.856528E-01
  5.743709E-01
  5.636196E-01
  5.534035E-01
  5.437043E-01
  5.347635E-01
  5.272301E-01
  5.229064E-01
  5.257943E-01
  5.427955E-01
  5.849198E-01
  6.615384E-01
  7.206527E-01
  6.888312E-01
  8.062545E-01
  9.408195E-02
 -1.426254E-13
  9.614972E-01
  9.613244E-01
  9.611517E-01
  9.609791E-01
  9.608066E-01
  9.606341E-01
  9.604618E-01
  9.602895E-01
  9.601173E-01
  9.597908E-01
  9.594606E-01
  9.591305E-01
  9.588004E-01
  9.584704E-01
  9.581405E-01
  9.578106E-01
  9.574566E-01
  9.570584E-01
  9.566602E-01
  9.562621E-01
  9.558639E-01
  9.554658E-01
  9.550678E-01
  9.546423E-01
  9.539968E-01
  9.533513E-01
  9.527058E-01
  9.520604E-01
  9.514150E-01
  9.507696E-01
  9.500578E-01
  9.491253E-01
  9.481928E-01
  9.472603E-01
  9.463278E-01
  9.453953E-01
  9.444628E-01
  9.433516E-01
  9.421623E-01
  9.409729E-01
  9.397836E-01
  9.385942E-01
  9.374048E-01
  9.361008E-01
  9.346758E-01
  9.332508E-01
  9.318257E-01
  9.304007E-01
  9.289757E-01
  9.274093E-01
  9.257440E-01
  9.240787E-01
  9.224134E-01
  9.207481E-01
  9.190828E-01
  9.171690E-01
  9.152513E-01
  9.133336E-01
  9.114159E-01
  9.094982E-01
  9.074163E-01
  9.052504E-01
  9.030844E-01
  9.009185E-01
  8.987526E-01
  8.964308E-01
  8.940069E-01
  8.915830E-01
  8.891591E-01
  8.867353E-01
  8.840736E-01
  8.813523E-01
  8.786311E-01
  8.759099E-01
  8.731083E-01
  8.700452E-01
  8.669822E-01
  8.639193E-01
  8.608564E-01
  8.574498E-01
  8.540049E-01
  8.505600E-01
  8.471152E-01
  8.433420E-01
  8.394764E-01
  8.356110E-01
  8.317456E-01
  8.274889E-01
  8.231725E-01
  8.188563E-01
  8.144701E-01
  8.096845E-01
  8.048994E-01
  8.001149E-01
  7.950346E-01
  7.897720E-01
  7.845106E-01
  7.791249E-01
  7.733890E-01
  7.676551E-01
  7.618886E-01
  7.557005E-01
  7.495152E-01
  7.433123E-01
  7.367044E-01
  7.300997E-01
  7.234314E-01
  7.164429E-01
  7.094578E-01
  7.023210E-01
  6.949889E-01
  6.876600E-01
  6.800634E-01
  6.724190E-01
  6.646675E-01
  6.567361E-01
  6.487985E-01
  6.405967E-01
  6.323977E-01
  6.239844E-01
  6.155221E-01
  6.068742E-01
  5.981455E-01
  5.892112E-01
  5.801832E-01
  5.708953E-01
  5.615338E-01
  5.518456E-01
  5.420691E-01
  5.320490E-01
  5.218492E-01
  5.115179E-01
  5.009158E-01
  4.901487E-01
  4.792048E-01
  4.679995E-01
  4.564946E-01
  4.447059E-01
  4.326174E-01
  4.203011E-01
  4.080864E-01
  3.968285E-01
  3.880246E-01
  3.847687E-01
  3.904429E-01
  3.853637E-01
  3.491212E-01
  4.005883E-01
  1.482121E-01
 -6.083690E-03
  5.340561E-02
  5.336294E-02
  5.332029E-02
  5.327767E-02
  5.323506E-02
  5.319248E-02
  5.314992E-02
  5.310738E-02
  5.306486E-02
  5.301111E-02
  5.295711E-02
  5.290312E-02
  5.284916E-02
  5.279522E-02
  5.274130E-02
  5.268741E-02
  5.265039E-02
  5.264431E-02
  5.263824E-02
  5.263218E-02
  5.262613E-02
  5.262009E-02
  5.261407E-02
  5.260973E-02
  5.261885E-02
  5.262796E-02
  5.263709E-02
  5.264622E-02
  5.265535E-02
  5.266449E-02
  5.267558E-02
  5.269310E-02
  5.271062E-02
  5.272815E-02
  5.274568E-02
  5.276321E-02
  5.278074E-02
  5.280737E-02
  5.283799E-02
  5.286861E-02
  5.289923E-02
  5.292984E-02
  5.296046E-02
  5.299706E-02
  5.303997E-02
  5.308288E-02
  5.312579E-02
  5.316871E-02
  5.321162E-02
  5.325356E-02
  5.329482E-02
  5.333608E-02
  5.337734E-02
  5.341860E-02
  5.345987E-02
  5.348052E-02
  5.350085E-02
  5.352117E-02
  5.354150E-02
  5.356183E-02
  5.356372E-02
  5.355615E-02
  5.354860E-02
  5.354104E-02
  5.353349E-02
  5.351013E-02
  5.347640E-02
  5.344268E-02
  5.340897E-02
  5.337527E-02
  5.332259E-02
  5.326517E-02
  5.320776E-02
  5.315036E-02
  5.308890E-02
  5.301421E-02
  5.293954E-02
  5.286487E-02
  5.279023E-02
  5.270378E-02
  5.261602E-02
  5.252828E-02
  5.244054E-02
  5.234102E-02
  5.223819E-02
  5.213537E-02
  5.203256E-02
  5.191610E-02
  5.179756E-02
  5.167903E-02
  5.155835E-02
  5.142535E-02
  5.129239E-02
  5.115947E-02
  5.101615E-02
  5.086647E-02
  5.071690E-02
  5.056142E-02
  5.038925E-02
  5.021731E-02
  5.004310E-02
  4.983880E-02
  4.963483E-02
  4.942896E-02
  4.917883E-02
  4.892908E-02
  4.867020E-02
  4.836562E-02
  4.806143E-02
  4.773376E-02
  4.737589E-02
  4.701839E-02
  4.662238E-02
  4.621944E-02
  4.580380E-02
  4.536688E-02
  4.492949E-02
  4.446974E-02
  4.401028E-02
  4.354692E-02
  4.308281E-02
  4.263354E-02
  4.219090E-02
  4.177661E-02
  4.137539E-02
  4.101450E-02
  4.066515E-02
  4.037351E-02
  4.010023E-02
  3.987844E-02
  3.970232E-02
  3.956015E-02
  3.949751E-02
  3.948687E-02
  3.953167E-02
  3.965792E-02
  3.987323E-02
  4.017491E-02
  4.058676E-02
  4.115674E-02
  4.199058E-02
  4.330099E-02
  4.543494E-02
  4.901469E-02
  5.463426E-02
  5.936038E-02
  6.038633E-02
  7.353142E-02
  1.820362E-02
  8.025681E-03
  1.711518E-01
  1.711720E-01
  1.711922E-01
  1.712125E-01
  1.712328E-01
  1.712531E-01
  1.712735E-01
  1.712939E-01
  1.713144E-01
  1.714122E-01
  1.715121E-01
  1.716119E-01
  1.717118E-01
  1.718117E-01
  1.719117E-01
  1.720117E-01
  1.721240E-01
  1.722588E-01
  1.723936E-01
  1.725285E-01
  1.726633E-01
  1.727982E-01
  1.729331E-01
  1.730610E-01
  1.731325E-01
  1.732041E-01
  1.732757E-01
  1.733472E-01
  1.734188E-01
  1.734904E-01
  1.735428E-01
  1.735312E-01
  1.735196E-01
  1.735080E-01
  1.734965E-01
  1.734849E-01
  1.734733E-01
  1.734138E-01
  1.733332E-01
  1.732526E-01
  1.731721E-01
  1.730915E-01
  1.730109E-01
  1.729052E-01
  1.727729E-01
  1.726406E-01
  1.725083E-01
  1.723760E-01
  1.722437E-01
  1.720924E-01
  1.719278E-01
  1.717632E-01
  1.715986E-01
  1.714340E-01
  1.712694E-01
  1.710915E-01
  1.709134E-01
  1.707352E-01
  1.705571E-01
  1.703789E-01
  1.701989E-01
  1.700180E-01
  1.698370E-01
  1.696561E-01
  1.694752E-01
  1.692847E-01
  1.690880E-01
  1.688913E-01
  1.686946E-01
  1.684980E-01
  1.682629E-01
  1.680183E-01
  1.677736E-01
  1.675290E-01
  1.672657E-01
  1.669414E-01
  1.666172E-01
  1.662930E-01
  1.659688E-01
  1.655416E-01
  1.651030E-01
  1.646644E-01
  1.642258E-01
  1.636653E-01
  1.630706E-01
  1.624759E-01
  1.618812E-01
  1.611252E-01
  1.603447E-01
  1.595641E-01
  1.587537E-01
  1.577734E-01
  1.567932E-01
  1.558131E-01
  1.547040E-01
  1.535151E-01
  1.523265E-01
  1.510840E-01
  1.496897E-01
  1.482960E-01
  1.468893E-01
  1.453195E-01
  1.437504E-01
  1.421757E-01
  1.404760E-01
  1.387771E-01
  1.370634E-01
  1.352751E-01
  1.334877E-01
  1.316756E-01
  1.298316E-01
  1.279886E-01
  1.261201E-01
  1.242476E-01
  1.223714E-01
  1.204887E-01
  1.186067E-01
  1.167159E-01
  1.148260E-01
  1.129244E-01
  1.110206E-01
  1.091097E-01
  1.071961E-01
  1.052770E-01
  1.033558E-01
  1.014277E-01
  9.949787E-02
  9.757031E-02
  9.564934E-02
  9.374815E-02
  9.187892E-02
  9.003441E-02
  8.826165E-02
  8.654031E-02
  8.487340E-02
  8.328488E-02
  8.177543E-02
  8.034234E-02
  7.902126E-02
  7.790813E-02
  7.726915E-02
  7.769575E-02
  8.020778E-02
  8.643206E-02
  9.775328E-02
  1.064877E-01
  1.017847E-01
  1.191345E-01
  1.909516E-02
 -5.119794E-09
  9.615810E-01
  9.614081E-01
  9.612353E-01
  9.610626E-01
  9.608899E-01
  9.607173E-01
  9.605448E-01
  9.603724E-01
  9.602001E-01
  9.598734E-01
  9.595429E-01
  9.592125E-01
  9.588822E-01
  9.585519E-01
  9.582217E-01
  9.578916E-01
  9.575374E-01
  9.571391E-01
  9.567408E-01
  9.563425E-01
  9.559442E-01
  9.555460E-01
  9.551478E-01
  9.547222E-01
  9.540768E-01
  9.534314E-01
  9.527860E-01
  9.521406E-01
  9.514953E-01
  9.508499E-01
  9.501382E-01
  9.492059E-01
  9.482737E-01
  9.473414E-01
  9.464091E-01
  9.454768E-01
  9.445446E-01
  9.434338E-01
  9.422448E-01
  9.410558E-01
  9.398668E-01
  9.386778E-01
  9.374888E-01
  9.361852E-01
  9.347607E-01
  9.333361E-01
  9.319116E-01
  9.304870E-01
  9.290625E-01
  9.274966E-01
  9.258318E-01
  9.241670E-01
  9.225022E-01
  9.208374E-01
  9.191725E-01
  9.172592E-01
  9.153419E-01
  9.134247E-01
  9.115074E-01
  9.095902E-01
  9.075087E-01
  9.053431E-01
  9.031775E-01
  9.010119E-01
  8.988463E-01
  8.965248E-01
  8.941012E-01
  8.916776E-01
  8.892540E-01
  8.868305E-01
  8.841692E-01
  8.814482E-01
  8.787274E-01
  8.760065E-01
  8.732053E-01
  8.701427E-01
  8.670801E-01
  8.640176E-01
  8.609552E-01
  8.575492E-01
  8.541048E-01
  8.506604E-01
  8.472161E-01
  8.434437E-01
  8.395788E-01
  8.357140E-01
  8.318494E-01
  8.275936E-01
  8.232782E-01
  8.189629E-01
  8.145777E-01
  8.097934E-01
  8.050096E-01
  8.002264E-01
  7.951476E-01
  7.898867E-01
  7.846269E-01
  7.792429E-01
  7.735091E-01
  7.677773E-01
  7.620128E-01
  7.558271E-01
  7.496442E-01
  7.434436E-01
  7.368384E-01
  7.302364E-01
  7.235708E-01
  7.165851E-01
  7.096027E-01
  7.024688E-01
  6.951397E-01
  6.878137E-01
  6.802200E-01
  6.725786E-01
  6.648301E-01
  6.569017E-01
  6.489671E-01
  6.407683E-01
  6.325722E-01
  6.241620E-01
  6.157026E-01
  6.070578E-01
  5.983321E-01
  5.894010E-01
  5.803761E-01
  5.710916E-01
  5.617335E-01
  5.520492E-01
  5.422767E-01
  5.322612E-01
  5.220668E-01
  5.117415E-01
  5.011471E-01
  4.903890E-01
  4.794560E-01
  4.682642E-01
  4.567767E-01
  4.450091E-01
  4.329468E-01
  4.206624E-01
  4.084861E-01
  3.972730E-01
  3.885174E-01
  3.853065E-01
  3.910081E-01
  3.859225E-01
  3.496562E-01
  4.008421E-01
  1.476506E-01
 -6.948965E-03
  4.719571E-02
  4.715331E-02
  4.711093E-02
  4.706858E-02
  4.702624E-02
  4.698393E-02
  4.694164E-02
  4.689937E-02
  4.685713E-02
  4.680390E-02
  4.675042E-02
  4.669696E-02
  4.664352E-02
  4.659011E-02
  4.653672E-02
  4.648335E-02
  4.644677E-02
  4.644096E-02
  4.643517E-02
  4.642939E-02
  4.642362E-02
  4.641786E-02
  4.641211E-02
  4.640802E-02
  4.641711E-02
  4.642621E-02
  4.643532E-02
  4.644443E-02
  4.645355E-02
  4.646267E-02
  4.647375E-02
  4.649132E-02
  4.650890E-02
  4.652647E-02
  4.654405E-02
  4.656163E-02
  4.657921E-02
  4.660608E-02
  4.663702E-02
  4.666796E-02
  4.669891E-02
  4.672985E-02
  4.676079E-02
  4.679787E-02
  4.684144E-02
  4.688500E-02
  4.692857E-02
  4.697213E-02
  4.701570E-02
  4.705845E-02
  4.710064E-02
  4.714283E-02
  4.718502E-02
  4.722721E-02
  4.726940E-02
  4.729115E-02
  4.731257E-02
  4.733399E-02
  4.735542E-02
  4.737684E-02
  4.737988E-02
  4.737349E-02
  4.736710E-02
  4.736072E-02
  4.735435E-02
  4.733223E-02
  4.729979E-02
  4.726737E-02
  4.723495E-02
  4.720255E-02
  4.715131E-02
  4.709537E-02
  4.703944E-02
  4.698352E-02
  4.692357E-02
  4.685047E-02
  4.677738E-02
  4.670431E-02
  4.663125E-02
  4.654638E-02
  4.646020E-02
  4.637403E-02
  4.628786E-02
  4.618986E-02
  4.608852E-02
  4.598718E-02
  4.588586E-02
  4.577077E-02
  4.565359E-02
  4.553641E-02
  4.541706E-02
  4.528521E-02
  4.515340E-02
  4.502164E-02
  4.487931E-02
  4.473051E-02
  4.458181E-02
  4.442712E-02
  4.425549E-02
  4.408407E-02
  4.391035E-02
  4.370620E-02
  4.350236E-02
  4.329658E-02
  4.304612E-02
  4.279603E-02
  4.253672E-02
  4.223130E-02
  4.192626E-02
  4.159751E-02
  4.123829E-02
  4.087942E-02
  4.048169E-02
  4.007694E-02
  3.965940E-02
  3.922041E-02
  3.878093E-02
  3.831914E-02
  3.785762E-02
  3.739256E-02
  3.692683E-02
  3.647653E-02
  3.603312E-02
  3.561886E-02
  3.521802E-02
  3.485844E-02
  3.451066E-02
  3.422123E-02
  3.395002E-02
  3.372982E-02
  3.355355E-02
  3.340977E-02
  3.333974E-02
  3.331586E-02
  3.334049E-02
  3.343397E-02
  3.359907E-02
  3.383192E-02
  3.415186E-02
  3.460233E-02
  3.528621E-02
  3.641897E-02
  3.836355E-02
  4.178316E-02
  4.734660E-02
  5.221644E-02
  5.361155E-02
  6.722825E-02
  1.204457E-02
  7.949468E-04
  1.716277E-01
  1.716478E-01
  1.716680E-01
  1.716882E-01
  1.717085E-01
  1.717288E-01
  1.717491E-01
  1.717695E-01
  1.717899E-01
  1.718877E-01
  1.719874E-01
  1.720871E-01
  1.721869E-01
  1.722867E-01
  1.723866E-01
  1.724864E-01
  1.725986E-01
  1.727334E-01
  1.728681E-01
  1.730029E-01
  1.731377E-01
  1.732725E-01
  1.734073E-01
  1.735351E-01
  1.736066E-01
  1.736781E-01
  1.737496E-01
  1.738212E-01
  1.738927E-01
  1.739643E-01
  1.740166E-01
  1.740050E-01
  1.739934E-01
  1.739818E-01
  1.739702E-01
  1.739586E-01
  1.739470E-01
  1.738874E-01
  1.738068E-01
  1.737262E-01
  1.736456E-01
  1.735649E-01
  1.734843E-01
  1.733785E-01
  1.732462E-01
  1.731138E-01
  1.729814E-01
  1.728490E-01
  1.727167E-01
  1.725653E-01
  1.724006E-01
  1.722359E-01
  1.720712E-01
  1.719065E-01
  1.717418E-01
  1.715637E-01
  1.713854E-01
  1.712071E-01
  1.710288E-01
  1.708505E-01
  1.706703E-01
  1.704892E-01
  1.703080E-01
  1.701269E-01
  1.699458E-01
  1.697551E-01
  1.695581E-01
  1.693611E-01
  1.691642E-01
  1.689673E-01
  1.687319E-01
  1.684870E-01
  1.682420E-01
  1.679971E-01
  1.677335E-01
  1.674089E-01
  1.670842E-01
  1.667597E-01
  1.664351E-01
  1.660075E-01
  1.655684E-01
  1.651293E-01
  1.646903E-01
  1.641292E-01
  1.635337E-01
  1.629383E-01
  1.623428E-01
  1.615858E-01
  1.608041E-01
  1.600223E-01
  1.592107E-01
  1.582286E-01
  1.572465E-01
  1.562646E-01
  1.551531E-01
  1.539617E-01
  1.527705E-01
  1.515251E-01
  1.501274E-01
  1.487301E-01
  1.473198E-01
  1.457456E-01
  1.441721E-01
  1.425930E-01
  1.408880E-01
  1.391839E-01
  1.374649E-01
  1.356708E-01
  1.338775E-01
  1.320593E-01
  1.302089E-01
  1.283595E-01
  1.264843E-01
  1.246049E-01
  1.227219E-01
  1.208321E-01
  1.189428E-01
  1.170446E-01
  1.151474E-01
  1.132382E-01
  1.113269E-01
  1.094084E-01
  1.074873E-01
  1.055609E-01
  1.036325E-01
  1.016974E-01
  9.976082E-02
  9.782704E-02
  9.590006E-02
  9.399344E-02
  9.211938E-02
  9.027048E-02
  8.849450E-02
  8.677084E-02
  8.510257E-02
  8.351426E-02
  8.200692E-02
  8.057780E-02
  7.926289E-02
  7.815997E-02
  7.753223E-02
  7.797233E-02
  8.049883E-02
  8.673545E-02
  9.806054E-02
  1.067830E-01
  1.020547E-01
  1.192855E-01
  1.900210E-02
 -6.863160E-09
 -8.388162E-05
 -8.374388E-05
 -8.360623E-05
 -8.346866E-05
 -8.333118E-05
 -8.319379E-05
 -8.305648E-05
 -8.291926E-05
 -8.278212E-05
 -8.253147E-05
 -8.227807E-05
 -8.202475E-05
 -8.177151E-05
 -8.151834E-05
 -8.126524E-05
 -8.101222E-05
 -8.080428E-05
 -8.067893E-05
 -8.055363E-05
 -8.042837E-05
 -8.030316E-05
 -8.017799E-05
 -8.005287E-05
 -7.994890E-05
 -8.001401E-05
 -8.007914E-05
 -8.014429E-05
 -8.020946E-05
 -8.027465E-05
 -8.033986E-05
 -8.044277E-05
 -8.067091E-05
 -8.089906E-05
 -8.112721E-05
 -8.135536E-05
 -8.158353E-05
 -8.181169E-05
 -8.213756E-05
 -8.250620E-05
 -8.287484E-05
 -8.324348E-05
 -8.361212E-05
 -8.398076E-05
 -8.440057E-05
 -8.487439E-05
 -8.534821E-05
 -8.582204E-05
 -8.629588E-05
 -8.676972E-05
 -8.726181E-05
 -8.776669E-05
 -8.827157E-05
 -8.877647E-05
 -8.928137E-05
 -8.978628E-05
 -9.023166E-05
 -9.067610E-05
 -9.112055E-05
 -9.156499E-05
 -9.200944E-05
 -9.238133E-05
 -9.271605E-05
 -9.305077E-05
 -9.338551E-05
 -9.372026E-05
 -9.403125E-05
 -9.432670E-05
 -9.462217E-05
 -9.491768E-05
 -9.521322E-05
 -9.556093E-05
 -9.592177E-05
 -9.628265E-05
 -9.664359E-05
 -9.702455E-05
 -9.747047E-05
 -9.791644E-05
 -9.836246E-05
 -9.880852E-05
 -9.934501E-05
 -9.989163E-05
 -1.004383E-04
 -1.009850E-04
 -1.016589E-04
 -1.023686E-04
 -1.030784E-04
 -1.037882E-04
 -1.047135E-04
 -1.056718E-04
 -1.066302E-04
 -1.076366E-04
 -1.089161E-04
 -1.101957E-04
 -1.114754E-04
 -1.129853E-04
 -1.146377E-04
 -1.162904E-04
 -1.180448E-04
 -1.200842E-04
 -1.221242E-04
 -1.241913E-04
 -1.265800E-04
 -1.289699E-04
 -1.313731E-04
 -1.340221E-04
 -1.366722E-04
 -1.393511E-04
 -1.421647E-04
 -1.449789E-04
 -1.478371E-04
 -1.507506E-04
 -1.536638E-04
 -1.566289E-04
 -1.596021E-04
 -1.625858E-04
 -1.655870E-04
 -1.685850E-04
 -1.715874E-04
 -1.745849E-04
 -1.775830E-04
 -1.805764E-04
 -1.835952E-04
 -1.866217E-04
 -1.897377E-04
 -1.928923E-04
 -1.962507E-04
 -1.996653E-04
 -2.035248E-04
 -2.075849E-04
 -2.122314E-04
 -2.176121E-04
 -2.235635E-04
 -2.312321E-04
 -2.403542E-04
 -2.511380E-04
 -2.647454E-04
 -2.820617E-04
 -3.032853E-04
 -3.293505E-04
 -3.612493E-04
 -3.997002E-04
 -4.444172E-04
 -4.928123E-04
 -5.378574E-04
 -5.651052E-04
 -5.588035E-04
 -5.349746E-04
 -2.537487E-04
  5.615550E-04
  8.652742E-04
  6.209905E-03
  6.209633E-03
  6.209361E-03
  6.209090E-03
  6.208819E-03
  6.208548E-03
  6.208277E-03
  6.208007E-03
  6.207737E-03
  6.207217E-03
  6.206691E-03
  6.206165E-03
  6.205638E-03
  6.205113E-03
  6.204587E-03
  6.204061E-03
  6.203623E-03
  6.203346E-03
  6.203069E-03
  6.202792E-03
  6.202515E-03
  6.202237E-03
  6.201960E-03
  6.201716E-03
  6.201734E-03
  6.201752E-03
  6.201769E-03
  6.201787E-03
  6.201805E-03
  6.201823E-03
  6.201825E-03
  6.201777E-03
  6.201728E-03
  6.201679E-03
  6.201630E-03
  6.201582E-03
  6.201533E-03
  6.201293E-03
  6.200969E-03
  6.200644E-03
  6.200320E-03
  6.199996E-03
  6.199672E-03
  6.199188E-03
  6.198535E-03
  6.197882E-03
  6.197229E-03
  6.196577E-03
  6.195924E-03
  6.195109E-03
  6.194181E-03
  6.193252E-03
  6.192324E-03
  6.191395E-03
  6.190467E-03
  6.189373E-03
  6.188277E-03
  6.187180E-03
  6.186084E-03
  6.184988E-03
  6.183840E-03
  6.182666E-03
  6.181492E-03
  6.180318E-03
  6.179144E-03
  6.177898E-03
  6.176604E-03
  6.175310E-03
  6.174016E-03
  6.172722E-03
  6.171279E-03
  6.169799E-03
  6.168319E-03
  6.166838E-03
  6.165332E-03
  6.163742E-03
  6.162152E-03
  6.160562E-03
  6.158972E-03
  6.157396E-03
  6.155822E-03
  6.154248E-03
  6.152673E-03
  6.151166E-03
  6.149678E-03
  6.148190E-03
  6.146702E-03
  6.145329E-03
  6.143974E-03
  6.142620E-03
  6.141295E-03
  6.140138E-03
  6.138983E-03
  6.137829E-03
  6.136844E-03
  6.135966E-03
  6.135092E-03
  6.134307E-03
  6.133769E-03
  6.133238E-03
  6.132743E-03
  6.132603E-03
  6.132474E-03
  6.132378E-03
  6.132703E-03
  6.133044E-03
  6.133480E-03
  6.134317E-03
  6.135173E-03
  6.136248E-03
  6.137599E-03
  6.138970E-03
  6.140690E-03
  6.142493E-03
  6.144401E-03
  6.146469E-03
  6.148558E-03
  6.150597E-03
  6.152660E-03
  6.154354E-03
  6.155980E-03
  6.157007E-03
  6.157783E-03
  6.157756E-03
  6.157370E-03
  6.156058E-03
  6.154494E-03
  6.152279E-03
  6.150205E-03
  6.148616E-03
  6.148776E-03
  6.150383E-03
  6.157775E-03
  6.171010E-03
  6.191179E-03
  6.223943E-03
  6.274157E-03
  6.342987E-03
  6.434895E-03
  6.554413E-03
  6.704369E-03
  6.882019E-03
  7.071391E-03
  7.231529E-03
  7.287657E-03
  7.143945E-03
  6.774774E-03
  6.303173E-03
  6.159043E-03
  7.230734E-03
 -4.758475E-04
 -4.758085E-04
 -4.757695E-04
 -4.757307E-04
 -4.756918E-04
 -4.756531E-04
 -4.756144E-04
 -4.755758E-04
 -4.755372E-04
 -4.754283E-04
 -4.753176E-04
 -4.752071E-04
 -4.750966E-04
 -4.749863E-04
 -4.748760E-04
 -4.747658E-04
 -4.746660E-04
 -4.745854E-04
 -4.745048E-04
 -4.744243E-04
 -4.743439E-04
 -4.742636E-04
 -4.741834E-04
 -4.741079E-04
 -4.740704E-04
 -4.740330E-04
 -4.739956E-04
 -4.739583E-04
 -4.739210E-04
 -4.738838E-04
 -4.738481E-04
 -4.738172E-04
 -4.737864E-04
 -4.737556E-04
 -4.737247E-04
 -4.736940E-04
 -4.736632E-04
 -4.736222E-04
 -4.735766E-04
 -4.735311E-04
 -4.734856E-04
 -4.734400E-04
 -4.733945E-04
 -4.733362E-04
 -4.732645E-04
 -4.731928E-04
 -4.731210E-04
 -4.730492E-04
 -4.729774E-04
 -4.728835E-04
 -4.727741E-04
 -4.726646E-04
 -4.725551E-04
 -4.724456E-04
 -4.723360E-04
 -4.721823E-04
 -4.720278E-04
 -4.718734E-04
 -4.717189E-04
 -4.715644E-04
 -4.713798E-04
 -4.711797E-04
 -4.709796E-04
 -4.707795E-04
 -4.705795E-04
 -4.703475E-04
 -4.700944E-04
 -4.698415E-04
 -4.695887E-04
 -4.693360E-04
 -4.690357E-04
 -4.687236E-04
 -4.684117E-04
 -4.681000E-04
 -4.677767E-04
 -4.674153E-04
 -4.670540E-04
 -4.666930E-04
 -4.663322E-04
 -4.658844E-04
 -4.654270E-04
 -4.649697E-04
 -4.645127E-04
 -4.638499E-04
 -4.631293E-04
 -4.624091E-04
 -4.616891E-04
 -4.605723E-04
 -4.593953E-04
 -4.582187E-04
 -4.569471E-04
 -4.551320E-04
 -4.533179E-04
 -4.515049E-04
 -4.491990E-04
 -4.465892E-04
 -4.439812E-04
 -4.411343E-04
 -4.376145E-04
 -4.340974E-04
 -4.305149E-04
 -4.261007E-04
 -4.216902E-04
 -4.172453E-04
 -4.120437E-04
 -4.068462E-04
 -4.015380E-04
 -3.956772E-04
 -3.898206E-04
 -3.837300E-04
 -3.773382E-04
 -3.709501E-04
 -3.642043E-04
 -3.573942E-04
 -3.504596E-04
 -3.433157E-04
 -3.361662E-04
 -3.287576E-04
 -3.213525E-04
 -3.138132E-04
 -3.062451E-04
 -2.987130E-04
 -2.911999E-04
 -2.838726E-04
 -2.766346E-04
 -2.697406E-04
 -2.629506E-04
 -2.567312E-04
 -2.507217E-04
 -2.452926E-04
 -2.404562E-04
 -2.360671E-04
 -2.328555E-04
 -2.305262E-04
 -2.291670E-04
 -2.293718E-04
 -2.314849E-04
 -2.354626E-04
 -2.416210E-04
 -2.518457E-04
 -2.630859E-04
 -2.765753E-04
 -2.910495E-04
 -3.033969E-04
 -3.072607E-04
 -2.953038E-04
 -2.699931E-04
 -1.510100E-04
  9.306278E-05
  1.743365E-09
  1.273240E+00
  1.273211E+00
  1.273125E+00
  1.272981E+00
  1.272781E+00
  1.272522E+00
  1.272207E+00
  1.271834E+00
  1.271403E+00
  1.270915E+00
  1.270369E+00
  1.269765E+00
  1.269104E+00
  1.268384E+00
  1.267607E+00
  1.266771E+00
  1.265877E+00
  1.264925E+00
  1.263915E+00
  1.262845E+00
  1.261717E+00
  1.260530E+00
  1.259284E+00
  1.257979E+00
  1.256614E+00
  1.255190E+00
  1.253705E+00
  1.252161E+00
  1.250556E+00
  1.248891E+00
  1.247165E+00
  1.245378E+00
  1.243529E+00
  1.241620E+00
  1.239648E+00
  1.237614E+00
  1.235518E+00
  1.233359E+00
  1.231136E+00
  1.228851E+00
  1.226501E+00
  1.224088E+00
  1.221610E+00
  1.219067E+00
  1.216458E+00
  1.213784E+00
  1.211044E+00
  1.208237E+00
  1.205362E+00
  1.202421E+00
  1.199411E+00
  1.196332E+00
  1.193185E+00
  1.189968E+00
  1.186680E+00
  1.183322E+00
  1.179892E+00
  1.176390E+00
  1.172816E+00
  1.169168E+00
  1.165446E+00
  1.161649E+00
  1.157776E+00
  1.153828E+00
  1.149802E+00
  1.145699E+00
  1.141516E+00
  1.137254E+00
  1.132912E+00
  1.128488E+00
  1.123982E+00
  1.119393E+00
  1.114719E+00
  1.109960E+00
  1.105114E+00
  1.100180E+00
  1.095157E+00
  1.090045E+00
  1.084841E+00
  1.079544E+00
  1.074153E+00
  1.068667E+00
  1.063083E+00
  1.057401E+00
  1.051619E+00
  1.045735E+00
  1.039748E+00
  1.033655E+00
  1.027455E+00
  1.021146E+00
  1.014726E+00
  1.008193E+00
  1.001543E+00
  9.947766E-01
  9.878894E-01
  9.808795E-01
  9.737441E-01
  9.664805E-01
  9.590857E-01
  9.515567E-01
  9.438904E-01
  9.360832E-01
  9.281318E-01
  9.200322E-01
  9.117806E-01
  9.033729E-01
  8.948045E-01
  8.860709E-01
  8.771671E-01
  8.680879E-01
  8.588277E-01
  8.493806E-01
  8.397402E-01
  8.299000E-01
  8.198525E-01
  8.095903E-01
  7.991048E-01
  7.883874E-01
  7.774283E-01
  7.662172E-01
  7.547428E-01
  7.429930E-01
  7.309546E-01
  7.186128E-01
  7.059520E-01
  6.929545E-01
  6.796012E-01
  6.658704E-01
  6.517385E-01
  6.371787E-01
  6.221609E-01
  6.066513E-01
  5.906109E-01
  5.739954E-01
  5.567532E-01
  5.388241E-01
  5.201372E-01
  5.006076E-01
  4.801325E-01
  4.585853E-01
  4.358068E-01
  4.115929E-01
  3.856731E-01
  3.576769E-01
  3.270715E-01
  2.930404E-01
  2.542116E-01
  2.079144E-01
  1.472658E-01
  0.000000E+00
  1.118870E-01
  1.118574E-01
  1.118279E-01
  1.117985E-01
  1.117690E-01
  1.117396E-01
  1.117101E-01
  1.116806E-01
  1.116512E-01
  1.116260E-01
  1.116008E-01
  1.115757E-01
  1.115506E-01
  1.115254E-01
  1.115003E-01
  1.114752E-01
  1.114518E-01
  1.114318E-01
  1.114117E-01
  1.113917E-01
  1.113716E-01
  1.113516E-01
  1.113315E-01
  1.113121E-01
  1.112981E-01
  1.112840E-01
  1.112699E-01
  1.112559E-01
  1.112418E-01
  1.112277E-01
  1.112153E-01
  1.112081E-01
  1.112010E-01
  1.111939E-01
  1.111868E-01
  1.111797E-01
  1.111726E-01
  1.111708E-01
  1.111714E-01
  1.111719E-01
  1.111725E-01
  1.111730E-01
  1.111735E-01
  1.111773E-01
  1.111846E-01
  1.111918E-01
  1.111991E-01
  1.112063E-01
  1.112136E-01
  1.112214E-01
  1.112297E-01
  1.112380E-01
  1.112463E-01
  1.112545E-01
  1.112628E-01
  1.112631E-01
  1.112633E-01
  1.112635E-01
  1.112637E-01
  1.112639E-01
  1.112581E-01
  1.112493E-01
  1.112405E-01
  1.112317E-01
  1.112229E-01
  1.112100E-01
  1.111945E-01
  1.111789E-01
  1.111634E-01
  1.111478E-01
  1.111298E-01
  1.111112E-01
  1.110926E-01
  1.110740E-01
  1.110558E-01
  1.110389E-01
  1.110219E-01
  1.110050E-01
  1.109881E-01
  1.109717E-01
  1.109555E-01
  1.109394E-01
  1.109232E-01
  1.108913E-01
  1.108550E-01
  1.108186E-01
  1.107823E-01
  1.107112E-01
  1.106348E-01
  1.105584E-01
  1.104733E-01
  1.103388E-01
  1.102042E-01
  1.100697E-01
  1.098893E-01
  1.096804E-01
  1.094715E-01
  1.092398E-01
  1.089440E-01
  1.086482E-01
  1.083463E-01
  1.079698E-01
  1.075965E-01
  1.072991E-01
  1.069555E-01
  1.066120E-01
  1.062617E-01
  1.058785E-01
  1.054952E-01
  1.051168E-01
  1.047448E-01
  1.043728E-01
  1.039895E-01
  1.036986E-01
  1.034242E-01
  1.032992E-01
  1.033704E-01
  1.034338E-01
  1.035225E-01
  1.036154E-01
  1.037048E-01
  1.037851E-01
  1.038613E-01
  1.039321E-01
  1.040005E-01
  1.040682E-01
  1.041766E-01
  1.042817E-01
  1.043864E-01
  1.044901E-01
  1.045940E-01
  1.046979E-01
  1.048030E-01
  1.049089E-01
  1.050160E-01
  1.051246E-01
  1.052351E-01
  1.053472E-01
  1.054610E-01
  1.054853E-01
  1.056028E-01
  1.057222E-01
  1.058436E-01
  1.060049E-01
  1.061714E-01
  1.063418E-01
  1.065254E-01
  1.067174E-01
  1.281374E-01
  2.263231E-02
 -8.693391E-02
 -9.327741E-02
 -9.962090E-02
 -1.059644E-01
 -1.123079E-01
 -1.186514E-01
 -1.249949E-01
 -1.313383E-01
 -1.376818E-01
 -1.431131E-01
 -1.485219E-01
 -1.539306E-01
 -1.593393E-01
 -1.647480E-01
 -1.701567E-01
 -1.755654E-01
 -1.805878E-01
 -1.849015E-01
 -1.892153E-01
 -1.935290E-01
 -1.978428E-01
 -2.021565E-01
 -2.064703E-01
 -2.106410E-01
 -2.136667E-01
 -2.166925E-01
 -2.197182E-01
 -2.227440E-01
 -2.257697E-01
 -2.287955E-01
 -2.314747E-01
 -2.330025E-01
 -2.345302E-01
 -2.360579E-01
 -2.375856E-01
 -2.391133E-01
 -2.406410E-01
 -2.410255E-01
 -2.409096E-01
 -2.407937E-01
 -2.406777E-01
 -2.405618E-01
 -2.404459E-01
 -2.396284E-01
 -2.380708E-01
 -2.365131E-01
 -2.349555E-01
 -2.333979E-01
 -2.318402E-01
 -2.301522E-01
 -2.283729E-01
 -2.265936E-01
 -2.248143E-01
 -2.230349E-01
 -2.212556E-01
 -2.211895E-01
 -2.211503E-01
 -2.211111E-01
 -2.210720E-01
 -2.210328E-01
 -2.222712E-01
 -2.241646E-01
 -2.260580E-01
 -2.279513E-01
 -2.298447E-01
 -2.326136E-01
 -2.359569E-01
 -2.393002E-01
 -2.426435E-01
 -2.459868E-01
 -2.498544E-01
 -2.538535E-01
 -2.578526E-01
 -2.618517E-01
 -2.657640E-01
 -2.693941E-01
 -2.730243E-01
 -2.766544E-01
 -2.802846E-01
 -2.828994E-01
 -2.854006E-01
 -2.879018E-01
 -2.904031E-01
 -2.920303E-01
 -2.934115E-01
 -2.947926E-01
 -2.961737E-01
 -2.966847E-01
 -2.970623E-01
 -2.974398E-01
 -2.976840E-01
 -2.971698E-01
 -2.966557E-01
 -2.961415E-01
 -2.951421E-01
 -2.938427E-01
 -2.925432E-01
 -2.910769E-01
 -2.891425E-01
 -2.872082E-01
 -2.852720E-01
 -2.833129E-01
 -2.813539E-01
 -2.794301E-01
 -2.782144E-01
 -2.769987E-01
 -2.760104E-01
 -2.761249E-01
 -2.762393E-01
 -2.771087E-01
 -2.789458E-01
 -2.807828E-01
 -2.842572E-01
 -2.880385E-01
 -2.925841E-01
 -2.983989E-01
 -3.042805E-01
 -3.121250E-01
 -3.199694E-01
 -3.290552E-01
 -3.384376E-01
 -3.470345E-01
 -3.552826E-01
 -3.610657E-01
 -3.657084E-01
 -3.664531E-01
 -3.660685E-01
 -3.601942E-01
 -3.526885E-01
 -3.406991E-01
 -3.252014E-01
 -3.071274E-01
 -2.837706E-01
 -2.574185E-01
 -2.280057E-01
 -1.945534E-01
 -1.573299E-01
 -1.170013E-01
 -7.348370E-02
  3.024754E-02
  8.014888E-02
  1.331563E-01
  1.891719E-01
  2.480788E-01
  3.097478E-01
  3.740431E-01
  4.408257E-01
  5.102985E-01
 -2.334190E-01
  3.002061E+00
  9.799835E-01
  9.799837E-01
  9.799839E-01
  9.799841E-01
  9.799843E-01
  9.799845E-01
  9.799847E-01
  9.799850E-01
  9.799852E-01
  9.799854E-01
  9.799857E-01
  9.799859E-01
  9.799862E-01
  9.799864E-01
  9.799867E-01
  9.799870E-01
  9.799872E-01
  9.799875E-01
  9.799877E-01
  9.799880E-01
  9.799882E-01
  9.799885E-01
  9.799887E-01
  9.799890E-01
  9.799892E-01
  9.799894E-01
  9.799896E-01
  9.799898E-01
  9.799900E-01
  9.799902E-01
  9.799904E-01
  9.799905E-01
  9.799906E-01
  9.799907E-01
  9.799908E-01
  9.799909E-01
  9.799910E-01
  9.799910E-01
  9.799910E-01
  9.799910E-01
  9.799910E-01
  9.799910E-01
  9.799910E-01
  9.799909E-01
  9.799908E-01
  9.799907E-01
  9.799906E-01
  9.799905E-01
  9.799904E-01
  9.799903E-01
  9.799902E-01
  9.799900E-01
  9.799899E-01
  9.799898E-01
  9.799897E-01
  9.799897E-01
  9.799897E-01
  9.799897E-01
  9.799897E-01
  9.799897E-01
  9.799898E-01
  9.799899E-01
  9.799900E-01
  9.799901E-01
  9.799903E-01
  9.799905E-01
  9.799907E-01
  9.799909E-01
  9.799912E-01
  9.799914E-01
  9.799917E-01
  9.799920E-01
  9.799923E-01
  9.799926E-01
  9.799929E-01
  9.799932E-01
  9.799935E-01
  9.799938E-01
  9.799941E-01
  9.799943E-01
  9.799945E-01
  9.799947E-01
  9.799950E-01
  9.799951E-01
  9.799952E-01
  9.799953E-01
  9.799955E-01
  9.799955E-01
  9.799955E-01
  9.799956E-01
  9.799956E-01
  9.799956E-01
  9.799955E-01
  9.799955E-01
  9.799954E-01
  9.799953E-01
  9.799952E-01
  9.799950E-01
  9.799949E-01
  9.799947E-01
  9.799945E-01
  9.799944E-01
  9.799942E-01
  9.799940E-01
  9.799939E-01
  9.799938E-01
  9.799937E-01
  9.799938E-01
  9.799938E-01
  9.799938E-01
  9.799940E-01
  9.799941E-01
  9.799944E-01
  9.799948E-01
  9.799952E-01
  9.799957E-01
  9.799962E-01
  9.799969E-01
  9.799977E-01
  9.799985E-01
  9.799995E-01
  9.800004E-01
  9.800012E-01
  9.800018E-01
  9.800023E-01
  9.800024E-01
  9.800024E-01
  9.800017E-01
  9.800009E-01
  9.799997E-01
  9.799982E-01
  9.799965E-01
  9.799944E-01
  9.799923E-01
  9.799901E-01
  9.799880E-01
  9.799861E-01
  9.799844E-01
  9.799832E-01
  9.799825E-01
  9.799833E-01
  9.799850E-01
  9.799877E-01
  9.799916E-01
  9.799967E-01
  9.800033E-01
  9.800114E-01
  9.800212E-01
  7.134834E-01
  4.034088E-06
 -2.015023E+02
 -2.018350E+02
 -2.021676E+02
 -2.024999E+02
 -2.028321E+02
 -2.031641E+02
 -2.034959E+02
 -2.038276E+02
 -2.041591E+02
 -2.044880E+02
 -2.048166E+02
 -2.051450E+02
 -2.054733E+02
 -2.058013E+02
 -2.061292E+02
 -2.064568E+02
 -2.065763E+02
 -2.063140E+02
 -2.060516E+02
 -2.057892E+02
 -2.055266E+02
 -2.052639E+02
 -2.050012E+02
 -2.046968E+02
 -2.040601E+02
 -2.034233E+02
 -2.027865E+02
 -2.021496E+02
 -2.015126E+02
 -2.008756E+02
 -2.001619E+02
 -1.991934E+02
 -1.982249E+02
 -1.972563E+02
 -1.962878E+02
 -1.953192E+02
 -1.943506E+02
 -1.931323E+02
 -1.918048E+02
 -1.904773E+02
 -1.891498E+02
 -1.878222E+02
 -1.864947E+02
 -1.850054E+02
 -1.833453E+02
 -1.816853E+02
 -1.800252E+02
 -1.783652E+02
 -1.767051E+02
 -1.749387E+02
 -1.730979E+02
 -1.712570E+02
 -1.694162E+02
 -1.675753E+02
 -1.657344E+02
 -1.639175E+02
 -1.621009E+02
 -1.602843E+02
 -1.584677E+02
 -1.566511E+02
 -1.549041E+02
 -1.531927E+02
 -1.514813E+02
 -1.497699E+02
 -1.480584E+02
 -1.463942E+02
 -1.447608E+02
 -1.431274E+02
 -1.414939E+02
 -1.398602E+02
 -1.382411E+02
 -1.366255E+02
 -1.350098E+02
 -1.333939E+02
 -1.317567E+02
 -1.300503E+02
 -1.283438E+02
 -1.266372E+02
 -1.249304E+02
 -1.230703E+02
 -1.211931E+02
 -1.193157E+02
 -1.174383E+02
 -1.154200E+02
 -1.133621E+02
 -1.113042E+02
 -1.092462E+02
 -1.070161E+02
 -1.047596E+02
 -1.025031E+02
 -1.002126E+02
 -9.772842E+01
 -9.524421E+01
 -9.276001E+01
 -9.014655E+01
 -8.745292E+01
 -8.475903E+01
 -8.202797E+01
 -7.919278E+01
 -7.635675E+01
 -7.351886E+01
 -7.066710E+01
 -6.781397E+01
 -6.496741E+01
 -6.227881E+01
 -5.958857E+01
 -5.694744E+01
 -5.455056E+01
 -5.215208E+01
 -4.988972E+01
 -4.780234E+01
 -4.571355E+01
 -4.383211E+01
 -4.198853E+01
 -4.019765E+01
 -3.849516E+01
 -3.679261E+01
 -3.512045E+01
 -3.344731E+01
 -3.164015E+01
 -2.980055E+01
 -2.764178E+01
 -2.534186E+01
 -2.255539E+01
 -1.954537E+01
 -1.587025E+01
 -1.200520E+01
 -7.225766E+00
 -2.168300E+00
  3.665433E+00
  1.015747E+01
  1.713711E+01
  2.522825E+01
  3.403614E+01
  4.360885E+01
  5.430662E+01
  6.624606E+01
  7.938412E+01
  9.399933E+01
  1.105671E+02
  1.299937E+02
  1.539422E+02
  1.850416E+02
  2.276669E+02
  2.856394E+02
  3.425637E+02
  3.840570E+02
  4.880026E+02
  5.835256E+01
  3.892294E-04
  1.076782E+04
  1.076586E+04
  1.076390E+04
  1.076194E+04
  1.075998E+04
  1.075803E+04
  1.075607E+04
  1.075412E+04
  1.075216E+04
  1.074848E+04
  1.074476E+04
  1.074103E+04
  1.073731E+04
  1.073359E+04
  1.072987E+04
  1.072614E+04
  1.072217E+04
  1.071773E+04
  1.071328E+04
  1.070884E+04
  1.070440E+04
  1.069995E+04
  1.069551E+04
  1.069077E+04
  1.068358E+04
  1.067639E+04
  1.066920E+04
  1.066201E+04
  1.065482E+04
  1.064763E+04
  1.063970E+04
  1.062932E+04
  1.061894E+04
  1.060855E+04
  1.059817E+04
  1.058778E+04
  1.057740E+04
  1.056503E+04
  1.055179E+04
  1.053855E+04
  1.052531E+04
  1.051207E+04
  1.049883E+04
  1.048431E+04
  1.046846E+04
  1.045260E+04
  1.043674E+04
  1.042088E+04
  1.040502E+04
  1.038758E+04
  1.036904E+04
  1.035050E+04
  1.033196E+04
  1.031342E+04
  1.029488E+04
  1.027355E+04
  1.025218E+04
  1.023081E+04
  1.020944E+04
  1.018807E+04
  1.016485E+04
  1.014069E+04
  1.011653E+04
  1.009237E+04
  1.006821E+04
  1.004229E+04
  1.001523E+04
  9.988174E+03
  9.961116E+03
  9.934057E+03
  9.904330E+03
  9.873935E+03
  9.843540E+03
  9.813146E+03
  9.781852E+03
  9.747630E+03
  9.713409E+03
  9.679189E+03
  9.644969E+03
  9.606906E+03
  9.568414E+03
  9.529922E+03
  9.491431E+03
  9.449267E+03
  9.406070E+03
  9.362874E+03
  9.319679E+03
  9.272108E+03
  9.223869E+03
  9.175632E+03
  9.126612E+03
  9.073127E+03
  9.019648E+03
  8.966175E+03
  8.909394E+03
  8.850576E+03
  8.791769E+03
  8.731572E+03
  8.667455E+03
  8.603360E+03
  8.538899E+03
  8.469713E+03
  8.400557E+03
  8.331203E+03
  8.257296E+03
  8.183426E+03
  8.108839E+03
  8.030643E+03
  7.952485E+03
  7.872617E+03
  7.790546E+03
  7.708511E+03
  7.623459E+03
  7.537869E+03
  7.451074E+03
  7.362256E+03
  7.273369E+03
  7.181517E+03
  7.089697E+03
  6.995485E+03
  6.900725E+03
  6.803908E+03
  6.706194E+03
  6.606209E+03
  6.505189E+03
  6.401301E+03
  6.296601E+03
  6.188301E+03
  6.079030E+03
  5.967083E+03
  5.853168E+03
  5.737814E+03
  5.619504E+03
  5.499396E+03
  5.377364E+03
  5.252484E+03
  5.124338E+03
  4.993100E+03
  4.858613E+03
  4.721719E+03
  4.586184E+03
  4.461720E+03
  4.365311E+03
  4.331982E+03
  4.399950E+03
  4.347248E+03
  3.943911E+03
  4.528883E+03
  1.214468E+03
 -2.519184E-04
 -2.197720E+01
 -2.179062E+01
 -2.160407E+01
 -2.141752E+01
 -2.123098E+01
 -2.104446E+01
 -2.085795E+01
 -2.067145E+01
 -2.048496E+01
 -2.005420E+01
 -1.961740E+01
 -1.918061E+01
 -1.874385E+01
 -1.830709E+01
 -1.787036E+01
 -1.743363E+01
 -1.695600E+01
 -1.640333E+01
 -1.585066E+01
 -1.529801E+01
 -1.474538E+01
 -1.419275E+01
 -1.364014E+01
 -1.307085E+01
 -1.236797E+01
 -1.166509E+01
 -1.096223E+01
 -1.025938E+01
 -9.556533E+00
 -8.853697E+00
 -8.117584E+00
 -7.270852E+00
 -6.424125E+00
 -5.577403E+00
 -4.730685E+00
 -3.883972E+00
 -3.037264E+00
 -2.170088E+00
 -1.293952E+00
 -4.178139E-01
  4.583254E-01
  1.334466E+00
  2.210608E+00
  2.902077E+00
  3.398700E+00
  3.895326E+00
  4.391956E+00
  4.888590E+00
  5.385228E+00
  5.312670E+00
  4.841423E+00
  4.370171E+00
  3.898914E+00
  3.427653E+00
  2.956387E+00
  1.757588E+00
  5.473338E-01
 -6.629232E-01
 -1.873183E+00
 -3.083446E+00
 -4.265345E+00
 -5.432698E+00
 -6.600043E+00
 -7.767380E+00
 -8.934711E+00
 -9.857014E+00
 -1.061857E+01
 -1.138013E+01
 -1.214167E+01
 -1.290320E+01
 -1.314164E+01
 -1.324888E+01
 -1.335613E+01
 -1.346337E+01
 -1.330756E+01
 -1.229701E+01
 -1.128647E+01
 -1.027595E+01
 -9.265445E+00
 -6.288659E+00
 -3.091957E+00
  1.047015E-01
  3.301317E+00
  8.819361E+00
  1.499114E+01
  2.116277E+01
  2.733428E+01
  3.598405E+01
  4.501352E+01
  5.404266E+01
  6.344672E+01
  7.498473E+01
  8.652210E+01
  9.805884E+01
  1.108392E+02
  1.243883E+02
  1.379363E+02
  1.517347E+02
  1.662368E+02
  1.807377E+02
  1.952040E+02
  2.092588E+02
  2.233122E+02
  2.373030E+02
  2.500610E+02
  2.628173E+02
  2.752943E+02
  2.864222E+02
  2.975479E+02
  3.079035E+02
  3.172720E+02
  3.266376E+02
  3.345270E+02
  3.421367E+02
  3.491142E+02
  3.550439E+02
  3.609018E+02
  3.647641E+02
  3.686222E+02
  3.684349E+02
  3.672792E+02
  3.609649E+02
  3.523626E+02
  3.397940E+02
  3.253945E+02
  3.084075E+02
  2.906757E+02
  2.714444E+02
  2.520717E+02
  2.324231E+02
  2.130125E+02
  1.938009E+02
  1.753925E+02
  1.576191E+02
  1.405310E+02
  1.244795E+02
  1.095485E+02
  9.565616E+01
  8.298252E+01
  7.181264E+01
  6.266961E+01
  5.651490E+01
  5.482807E+01
  5.948423E+01
  7.135930E+01
  8.274536E+01
  8.018204E+01
  9.237112E+02
  4.095610E+03
  3.084883E-02
