 Title= "ADflow Lift Distribution Data"
Variables = "eta" "CoordinateX" "CoordinateY" "CoordinateZ" "Lift" "Drag" "Moment" "Normalized Lift" "Normalized Drag" "Normalized Moment" "CL" "CD" "CM" "CLp" "CDp" "CMp" "CLv" "CDv" "CMv" "Elliptical" "thickness" "twist" "chord" "fx" "fy" "fz" 
Zone T= "LiftDist_01 allWalls: : z normal"
 I=          150
 DATAPACKING=BLOCK
  0.000000E+00
  6.711405E-03
  1.342281E-02
  2.013422E-02
  2.684563E-02
  3.355704E-02
  4.026845E-02
  4.697986E-02
  5.369127E-02
  6.040268E-02
  6.711409E-02
  7.382550E-02
  8.053691E-02
  8.724832E-02
  9.395973E-02
  1.006711E-01
  1.073825E-01
  1.140940E-01
  1.208054E-01
  1.275168E-01
  1.342282E-01
  1.409396E-01
  1.476510E-01
  1.543624E-01
  1.610738E-01
  1.677852E-01
  1.744966E-01
  1.812081E-01
  1.879195E-01
  1.946309E-01
  2.013423E-01
  2.080537E-01
  2.147651E-01
  2.214765E-01
  2.281879E-01
  2.348993E-01
  2.416107E-01
  2.483221E-01
  2.550336E-01
  2.617450E-01
  2.684564E-01
  2.751678E-01
  2.818792E-01
  2.885906E-01
  2.953020E-01
  3.020134E-01
  3.087248E-01
  3.154362E-01
  3.221476E-01
  3.288591E-01
  3.355705E-01
  3.422819E-01
  3.489933E-01
  3.557047E-01
  3.624161E-01
  3.691275E-01
  3.758389E-01
  3.825503E-01
  3.892617E-01
  3.959732E-01
  4.026846E-01
  4.093960E-01
  4.161074E-01
  4.228188E-01
  4.295302E-01
  4.362416E-01
  4.429530E-01
  4.496644E-01
  4.563758E-01
  4.630872E-01
  4.697987E-01
  4.765101E-01
  4.832215E-01
  4.899329E-01
  4.966443E-01
  5.033557E-01
  5.100671E-01
  5.167785E-01
  5.234899E-01
  5.302013E-01
  5.369128E-01
  5.436242E-01
  5.503356E-01
  5.570470E-01
  5.637584E-01
  5.704698E-01
  5.771812E-01
  5.838926E-01
  5.906040E-01
  5.973154E-01
  6.040268E-01
  6.107383E-01
  6.174497E-01
  6.241611E-01
  6.308725E-01
  6.375839E-01
  6.442953E-01
  6.510067E-01
  6.577181E-01
  6.644295E-01
  6.711409E-01
  6.778524E-01
  6.845638E-01
  6.912752E-01
  6.979866E-01
  7.046980E-01
  7.114094E-01
  7.181208E-01
  7.248322E-01
  7.315436E-01
  7.382550E-01
  7.449664E-01
  7.516779E-01
  7.583893E-01
  7.651007E-01
  7.718121E-01
  7.785235E-01
  7.852349E-01
  7.919463E-01
  7.986577E-01
  8.053691E-01
  8.120805E-01
  8.187919E-01
  8.255034E-01
  8.322148E-01
  8.389262E-01
  8.456376E-01
  8.523490E-01
  8.590604E-01
  8.657718E-01
  8.724832E-01
  8.791946E-01
  8.859060E-01
  8.926175E-01
  8.993289E-01
  9.060403E-01
  9.127517E-01
  9.194631E-01
  9.261745E-01
  9.328859E-01
  9.395973E-01
  9.463087E-01
  9.530201E-01
  9.597315E-01
  9.664430E-01
  9.731544E-01
  9.798658E-01
  9.865772E-01
  9.932886E-01
  1.000000E+00
  0.000000E+00
  0.000000E+00
  0.000000E+00
  0.000000E+00
  0.000000E+00
  0.000000E+00
  0.000000E+00
  0.000000E+00
  0.000000E+00
  0.000000E+00
  0.000000E+00
  0.000000E+00
  0.000000E+00
  0.000000E+00
  0.000000E+00
  0.000000E+00
  0.000000E+00
  0.000000E+00
  0.000000E+00
  0.000000E+00
  0.000000E+00
  0.000000E+00
  0.000000E+00
  0.000000E+00
  0.000000E+00
  0.000000E+00
  0.000000E+00
  0.000000E+00
  0.000000E+00
  0.000000E+00
  0.000000E+00
  0.000000E+00
  0.000000E+00
  0.000000E+00
  0.000000E+00
  0.000000E+00
  0.000000E+00
  0.000000E+00
  0.000000E+00
  0.000000E+00
  0.000000E+00
  0.000000E+00
  0.000000E+00
  0.000000E+00
  0.000000E+00
  0.000000E+00
  0.000000E+00
  0.000000E+00
  0.000000E+00
  0.000000E+00
  0.000000E+00
  0.000000E+00
  0.000000E+00
  0.000000E+00
  0.000000E+00
  0.000000E+00
  0.000000E+00
  0.000000E+00
  0.000000E+00
  0.000000E+00
  0.000000E+00
  0.000000E+00
  0.000000E+00
  0.000000E+00
  0.000000E+00
  0.000000E+00
  0.000000E+00
  0.000000E+00
  0.000000E+00
  0.000000E+00
  0.000000E+00
  0.000000E+00
  0.000000E+00
  0.000000E+00
  0.000000E+00
  0.000000E+00
  0.000000E+00
  0.000000E+00
  0.000000E+00
  0.000000E+00
  0.000000E+00
  0.000000E+00
  0.000000E+00
  0.000000E+00
  0.000000E+00
  0.000000E+00
  0.000000E+00
  0.000000E+00
  0.000000E+00
  0.000000E+00
  0.000000E+00
  0.000000E+00
  0.000000E+00
  0.000000E+00
  0.000000E+00
  0.000000E+00
  0.000000E+00
  0.000000E+00
  0.000000E+00
  0.000000E+00
  0.000000E+00
  0.000000E+00
  0.000000E+00
  0.000000E+00
  0.000000E+00
  0.000000E+00
  0.000000E+00
  0.000000E+00
  0.000000E+00
  0.000000E+00
  0.000000E+00
  0.000000E+00
  0.000000E+00
  0.000000E+00
  0.000000E+00
  0.000000E+00
  0.000000E+00
  0.000000E+00
  0.000000E+00
  0.000000E+00
  0.000000E+00
  0.000000E+00
  0.000000E+00
  0.000000E+00
  0.000000E+00
  0.000000E+00
  0.000000E+00
  0.000000E+00
  0.000000E+00
  0.000000E+00
  0.000000E+00
  0.000000E+00
  0.000000E+00
  0.000000E+00
  0.000000E+00
  0.000000E+00
  0.000000E+00
  0.000000E+00
  0.000000E+00
  0.000000E+00
  0.000000E+00
  0.000000E+00
  0.000000E+00
  0.000000E+00
  0.000000E+00
  0.000000E+00
  0.000000E+00
  0.000000E+00
  0.000000E+00
  0.000000E+00
  0.000000E+00
  0.000000E+00
  0.000000E+00
  0.000000E+00
  0.000000E+00
  0.000000E+00
  0.000000E+00
  0.000000E+00
  0.000000E+00
  0.000000E+00
  0.000000E+00
  0.000000E+00
  0.000000E+00
  0.000000E+00
  0.000000E+00
  0.000000E+00
  0.000000E+00
  0.000000E+00
  0.000000E+00
  0.000000E+00
  0.000000E+00
  0.000000E+00
  0.000000E+00
  0.000000E+00
  0.000000E+00
  0.000000E+00
  0.000000E+00
  0.000000E+00
  0.000000E+00
  0.000000E+00
  0.000000E+00
  0.000000E+00
  0.000000E+00
  0.000000E+00
  0.000000E+00
  0.000000E+00
  0.000000E+00
  0.000000E+00
  0.000000E+00
  0.000000E+00
  0.000000E+00
  0.000000E+00
  0.000000E+00
  0.000000E+00
  0.000000E+00
  0.000000E+00
  0.000000E+00
  0.000000E+00
  0.000000E+00
  0.000000E+00
  0.000000E+00
  0.000000E+00
  0.000000E+00
  0.000000E+00
  0.000000E+00
  0.000000E+00
  0.000000E+00
  0.000000E+00
  0.000000E+00
  0.000000E+00
  0.000000E+00
  0.000000E+00
  0.000000E+00
  0.000000E+00
  0.000000E+00
  0.000000E+00
  0.000000E+00
  0.000000E+00
  0.000000E+00
  0.000000E+00
  0.000000E+00
  0.000000E+00
  0.000000E+00
  0.000000E+00
  0.000000E+00
  0.000000E+00
  0.000000E+00
  0.000000E+00
  0.000000E+00
  0.000000E+00
  0.000000E+00
  0.000000E+00
  0.000000E+00
  0.000000E+00
  0.000000E+00
  0.000000E+00
  0.000000E+00
  0.000000E+00
  0.000000E+00
  0.000000E+00
  0.000000E+00
  0.000000E+00
  0.000000E+00
  0.000000E+00
  0.000000E+00
  0.000000E+00
  0.000000E+00
  0.000000E+00
  0.000000E+00
  0.000000E+00
  0.000000E+00
  0.000000E+00
  0.000000E+00
  0.000000E+00
  0.000000E+00
  0.000000E+00
  0.000000E+00
  0.000000E+00
  0.000000E+00
  0.000000E+00
  0.000000E+00
  0.000000E+00
  0.000000E+00
  0.000000E+00
  0.000000E+00
  0.000000E+00
  0.000000E+00
  0.000000E+00
  0.000000E+00
  0.000000E+00
  0.000000E+00
  0.000000E+00
  0.000000E+00
  0.000000E+00
  0.000000E+00
  0.000000E+00
  0.000000E+00
  0.000000E+00
  0.000000E+00
  0.000000E+00
  0.000000E+00
  0.000000E+00
  0.000000E+00
  0.000000E+00
  0.000000E+00
  0.000000E+00
  0.000000E+00
  0.000000E+00
  0.000000E+00
  0.000000E+00
  0.000000E+00
  0.000000E+00
  0.000000E+00
  0.000000E+00
  0.000000E+00
  0.000000E+00
  0.000000E+00
  0.000000E+00
  0.000000E+00
  0.000000E+00
  1.000000E-08
  1.695085E-02
  3.390169E-02
  5.085254E-02
  6.780338E-02
  8.475423E-02
  1.017051E-01
  1.186559E-01
  1.356068E-01
  1.525576E-01
  1.695085E-01
  1.864593E-01
  2.034101E-01
  2.203610E-01
  2.373118E-01
  2.542627E-01
  2.712135E-01
  2.881644E-01
  3.051152E-01
  3.220661E-01
  3.390169E-01
  3.559678E-01
  3.729186E-01
  3.898694E-01
  4.068203E-01
  4.237711E-01
  4.407220E-01
  4.576728E-01
  4.746237E-01
  4.915745E-01
  5.085254E-01
  5.254762E-01
  5.424271E-01
  5.593779E-01
  5.763287E-01
  5.932796E-01
  6.102304E-01
  6.271813E-01
  6.441321E-01
  6.610830E-01
  6.780338E-01
  6.949847E-01
  7.119355E-01
  7.288864E-01
  7.458372E-01
  7.627880E-01
  7.797389E-01
  7.966897E-01
  8.136406E-01
  8.305914E-01
  8.475423E-01
  8.644931E-01
  8.814440E-01
  8.983948E-01
  9.153457E-01
  9.322965E-01
  9.492473E-01
  9.661982E-01
  9.831490E-01
  1.000100E+00
  1.017051E+00
  1.034002E+00
  1.050952E+00
  1.067903E+00
  1.084854E+00
  1.101805E+00
  1.118756E+00
  1.135707E+00
  1.152657E+00
  1.169608E+00
  1.186559E+00
  1.203510E+00
  1.220461E+00
  1.237412E+00
  1.254363E+00
  1.271313E+00
  1.288264E+00
  1.305215E+00
  1.322166E+00
  1.339117E+00
  1.356068E+00
  1.373018E+00
  1.389969E+00
  1.406920E+00
  1.423871E+00
  1.440822E+00
  1.457773E+00
  1.474724E+00
  1.491674E+00
  1.508625E+00
  1.525576E+00
  1.542527E+00
  1.559478E+00
  1.576429E+00
  1.593379E+00
  1.610330E+00
  1.627281E+00
  1.644232E+00
  1.661183E+00
  1.678134E+00
  1.695085E+00
  1.712035E+00
  1.728986E+00
  1.745937E+00
  1.762888E+00
  1.779839E+00
  1.796790E+00
  1.813740E+00
  1.830691E+00
  1.847642E+00
  1.864593E+00
  1.881544E+00
  1.898495E+00
  1.915446E+00
  1.932396E+00
  1.949347E+00
  1.966298E+00
  1.983249E+00
  2.000200E+00
  2.017151E+00
  2.034101E+00
  2.051052E+00
  2.068003E+00
  2.084954E+00
  2.101905E+00
  2.118856E+00
  2.135807E+00
  2.152757E+00
  2.169708E+00
  2.186659E+00
  2.203610E+00
  2.220561E+00
  2.237512E+00
  2.254462E+00
  2.271413E+00
  2.288364E+00
  2.305315E+00
  2.322266E+00
  2.339217E+00
  2.356168E+00
  2.373118E+00
  2.390069E+00
  2.407020E+00
  2.423971E+00
  2.440922E+00
  2.457873E+00
  2.474823E+00
  2.491774E+00
  2.508725E+00
  2.525676E+00
  1.097677E+04
  1.097457E+04
  1.097238E+04
  1.097019E+04
  1.096800E+04
  1.096582E+04
  1.096363E+04
  1.096145E+04
  1.095927E+04
  1.095184E+04
  1.094428E+04
  1.093673E+04
  1.092918E+04
  1.092163E+04
  1.091408E+04
  1.090653E+04
  1.089722E+04
  1.088467E+04
  1.087213E+04
  1.085958E+04
  1.084704E+04
  1.083450E+04
  1.082196E+04
  1.080908E+04
  1.079340E+04
  1.077772E+04
  1.076205E+04
  1.074638E+04
  1.073071E+04
  1.071504E+04
  1.069869E+04
  1.068008E+04
  1.066147E+04
  1.064286E+04
  1.062426E+04
  1.060566E+04
  1.058706E+04
  1.056644E+04
  1.054495E+04
  1.052346E+04
  1.050198E+04
  1.048049E+04
  1.045901E+04
  1.043638E+04
  1.041254E+04
  1.038870E+04
  1.036486E+04
  1.034103E+04
  1.031720E+04
  1.029229E+04
  1.026663E+04
  1.024098E+04
  1.021533E+04
  1.018968E+04
  1.016403E+04
  1.013694E+04
  1.010983E+04
  1.008273E+04
  1.005562E+04
  1.002852E+04
  1.000069E+04
  9.972479E+03
  9.944274E+03
  9.916070E+03
  9.887867E+03
  9.859063E+03
  9.829865E+03
  9.800668E+03
  9.771473E+03
  9.742280E+03
  9.712007E+03
  9.681464E+03
  9.650923E+03
  9.620385E+03
  9.589381E+03
  9.556861E+03
  9.524343E+03
  9.491828E+03
  9.459317E+03
  9.424439E+03
  9.389300E+03
  9.354165E+03
  9.319034E+03
  9.281375E+03
  9.243008E+03
  9.204647E+03
  9.166290E+03
  9.124566E+03
  9.082332E+03
  9.040104E+03
  8.997209E+03
  8.950493E+03
  8.903786E+03
  8.857088E+03
  8.807331E+03
  8.755690E+03
  8.704062E+03
  8.651081E+03
  8.594283E+03
  8.537508E+03
  8.480361E+03
  8.418415E+03
  8.356501E+03
  8.294370E+03
  8.227352E+03
  8.160369E+03
  8.092568E+03
  8.020670E+03
  7.948806E+03
  7.874918E+03
  7.798422E+03
  7.721957E+03
  7.641821E+03
  7.561020E+03
  7.478719E+03
  7.393906E+03
  7.308995E+03
  7.220432E+03
  7.131893E+03
  7.040465E+03
  6.948364E+03
  6.853836E+03
  6.758244E+03
  6.660095E+03
  6.560777E+03
  6.458379E+03
  6.355104E+03
  6.248061E+03
  6.140007E+03
  6.029179E+03
  5.916322E+03
  5.801980E+03
  5.684613E+03
  5.565436E+03
  5.444338E+03
  5.320458E+03
  5.193537E+03
  5.063910E+03
  4.931706E+03
  4.798213E+03
  4.667876E+03
  4.551406E+03
  4.467125E+03
  4.451181E+03
  4.540588E+03
  4.499706E+03
  4.059954E+03
  4.573521E+03
  1.298282E+03
 -2.264073E-04
  6.010861E+02
  6.011612E+02
  6.012366E+02
  6.013122E+02
  6.013882E+02
  6.014644E+02
  6.015409E+02
  6.016177E+02
  6.016948E+02
  6.016954E+02
  6.016945E+02
  6.016941E+02
  6.016940E+02
  6.016944E+02
  6.016951E+02
  6.016963E+02
  6.016206E+02
  6.014035E+02
  6.011868E+02
  6.009705E+02
  6.007547E+02
  6.005392E+02
  6.003241E+02
  6.001028E+02
  5.998291E+02
  5.995559E+02
  5.992831E+02
  5.990108E+02
  5.987389E+02
  5.984675E+02
  5.981933E+02
  5.979091E+02
  5.976254E+02
  5.973422E+02
  5.970595E+02
  5.967774E+02
  5.964957E+02
  5.962639E+02
  5.960542E+02
  5.958450E+02
  5.956363E+02
  5.954282E+02
  5.952206E+02
  5.950802E+02
  5.950107E+02
  5.949417E+02
  5.948731E+02
  5.948050E+02
  5.947373E+02
  5.947123E+02
  5.947171E+02
  5.947221E+02
  5.947274E+02
  5.947329E+02
  5.947386E+02
  5.946490E+02
  5.945578E+02
  5.944666E+02
  5.943753E+02
  5.942840E+02
  5.940535E+02
  5.937514E+02
  5.934491E+02
  5.931467E+02
  5.928441E+02
  5.923763E+02
  5.918002E+02
  5.912241E+02
  5.906478E+02
  5.900714E+02
  5.892205E+02
  5.883009E+02
  5.873816E+02
  5.864625E+02
  5.854585E+02
  5.841787E+02
  5.828996E+02
  5.816211E+02
  5.803434E+02
  5.787830E+02
  5.771921E+02
  5.756024E+02
  5.740138E+02
  5.722585E+02
  5.704573E+02
  5.686574E+02
  5.668590E+02
  5.649866E+02
  5.631040E+02
  5.612228E+02
  5.593425E+02
  5.574611E+02
  5.555811E+02
  5.537023E+02
  5.518056E+02
  5.498985E+02
  5.479927E+02
  5.460605E+02
  5.440525E+02
  5.420461E+02
  5.400272E+02
  5.378358E+02
  5.356467E+02
  5.334432E+02
  5.309122E+02
  5.283836E+02
  5.257775E+02
  5.227870E+02
  5.197987E+02
  5.166117E+02
  5.131693E+02
  5.097289E+02
  5.059782E+02
  5.021708E+02
  4.982686E+02
  4.942074E+02
  4.901429E+02
  4.859395E+02
  4.817369E+02
  4.775562E+02
  4.733804E+02
  4.693703E+02
  4.654322E+02
  4.617636E+02
  4.582171E+02
  4.550520E+02
  4.519934E+02
  4.494983E+02
  4.471859E+02
  4.453947E+02
  4.440831E+02
  4.431310E+02
  4.430501E+02
  4.435649E+02
  4.447254E+02
  4.468630E+02
  4.501290E+02
  4.545467E+02
  4.604833E+02
  4.686333E+02
  4.804323E+02
  4.986754E+02
  5.279285E+02
  5.761077E+02
  6.504137E+02
  7.141659E+02
  7.254335E+02
  8.723421E+02
  1.890041E+02
  3.806501E-04
  1.802385E+03
  1.800416E+03
  1.798447E+03
  1.796478E+03
  1.794511E+03
  1.792543E+03
  1.790576E+03
  1.788610E+03
  1.786644E+03
  1.781771E+03
  1.776827E+03
  1.771883E+03
  1.766939E+03
  1.761997E+03
  1.757054E+03
  1.752113E+03
  1.746710E+03
  1.740461E+03
  1.734212E+03
  1.727963E+03
  1.721716E+03
  1.715468E+03
  1.709295E+03
  1.702945E+03
  1.695763E+03
  1.688581E+03
  1.681400E+03
  1.674220E+03
  1.667040E+03
  1.659861E+03
  1.652481E+03
  1.644435E+03
  1.636390E+03
  1.628345E+03
  1.620301E+03
  1.612258E+03
  1.604215E+03
  1.595750E+03
  1.587101E+03
  1.578453E+03
  1.569805E+03
  1.561158E+03
  1.552512E+03
  1.543831E+03
  1.535113E+03
  1.526396E+03
  1.517679E+03
  1.508964E+03
  1.500249E+03
  1.491919E+03
  1.483858E+03
  1.475798E+03
  1.467738E+03
  1.459679E+03
  1.451621E+03
  1.444911E+03
  1.438223E+03
  1.431535E+03
  1.424848E+03
  1.418160E+03
  1.412692E+03
  1.407849E+03
  1.403006E+03
  1.398163E+03
  1.393321E+03
  1.389672E+03
  1.386806E+03
  1.383941E+03
  1.381076E+03
  1.378211E+03
  1.376832E+03
  1.375826E+03
  1.374820E+03
  1.373815E+03
  1.373182E+03
  1.373757E+03
  1.374332E+03
  1.374908E+03
  1.375486E+03
  1.376959E+03
  1.378533E+03
  1.380109E+03
  1.381687E+03
  1.383330E+03
  1.384992E+03
  1.386657E+03
  1.388324E+03
  1.389308E+03
  1.390190E+03
  1.391075E+03
  1.391744E+03
  1.391178E+03
  1.390616E+03
  1.390056E+03
  1.388151E+03
  1.385488E+03
  1.382829E+03
  1.379491E+03
  1.374244E+03
  1.369003E+03
  1.363578E+03
  1.355835E+03
  1.348100E+03
  1.340274E+03
  1.330454E+03
  1.320645E+03
  1.310541E+03
  1.298973E+03
  1.287415E+03
  1.275204E+03
  1.262152E+03
  1.249111E+03
  1.235047E+03
  1.220799E+03
  1.206196E+03
  1.190999E+03
  1.175782E+03
  1.159762E+03
  1.143750E+03
  1.127137E+03
  1.110385E+03
  1.093243E+03
  1.075931E+03
  1.058348E+03
  1.040642E+03
  1.022734E+03
  1.004769E+03
  9.867732E+02
  9.688487E+02
  9.511466E+02
  9.338303E+02
  9.168148E+02
  9.006947E+02
  8.852443E+02
  8.705176E+02
  8.568822E+02
  8.444706E+02
  8.333435E+02
  8.241034E+02
  8.181422E+02
  8.188740E+02
  8.335835E+02
  8.745589E+02
  9.605919E+02
  1.105807E+03
  1.216879E+03
  1.153711E+03
  1.312940E+03
  1.829100E+02
 -1.878857E-10
  1.239879E+00
  1.239631E+00
  1.239383E+00
  1.239136E+00
  1.238889E+00
  1.238642E+00
  1.238395E+00
  1.238148E+00
  1.237902E+00
  1.237063E+00
  1.236209E+00
  1.235356E+00
  1.234503E+00
  1.233650E+00
  1.232798E+00
  1.231945E+00
  1.230893E+00
  1.229476E+00
  1.228059E+00
  1.226642E+00
  1.225226E+00
  1.223809E+00
  1.222393E+00
  1.220938E+00
  1.219167E+00
  1.217396E+00
  1.215625E+00
  1.213855E+00
  1.212085E+00
  1.210315E+00
  1.208469E+00
  1.206366E+00
  1.204264E+00
  1.202163E+00
  1.200061E+00
  1.197960E+00
  1.195859E+00
  1.193531E+00
  1.191103E+00
  1.188676E+00
  1.186249E+00
  1.183822E+00
  1.181396E+00
  1.178840E+00
  1.176146E+00
  1.173454E+00
  1.170761E+00
  1.168069E+00
  1.165377E+00
  1.162564E+00
  1.159666E+00
  1.156768E+00
  1.153870E+00
  1.150973E+00
  1.148076E+00
  1.145016E+00
  1.141954E+00
  1.138892E+00
  1.135831E+00
  1.132770E+00
  1.129626E+00
  1.126440E+00
  1.123254E+00
  1.120068E+00
  1.116882E+00
  1.113629E+00
  1.110331E+00
  1.107033E+00
  1.103735E+00
  1.100437E+00
  1.097018E+00
  1.093568E+00
  1.090118E+00
  1.086669E+00
  1.083167E+00
  1.079493E+00
  1.075820E+00
  1.072148E+00
  1.068475E+00
  1.064536E+00
  1.060567E+00
  1.056598E+00
  1.052630E+00
  1.048376E+00
  1.044042E+00
  1.039709E+00
  1.035377E+00
  1.030664E+00
  1.025893E+00
  1.021123E+00
  1.016278E+00
  1.011001E+00
  1.005725E+00
  1.000451E+00
  9.948304E-01
  9.889973E-01
  9.831657E-01
  9.771813E-01
  9.707657E-01
  9.643526E-01
  9.578976E-01
  9.509005E-01
  9.439069E-01
  9.368891E-01
  9.293190E-01
  9.217529E-01
  9.140945E-01
  9.059732E-01
  8.978559E-01
  8.895098E-01
  8.808692E-01
  8.722322E-01
  8.631805E-01
  8.540536E-01
  8.447573E-01
  8.351773E-01
  8.255861E-01
  8.155825E-01
  8.055816E-01
  7.952543E-01
  7.848511E-01
  7.741738E-01
  7.633761E-01
  7.522898E-01
  7.410713E-01
  7.295050E-01
  7.178396E-01
  7.057486E-01
  6.935433E-01
  6.810248E-01
  6.682771E-01
  6.553615E-01
  6.421044E-01
  6.286428E-01
  6.149642E-01
  6.009713E-01
  5.866350E-01
  5.719930E-01
  5.570600E-01
  5.419813E-01
  5.272590E-01
  5.141033E-01
  5.045832E-01
  5.027823E-01
  5.128813E-01
  5.082634E-01
  4.585913E-01
  5.166012E-01
  1.466472E-01
 -2.557379E-08
  1.077462E+00
  1.077596E+00
  1.077731E+00
  1.077867E+00
  1.078003E+00
  1.078140E+00
  1.078277E+00
  1.078415E+00
  1.078553E+00
  1.078554E+00
  1.078552E+00
  1.078552E+00
  1.078551E+00
  1.078552E+00
  1.078553E+00
  1.078556E+00
  1.078420E+00
  1.078031E+00
  1.077642E+00
  1.077255E+00
  1.076868E+00
  1.076481E+00
  1.076096E+00
  1.075699E+00
  1.075209E+00
  1.074719E+00
  1.074230E+00
  1.073742E+00
  1.073254E+00
  1.072768E+00
  1.072276E+00
  1.071767E+00
  1.071258E+00
  1.070751E+00
  1.070244E+00
  1.069738E+00
  1.069233E+00
  1.068818E+00
  1.068442E+00
  1.068067E+00
  1.067693E+00
  1.067320E+00
  1.066948E+00
  1.066696E+00
  1.066571E+00
  1.066448E+00
  1.066325E+00
  1.066203E+00
  1.066081E+00
  1.066037E+00
  1.066045E+00
  1.066054E+00
  1.066064E+00
  1.066073E+00
  1.066084E+00
  1.065923E+00
  1.065760E+00
  1.065596E+00
  1.065433E+00
  1.065269E+00
  1.064856E+00
  1.064314E+00
  1.063772E+00
  1.063230E+00
  1.062688E+00
  1.061849E+00
  1.060817E+00
  1.059784E+00
  1.058751E+00
  1.057718E+00
  1.056192E+00
  1.054544E+00
  1.052896E+00
  1.051249E+00
  1.049449E+00
  1.047155E+00
  1.044862E+00
  1.042570E+00
  1.040280E+00
  1.037483E+00
  1.034631E+00
  1.031782E+00
  1.028934E+00
  1.025788E+00
  1.022559E+00
  1.019333E+00
  1.016109E+00
  1.012752E+00
  1.009378E+00
  1.006006E+00
  1.002635E+00
  9.992629E-01
  9.958929E-01
  9.925251E-01
  9.891252E-01
  9.857067E-01
  9.822905E-01
  9.788270E-01
  9.752275E-01
  9.716311E-01
  9.680121E-01
  9.640841E-01
  9.601600E-01
  9.562101E-01
  9.516733E-01
  9.471408E-01
  9.424692E-01
  9.371086E-01
  9.317521E-01
  9.260393E-01
  9.198686E-01
  9.137018E-01
  9.069785E-01
  9.001536E-01
  8.931588E-01
  8.858790E-01
  8.785933E-01
  8.710585E-01
  8.635253E-01
  8.560313E-01
  8.485460E-01
  8.413579E-01
  8.342988E-01
  8.277228E-01
  8.213655E-01
  8.156920E-01
  8.102095E-01
  8.057368E-01
  8.015918E-01
  7.983810E-01
  7.960300E-01
  7.943233E-01
  7.941782E-01
  7.951010E-01
  7.971812E-01
  8.010130E-01
  8.068674E-01
  8.147863E-01
  8.254277E-01
  8.400368E-01
  8.611868E-01
  8.938881E-01
  9.463250E-01
  1.032687E+00
  1.165883E+00
  1.280160E+00
  1.300358E+00
  1.563695E+00
  3.387946E-01
  6.823247E-07
  1.306919E+00
  1.305491E+00
  1.304063E+00
  1.302636E+00
  1.301209E+00
  1.299783E+00
  1.298357E+00
  1.296931E+00
  1.295505E+00
  1.291972E+00
  1.288386E+00
  1.284802E+00
  1.281217E+00
  1.277633E+00
  1.274050E+00
  1.270467E+00
  1.266549E+00
  1.262017E+00
  1.257486E+00
  1.252956E+00
  1.248425E+00
  1.243895E+00
  1.239419E+00
  1.234814E+00
  1.229607E+00
  1.224399E+00
  1.219192E+00
  1.213986E+00
  1.208780E+00
  1.203574E+00
  1.198223E+00
  1.192389E+00
  1.186555E+00
  1.180722E+00
  1.174889E+00
  1.169057E+00
  1.163225E+00
  1.157087E+00
  1.150815E+00
  1.144544E+00
  1.138274E+00
  1.132004E+00
  1.125735E+00
  1.119440E+00
  1.113119E+00
  1.106798E+00
  1.100478E+00
  1.094158E+00
  1.087839E+00
  1.081798E+00
  1.075953E+00
  1.070109E+00
  1.064265E+00
  1.058421E+00
  1.052578E+00
  1.047713E+00
  1.042863E+00
  1.038014E+00
  1.033165E+00
  1.028316E+00
  1.024351E+00
  1.020839E+00
  1.017327E+00
  1.013816E+00
  1.010304E+00
  1.007658E+00
  1.005581E+00
  1.003503E+00
  1.001425E+00
  9.993480E-01
  9.983480E-01
  9.976185E-01
  9.968895E-01
  9.961610E-01
  9.957020E-01
  9.961183E-01
  9.965355E-01
  9.969535E-01
  9.973724E-01
  9.984401E-01
  9.995817E-01
  1.000725E+00
  1.001869E+00
  1.003060E+00
  1.004265E+00
  1.005472E+00
  1.006681E+00
  1.007395E+00
  1.008034E+00
  1.008676E+00
  1.009161E+00
  1.008751E+00
  1.008343E+00
  1.007937E+00
  1.006556E+00
  1.004625E+00
  1.002696E+00
  1.000276E+00
  9.964716E-01
  9.926713E-01
  9.887375E-01
  9.831231E-01
  9.775147E-01
  9.718397E-01
  9.647196E-01
  9.576067E-01
  9.502805E-01
  9.418923E-01
  9.335118E-01
  9.246575E-01
  9.151936E-01
  9.057371E-01
  8.955392E-01
  8.852079E-01
  8.746196E-01
  8.635995E-01
  8.525656E-01
  8.409497E-01
  8.293393E-01
  8.172930E-01
  8.051461E-01
  7.927165E-01
  7.801634E-01
  7.674141E-01
  7.545753E-01
  7.415896E-01
  7.285630E-01
  7.155145E-01
  7.025174E-01
  6.896816E-01
  6.771254E-01
  6.647874E-01
  6.530986E-01
  6.418954E-01
  6.312170E-01
  6.213299E-01
  6.123302E-01
  6.042619E-01
  5.975618E-01
  5.932393E-01
  5.937699E-01
  6.044359E-01
  6.341474E-01
  6.965303E-01
  8.018269E-01
  8.823656E-01
  8.365623E-01
  9.520201E-01
  1.326290E-01
 -1.362369E-13
  9.814925E-01
  9.812965E-01
  9.811008E-01
  9.809051E-01
  9.807096E-01
  9.805142E-01
  9.803189E-01
  9.801238E-01
  9.799288E-01
  9.792647E-01
  9.785893E-01
  9.779139E-01
  9.772388E-01
  9.765637E-01
  9.758889E-01
  9.752142E-01
  9.743817E-01
  9.732599E-01
  9.721382E-01
  9.710167E-01
  9.698954E-01
  9.687742E-01
  9.676531E-01
  9.665009E-01
  9.650989E-01
  9.636971E-01
  9.622955E-01
  9.608941E-01
  9.594928E-01
  9.580917E-01
  9.566298E-01
  9.549654E-01
  9.533012E-01
  9.516372E-01
  9.499734E-01
  9.483098E-01
  9.466464E-01
  9.448030E-01
  9.428810E-01
  9.409592E-01
  9.390376E-01
  9.371163E-01
  9.351952E-01
  9.331713E-01
  9.310389E-01
  9.289068E-01
  9.267749E-01
  9.246432E-01
  9.225118E-01
  9.202843E-01
  9.179896E-01
  9.156950E-01
  9.134007E-01
  9.111066E-01
  9.088128E-01
  9.063903E-01
  9.039660E-01
  9.015418E-01
  8.991178E-01
  8.966940E-01
  8.942050E-01
  8.916827E-01
  8.891605E-01
  8.866385E-01
  8.841166E-01
  8.815410E-01
  8.789304E-01
  8.763199E-01
  8.737096E-01
  8.710994E-01
  8.683929E-01
  8.656623E-01
  8.629320E-01
  8.602018E-01
  8.574301E-01
  8.545229E-01
  8.516160E-01
  8.487094E-01
  8.458029E-01
  8.426851E-01
  8.395439E-01
  8.364030E-01
  8.332624E-01
  8.298958E-01
  8.264658E-01
  8.230363E-01
  8.196072E-01
  8.158770E-01
  8.121011E-01
  8.083257E-01
  8.044906E-01
  8.003138E-01
  7.961377E-01
  7.919624E-01
  7.875133E-01
  7.828955E-01
  7.782790E-01
  7.735413E-01
  7.684623E-01
  7.633853E-01
  7.582749E-01
  7.527355E-01
  7.471987E-01
  7.416426E-01
  7.356495E-01
  7.296594E-01
  7.235962E-01
  7.171667E-01
  7.107402E-01
  7.041326E-01
  6.972919E-01
  6.904540E-01
  6.832879E-01
  6.760622E-01
  6.687025E-01
  6.611183E-01
  6.535251E-01
  6.456056E-01
  6.376882E-01
  6.295125E-01
  6.212768E-01
  6.128242E-01
  6.042765E-01
  5.955005E-01
  5.866201E-01
  5.774646E-01
  5.682308E-01
  5.586605E-01
  5.489998E-01
  5.390914E-01
  5.290016E-01
  5.187791E-01
  5.082863E-01
  4.976315E-01
  4.868049E-01
  4.757293E-01
  4.643817E-01
  4.527920E-01
  4.409715E-01
  4.290354E-01
  4.173808E-01
  4.069658E-01
  3.994285E-01
  3.980011E-01
  4.059931E-01
  4.023347E-01
  3.630117E-01
  4.089267E-01
  1.594473E-01
 -4.922958E-03
  5.374638E-02
  5.375310E-02
  5.375985E-02
  5.376662E-02
  5.377342E-02
  5.378024E-02
  5.378709E-02
  5.379397E-02
  5.380087E-02
  5.380093E-02
  5.380086E-02
  5.380082E-02
  5.380082E-02
  5.380086E-02
  5.380094E-02
  5.380105E-02
  5.379428E-02
  5.377488E-02
  5.375551E-02
  5.373617E-02
  5.371687E-02
  5.369761E-02
  5.367837E-02
  5.365859E-02
  5.363411E-02
  5.360967E-02
  5.358528E-02
  5.356092E-02
  5.353660E-02
  5.351233E-02
  5.348781E-02
  5.346238E-02
  5.343700E-02
  5.341167E-02
  5.338638E-02
  5.336114E-02
  5.333594E-02
  5.331519E-02
  5.329642E-02
  5.327769E-02
  5.325902E-02
  5.324038E-02
  5.322180E-02
  5.320922E-02
  5.320298E-02
  5.319678E-02
  5.319062E-02
  5.318450E-02
  5.317842E-02
  5.317614E-02
  5.317654E-02
  5.317696E-02
  5.317739E-02
  5.317785E-02
  5.317833E-02
  5.317029E-02
  5.316211E-02
  5.315392E-02
  5.314574E-02
  5.313754E-02
  5.311691E-02
  5.308989E-02
  5.306285E-02
  5.303580E-02
  5.300873E-02
  5.296690E-02
  5.291540E-02
  5.286389E-02
  5.281237E-02
  5.276084E-02
  5.268478E-02
  5.260258E-02
  5.252040E-02
  5.243825E-02
  5.234851E-02
  5.223411E-02
  5.211978E-02
  5.200550E-02
  5.189129E-02
  5.175182E-02
  5.160961E-02
  5.146750E-02
  5.132550E-02
  5.116859E-02
  5.100758E-02
  5.084668E-02
  5.068590E-02
  5.051852E-02
  5.035022E-02
  5.018203E-02
  5.001393E-02
  4.984573E-02
  4.967764E-02
  4.950965E-02
  4.934006E-02
  4.916952E-02
  4.899910E-02
  4.882631E-02
  4.864673E-02
  4.846731E-02
  4.828675E-02
  4.809077E-02
  4.789499E-02
  4.769792E-02
  4.747157E-02
  4.724543E-02
  4.701235E-02
  4.674490E-02
  4.647765E-02
  4.619263E-02
  4.588477E-02
  4.557710E-02
  4.524167E-02
  4.490118E-02
  4.455221E-02
  4.418902E-02
  4.382555E-02
  4.344965E-02
  4.307383E-02
  4.269997E-02
  4.232654E-02
  4.196795E-02
  4.161580E-02
  4.128777E-02
  4.097066E-02
  4.068767E-02
  4.041422E-02
  4.019117E-02
  3.998448E-02
  3.982440E-02
  3.970722E-02
  3.962218E-02
  3.961505E-02
  3.966119E-02
  3.976507E-02
  3.995630E-02
  4.024843E-02
  4.064351E-02
  4.117439E-02
  4.190315E-02
  4.295813E-02
  4.458926E-02
  4.720479E-02
  5.151251E-02
  5.815623E-02
  6.385611E-02
  6.486301E-02
  7.799767E-02
  2.321237E-02
  8.276785E-03
  1.611610E-01
  1.609850E-01
  1.608090E-01
  1.606330E-01
  1.604571E-01
  1.602812E-01
  1.601053E-01
  1.599295E-01
  1.597537E-01
  1.593180E-01
  1.588759E-01
  1.584339E-01
  1.579919E-01
  1.575500E-01
  1.571081E-01
  1.566663E-01
  1.561832E-01
  1.556244E-01
  1.550657E-01
  1.545070E-01
  1.539483E-01
  1.533897E-01
  1.528377E-01
  1.522699E-01
  1.516277E-01
  1.509856E-01
  1.503434E-01
  1.497014E-01
  1.490594E-01
  1.484174E-01
  1.477576E-01
  1.470381E-01
  1.463187E-01
  1.455993E-01
  1.448800E-01
  1.441608E-01
  1.434416E-01
  1.426847E-01
  1.419113E-01
  1.411379E-01
  1.403646E-01
  1.395914E-01
  1.388182E-01
  1.380419E-01
  1.372624E-01
  1.364829E-01
  1.357034E-01
  1.349240E-01
  1.341447E-01
  1.333998E-01
  1.326789E-01
  1.319582E-01
  1.312374E-01
  1.305167E-01
  1.297961E-01
  1.291961E-01
  1.285980E-01
  1.280000E-01
  1.274019E-01
  1.268039E-01
  1.263150E-01
  1.258819E-01
  1.254488E-01
  1.250158E-01
  1.245828E-01
  1.242565E-01
  1.240003E-01
  1.237441E-01
  1.234879E-01
  1.232318E-01
  1.231085E-01
  1.230186E-01
  1.229288E-01
  1.228390E-01
  1.227825E-01
  1.228339E-01
  1.228854E-01
  1.229371E-01
  1.229888E-01
  1.231206E-01
  1.232615E-01
  1.234025E-01
  1.235437E-01
  1.236907E-01
  1.238394E-01
  1.239884E-01
  1.241375E-01
  1.242256E-01
  1.243045E-01
  1.243837E-01
  1.244436E-01
  1.243931E-01
  1.243428E-01
  1.242928E-01
  1.241225E-01
  1.238843E-01
  1.236465E-01
  1.233479E-01
  1.228787E-01
  1.224100E-01
  1.219249E-01
  1.212324E-01
  1.205407E-01
  1.198408E-01
  1.189627E-01
  1.180855E-01
  1.171819E-01
  1.161474E-01
  1.151139E-01
  1.140219E-01
  1.128547E-01
  1.116885E-01
  1.104308E-01
  1.091567E-01
  1.078509E-01
  1.064919E-01
  1.051311E-01
  1.036986E-01
  1.022668E-01
  1.007812E-01
  9.928329E-02
  9.775050E-02
  9.620249E-02
  9.463032E-02
  9.304715E-02
  9.144592E-02
  8.983966E-02
  8.823076E-02
  8.662820E-02
  8.504557E-02
  8.349744E-02
  8.197622E-02
  8.053507E-02
  7.915380E-02
  7.783723E-02
  7.661822E-02
  7.550861E-02
  7.451381E-02
  7.368771E-02
  7.315472E-02
  7.322008E-02
  7.453519E-02
  7.819878E-02
  8.589105E-02
  9.887489E-02
  1.088055E-01
  1.031565E-01
  1.173924E-01
  2.246392E-02
 -4.085352E-09
  9.816056E-01
  9.814099E-01
  9.812143E-01
  9.810189E-01
  9.808236E-01
  9.806284E-01
  9.804334E-01
  9.802385E-01
  9.800437E-01
  9.793802E-01
  9.787052E-01
  9.780304E-01
  9.773558E-01
  9.766813E-01
  9.760070E-01
  9.753328E-01
  9.745009E-01
  9.733797E-01
  9.722586E-01
  9.711377E-01
  9.700170E-01
  9.688964E-01
  9.677759E-01
  9.666243E-01
  9.652230E-01
  9.638218E-01
  9.624208E-01
  9.610201E-01
  9.596195E-01
  9.582190E-01
  9.567578E-01
  9.550942E-01
  9.534307E-01
  9.517675E-01
  9.501045E-01
  9.484416E-01
  9.467791E-01
  9.449366E-01
  9.430155E-01
  9.410946E-01
  9.391740E-01
  9.372536E-01
  9.353335E-01
  9.333106E-01
  9.311793E-01
  9.290483E-01
  9.269175E-01
  9.247870E-01
  9.226567E-01
  9.204303E-01
  9.181368E-01
  9.158434E-01
  9.135503E-01
  9.112574E-01
  9.089647E-01
  9.065434E-01
  9.041202E-01
  9.016972E-01
  8.992744E-01
  8.968517E-01
  8.943638E-01
  8.918425E-01
  8.893214E-01
  8.868003E-01
  8.842794E-01
  8.817048E-01
  8.790950E-01
  8.764854E-01
  8.738758E-01
  8.712665E-01
  8.685606E-01
  8.658306E-01
  8.631008E-01
  8.603712E-01
  8.576000E-01
  8.546931E-01
  8.517865E-01
  8.488801E-01
  8.459740E-01
  8.428562E-01
  8.397150E-01
  8.365742E-01
  8.334337E-01
  8.300671E-01
  8.266372E-01
  8.232076E-01
  8.197785E-01
  8.160484E-01
  8.122726E-01
  8.084973E-01
  8.046624E-01
  8.004860E-01
  7.963103E-01
  7.921354E-01
  7.876870E-01
  7.830701E-01
  7.784544E-01
  7.737178E-01
  7.686402E-01
  7.635646E-01
  7.584557E-01
  7.529182E-01
  7.473834E-01
  7.418294E-01
  7.358386E-01
  7.298509E-01
  7.237901E-01
  7.173633E-01
  7.109394E-01
  7.043346E-01
  6.974967E-01
  6.906617E-01
  6.834985E-01
  6.762757E-01
  6.689189E-01
  6.613376E-01
  6.537474E-01
  6.458308E-01
  6.379164E-01
  6.297436E-01
  6.215108E-01
  6.130611E-01
  6.045163E-01
  5.957433E-01
  5.868657E-01
  5.777134E-01
  5.684828E-01
  5.589159E-01
  5.492589E-01
  5.393547E-01
  5.292697E-01
  5.190525E-01
  5.085666E-01
  4.979203E-01
  4.871037E-01
  4.760412E-01
  4.647107E-01
  4.531423E-01
  4.413487E-01
  4.294459E-01
  4.178320E-01
  4.074648E-01
  3.999790E-01
  3.985977E-01
  4.066138E-01
  4.029403E-01
  3.635816E-01
  4.092033E-01
  1.588555E-01
 -5.899148E-03
  4.754629E-02
  4.755371E-02
  4.756116E-02
  4.756864E-02
  4.757614E-02
  4.758366E-02
  4.759121E-02
  4.759879E-02
  4.760638E-02
  4.760770E-02
  4.760889E-02
  4.761011E-02
  4.761137E-02
  4.761267E-02
  4.761401E-02
  4.761538E-02
  4.760972E-02
  4.759116E-02
  4.757263E-02
  4.755414E-02
  4.753568E-02
  4.751725E-02
  4.749886E-02
  4.747987E-02
  4.745586E-02
  4.743189E-02
  4.740796E-02
  4.738406E-02
  4.736021E-02
  4.733640E-02
  4.731233E-02
  4.728735E-02
  4.726240E-02
  4.723751E-02
  4.721266E-02
  4.718785E-02
  4.716309E-02
  4.714286E-02
  4.712465E-02
  4.710648E-02
  4.708837E-02
  4.707029E-02
  4.705227E-02
  4.704031E-02
  4.703476E-02
  4.702924E-02
  4.702377E-02
  4.701833E-02
  4.701294E-02
  4.701137E-02
  4.701249E-02
  4.701363E-02
  4.701479E-02
  4.701597E-02
  4.701717E-02
  4.700976E-02
  4.700221E-02
  4.699465E-02
  4.698709E-02
  4.697953E-02
  4.695940E-02
  4.693283E-02
  4.690624E-02
  4.687963E-02
  4.685300E-02
  4.681149E-02
  4.676022E-02
  4.670894E-02
  4.665765E-02
  4.660635E-02
  4.653032E-02
  4.644811E-02
  4.636591E-02
  4.628374E-02
  4.619392E-02
  4.607923E-02
  4.596460E-02
  4.585003E-02
  4.573551E-02
  4.559548E-02
  4.545268E-02
  4.530998E-02
  4.516738E-02
  4.500971E-02
  4.484787E-02
  4.468616E-02
  4.452456E-02
  4.435623E-02
  4.418697E-02
  4.401782E-02
  4.384874E-02
  4.367948E-02
  4.351033E-02
  4.334129E-02
  4.317061E-02
  4.299898E-02
  4.282746E-02
  4.265359E-02
  4.247300E-02
  4.229255E-02
  4.211097E-02
  4.191413E-02
  4.171747E-02
  4.151950E-02
  4.129240E-02
  4.106548E-02
  4.083163E-02
  4.056350E-02
  4.029555E-02
  4.000987E-02
  3.970140E-02
  3.939310E-02
  3.905714E-02
  3.871611E-02
  3.836663E-02
  3.800301E-02
  3.763907E-02
  3.726290E-02
  3.688678E-02
  3.651288E-02
  3.613947E-02
  3.578121E-02
  3.542952E-02
  3.510231E-02
  3.478618E-02
  3.450454E-02
  3.423252E-02
  3.401089E-02
  3.380533E-02
  3.364552E-02
  3.352668E-02
  3.343841E-02
  3.342219E-02
  3.345340E-02
  3.353544E-02
  3.369228E-02
  3.393233E-02
  3.425605E-02
  3.469110E-02
  3.529404E-02
  3.618919E-02
  3.762841E-02
  4.003539E-02
  4.415984E-02
  5.072592E-02
  5.656113E-02
  5.795117E-02
  7.158699E-02
  1.696299E-02
  9.955785E-04
  1.616308E-01
  1.614543E-01
  1.612779E-01
  1.611015E-01
  1.609251E-01
  1.607488E-01
  1.605725E-01
  1.603963E-01
  1.602201E-01
  1.597838E-01
  1.593411E-01
  1.588984E-01
  1.584558E-01
  1.580133E-01
  1.575708E-01
  1.571283E-01
  1.566446E-01
  1.560851E-01
  1.555257E-01
  1.549663E-01
  1.544069E-01
  1.538476E-01
  1.532964E-01
  1.527279E-01
  1.520848E-01
  1.514419E-01
  1.507990E-01
  1.501561E-01
  1.495133E-01
  1.488705E-01
  1.482098E-01
  1.474894E-01
  1.467691E-01
  1.460488E-01
  1.453286E-01
  1.446084E-01
  1.438883E-01
  1.431304E-01
  1.423560E-01
  1.415816E-01
  1.408073E-01
  1.400330E-01
  1.392588E-01
  1.384815E-01
  1.377008E-01
  1.369202E-01
  1.361396E-01
  1.353591E-01
  1.345787E-01
  1.338327E-01
  1.331107E-01
  1.323888E-01
  1.316670E-01
  1.309452E-01
  1.302235E-01
  1.296225E-01
  1.290234E-01
  1.284243E-01
  1.278253E-01
  1.272263E-01
  1.267364E-01
  1.263025E-01
  1.258686E-01
  1.254348E-01
  1.250009E-01
  1.246739E-01
  1.244171E-01
  1.241604E-01
  1.239036E-01
  1.236469E-01
  1.235232E-01
  1.234330E-01
  1.233429E-01
  1.232528E-01
  1.231960E-01
  1.232474E-01
  1.232989E-01
  1.233505E-01
  1.234022E-01
  1.235341E-01
  1.236751E-01
  1.238163E-01
  1.239577E-01
  1.241047E-01
  1.242534E-01
  1.244024E-01
  1.245515E-01
  1.246392E-01
  1.247176E-01
  1.247962E-01
  1.248555E-01
  1.248037E-01
  1.247521E-01
  1.247007E-01
  1.245268E-01
  1.242862E-01
  1.240459E-01
  1.237445E-01
  1.232715E-01
  1.227990E-01
  1.223099E-01
  1.216124E-01
  1.209157E-01
  1.202107E-01
  1.193267E-01
  1.184435E-01
  1.175340E-01
  1.164930E-01
  1.154530E-01
  1.143544E-01
  1.131805E-01
  1.120075E-01
  1.107430E-01
  1.094621E-01
  1.081495E-01
  1.067838E-01
  1.054163E-01
  1.039773E-01
  1.025390E-01
  1.010472E-01
  9.954303E-02
  9.800437E-02
  9.645064E-02
  9.487316E-02
  9.328487E-02
  9.167907E-02
  9.006838E-02
  8.845580E-02
  8.684980E-02
  8.526438E-02
  8.371409E-02
  8.219117E-02
  8.074954E-02
  7.936867E-02
  7.805349E-02
  7.683746E-02
  7.573282E-02
  7.474498E-02
  7.392820E-02
  7.340888E-02
  7.348920E-02
  7.482166E-02
  7.850345E-02
  8.621116E-02
  9.920047E-02
  1.091184E-01
  1.034415E-01
  1.175593E-01
  2.238445E-02
 -5.811943E-09
 -1.131368E-04
 -1.133586E-04
 -1.135804E-04
 -1.138023E-04
 -1.140244E-04
 -1.142465E-04
 -1.144687E-04
 -1.146909E-04
 -1.149133E-04
 -1.154372E-04
 -1.159687E-04
 -1.165004E-04
 -1.170321E-04
 -1.175639E-04
 -1.180958E-04
 -1.186279E-04
 -1.191839E-04
 -1.197839E-04
 -1.203841E-04
 -1.209843E-04
 -1.215846E-04
 -1.221851E-04
 -1.227857E-04
 -1.233922E-04
 -1.240447E-04
 -1.246974E-04
 -1.253502E-04
 -1.260032E-04
 -1.266563E-04
 -1.273095E-04
 -1.279911E-04
 -1.287666E-04
 -1.295423E-04
 -1.303182E-04
 -1.310941E-04
 -1.318703E-04
 -1.326466E-04
 -1.335408E-04
 -1.344868E-04
 -1.354330E-04
 -1.363793E-04
 -1.373258E-04
 -1.382725E-04
 -1.392988E-04
 -1.404092E-04
 -1.415198E-04
 -1.426305E-04
 -1.437414E-04
 -1.448524E-04
 -1.460119E-04
 -1.472052E-04
 -1.483987E-04
 -1.495923E-04
 -1.507860E-04
 -1.519798E-04
 -1.531343E-04
 -1.542882E-04
 -1.554422E-04
 -1.565962E-04
 -1.577502E-04
 -1.588140E-04
 -1.598316E-04
 -1.608491E-04
 -1.618667E-04
 -1.628841E-04
 -1.637812E-04
 -1.645993E-04
 -1.654174E-04
 -1.662355E-04
 -1.670535E-04
 -1.676708E-04
 -1.682377E-04
 -1.688047E-04
 -1.693718E-04
 -1.698734E-04
 -1.701619E-04
 -1.704506E-04
 -1.707395E-04
 -1.710287E-04
 -1.711144E-04
 -1.711777E-04
 -1.712415E-04
 -1.713056E-04
 -1.713140E-04
 -1.713070E-04
 -1.713006E-04
 -1.712947E-04
 -1.713929E-04
 -1.715076E-04
 -1.716229E-04
 -1.717830E-04
 -1.721957E-04
 -1.726090E-04
 -1.730229E-04
 -1.737168E-04
 -1.745842E-04
 -1.754521E-04
 -1.764667E-04
 -1.778914E-04
 -1.793166E-04
 -1.807832E-04
 -1.827518E-04
 -1.847205E-04
 -1.867093E-04
 -1.890994E-04
 -1.914888E-04
 -1.939254E-04
 -1.965934E-04
 -1.992594E-04
 -2.019997E-04
 -2.048346E-04
 -2.076663E-04
 -2.105767E-04
 -2.134981E-04
 -2.164291E-04
 -2.193782E-04
 -2.223217E-04
 -2.252552E-04
 -2.281826E-04
 -2.310918E-04
 -2.339921E-04
 -2.368901E-04
 -2.397848E-04
 -2.427268E-04
 -2.456896E-04
 -2.487965E-04
 -2.519442E-04
 -2.554405E-04
 -2.591055E-04
 -2.632628E-04
 -2.680775E-04
 -2.734081E-04
 -2.803644E-04
 -2.887661E-04
 -2.988483E-04
 -3.118750E-04
 -3.289313E-04
 -3.503266E-04
 -3.771486E-04
 -4.105322E-04
 -4.512766E-04
 -4.990608E-04
 -5.505058E-04
 -5.966673E-04
 -6.207675E-04
 -6.055581E-04
 -5.699271E-04
 -2.765805E-04
  5.918152E-04
  9.761898E-04
  6.200088E-03
  6.199385E-03
  6.198683E-03
  6.197981E-03
  6.197280E-03
  6.196580E-03
  6.195880E-03
  6.195180E-03
  6.194482E-03
  6.193233E-03
  6.191972E-03
  6.190711E-03
  6.189450E-03
  6.188190E-03
  6.186931E-03
  6.185672E-03
  6.184560E-03
  6.183718E-03
  6.182875E-03
  6.182034E-03
  6.181192E-03
  6.180351E-03
  6.179511E-03
  6.178712E-03
  6.178248E-03
  6.177783E-03
  6.177320E-03
  6.176856E-03
  6.176394E-03
  6.175931E-03
  6.175475E-03
  6.175037E-03
  6.174599E-03
  6.174162E-03
  6.173725E-03
  6.173289E-03
  6.172853E-03
  6.172330E-03
  6.171770E-03
  6.171210E-03
  6.170651E-03
  6.170093E-03
  6.169535E-03
  6.168914E-03
  6.168225E-03
  6.167538E-03
  6.166851E-03
  6.166165E-03
  6.165480E-03
  6.164771E-03
  6.164046E-03
  6.163322E-03
  6.162599E-03
  6.161876E-03
  6.161154E-03
  6.160524E-03
  6.159896E-03
  6.159269E-03
  6.158643E-03
  6.158016E-03
  6.157509E-03
  6.157062E-03
  6.156616E-03
  6.156170E-03
  6.155725E-03
  6.155410E-03
  6.155180E-03
  6.154950E-03
  6.154721E-03
  6.154492E-03
  6.154458E-03
  6.154473E-03
  6.154489E-03
  6.154505E-03
  6.154588E-03
  6.154883E-03
  6.155180E-03
  6.155477E-03
  6.155776E-03
  6.156337E-03
  6.156929E-03
  6.157522E-03
  6.158117E-03
  6.158884E-03
  6.159702E-03
  6.160521E-03
  6.161341E-03
  6.162284E-03
  6.163247E-03
  6.164211E-03
  6.165191E-03
  6.166247E-03
  6.167306E-03
  6.168368E-03
  6.169448E-03
  6.170542E-03
  6.171641E-03
  6.172719E-03
  6.173732E-03
  6.174756E-03
  6.175777E-03
  6.176642E-03
  6.177524E-03
  6.178415E-03
  6.179169E-03
  6.179945E-03
  6.180718E-03
  6.181396E-03
  6.182098E-03
  6.182761E-03
  6.183367E-03
  6.183997E-03
  6.184533E-03
  6.185071E-03
  6.185577E-03
  6.186017E-03
  6.186471E-03
  6.186750E-03
  6.187051E-03
  6.187086E-03
  6.187073E-03
  6.186742E-03
  6.186279E-03
  6.185456E-03
  6.184473E-03
  6.183137E-03
  6.181707E-03
  6.180284E-03
  6.179145E-03
  6.178883E-03
  6.180543E-03
  6.183769E-03
  6.192869E-03
  6.207791E-03
  6.229627E-03
  6.264026E-03
  6.316098E-03
  6.387469E-03
  6.483295E-03
  6.609119E-03
  6.768932E-03
  6.960848E-03
  7.169401E-03
  7.352668E-03
  7.430302E-03
  7.294981E-03
  6.911840E-03
  6.410686E-03
  6.249379E-03
  7.281206E-03
 -4.697469E-04
 -4.693209E-04
 -4.688950E-04
 -4.684693E-04
 -4.680438E-04
 -4.676185E-04
 -4.671933E-04
 -4.667683E-04
 -4.663435E-04
 -4.657357E-04
 -4.651237E-04
 -4.645120E-04
 -4.639007E-04
 -4.632897E-04
 -4.626790E-04
 -4.620687E-04
 -4.614215E-04
 -4.607064E-04
 -4.599917E-04
 -4.592774E-04
 -4.585634E-04
 -4.578497E-04
 -4.586590E-04
 -4.579349E-04
 -4.571243E-04
 -4.563140E-04
 -4.555041E-04
 -4.546946E-04
 -4.538854E-04
 -4.530765E-04
 -4.522421E-04
 -4.513217E-04
 -4.504018E-04
 -4.494821E-04
 -4.485629E-04
 -4.476440E-04
 -4.467254E-04
 -4.457318E-04
 -4.447056E-04
 -4.436797E-04
 -4.426542E-04
 -4.416290E-04
 -4.406042E-04
 -4.395401E-04
 -4.384346E-04
 -4.373293E-04
 -4.362244E-04
 -4.351198E-04
 -4.340155E-04
 -4.329071E-04
 -4.317959E-04
 -4.306849E-04
 -4.295741E-04
 -4.284636E-04
 -4.273533E-04
 -4.263474E-04
 -4.253432E-04
 -4.243392E-04
 -4.233353E-04
 -4.223316E-04
 -4.214445E-04
 -4.206174E-04
 -4.197904E-04
 -4.189634E-04
 -4.181366E-04
 -4.174501E-04
 -4.168557E-04
 -4.162616E-04
 -4.156677E-04
 -4.150740E-04
 -4.147015E-04
 -4.143849E-04
 -4.140687E-04
 -4.137530E-04
 -4.135052E-04
 -4.134771E-04
 -4.134499E-04
 -4.134235E-04
 -4.133981E-04
 -4.135263E-04
 -4.136729E-04
 -4.138209E-04
 -4.139704E-04
 -4.140023E-04
 -4.140027E-04
 -4.140049E-04
 -4.140091E-04
 -4.135728E-04
 -4.130711E-04
 -4.125718E-04
 -4.119479E-04
 -4.106040E-04
 -4.092630E-04
 -4.079250E-04
 -4.043712E-04
 -4.018876E-04
 -3.994077E-04
 -3.965761E-04
 -3.927518E-04
 -3.889323E-04
 -3.850249E-04
 -3.799885E-04
 -3.749580E-04
 -3.698905E-04
 -3.639706E-04
 -3.580572E-04
 -3.520518E-04
 -3.455764E-04
 -3.391074E-04
 -3.325152E-04
 -3.257633E-04
 -3.190171E-04
 -3.122136E-04
 -3.054036E-04
 -2.986305E-04
 -2.919150E-04
 -2.852106E-04
 -2.786999E-04
 -2.721937E-04
 -2.659352E-04
 -2.597392E-04
 -2.538682E-04
 -2.481438E-04
 -2.428346E-04
 -2.377193E-04
 -2.331416E-04
 -2.287216E-04
 -2.250383E-04
 -2.215938E-04
 -2.188092E-04
 -2.166490E-04
 -2.149557E-04
 -2.144660E-04
 -2.148699E-04
 -2.162586E-04
 -2.192454E-04
 -2.242148E-04
 -2.311689E-04
 -2.404934E-04
 -2.541628E-04
 -2.691213E-04
 -2.864726E-04
 -3.046647E-04
 -3.201047E-04
 -3.255840E-04
 -3.129415E-04
 -2.849881E-04
 -1.669138E-04
  7.947710E-05
  1.726591E-09
  1.273240E+00
  1.273211E+00
  1.273125E+00
  1.272981E+00
  1.272781E+00
  1.272522E+00
  1.272207E+00
  1.271834E+00
  1.271403E+00
  1.270915E+00
  1.270369E+00
  1.269765E+00
  1.269104E+00
  1.268384E+00
  1.267607E+00
  1.266771E+00
  1.265877E+00
  1.264925E+00
  1.263915E+00
  1.262845E+00
  1.261717E+00
  1.260530E+00
  1.259284E+00
  1.257979E+00
  1.256614E+00
  1.255190E+00
  1.253705E+00
  1.252161E+00
  1.250556E+00
  1.248891E+00
  1.247165E+00
  1.245378E+00
  1.243529E+00
  1.241620E+00
  1.239648E+00
  1.237614E+00
  1.235518E+00
  1.233359E+00
  1.231136E+00
  1.228851E+00
  1.226501E+00
  1.224088E+00
  1.221610E+00
  1.219067E+00
  1.216458E+00
  1.213784E+00
  1.211044E+00
  1.208237E+00
  1.205362E+00
  1.202421E+00
  1.199411E+00
  1.196332E+00
  1.193185E+00
  1.189968E+00
  1.186680E+00
  1.183322E+00
  1.179892E+00
  1.176390E+00
  1.172816E+00
  1.169168E+00
  1.165446E+00
  1.161649E+00
  1.157776E+00
  1.153828E+00
  1.149802E+00
  1.145699E+00
  1.141516E+00
  1.137254E+00
  1.132912E+00
  1.128488E+00
  1.123982E+00
  1.119393E+00
  1.114719E+00
  1.109960E+00
  1.105114E+00
  1.100180E+00
  1.095157E+00
  1.090045E+00
  1.084841E+00
  1.079544E+00
  1.074153E+00
  1.068667E+00
  1.063083E+00
  1.057401E+00
  1.051619E+00
  1.045735E+00
  1.039748E+00
  1.033655E+00
  1.027455E+00
  1.021146E+00
  1.014726E+00
  1.008193E+00
  1.001543E+00
  9.947766E-01
  9.878894E-01
  9.808795E-01
  9.737441E-01
  9.664805E-01
  9.590857E-01
  9.515567E-01
  9.438904E-01
  9.360832E-01
  9.281318E-01
  9.200322E-01
  9.117806E-01
  9.033729E-01
  8.948045E-01
  8.860709E-01
  8.771671E-01
  8.680879E-01
  8.588277E-01
  8.493806E-01
  8.397402E-01
  8.299000E-01
  8.198525E-01
  8.095903E-01
  7.991048E-01
  7.883874E-01
  7.774283E-01
  7.662172E-01
  7.547428E-01
  7.429930E-01
  7.309546E-01
  7.186128E-01
  7.059520E-01
  6.929545E-01
  6.796012E-01
  6.658704E-01
  6.517385E-01
  6.371787E-01
  6.221609E-01
  6.066513E-01
  5.906109E-01
  5.739954E-01
  5.567532E-01
  5.388241E-01
  5.201372E-01
  5.006076E-01
  4.801325E-01
  4.585853E-01
  4.358068E-01
  4.115929E-01
  3.856731E-01
  3.576769E-01
  3.270715E-01
  2.930404E-01
  2.542116E-01
  2.079144E-01
  1.472658E-01
  0.000000E+00
  1.116491E-01
  1.116167E-01
  1.115842E-01
  1.115517E-01
  1.115192E-01
  1.114867E-01
  1.114542E-01
  1.114284E-01
  1.114070E-01
  1.113822E-01
  1.113573E-01
  1.113324E-01
  1.113074E-01
  1.112825E-01
  1.112576E-01
  1.112326E-01
  1.112062E-01
  1.111769E-01
  1.111476E-01
  1.111182E-01
  1.110889E-01
  1.110596E-01
  1.112834E-01
  1.112539E-01
  1.112193E-01
  1.111847E-01
  1.111502E-01
  1.111156E-01
  1.110810E-01
  1.110464E-01
  1.110102E-01
  1.109682E-01
  1.109263E-01
  1.108844E-01
  1.108424E-01
  1.108005E-01
  1.107585E-01
  1.107100E-01
  1.106585E-01
  1.106070E-01
  1.105556E-01
  1.105041E-01
  1.104526E-01
  1.103954E-01
  1.103322E-01
  1.102690E-01
  1.102058E-01
  1.101426E-01
  1.100794E-01
  1.100094E-01
  1.099347E-01
  1.098600E-01
  1.097852E-01
  1.097105E-01
  1.096358E-01
  1.095547E-01
  1.094763E-01
  1.093980E-01
  1.093197E-01
  1.092413E-01
  1.091627E-01
  1.090839E-01
  1.090051E-01
  1.089263E-01
  1.088475E-01
  1.087721E-01
  1.087010E-01
  1.086351E-01
  1.085692E-01
  1.085033E-01
  1.084450E-01
  1.083886E-01
  1.083321E-01
  1.082757E-01
  1.082232E-01
  1.081835E-01
  1.081438E-01
  1.081041E-01
  1.080644E-01
  1.080366E-01
  1.080101E-01
  1.079835E-01
  1.079570E-01
  1.079198E-01
  1.078796E-01
  1.078394E-01
  1.077992E-01
  1.077227E-01
  1.076407E-01
  1.075586E-01
  1.074665E-01
  1.073170E-01
  1.071780E-01
  1.070428E-01
  1.066691E-01
  1.064503E-01
  1.062315E-01
  1.059868E-01
  1.056690E-01
  1.053747E-01
  1.050838E-01
  1.047276E-01
  1.043713E-01
  1.040353E-01
  1.036933E-01
  1.034124E-01
  1.032331E-01
  1.033111E-01
  1.033890E-01
  1.034626E-01
  1.035307E-01
  1.036075E-01
  1.037036E-01
  1.037956E-01
  1.038759E-01
  1.039368E-01
  1.039967E-01
  1.040361E-01
  1.040899E-01
  1.041083E-01
  1.041183E-01
  1.041073E-01
  1.040869E-01
  1.040556E-01
  1.040193E-01
  1.039786E-01
  1.039366E-01
  1.038958E-01
  1.038563E-01
  1.038211E-01
  1.037907E-01
  1.037641E-01
  1.037486E-01
  1.037377E-01
  1.037299E-01
  1.037321E-01
  1.037437E-01
  1.037625E-01
  1.037890E-01
  1.037487E-01
  1.037911E-01
  1.038404E-01
  1.038967E-01
  1.039596E-01
  1.040290E-01
  1.041050E-01
  1.041932E-01
  1.042890E-01
  1.239588E-01
  2.268148E-02
 -1.320334E-01
 -1.279327E-01
 -1.238319E-01
 -1.197311E-01
 -1.156303E-01
 -1.115296E-01
 -1.074288E-01
 -1.033280E-01
 -9.922722E-02
 -9.445664E-02
 -8.966946E-02
 -8.488227E-02
 -8.009509E-02
 -7.530791E-02
 -7.052072E-02
 -6.573354E-02
 -6.067005E-02
 -5.509982E-02
 -4.952958E-02
 -4.395935E-02
 -3.838911E-02
 -3.281887E-02
  3.047598E-02
  3.614067E-02
  4.259175E-02
  4.904282E-02
  5.549390E-02
  6.194497E-02
  6.839604E-02
  7.484710E-02
  8.152226E-02
  8.894218E-02
  9.636210E-02
  1.037820E-01
  1.112019E-01
  1.186218E-01
  1.260417E-01
  1.341184E-01
  1.424825E-01
  1.508466E-01
  1.592108E-01
  1.675749E-01
  1.759390E-01
  1.845731E-01
  1.934921E-01
  2.024111E-01
  2.113302E-01
  2.202492E-01
  2.291682E-01
  2.376717E-01
  2.458843E-01
  2.540968E-01
  2.623094E-01
  2.705219E-01
  2.787344E-01
  2.844343E-01
  2.900946E-01
  2.957549E-01
  3.014152E-01
  3.070755E-01
  3.105522E-01
  3.129096E-01
  3.152670E-01
  3.176244E-01
  3.199818E-01
  3.201070E-01
  3.187679E-01
  3.174288E-01
  3.160897E-01
  3.147505E-01
  3.103318E-01
  3.051407E-01
  2.999496E-01
  2.947585E-01
  2.887099E-01
  2.798751E-01
  2.710403E-01
  2.622054E-01
  2.533706E-01
  2.417807E-01
  2.298826E-01
  2.179845E-01
  2.060863E-01
  1.923714E-01
  1.781447E-01
  1.639179E-01
  1.496912E-01
  1.340549E-01
  1.182024E-01
  1.023499E-01
  8.635207E-02
  6.952725E-02
  5.270241E-02
  3.587757E-02
 -3.837226E-02
 -5.557734E-02
 -7.278241E-02
 -8.994270E-02
 -1.069774E-01
 -1.240120E-01
 -1.410053E-01
 -1.574912E-01
 -1.739771E-01
 -1.904252E-01
 -2.061153E-01
 -2.218053E-01
 -2.373316E-01
 -2.520636E-01
 -2.667955E-01
 -2.810710E-01
 -2.947614E-01
 -3.084517E-01
 -3.212473E-01
 -3.338751E-01
 -3.461124E-01
 -3.577012E-01
 -3.692574E-01
 -3.798577E-01
 -3.904580E-01
 -4.000354E-01
 -4.093681E-01
 -4.164544E-01
 -4.225433E-01
 -4.252234E-01
 -4.263267E-01
 -4.228888E-01
 -4.181351E-01
 -4.074720E-01
 -3.951218E-01
 -3.781627E-01
 -3.577056E-01
 -3.346858E-01
 -3.065124E-01
 -2.754647E-01
 -2.414900E-01
 -2.036885E-01
 -1.623513E-01
 -1.181221E-01
 -7.093809E-02
  3.621464E-02
  8.926447E-02
  1.451462E-01
  2.037577E-01
  2.649817E-01
  3.286920E-01
  3.947579E-01
  4.630474E-01
  5.337340E-01
 -2.279876E-01
  1.492207E+00
  9.799850E-01
  9.799848E-01
  9.799847E-01
  9.799845E-01
  9.799844E-01
  9.799842E-01
  9.799841E-01
  9.799840E-01
  9.799838E-01
  9.799837E-01
  9.799836E-01
  9.799835E-01
  9.799833E-01
  9.799832E-01
  9.799831E-01
  9.799830E-01
  9.799829E-01
  9.799828E-01
  9.799827E-01
  9.799827E-01
  9.799826E-01
  9.799825E-01
  9.799825E-01
  9.799826E-01
  9.799826E-01
  9.799827E-01
  9.799828E-01
  9.799830E-01
  9.799831E-01
  9.799832E-01
  9.799834E-01
  9.799836E-01
  9.799838E-01
  9.799840E-01
  9.799842E-01
  9.799845E-01
  9.799847E-01
  9.799851E-01
  9.799854E-01
  9.799858E-01
  9.799862E-01
  9.799866E-01
  9.799870E-01
  9.799875E-01
  9.799880E-01
  9.799885E-01
  9.799890E-01
  9.799896E-01
  9.799902E-01
  9.799908E-01
  9.799914E-01
  9.799920E-01
  9.799926E-01
  9.799933E-01
  9.799940E-01
  9.799945E-01
  9.799949E-01
  9.799954E-01
  9.799959E-01
  9.799965E-01
  9.799968E-01
  9.799970E-01
  9.799972E-01
  9.799974E-01
  9.799977E-01
  9.799977E-01
  9.799975E-01
  9.799974E-01
  9.799973E-01
  9.799972E-01
  9.799968E-01
  9.799963E-01
  9.799958E-01
  9.799953E-01
  9.799948E-01
  9.799941E-01
  9.799933E-01
  9.799926E-01
  9.799920E-01
  9.799911E-01
  9.799903E-01
  9.799895E-01
  9.799887E-01
  9.799879E-01
  9.799871E-01
  9.799864E-01
  9.799857E-01
  9.799851E-01
  9.799845E-01
  9.799839E-01
  9.799835E-01
  9.799831E-01
  9.799828E-01
  9.799826E-01
  9.799826E-01
  9.799828E-01
  9.799832E-01
  9.799836E-01
  9.799841E-01
  9.799847E-01
  9.799853E-01
  9.799861E-01
  9.799869E-01
  9.799878E-01
  9.799887E-01
  9.799897E-01
  9.799908E-01
  9.799919E-01
  9.799930E-01
  9.799942E-01
  9.799953E-01
  9.799966E-01
  9.799978E-01
  9.799990E-01
  9.800003E-01
  9.800015E-01
  9.800027E-01
  9.800039E-01
  9.800051E-01
  9.800063E-01
  9.800074E-01
  9.800083E-01
  9.800090E-01
  9.800094E-01
  9.800095E-01
  9.800091E-01
  9.800085E-01
  9.800072E-01
  9.800057E-01
  9.800037E-01
  9.800015E-01
  9.799991E-01
  9.799964E-01
  9.799937E-01
  9.799911E-01
  9.799886E-01
  9.799863E-01
  9.799845E-01
  9.799831E-01
  9.799826E-01
  9.799836E-01
  9.799855E-01
  9.799886E-01
  9.799929E-01
  9.799985E-01
  9.800056E-01
  9.800144E-01
  9.800249E-01
  7.134831E-01
  4.029918E-06
 -3.092658E+02
 -3.090095E+02
 -3.087531E+02
 -3.084964E+02
 -3.082397E+02
 -3.079828E+02
 -3.077257E+02
 -3.074684E+02
 -3.072110E+02
 -3.065958E+02
 -3.059715E+02
 -3.053468E+02
 -3.047220E+02
 -3.040968E+02
 -3.034715E+02
 -3.028458E+02
 -3.021508E+02
 -3.013289E+02
 -3.005068E+02
 -2.996844E+02
 -2.988617E+02
 -2.980389E+02
 -2.972158E+02
 -2.963701E+02
 -2.953455E+02
 -2.943206E+02
 -2.932954E+02
 -2.922700E+02
 -2.912443E+02
 -2.902184E+02
 -2.891388E+02
 -2.878820E+02
 -2.866248E+02
 -2.853673E+02
 -2.841095E+02
 -2.828514E+02
 -2.815930E+02
 -2.801185E+02
 -2.785491E+02
 -2.769794E+02
 -2.754095E+02
 -2.738392E+02
 -2.722687E+02
 -2.705360E+02
 -2.686323E+02
 -2.667285E+02
 -2.648244E+02
 -2.629201E+02
 -2.610156E+02
 -2.589797E+02
 -2.568518E+02
 -2.547239E+02
 -2.525960E+02
 -2.504680E+02
 -2.483401E+02
 -2.461880E+02
 -2.440358E+02
 -2.418837E+02
 -2.397319E+02
 -2.375802E+02
 -2.355069E+02
 -2.334739E+02
 -2.314412E+02
 -2.294088E+02
 -2.273767E+02
 -2.254594E+02
 -2.236175E+02
 -2.217758E+02
 -2.199343E+02
 -2.180930E+02
 -2.164360E+02
 -2.148251E+02
 -2.132141E+02
 -2.116031E+02
 -2.100382E+02
 -2.086227E+02
 -2.072067E+02
 -2.057903E+02
 -2.043734E+02
 -2.030424E+02
 -2.017202E+02
 -2.003972E+02
 -1.990734E+02
 -1.977066E+02
 -1.963268E+02
 -1.949462E+02
 -1.935646E+02
 -1.919781E+02
 -1.903595E+02
 -1.887400E+02
 -1.870645E+02
 -1.850738E+02
 -1.830825E+02
 -1.810908E+02
 -1.788637E+02
 -1.764911E+02
 -1.741184E+02
 -1.716600E+02
 -1.689613E+02
 -1.662628E+02
 -1.635461E+02
 -1.606041E+02
 -1.576625E+02
 -1.547174E+02
 -1.516942E+02
 -1.486714E+02
 -1.456583E+02
 -1.426893E+02
 -1.397208E+02
 -1.367828E+02
 -1.338837E+02
 -1.309851E+02
 -1.280920E+02
 -1.252003E+02
 -1.222790E+02
 -1.193083E+02
 -1.163327E+02
 -1.131934E+02
 -1.100553E+02
 -1.066563E+02
 -1.031967E+02
 -9.937119E+01
 -9.538583E+01
 -9.092038E+01
 -8.623649E+01
 -8.091767E+01
 -7.542008E+01
 -6.904924E+01
 -6.241256E+01
 -5.502701E+01
 -4.699554E+01
 -3.848297E+01
 -2.885191E+01
 -1.847738E+01
 -7.300434E+00
  5.080599E+00
  1.883767E+01
  3.396639E+01
  5.082201E+01
  6.999021E+01
  9.253372E+01
  1.203517E+02
  1.564785E+02
  2.058118E+02
  2.724649E+02
  3.393812E+02
  3.869982E+02
  4.909070E+02
  8.092749E+01
  3.980791E-04
  1.098886E+04
  1.098668E+04
  1.098450E+04
  1.098233E+04
  1.098015E+04
  1.097798E+04
  1.097581E+04
  1.097364E+04
  1.097147E+04
  1.096407E+04
  1.095654E+04
  1.094901E+04
  1.094148E+04
  1.093396E+04
  1.092644E+04
  1.091892E+04
  1.090963E+04
  1.089711E+04
  1.088459E+04
  1.087207E+04
  1.085955E+04
  1.084704E+04
  1.083453E+04
  1.082167E+04
  1.080602E+04
  1.079037E+04
  1.077473E+04
  1.075909E+04
  1.074345E+04
  1.072782E+04
  1.071150E+04
  1.069293E+04
  1.067436E+04
  1.065579E+04
  1.063723E+04
  1.061867E+04
  1.060011E+04
  1.057955E+04
  1.055811E+04
  1.053668E+04
  1.051525E+04
  1.049382E+04
  1.047240E+04
  1.044983E+04
  1.042607E+04
  1.040230E+04
  1.037854E+04
  1.035478E+04
  1.033103E+04
  1.030621E+04
  1.028064E+04
  1.025507E+04
  1.022951E+04
  1.020394E+04
  1.017839E+04
  1.015138E+04
  1.012436E+04
  1.009734E+04
  1.007032E+04
  1.004330E+04
  1.001555E+04
  9.987411E+03
  9.959277E+03
  9.931145E+03
  9.903014E+03
  9.874270E+03
  9.845124E+03
  9.815980E+03
  9.786837E+03
  9.757696E+03
  9.727456E+03
  9.696942E+03
  9.666430E+03
  9.635921E+03
  9.604940E+03
  9.572425E+03
  9.539913E+03
  9.507404E+03
  9.474899E+03
  9.440011E+03
  9.404861E+03
  9.369715E+03
  9.334573E+03
  9.296899E+03
  9.258514E+03
  9.220135E+03
  9.181761E+03
  9.140025E+03
  9.097780E+03
  9.055541E+03
  9.012638E+03
  8.965927E+03
  8.919224E+03
  8.872531E+03
  8.822787E+03
  8.771165E+03
  8.719557E+03
  8.666598E+03
  8.609829E+03
  8.553082E+03
  8.495964E+03
  8.434050E+03
  8.372166E+03
  8.310067E+03
  8.243069E+03
  8.176106E+03
  8.108322E+03
  8.036423E+03
  7.964559E+03
  7.890659E+03
  7.814141E+03
  7.737654E+03
  7.657483E+03
  7.576643E+03
  7.494301E+03
  7.409444E+03
  7.324487E+03
  7.235880E+03
  7.147297E+03
  7.055836E+03
  6.963706E+03
  6.869170E+03
  6.773580E+03
  6.675465E+03
  6.576193E+03
  6.473885E+03
  6.370711E+03
  6.263829E+03
  6.155954E+03
  6.045358E+03
  5.932779E+03
  5.818750E+03
  5.701779E+03
  5.583054E+03
  5.462467E+03
  5.339188E+03
  5.212973E+03
  5.084156E+03
  4.952897E+03
  4.820536E+03
  4.691622E+03
  4.577062E+03
  4.495490E+03
  4.483587E+03
  4.578836E+03
  4.543370E+03
  4.106058E+03
  4.630020E+03
  1.309469E+03
 -1.941334E-04
  5.009399E+01
  5.043314E+01
  5.077229E+01
  5.111143E+01
  5.145059E+01
  5.178974E+01
  5.212890E+01
  5.246806E+01
  5.280723E+01
  5.355721E+01
  5.431736E+01
  5.507752E+01
  5.583767E+01
  5.659782E+01
  5.735796E+01
  5.811811E+01
  5.892097E+01
  5.980217E+01
  6.068336E+01
  6.156456E+01
  6.244575E+01
  6.332694E+01
  6.420813E+01
  6.510677E+01
  6.614511E+01
  6.718345E+01
  6.822179E+01
  6.926013E+01
  7.029848E+01
  7.133683E+01
  7.240447E+01
  7.356948E+01
  7.473449E+01
  7.589950E+01
  7.706453E+01
  7.822956E+01
  7.939461E+01
  8.049838E+01
  8.157533E+01
  8.265229E+01
  8.372927E+01
  8.480627E+01
  8.588328E+01
  8.657932E+01
  8.687341E+01
  8.716751E+01
  8.746162E+01
  8.775575E+01
  8.804990E+01
  8.728061E+01
  8.576644E+01
  8.425229E+01
  8.273816E+01
  8.122404E+01
  7.970993E+01
  7.641416E+01
  7.309037E+01
  6.976663E+01
  6.644293E+01
  6.311927E+01
  5.903873E+01
  5.457026E+01
  5.010189E+01
  4.563362E+01
  4.116546E+01
  3.607982E+01
  3.058921E+01
  2.509879E+01
  1.960855E+01
  1.411849E+01
  7.964490E+00
  1.644172E+00
 -4.675896E+00
 -1.099572E+01
 -1.721993E+01
 -2.313403E+01
 -2.904793E+01
 -3.496161E+01
 -4.087510E+01
 -4.355819E+01
 -4.587991E+01
 -4.820163E+01
 -5.052335E+01
 -4.812534E+01
 -4.439827E+01
 -4.067152E+01
 -3.694508E+01
 -2.790648E+01
 -1.805408E+01
 -8.202500E+00
  2.501436E+00
  1.805695E+01
  3.361079E+01
  4.916301E+01
  6.773063E+01
  8.816156E+01
  1.085897E+02
  1.294359E+02
  1.514590E+02
  1.734782E+02
  1.952737E+02
  2.143679E+02
  2.334581E+02
  2.523259E+02
  2.668084E+02
  2.812869E+02
  2.950286E+02
  3.052109E+02
  3.153895E+02
  3.239575E+02
  3.304619E+02
  3.369629E+02
  3.409538E+02
  3.444716E+02
  3.471047E+02
  3.482709E+02
  3.493567E+02
  3.481634E+02
  3.469677E+02
  3.415667E+02
  3.351609E+02
  3.235052E+02
  3.095219E+02
  2.916700E+02
  2.720324E+02
  2.501001E+02
  2.275074E+02
  2.038926E+02
  1.802830E+02
  1.568054E+02
  1.338894E+02
  1.114091E+02
  9.022431E+01
  6.995657E+01
  5.066513E+01
  3.280478E+01
  1.645590E+01
  1.491143E+00
 -1.187153E+01
 -2.330950E+01
 -3.227803E+01
 -3.783839E+01
 -3.859695E+01
 -3.320192E+01
 -2.178902E+01
 -8.402774E+00
 -4.516213E+00
  8.669748E+02
  4.415161E+03
  2.985099E-02
