 Title= "ADflow Lift Distribution Data"
Variables = "eta" "CoordinateX" "CoordinateY" "CoordinateZ" "Lift" "Drag" "Moment" "Normalized Lift" "Normalized Drag" "Normalized Moment" "CL" "CD" "CM" "CLp" "CDp" "CMp" "CLv" "CDv" "CMv" "Elliptical" "thickness" "twist" "chord" "fx" "fy" "fz" 
Zone T= "LiftDist_01 allWalls: : z normal"
 I=          150
 DATAPACKING=BLOCK
  0.000000E+00
  6.711405E-03
  1.342281E-02
  2.013422E-02
  2.684563E-02
  3.355704E-02
  4.026845E-02
  4.697986E-02
  5.369127E-02
  6.040268E-02
  6.711409E-02
  7.382550E-02
  8.053691E-02
  8.724832E-02
  9.395973E-02
  1.006711E-01
  1.073825E-01
  1.140940E-01
  1.208054E-01
  1.275168E-01
  1.342282E-01
  1.409396E-01
  1.476510E-01
  1.543624E-01
  1.610738E-01
  1.677852E-01
  1.744966E-01
  1.812081E-01
  1.879195E-01
  1.946309E-01
  2.013423E-01
  2.080537E-01
  2.147651E-01
  2.214765E-01
  2.281879E-01
  2.348993E-01
  2.416107E-01
  2.483221E-01
  2.550336E-01
  2.617450E-01
  2.684564E-01
  2.751678E-01
  2.818792E-01
  2.885906E-01
  2.953020E-01
  3.020134E-01
  3.087248E-01
  3.154362E-01
  3.221476E-01
  3.288591E-01
  3.355705E-01
  3.422819E-01
  3.489933E-01
  3.557047E-01
  3.624161E-01
  3.691275E-01
  3.758389E-01
  3.825503E-01
  3.892617E-01
  3.959732E-01
  4.026846E-01
  4.093960E-01
  4.161074E-01
  4.228188E-01
  4.295302E-01
  4.362416E-01
  4.429530E-01
  4.496644E-01
  4.563758E-01
  4.630872E-01
  4.697987E-01
  4.765101E-01
  4.832215E-01
  4.899329E-01
  4.966443E-01
  5.033557E-01
  5.100671E-01
  5.167785E-01
  5.234899E-01
  5.302013E-01
  5.369128E-01
  5.436242E-01
  5.503356E-01
  5.570470E-01
  5.637584E-01
  5.704698E-01
  5.771812E-01
  5.838926E-01
  5.906040E-01
  5.973154E-01
  6.040268E-01
  6.107383E-01
  6.174497E-01
  6.241611E-01
  6.308725E-01
  6.375839E-01
  6.442953E-01
  6.510067E-01
  6.577181E-01
  6.644295E-01
  6.711409E-01
  6.778524E-01
  6.845638E-01
  6.912752E-01
  6.979866E-01
  7.046980E-01
  7.114094E-01
  7.181208E-01
  7.248322E-01
  7.315436E-01
  7.382550E-01
  7.449664E-01
  7.516779E-01
  7.583893E-01
  7.651007E-01
  7.718121E-01
  7.785235E-01
  7.852349E-01
  7.919463E-01
  7.986577E-01
  8.053691E-01
  8.120805E-01
  8.187919E-01
  8.255034E-01
  8.322148E-01
  8.389262E-01
  8.456376E-01
  8.523490E-01
  8.590604E-01
  8.657718E-01
  8.724832E-01
  8.791946E-01
  8.859060E-01
  8.926175E-01
  8.993289E-01
  9.060403E-01
  9.127517E-01
  9.194631E-01
  9.261745E-01
  9.328859E-01
  9.395973E-01
  9.463087E-01
  9.530201E-01
  9.597315E-01
  9.664430E-01
  9.731544E-01
  9.798658E-01
  9.865772E-01
  9.932886E-01
  1.000000E+00
  0.000000E+00
  0.000000E+00
  0.000000E+00
  0.000000E+00
  0.000000E+00
  0.000000E+00
  0.000000E+00
  0.000000E+00
  0.000000E+00
  0.000000E+00
  0.000000E+00
  0.000000E+00
  0.000000E+00
  0.000000E+00
  0.000000E+00
  0.000000E+00
  0.000000E+00
  0.000000E+00
  0.000000E+00
  0.000000E+00
  0.000000E+00
  0.000000E+00
  0.000000E+00
  0.000000E+00
  0.000000E+00
  0.000000E+00
  0.000000E+00
  0.000000E+00
  0.000000E+00
  0.000000E+00
  0.000000E+00
  0.000000E+00
  0.000000E+00
  0.000000E+00
  0.000000E+00
  0.000000E+00
  0.000000E+00
  0.000000E+00
  0.000000E+00
  0.000000E+00
  0.000000E+00
  0.000000E+00
  0.000000E+00
  0.000000E+00
  0.000000E+00
  0.000000E+00
  0.000000E+00
  0.000000E+00
  0.000000E+00
  0.000000E+00
  0.000000E+00
  0.000000E+00
  0.000000E+00
  0.000000E+00
  0.000000E+00
  0.000000E+00
  0.000000E+00
  0.000000E+00
  0.000000E+00
  0.000000E+00
  0.000000E+00
  0.000000E+00
  0.000000E+00
  0.000000E+00
  0.000000E+00
  0.000000E+00
  0.000000E+00
  0.000000E+00
  0.000000E+00
  0.000000E+00
  0.000000E+00
  0.000000E+00
  0.000000E+00
  0.000000E+00
  0.000000E+00
  0.000000E+00
  0.000000E+00
  0.000000E+00
  0.000000E+00
  0.000000E+00
  0.000000E+00
  0.000000E+00
  0.000000E+00
  0.000000E+00
  0.000000E+00
  0.000000E+00
  0.000000E+00
  0.000000E+00
  0.000000E+00
  0.000000E+00
  0.000000E+00
  0.000000E+00
  0.000000E+00
  0.000000E+00
  0.000000E+00
  0.000000E+00
  0.000000E+00
  0.000000E+00
  0.000000E+00
  0.000000E+00
  0.000000E+00
  0.000000E+00
  0.000000E+00
  0.000000E+00
  0.000000E+00
  0.000000E+00
  0.000000E+00
  0.000000E+00
  0.000000E+00
  0.000000E+00
  0.000000E+00
  0.000000E+00
  0.000000E+00
  0.000000E+00
  0.000000E+00
  0.000000E+00
  0.000000E+00
  0.000000E+00
  0.000000E+00
  0.000000E+00
  0.000000E+00
  0.000000E+00
  0.000000E+00
  0.000000E+00
  0.000000E+00
  0.000000E+00
  0.000000E+00
  0.000000E+00
  0.000000E+00
  0.000000E+00
  0.000000E+00
  0.000000E+00
  0.000000E+00
  0.000000E+00
  0.000000E+00
  0.000000E+00
  0.000000E+00
  0.000000E+00
  0.000000E+00
  0.000000E+00
  0.000000E+00
  0.000000E+00
  0.000000E+00
  0.000000E+00
  0.000000E+00
  0.000000E+00
  0.000000E+00
  0.000000E+00
  0.000000E+00
  0.000000E+00
  0.000000E+00
  0.000000E+00
  0.000000E+00
  0.000000E+00
  0.000000E+00
  0.000000E+00
  0.000000E+00
  0.000000E+00
  0.000000E+00
  0.000000E+00
  0.000000E+00
  0.000000E+00
  0.000000E+00
  0.000000E+00
  0.000000E+00
  0.000000E+00
  0.000000E+00
  0.000000E+00
  0.000000E+00
  0.000000E+00
  0.000000E+00
  0.000000E+00
  0.000000E+00
  0.000000E+00
  0.000000E+00
  0.000000E+00
  0.000000E+00
  0.000000E+00
  0.000000E+00
  0.000000E+00
  0.000000E+00
  0.000000E+00
  0.000000E+00
  0.000000E+00
  0.000000E+00
  0.000000E+00
  0.000000E+00
  0.000000E+00
  0.000000E+00
  0.000000E+00
  0.000000E+00
  0.000000E+00
  0.000000E+00
  0.000000E+00
  0.000000E+00
  0.000000E+00
  0.000000E+00
  0.000000E+00
  0.000000E+00
  0.000000E+00
  0.000000E+00
  0.000000E+00
  0.000000E+00
  0.000000E+00
  0.000000E+00
  0.000000E+00
  0.000000E+00
  0.000000E+00
  0.000000E+00
  0.000000E+00
  0.000000E+00
  0.000000E+00
  0.000000E+00
  0.000000E+00
  0.000000E+00
  0.000000E+00
  0.000000E+00
  0.000000E+00
  0.000000E+00
  0.000000E+00
  0.000000E+00
  0.000000E+00
  0.000000E+00
  0.000000E+00
  0.000000E+00
  0.000000E+00
  0.000000E+00
  0.000000E+00
  0.000000E+00
  0.000000E+00
  0.000000E+00
  0.000000E+00
  0.000000E+00
  0.000000E+00
  0.000000E+00
  0.000000E+00
  0.000000E+00
  0.000000E+00
  0.000000E+00
  0.000000E+00
  0.000000E+00
  0.000000E+00
  0.000000E+00
  0.000000E+00
  0.000000E+00
  0.000000E+00
  0.000000E+00
  0.000000E+00
  0.000000E+00
  0.000000E+00
  0.000000E+00
  0.000000E+00
  0.000000E+00
  0.000000E+00
  0.000000E+00
  0.000000E+00
  0.000000E+00
  0.000000E+00
  0.000000E+00
  0.000000E+00
  0.000000E+00
  0.000000E+00
  0.000000E+00
  0.000000E+00
  0.000000E+00
  0.000000E+00
  0.000000E+00
  0.000000E+00
  0.000000E+00
  0.000000E+00
  0.000000E+00
  0.000000E+00
  0.000000E+00
  0.000000E+00
  0.000000E+00
  0.000000E+00
  0.000000E+00
  0.000000E+00
  0.000000E+00
  0.000000E+00
  0.000000E+00
  0.000000E+00
  0.000000E+00
  0.000000E+00
  0.000000E+00
  0.000000E+00
  0.000000E+00
  0.000000E+00
  0.000000E+00
  0.000000E+00
  0.000000E+00
  0.000000E+00
  0.000000E+00
  0.000000E+00
  0.000000E+00
  0.000000E+00
  0.000000E+00
  0.000000E+00
  0.000000E+00
  0.000000E+00
  1.000000E-08
  1.695085E-02
  3.390169E-02
  5.085254E-02
  6.780338E-02
  8.475423E-02
  1.017051E-01
  1.186559E-01
  1.356068E-01
  1.525576E-01
  1.695085E-01
  1.864593E-01
  2.034101E-01
  2.203610E-01
  2.373118E-01
  2.542627E-01
  2.712135E-01
  2.881644E-01
  3.051152E-01
  3.220661E-01
  3.390169E-01
  3.559678E-01
  3.729186E-01
  3.898694E-01
  4.068203E-01
  4.237711E-01
  4.407220E-01
  4.576728E-01
  4.746237E-01
  4.915745E-01
  5.085254E-01
  5.254762E-01
  5.424271E-01
  5.593779E-01
  5.763287E-01
  5.932796E-01
  6.102304E-01
  6.271813E-01
  6.441321E-01
  6.610830E-01
  6.780338E-01
  6.949847E-01
  7.119355E-01
  7.288864E-01
  7.458372E-01
  7.627880E-01
  7.797389E-01
  7.966897E-01
  8.136406E-01
  8.305914E-01
  8.475423E-01
  8.644931E-01
  8.814440E-01
  8.983948E-01
  9.153457E-01
  9.322965E-01
  9.492473E-01
  9.661982E-01
  9.831490E-01
  1.000100E+00
  1.017051E+00
  1.034002E+00
  1.050952E+00
  1.067903E+00
  1.084854E+00
  1.101805E+00
  1.118756E+00
  1.135707E+00
  1.152657E+00
  1.169608E+00
  1.186559E+00
  1.203510E+00
  1.220461E+00
  1.237412E+00
  1.254363E+00
  1.271313E+00
  1.288264E+00
  1.305215E+00
  1.322166E+00
  1.339117E+00
  1.356068E+00
  1.373018E+00
  1.389969E+00
  1.406920E+00
  1.423871E+00
  1.440822E+00
  1.457773E+00
  1.474724E+00
  1.491674E+00
  1.508625E+00
  1.525576E+00
  1.542527E+00
  1.559478E+00
  1.576429E+00
  1.593379E+00
  1.610330E+00
  1.627281E+00
  1.644232E+00
  1.661183E+00
  1.678134E+00
  1.695085E+00
  1.712035E+00
  1.728986E+00
  1.745937E+00
  1.762888E+00
  1.779839E+00
  1.796790E+00
  1.813740E+00
  1.830691E+00
  1.847642E+00
  1.864593E+00
  1.881544E+00
  1.898495E+00
  1.915446E+00
  1.932396E+00
  1.949347E+00
  1.966298E+00
  1.983249E+00
  2.000200E+00
  2.017151E+00
  2.034101E+00
  2.051052E+00
  2.068003E+00
  2.084954E+00
  2.101905E+00
  2.118856E+00
  2.135807E+00
  2.152757E+00
  2.169708E+00
  2.186659E+00
  2.203610E+00
  2.220561E+00
  2.237512E+00
  2.254462E+00
  2.271413E+00
  2.288364E+00
  2.305315E+00
  2.322266E+00
  2.339217E+00
  2.356168E+00
  2.373118E+00
  2.390069E+00
  2.407020E+00
  2.423971E+00
  2.440922E+00
  2.457873E+00
  2.474823E+00
  2.491774E+00
  2.508725E+00
  2.525676E+00
  1.104598E+04
  1.104448E+04
  1.104298E+04
  1.104148E+04
  1.103998E+04
  1.103847E+04
  1.103697E+04
  1.103547E+04
  1.103397E+04
  1.102875E+04
  1.102344E+04
  1.101812E+04
  1.101281E+04
  1.100750E+04
  1.100219E+04
  1.099687E+04
  1.099017E+04
  1.098089E+04
  1.097162E+04
  1.096235E+04
  1.095308E+04
  1.094381E+04
  1.093455E+04
  1.092491E+04
  1.091234E+04
  1.089977E+04
  1.088721E+04
  1.087464E+04
  1.086207E+04
  1.084951E+04
  1.083616E+04
  1.082023E+04
  1.080430E+04
  1.078836E+04
  1.077243E+04
  1.075650E+04
  1.074057E+04
  1.072219E+04
  1.070274E+04
  1.068329E+04
  1.066385E+04
  1.064440E+04
  1.062496E+04
  1.060384E+04
  1.058096E+04
  1.055808E+04
  1.053520E+04
  1.051233E+04
  1.048945E+04
  1.046465E+04
  1.043851E+04
  1.041236E+04
  1.038622E+04
  1.036007E+04
  1.033393E+04
  1.030472E+04
  1.027545E+04
  1.024619E+04
  1.021693E+04
  1.018767E+04
  1.015643E+04
  1.012417E+04
  1.009191E+04
  1.005965E+04
  1.002740E+04
  9.993356E+03
  9.958145E+03
  9.922936E+03
  9.887729E+03
  9.852525E+03
  9.814909E+03
  9.776691E+03
  9.738475E+03
  9.700263E+03
  9.661316E+03
  9.619979E+03
  9.578646E+03
  9.537317E+03
  9.495991E+03
  9.451758E+03
  9.407204E+03
  9.362655E+03
  9.318111E+03
  9.270983E+03
  9.223131E+03
  9.175285E+03
  9.127444E+03
  9.076715E+03
  9.025549E+03
  8.974389E+03
  8.922742E+03
  8.868302E+03
  8.813870E+03
  8.759447E+03
  8.703000E+03
  8.645309E+03
  8.587633E+03
  8.529094E+03
  8.468118E+03
  8.407166E+03
  8.345984E+03
  8.281721E+03
  8.217491E+03
  8.153127E+03
  8.085410E+03
  8.017731E+03
  7.949434E+03
  7.877991E+03
  7.806586E+03
  7.733458E+03
  7.658108E+03
  7.582792E+03
  7.504104E+03
  7.424806E+03
  7.344055E+03
  7.260870E+03
  7.177582E+03
  7.090642E+03
  7.003719E+03
  6.913828E+03
  6.823238E+03
  6.730111E+03
  6.635865E+03
  6.539043E+03
  6.441036E+03
  6.340079E+03
  6.238276E+03
  6.132958E+03
  6.026699E+03
  5.917871E+03
  5.807159E+03
  5.695066E+03
  5.580163E+03
  5.463573E+03
  5.345196E+03
  5.224249E+03
  5.100545E+03
  4.974442E+03
  4.846127E+03
  4.716903E+03
  4.591079E+03
  4.478949E+03
  4.397995E+03
  4.383156E+03
  4.471577E+03
  4.432103E+03
  3.992377E+03
  4.500251E+03
  1.316410E+03
 -1.457205E-04
  6.262410E+02
  6.263614E+02
  6.264818E+02
  6.266024E+02
  6.267230E+02
  6.268436E+02
  6.269644E+02
  6.270852E+02
  6.272061E+02
  6.272912E+02
  6.273756E+02
  6.274599E+02
  6.275444E+02
  6.276289E+02
  6.277134E+02
  6.277980E+02
  6.278233E+02
  6.277395E+02
  6.276559E+02
  6.275722E+02
  6.274885E+02
  6.274049E+02
  6.273213E+02
  6.272362E+02
  6.271390E+02
  6.270417E+02
  6.269445E+02
  6.268473E+02
  6.267501E+02
  6.266529E+02
  6.265440E+02
  6.263964E+02
  6.262488E+02
  6.261012E+02
  6.259536E+02
  6.258060E+02
  6.256584E+02
  6.254454E+02
  6.252037E+02
  6.249621E+02
  6.247205E+02
  6.244790E+02
  6.242374E+02
  6.239349E+02
  6.235681E+02
  6.232014E+02
  6.228347E+02
  6.224681E+02
  6.221015E+02
  6.216247E+02
  6.210706E+02
  6.205165E+02
  6.199625E+02
  6.194085E+02
  6.188545E+02
  6.180226E+02
  6.171862E+02
  6.163496E+02
  6.155130E+02
  6.146762E+02
  6.135894E+02
  6.123742E+02
  6.111587E+02
  6.099429E+02
  6.087268E+02
  6.072385E+02
  6.055714E+02
  6.039039E+02
  6.022361E+02
  6.005679E+02
  5.985084E+02
  5.963506E+02
  5.941925E+02
  5.920341E+02
  5.897659E+02
  5.871416E+02
  5.845172E+02
  5.818928E+02
  5.792683E+02
  5.762891E+02
  5.732706E+02
  5.702523E+02
  5.672345E+02
  5.639858E+02
  5.606727E+02
  5.573606E+02
  5.540493E+02
  5.505933E+02
  5.471165E+02
  5.436411E+02
  5.401581E+02
  5.366253E+02
  5.330948E+02
  5.295665E+02
  5.260048E+02
  5.224241E+02
  5.188467E+02
  5.152487E+02
  5.115875E+02
  5.079307E+02
  5.042752E+02
  5.005865E+02
  4.969027E+02
  4.932243E+02
  4.895588E+02
  4.858979E+02
  4.822456E+02
  4.786179E+02
  4.749936E+02
  4.714064E+02
  4.678650E+02
  4.643256E+02
  4.609166E+02
  4.575325E+02
  4.542306E+02
  4.510643E+02
  4.479061E+02
  4.450090E+02
  4.421099E+02
  4.394924E+02
  4.369395E+02
  4.346714E+02
  4.325274E+02
  4.306784E+02
  4.289642E+02
  4.276019E+02
  4.263404E+02
  4.255600E+02
  4.249351E+02
  4.247439E+02
  4.249530E+02
  4.254681E+02
  4.267217E+02
  4.285052E+02
  4.308713E+02
  4.341355E+02
  4.384802E+02
  4.439660E+02
  4.509832E+02
  4.602515E+02
  4.732220E+02
  4.926937E+02
  5.232313E+02
  5.728417E+02
  6.492528E+02
  7.158778E+02
  7.280691E+02
  8.787782E+02
  2.031104E+02
  3.863391E-04
  1.789333E+03
  1.788942E+03
  1.788551E+03
  1.788160E+03
  1.787769E+03
  1.787379E+03
  1.786988E+03
  1.786598E+03
  1.786208E+03
  1.784726E+03
  1.783218E+03
  1.781710E+03
  1.780202E+03
  1.778694E+03
  1.777186E+03
  1.775678E+03
  1.773799E+03
  1.771238E+03
  1.768677E+03
  1.766117E+03
  1.763556E+03
  1.760995E+03
  1.758434E+03
  1.755800E+03
  1.752576E+03
  1.749351E+03
  1.746127E+03
  1.742902E+03
  1.739678E+03
  1.736453E+03
  1.733076E+03
  1.729187E+03
  1.725299E+03
  1.721411E+03
  1.717523E+03
  1.713635E+03
  1.709747E+03
  1.705367E+03
  1.700771E+03
  1.696175E+03
  1.691579E+03
  1.686984E+03
  1.682388E+03
  1.677506E+03
  1.672320E+03
  1.667135E+03
  1.661950E+03
  1.656765E+03
  1.651581E+03
  1.646243E+03
  1.640797E+03
  1.635351E+03
  1.629974E+03
  1.624529E+03
  1.619085E+03
  1.613777E+03
  1.608472E+03
  1.603167E+03
  1.597863E+03
  1.592559E+03
  1.587480E+03
  1.582451E+03
  1.577488E+03
  1.572525E+03
  1.567563E+03
  1.562808E+03
  1.558190E+03
  1.553572E+03
  1.548955E+03
  1.544338E+03
  1.539970E+03
  1.535665E+03
  1.531361E+03
  1.527057E+03
  1.522819E+03
  1.518788E+03
  1.514759E+03
  1.510731E+03
  1.506704E+03
  1.502772E+03
  1.498853E+03
  1.494935E+03
  1.491018E+03
  1.486927E+03
  1.482789E+03
  1.478653E+03
  1.474519E+03
  1.469951E+03
  1.465318E+03
  1.460689E+03
  1.455963E+03
  1.450670E+03
  1.445380E+03
  1.440095E+03
  1.434223E+03
  1.427992E+03
  1.421767E+03
  1.415206E+03
  1.407697E+03
  1.400198E+03
  1.392606E+03
  1.383775E+03
  1.374956E+03
  1.366088E+03
  1.355993E+03
  1.345911E+03
  1.335600E+03
  1.324124E+03
  1.312662E+03
  1.300544E+03
  1.287581E+03
  1.274629E+03
  1.260428E+03
  1.246001E+03
  1.231053E+03
  1.215233E+03
  1.199375E+03
  1.182233E+03
  1.165094E+03
  1.146997E+03
  1.128673E+03
  1.109718E+03
  1.090486E+03
  1.070829E+03
  1.050978E+03
  1.030854E+03
  1.010654E+03
  9.904285E+02
  9.702892E+02
  9.504187E+02
  9.309940E+02
  9.119175E+02
  8.938643E+02
  8.765849E+02
  8.601481E+02
  8.450016E+02
  8.313428E+02
  8.192456E+02
  8.093641E+02
  8.031335E+02
  8.038626E+02
  8.186559E+02
  8.593783E+02
  9.444518E+02
  1.088403E+03
  1.199219E+03
  1.135284E+03
  1.292711E+03
  1.990142E+02
 -1.112438E-10
  1.244946E+00
  1.244776E+00
  1.244607E+00
  1.244438E+00
  1.244268E+00
  1.244099E+00
  1.243930E+00
  1.243761E+00
  1.243592E+00
  1.243003E+00
  1.242405E+00
  1.241806E+00
  1.241207E+00
  1.240608E+00
  1.240009E+00
  1.239411E+00
  1.238655E+00
  1.237610E+00
  1.236565E+00
  1.235520E+00
  1.234475E+00
  1.233431E+00
  1.232386E+00
  1.231300E+00
  1.229883E+00
  1.228467E+00
  1.227051E+00
  1.225634E+00
  1.224218E+00
  1.222802E+00
  1.221298E+00
  1.219502E+00
  1.217706E+00
  1.215910E+00
  1.214115E+00
  1.212319E+00
  1.210523E+00
  1.208452E+00
  1.206260E+00
  1.204068E+00
  1.201876E+00
  1.199685E+00
  1.197493E+00
  1.195113E+00
  1.192535E+00
  1.189956E+00
  1.187378E+00
  1.184800E+00
  1.182222E+00
  1.179427E+00
  1.176479E+00
  1.173533E+00
  1.170586E+00
  1.167640E+00
  1.164694E+00
  1.161401E+00
  1.158102E+00
  1.154804E+00
  1.151507E+00
  1.148209E+00
  1.144688E+00
  1.141052E+00
  1.137416E+00
  1.133780E+00
  1.130145E+00
  1.126309E+00
  1.122340E+00
  1.118372E+00
  1.114404E+00
  1.110436E+00
  1.106196E+00
  1.101889E+00
  1.097582E+00
  1.093275E+00
  1.088886E+00
  1.084227E+00
  1.079568E+00
  1.074910E+00
  1.070253E+00
  1.065267E+00
  1.060246E+00
  1.055225E+00
  1.050204E+00
  1.044893E+00
  1.039500E+00
  1.034107E+00
  1.028715E+00
  1.022998E+00
  1.017231E+00
  1.011465E+00
  1.005644E+00
  9.995084E-01
  9.933736E-01
  9.872398E-01
  9.808779E-01
  9.743759E-01
  9.678754E-01
  9.612778E-01
  9.544054E-01
  9.475357E-01
  9.406402E-01
  9.333974E-01
  9.261584E-01
  9.189041E-01
  9.112720E-01
  9.036442E-01
  8.959467E-01
  8.878947E-01
  8.798470E-01
  8.716050E-01
  8.631127E-01
  8.546241E-01
  8.457555E-01
  8.368182E-01
  8.277171E-01
  8.183417E-01
  8.089546E-01
  7.991559E-01
  7.893593E-01
  7.792280E-01
  7.690181E-01
  7.585221E-01
  7.479000E-01
  7.369876E-01
  7.259417E-01
  7.145632E-01
  7.030894E-01
  6.912195E-01
  6.792435E-01
  6.669779E-01
  6.545001E-01
  6.418665E-01
  6.289163E-01
  6.157759E-01
  6.024342E-01
  5.888028E-01
  5.748606E-01
  5.606481E-01
  5.461863E-01
  5.316220E-01
  5.174409E-01
  5.048032E-01
  4.956792E-01
  4.940068E-01
  5.039723E-01
  4.995234E-01
  4.499638E-01
  5.072041E-01
  1.483669E-01
 -1.642353E-08
  1.120674E+00
  1.120890E+00
  1.121105E+00
  1.121321E+00
  1.121537E+00
  1.121753E+00
  1.121969E+00
  1.122185E+00
  1.122401E+00
  1.122554E+00
  1.122705E+00
  1.122856E+00
  1.123007E+00
  1.123158E+00
  1.123309E+00
  1.123461E+00
  1.123506E+00
  1.123356E+00
  1.123206E+00
  1.123057E+00
  1.122907E+00
  1.122757E+00
  1.122608E+00
  1.122455E+00
  1.122281E+00
  1.122107E+00
  1.121933E+00
  1.121759E+00
  1.121585E+00
  1.121411E+00
  1.121217E+00
  1.120952E+00
  1.120688E+00
  1.120424E+00
  1.120160E+00
  1.119896E+00
  1.119632E+00
  1.119251E+00
  1.118818E+00
  1.118386E+00
  1.117953E+00
  1.117521E+00
  1.117089E+00
  1.116548E+00
  1.115891E+00
  1.115235E+00
  1.114579E+00
  1.113923E+00
  1.113267E+00
  1.112413E+00
  1.111422E+00
  1.110430E+00
  1.109439E+00
  1.108447E+00
  1.107456E+00
  1.105967E+00
  1.104470E+00
  1.102973E+00
  1.101476E+00
  1.099979E+00
  1.098034E+00
  1.095859E+00
  1.093684E+00
  1.091508E+00
  1.089332E+00
  1.086669E+00
  1.083685E+00
  1.080702E+00
  1.077717E+00
  1.074732E+00
  1.071046E+00
  1.067185E+00
  1.063323E+00
  1.059460E+00
  1.055401E+00
  1.050705E+00
  1.046009E+00
  1.041312E+00
  1.036616E+00
  1.031284E+00
  1.025882E+00
  1.020481E+00
  1.015081E+00
  1.009267E+00
  1.003338E+00
  9.974111E-01
  9.914854E-01
  9.853008E-01
  9.790789E-01
  9.728597E-01
  9.666267E-01
  9.603047E-01
  9.539867E-01
  9.476728E-01
  9.412990E-01
  9.348914E-01
  9.284896E-01
  9.220507E-01
  9.154989E-01
  9.089551E-01
  9.024135E-01
  8.958123E-01
  8.892202E-01
  8.826376E-01
  8.760780E-01
  8.695267E-01
  8.629909E-01
  8.564990E-01
  8.500132E-01
  8.435939E-01
  8.372564E-01
  8.309225E-01
  8.248221E-01
  8.187661E-01
  8.128574E-01
  8.071912E-01
  8.015395E-01
  7.963551E-01
  7.911670E-01
  7.864828E-01
  7.819144E-01
  7.778556E-01
  7.740188E-01
  7.707101E-01
  7.676424E-01
  7.652046E-01
  7.629472E-01
  7.615505E-01
  7.604323E-01
  7.600901E-01
  7.604643E-01
  7.613860E-01
  7.636295E-01
  7.668210E-01
  7.710553E-01
  7.768967E-01
  7.846715E-01
  7.944886E-01
  8.070459E-01
  8.236318E-01
  8.468429E-01
  8.816880E-01
  9.363358E-01
  1.025115E+00
  1.161855E+00
  1.281082E+00
  1.302898E+00
  1.572596E+00
  3.634712E-01
  6.913637E-07
  1.238609E+00
  1.238338E+00
  1.238067E+00
  1.237797E+00
  1.237526E+00
  1.237256E+00
  1.236985E+00
  1.236715E+00
  1.236445E+00
  1.235420E+00
  1.234376E+00
  1.233332E+00
  1.232288E+00
  1.231244E+00
  1.230200E+00
  1.229156E+00
  1.227856E+00
  1.226083E+00
  1.224310E+00
  1.222538E+00
  1.220765E+00
  1.218993E+00
  1.217220E+00
  1.215396E+00
  1.213164E+00
  1.210932E+00
  1.208700E+00
  1.206468E+00
  1.204236E+00
  1.202004E+00
  1.199666E+00
  1.196975E+00
  1.194283E+00
  1.191592E+00
  1.188900E+00
  1.186209E+00
  1.183518E+00
  1.180486E+00
  1.177304E+00
  1.174123E+00
  1.170942E+00
  1.167760E+00
  1.164579E+00
  1.161200E+00
  1.157610E+00
  1.154021E+00
  1.150432E+00
  1.146843E+00
  1.143254E+00
  1.139559E+00
  1.135789E+00
  1.132020E+00
  1.128298E+00
  1.124528E+00
  1.120760E+00
  1.117086E+00
  1.113413E+00
  1.109741E+00
  1.106069E+00
  1.102398E+00
  1.098882E+00
  1.095401E+00
  1.091966E+00
  1.088530E+00
  1.085095E+00
  1.081804E+00
  1.078607E+00
  1.075410E+00
  1.072214E+00
  1.069019E+00
  1.065995E+00
  1.063015E+00
  1.060035E+00
  1.057057E+00
  1.054123E+00
  1.051333E+00
  1.048543E+00
  1.045755E+00
  1.042968E+00
  1.040246E+00
  1.037533E+00
  1.034821E+00
  1.032110E+00
  1.029278E+00
  1.026413E+00
  1.023550E+00
  1.020688E+00
  1.017526E+00
  1.014320E+00
  1.011115E+00
  1.007844E+00
  1.004180E+00
  1.000518E+00
  9.968599E-01
  9.927954E-01
  9.884819E-01
  9.841725E-01
  9.796312E-01
  9.744336E-01
  9.692423E-01
  9.639869E-01
  9.578738E-01
  9.517696E-01
  9.456311E-01
  9.386426E-01
  9.316639E-01
  9.245266E-01
  9.165828E-01
  9.086483E-01
  9.002601E-01
  8.912866E-01
  8.823212E-01
  8.724913E-01
  8.625042E-01
  8.521569E-01
  8.412061E-01
  8.302294E-01
  8.183628E-01
  8.064994E-01
  7.939720E-01
  7.812875E-01
  7.681671E-01
  7.548541E-01
  7.412474E-01
  7.275057E-01
  7.135758E-01
  6.995929E-01
  6.855925E-01
  6.716517E-01
  6.578969E-01
  6.444508E-01
  6.312458E-01
  6.187490E-01
  6.067879E-01
  5.954101E-01
  5.849253E-01
  5.754705E-01
  5.670966E-01
  5.602565E-01
  5.559435E-01
  5.564482E-01
  5.666884E-01
  5.948772E-01
  6.537666E-01
  7.534125E-01
  8.301210E-01
  7.858639E-01
  8.948376E-01
  1.377612E-01
 -7.700496E-14
  9.876795E-01
  9.875453E-01
  9.874111E-01
  9.872770E-01
  9.871429E-01
  9.870088E-01
  9.868748E-01
  9.867408E-01
  9.866068E-01
  9.861400E-01
  9.856651E-01
  9.851901E-01
  9.847152E-01
  9.842403E-01
  9.837654E-01
  9.832905E-01
  9.826907E-01
  9.818619E-01
  9.810331E-01
  9.802043E-01
  9.793756E-01
  9.785468E-01
  9.777181E-01
  9.768566E-01
  9.757330E-01
  9.746093E-01
  9.734857E-01
  9.723622E-01
  9.712386E-01
  9.701151E-01
  9.689219E-01
  9.674972E-01
  9.660725E-01
  9.646479E-01
  9.632234E-01
  9.617988E-01
  9.603744E-01
  9.587311E-01
  9.569922E-01
  9.552533E-01
  9.535145E-01
  9.517758E-01
  9.500372E-01
  9.481491E-01
  9.461033E-01
  9.440577E-01
  9.420121E-01
  9.399668E-01
  9.379215E-01
  9.357040E-01
  9.333660E-01
  9.310281E-01
  9.286904E-01
  9.263529E-01
  9.240155E-01
  9.214030E-01
  9.187864E-01
  9.161699E-01
  9.135536E-01
  9.109375E-01
  9.081438E-01
  9.052592E-01
  9.023747E-01
  8.994904E-01
  8.966063E-01
  8.935625E-01
  8.904140E-01
  8.872657E-01
  8.841177E-01
  8.809698E-01
  8.776062E-01
  8.741888E-01
  8.707716E-01
  8.673547E-01
  8.638722E-01
  8.601758E-01
  8.564797E-01
  8.527840E-01
  8.490886E-01
  8.451332E-01
  8.411490E-01
  8.371653E-01
  8.331819E-01
  8.289674E-01
  8.246882E-01
  8.204094E-01
  8.161310E-01
  8.115943E-01
  8.070184E-01
  8.024430E-01
  7.978241E-01
  7.929551E-01
  7.880869E-01
  7.832194E-01
  7.781708E-01
  7.730108E-01
  7.678520E-01
  7.626160E-01
  7.571618E-01
  7.517097E-01
  7.462370E-01
  7.404886E-01
  7.347431E-01
  7.289855E-01
  7.229282E-01
  7.168743E-01
  7.107650E-01
  7.043748E-01
  6.979879E-01
  6.914472E-01
  6.847081E-01
  6.779719E-01
  6.709349E-01
  6.638435E-01
  6.566223E-01
  6.491840E-01
  6.417365E-01
  6.339631E-01
  6.261914E-01
  6.181547E-01
  6.100557E-01
  6.017303E-01
  5.933051E-01
  5.846500E-01
  5.758892E-01
  5.668650E-01
  5.577651E-01
  5.483515E-01
  5.388536E-01
  5.291262E-01
  5.192303E-01
  5.092107E-01
  4.989398E-01
  4.885179E-01
  4.779359E-01
  4.671238E-01
  4.560648E-01
  4.447908E-01
  4.333187E-01
  4.217648E-01
  4.105143E-01
  4.004874E-01
  3.932476E-01
  3.919191E-01
  3.998228E-01
  3.962903E-01
  3.569694E-01
  4.023753E-01
  1.616736E-01
 -3.169411E-03
  5.599550E-02
  5.600627E-02
  5.601705E-02
  5.602784E-02
  5.603863E-02
  5.604943E-02
  5.606024E-02
  5.607105E-02
  5.608186E-02
  5.608949E-02
  5.609703E-02
  5.610459E-02
  5.611214E-02
  5.611971E-02
  5.612727E-02
  5.613484E-02
  5.613711E-02
  5.612963E-02
  5.612215E-02
  5.611468E-02
  5.610720E-02
  5.609973E-02
  5.609226E-02
  5.608466E-02
  5.607597E-02
  5.606728E-02
  5.605859E-02
  5.604990E-02
  5.604122E-02
  5.603253E-02
  5.602280E-02
  5.600960E-02
  5.599641E-02
  5.598321E-02
  5.597002E-02
  5.595683E-02
  5.594363E-02
  5.592459E-02
  5.590298E-02
  5.588138E-02
  5.585978E-02
  5.583819E-02
  5.581659E-02
  5.578955E-02
  5.575675E-02
  5.572396E-02
  5.569117E-02
  5.565839E-02
  5.562562E-02
  5.558298E-02
  5.553344E-02
  5.548389E-02
  5.543435E-02
  5.538482E-02
  5.533528E-02
  5.526090E-02
  5.518611E-02
  5.511131E-02
  5.503650E-02
  5.496168E-02
  5.486450E-02
  5.475584E-02
  5.464716E-02
  5.453845E-02
  5.442971E-02
  5.429663E-02
  5.414756E-02
  5.399846E-02
  5.384932E-02
  5.370016E-02
  5.351601E-02
  5.332306E-02
  5.313008E-02
  5.293708E-02
  5.273426E-02
  5.249959E-02
  5.226492E-02
  5.203024E-02
  5.179556E-02
  5.152915E-02
  5.125922E-02
  5.098932E-02
  5.071945E-02
  5.042894E-02
  5.013267E-02
  4.983647E-02
  4.954035E-02
  4.923129E-02
  4.892036E-02
  4.860955E-02
  4.829806E-02
  4.798211E-02
  4.766635E-02
  4.735079E-02
  4.703224E-02
  4.671198E-02
  4.639201E-02
  4.607018E-02
  4.574269E-02
  4.541560E-02
  4.508861E-02
  4.475864E-02
  4.442911E-02
  4.410006E-02
  4.377216E-02
  4.344467E-02
  4.311795E-02
  4.279345E-02
  4.246924E-02
  4.214837E-02
  4.183160E-02
  4.151501E-02
  4.121012E-02
  4.090746E-02
  4.061217E-02
  4.032901E-02
  4.004659E-02
  3.978756E-02
  3.952834E-02
  3.929433E-02
  3.906612E-02
  3.886339E-02
  3.867177E-02
  3.850657E-02
  3.835343E-02
  3.823179E-02
  3.811916E-02
  3.804958E-02
  3.799390E-02
  3.797703E-02
  3.799594E-02
  3.804221E-02
  3.815453E-02
  3.831421E-02
  3.852597E-02
  3.881803E-02
  3.920667E-02
  3.969732E-02
  4.032487E-02
  4.115367E-02
  4.231345E-02
  4.405445E-02
  4.678484E-02
  5.122054E-02
  5.805247E-02
  6.400920E-02
  6.509866E-02
  7.857308E-02
  2.494481E-02
  8.402850E-03
  1.599937E-01
  1.599587E-01
  1.599238E-01
  1.598889E-01
  1.598540E-01
  1.598191E-01
  1.597842E-01
  1.597493E-01
  1.597144E-01
  1.595820E-01
  1.594472E-01
  1.593123E-01
  1.591775E-01
  1.590427E-01
  1.589079E-01
  1.587731E-01
  1.586050E-01
  1.583761E-01
  1.581471E-01
  1.579182E-01
  1.576892E-01
  1.574603E-01
  1.572313E-01
  1.569958E-01
  1.567075E-01
  1.564192E-01
  1.561309E-01
  1.558426E-01
  1.555543E-01
  1.552660E-01
  1.549640E-01
  1.546163E-01
  1.542687E-01
  1.539210E-01
  1.535734E-01
  1.532257E-01
  1.528781E-01
  1.524864E-01
  1.520755E-01
  1.516645E-01
  1.512536E-01
  1.508427E-01
  1.504318E-01
  1.499953E-01
  1.495316E-01
  1.490679E-01
  1.486043E-01
  1.481407E-01
  1.476772E-01
  1.471999E-01
  1.467129E-01
  1.462260E-01
  1.457452E-01
  1.452584E-01
  1.447715E-01
  1.442969E-01
  1.438226E-01
  1.433482E-01
  1.428740E-01
  1.423997E-01
  1.419455E-01
  1.414959E-01
  1.410521E-01
  1.406084E-01
  1.401647E-01
  1.397395E-01
  1.393265E-01
  1.389136E-01
  1.385008E-01
  1.380880E-01
  1.376974E-01
  1.373124E-01
  1.369275E-01
  1.365427E-01
  1.361637E-01
  1.358033E-01
  1.354430E-01
  1.350828E-01
  1.347227E-01
  1.343711E-01
  1.340205E-01
  1.336701E-01
  1.333199E-01
  1.329540E-01
  1.325839E-01
  1.322139E-01
  1.318442E-01
  1.314356E-01
  1.310213E-01
  1.306072E-01
  1.301844E-01
  1.297110E-01
  1.292378E-01
  1.287650E-01
  1.282398E-01
  1.276823E-01
  1.271254E-01
  1.265385E-01
  1.258668E-01
  1.251959E-01
  1.245167E-01
  1.237266E-01
  1.229377E-01
  1.221444E-01
  1.212413E-01
  1.203394E-01
  1.194171E-01
  1.183906E-01
  1.173653E-01
  1.162814E-01
  1.151220E-01
  1.139637E-01
  1.126937E-01
  1.114035E-01
  1.100668E-01
  1.086522E-01
  1.072343E-01
  1.057016E-01
  1.041692E-01
  1.025512E-01
  1.009129E-01
  9.921845E-02
  9.749910E-02
  9.574189E-02
  9.396728E-02
  9.216843E-02
  9.036271E-02
  8.855481E-02
  8.675460E-02
  8.497843E-02
  8.324212E-02
  8.153693E-02
  7.992321E-02
  7.837864E-02
  7.690937E-02
  7.555542E-02
  7.433445E-02
  7.325303E-02
  7.236967E-02
  7.181268E-02
  7.187789E-02
  7.320052E-02
  7.684150E-02
  8.444799E-02
  9.731881E-02
  1.072265E-01
  1.015088E-01
  1.155835E-01
  2.444175E-02
 -2.419545E-09
  9.878155E-01
  9.876814E-01
  9.875474E-01
  9.874133E-01
  9.872793E-01
  9.871453E-01
  9.870114E-01
  9.868775E-01
  9.867436E-01
  9.862771E-01
  9.858024E-01
  9.853277E-01
  9.848530E-01
  9.843783E-01
  9.839037E-01
  9.834290E-01
  9.828296E-01
  9.820011E-01
  9.811727E-01
  9.803443E-01
  9.795159E-01
  9.786875E-01
  9.778591E-01
  9.769980E-01
  9.758748E-01
  9.747517E-01
  9.736285E-01
  9.725054E-01
  9.713824E-01
  9.702593E-01
  9.690666E-01
  9.676425E-01
  9.662185E-01
  9.647945E-01
  9.633705E-01
  9.619466E-01
  9.605227E-01
  9.588802E-01
  9.571419E-01
  9.554038E-01
  9.536657E-01
  9.519278E-01
  9.501899E-01
  9.483026E-01
  9.462576E-01
  9.442128E-01
  9.421681E-01
  9.401235E-01
  9.380791E-01
  9.358625E-01
  9.335253E-01
  9.311883E-01
  9.288515E-01
  9.265149E-01
  9.241784E-01
  9.215668E-01
  9.189510E-01
  9.163354E-01
  9.137200E-01
  9.111047E-01
  9.083119E-01
  9.054280E-01
  9.025444E-01
  8.996609E-01
  8.967776E-01
  8.937346E-01
  8.905868E-01
  8.874393E-01
  8.842920E-01
  8.811448E-01
  8.777820E-01
  8.743652E-01
  8.709487E-01
  8.675324E-01
  8.640505E-01
  8.603547E-01
  8.566593E-01
  8.529641E-01
  8.492693E-01
  8.453145E-01
  8.413309E-01
  8.373477E-01
  8.333649E-01
  8.291510E-01
  8.248724E-01
  8.205942E-01
  8.163165E-01
  8.117805E-01
  8.072054E-01
  8.026308E-01
  7.980127E-01
  7.931448E-01
  7.882775E-01
  7.834110E-01
  7.783636E-01
  7.732048E-01
  7.680473E-01
  7.628127E-01
  7.573601E-01
  7.519096E-01
  7.464385E-01
  7.406919E-01
  7.349483E-01
  7.291925E-01
  7.231373E-01
  7.170854E-01
  7.109783E-01
  7.045903E-01
  6.982057E-01
  6.916672E-01
  6.849305E-01
  6.781967E-01
  6.711621E-01
  6.640731E-01
  6.568545E-01
  6.494188E-01
  6.419738E-01
  6.342032E-01
  6.264342E-01
  6.184003E-01
  6.103042E-01
  6.019818E-01
  5.935596E-01
  5.849078E-01
  5.761502E-01
  5.671295E-01
  5.580332E-01
  5.486235E-01
  5.391297E-01
  5.294068E-01
  5.195160E-01
  5.095021E-01
  4.992384E-01
  4.888250E-01
  4.782531E-01
  4.674537E-01
  4.564114E-01
  4.451584E-01
  4.337126E-01
  4.221916E-01
  4.109815E-01
  4.010017E-01
  3.938121E-01
  3.925279E-01
  4.004533E-01
  3.969022E-01
  3.575422E-01
  4.026590E-01
  1.610914E-01
 -4.113908E-03
  4.979613E-02
  4.980734E-02
  4.981856E-02
  4.982978E-02
  4.984102E-02
  4.985225E-02
  4.986350E-02
  4.987474E-02
  4.988600E-02
  4.989447E-02
  4.990288E-02
  4.991130E-02
  4.991971E-02
  4.992814E-02
  4.993656E-02
  4.994500E-02
  4.994799E-02
  4.994100E-02
  4.993402E-02
  4.992703E-02
  4.992005E-02
  4.991307E-02
  4.990609E-02
  4.989893E-02
  4.989030E-02
  4.988168E-02
  4.987305E-02
  4.986442E-02
  4.985580E-02
  4.984717E-02
  4.983748E-02
  4.982424E-02
  4.981100E-02
  4.979775E-02
  4.978451E-02
  4.977127E-02
  4.975803E-02
  4.973897E-02
  4.971736E-02
  4.969575E-02
  4.967414E-02
  4.965254E-02
  4.963094E-02
  4.960392E-02
  4.957117E-02
  4.953844E-02
  4.950570E-02
  4.947298E-02
  4.944026E-02
  4.939767E-02
  4.934817E-02
  4.929867E-02
  4.924917E-02
  4.919968E-02
  4.915018E-02
  4.907572E-02
  4.900085E-02
  4.892597E-02
  4.885108E-02
  4.877618E-02
  4.867878E-02
  4.856984E-02
  4.846087E-02
  4.835188E-02
  4.824285E-02
  4.810934E-02
  4.795974E-02
  4.781011E-02
  4.766045E-02
  4.751076E-02
  4.732585E-02
  4.713210E-02
  4.693831E-02
  4.674450E-02
  4.654079E-02
  4.630500E-02
  4.606920E-02
  4.583340E-02
  4.559758E-02
  4.532976E-02
  4.505838E-02
  4.478703E-02
  4.451570E-02
  4.422353E-02
  4.392556E-02
  4.362765E-02
  4.332981E-02
  4.301894E-02
  4.270618E-02
  4.239355E-02
  4.208024E-02
  4.176255E-02
  4.144505E-02
  4.112774E-02
  4.080765E-02
  4.048597E-02
  4.016457E-02
  3.984146E-02
  3.951313E-02
  3.918519E-02
  3.885739E-02
  3.852731E-02
  3.819767E-02
  3.786851E-02
  3.754128E-02
  3.721444E-02
  3.688848E-02
  3.656538E-02
  3.624256E-02
  3.592334E-02
  3.560859E-02
  3.529399E-02
  3.499147E-02
  3.469122E-02
  3.439841E-02
  3.411785E-02
  3.383800E-02
  3.358148E-02
  3.332477E-02
  3.309312E-02
  3.286721E-02
  3.266663E-02
  3.247706E-02
  3.231371E-02
  3.216231E-02
  3.204214E-02
  3.193090E-02
  3.186208E-02
  3.180679E-02
  3.178918E-02
  3.180548E-02
  3.184763E-02
  3.195037E-02
  3.209509E-02
  3.228546E-02
  3.254434E-02
  3.288302E-02
  3.330503E-02
  3.383984E-02
  3.454562E-02
  3.554701E-02
  3.709466E-02
  3.961138E-02
  4.385575E-02
  5.060010E-02
  5.668286E-02
  5.815165E-02
  7.213066E-02
  1.865159E-02
  1.156653E-03
  1.604495E-01
  1.604145E-01
  1.603796E-01
  1.603446E-01
  1.603097E-01
  1.602748E-01
  1.602399E-01
  1.602050E-01
  1.601701E-01
  1.600376E-01
  1.599026E-01
  1.597677E-01
  1.596328E-01
  1.594979E-01
  1.593629E-01
  1.592280E-01
  1.590599E-01
  1.588307E-01
  1.586016E-01
  1.583725E-01
  1.581433E-01
  1.579142E-01
  1.576851E-01
  1.574493E-01
  1.571607E-01
  1.568721E-01
  1.565835E-01
  1.562949E-01
  1.560064E-01
  1.557178E-01
  1.554154E-01
  1.550673E-01
  1.547192E-01
  1.543711E-01
  1.540230E-01
  1.536750E-01
  1.533269E-01
  1.529347E-01
  1.525231E-01
  1.521115E-01
  1.517000E-01
  1.512884E-01
  1.508769E-01
  1.504396E-01
  1.499751E-01
  1.495106E-01
  1.490462E-01
  1.485818E-01
  1.481174E-01
  1.476391E-01
  1.471511E-01
  1.466632E-01
  1.461829E-01
  1.456950E-01
  1.452072E-01
  1.447315E-01
  1.442560E-01
  1.437806E-01
  1.433052E-01
  1.428298E-01
  1.423745E-01
  1.419221E-01
  1.414771E-01
  1.410322E-01
  1.405873E-01
  1.401609E-01
  1.397466E-01
  1.393324E-01
  1.389183E-01
  1.385042E-01
  1.381122E-01
  1.377258E-01
  1.373396E-01
  1.369534E-01
  1.365729E-01
  1.362110E-01
  1.358491E-01
  1.354874E-01
  1.351258E-01
  1.347725E-01
  1.344202E-01
  1.340681E-01
  1.337162E-01
  1.333483E-01
  1.329761E-01
  1.326041E-01
  1.322323E-01
  1.318212E-01
  1.314043E-01
  1.309876E-01
  1.305621E-01
  1.300853E-01
  1.296088E-01
  1.291327E-01
  1.286035E-01
  1.280418E-01
  1.274806E-01
  1.268893E-01
  1.262123E-01
  1.255362E-01
  1.248517E-01
  1.240556E-01
  1.232607E-01
  1.224614E-01
  1.215518E-01
  1.206435E-01
  1.197147E-01
  1.186816E-01
  1.176497E-01
  1.165594E-01
  1.153936E-01
  1.142288E-01
  1.129527E-01
  1.116564E-01
  1.103138E-01
  1.088936E-01
  1.074700E-01
  1.059322E-01
  1.043948E-01
  1.027722E-01
  1.011294E-01
  9.943089E-02
  9.770773E-02
  9.594724E-02
  9.416958E-02
  9.236827E-02
  9.056028E-02
  8.875087E-02
  8.694937E-02
  8.517255E-02
  8.343618E-02
  8.173135E-02
  8.011912E-02
  7.857687E-02
  7.711084E-02
  7.576164E-02
  7.454731E-02
  7.347446E-02
  7.260197E-02
  7.205855E-02
  7.214187E-02
  7.348347E-02
  7.714429E-02
  8.476759E-02
  9.764480E-02
  1.075403E-01
  1.017950E-01
  1.157552E-01
  2.437137E-02
 -4.023334E-09
 -1.360191E-04
 -1.361172E-04
 -1.362153E-04
 -1.363134E-04
 -1.364115E-04
 -1.365097E-04
 -1.366079E-04
 -1.367061E-04
 -1.368043E-04
 -1.370509E-04
 -1.373011E-04
 -1.375514E-04
 -1.378017E-04
 -1.380520E-04
 -1.383023E-04
 -1.385526E-04
 -1.388421E-04
 -1.392034E-04
 -1.395647E-04
 -1.399260E-04
 -1.402873E-04
 -1.406486E-04
 -1.410099E-04
 -1.413839E-04
 -1.418597E-04
 -1.423355E-04
 -1.428113E-04
 -1.432871E-04
 -1.437629E-04
 -1.442388E-04
 -1.447434E-04
 -1.453440E-04
 -1.459446E-04
 -1.465451E-04
 -1.471457E-04
 -1.477463E-04
 -1.483469E-04
 -1.490346E-04
 -1.497603E-04
 -1.504860E-04
 -1.512118E-04
 -1.519375E-04
 -1.526633E-04
 -1.534404E-04
 -1.542717E-04
 -1.551030E-04
 -1.559343E-04
 -1.567657E-04
 -1.575970E-04
 -1.584598E-04
 -1.593445E-04
 -1.602292E-04
 -1.611139E-04
 -1.619987E-04
 -1.628834E-04
 -1.637543E-04
 -1.646249E-04
 -1.654954E-04
 -1.663658E-04
 -1.672362E-04
 -1.680678E-04
 -1.688795E-04
 -1.696909E-04
 -1.705021E-04
 -1.713131E-04
 -1.720803E-04
 -1.728185E-04
 -1.735563E-04
 -1.742936E-04
 -1.750305E-04
 -1.757081E-04
 -1.763702E-04
 -1.770315E-04
 -1.776921E-04
 -1.783371E-04
 -1.789333E-04
 -1.795284E-04
 -1.801222E-04
 -1.807150E-04
 -1.812899E-04
 -1.818615E-04
 -1.824314E-04
 -1.829998E-04
 -1.836167E-04
 -1.842459E-04
 -1.848730E-04
 -1.854981E-04
 -1.862578E-04
 -1.870361E-04
 -1.878120E-04
 -1.886203E-04
 -1.896232E-04
 -1.906236E-04
 -1.916215E-04
 -1.927925E-04
 -1.940696E-04
 -1.953442E-04
 -1.966979E-04
 -1.982784E-04
 -1.998568E-04
 -2.014545E-04
 -2.033157E-04
 -2.051750E-04
 -2.070429E-04
 -2.091192E-04
 -2.111936E-04
 -2.132937E-04
 -2.155250E-04
 -2.177543E-04
 -2.200385E-04
 -2.223935E-04
 -2.247466E-04
 -2.271994E-04
 -2.296695E-04
 -2.321840E-04
 -2.347738E-04
 -2.373666E-04
 -2.400883E-04
 -2.428090E-04
 -2.456546E-04
 -2.485297E-04
 -2.515258E-04
 -2.545760E-04
 -2.577700E-04
 -2.610312E-04
 -2.645045E-04
 -2.680398E-04
 -2.719547E-04
 -2.760354E-04
 -2.805921E-04
 -2.857619E-04
 -2.914114E-04
 -2.985692E-04
 -3.070741E-04
 -3.171478E-04
 -3.299809E-04
 -3.466516E-04
 -3.675555E-04
 -3.938642E-04
 -4.268194E-04
 -4.672126E-04
 -5.143195E-04
 -5.644153E-04
 -6.087979E-04
 -6.305111E-04
 -6.119944E-04
 -5.728407E-04
 -2.836973E-04
  5.821914E-04
  9.444975E-04
  6.199374E-03
  6.198935E-03
  6.198496E-03
  6.198057E-03
  6.197618E-03
  6.197180E-03
  6.196741E-03
  6.196303E-03
  6.195865E-03
  6.195013E-03
  6.194152E-03
  6.193291E-03
  6.192429E-03
  6.191568E-03
  6.190707E-03
  6.189846E-03
  6.189115E-03
  6.188624E-03
  6.188134E-03
  6.187643E-03
  6.187152E-03
  6.186662E-03
  6.186171E-03
  6.185728E-03
  6.185666E-03
  6.185603E-03
  6.185541E-03
  6.185479E-03
  6.185417E-03
  6.185354E-03
  6.185317E-03
  6.185365E-03
  6.185412E-03
  6.185460E-03
  6.185508E-03
  6.185555E-03
  6.185603E-03
  6.185622E-03
  6.185627E-03
  6.185633E-03
  6.185640E-03
  6.185646E-03
  6.185652E-03
  6.185630E-03
  6.185576E-03
  6.185522E-03
  6.185469E-03
  6.185416E-03
  6.185364E-03
  6.185316E-03
  6.185272E-03
  6.185228E-03
  6.185185E-03
  6.185142E-03
  6.185099E-03
  6.185177E-03
  6.185258E-03
  6.185339E-03
  6.185421E-03
  6.185503E-03
  6.185718E-03
  6.186002E-03
  6.186286E-03
  6.186571E-03
  6.186856E-03
  6.187287E-03
  6.187814E-03
  6.188343E-03
  6.188872E-03
  6.189403E-03
  6.190154E-03
  6.190961E-03
  6.191771E-03
  6.192582E-03
  6.193468E-03
  6.194590E-03
  6.195715E-03
  6.196843E-03
  6.197974E-03
  6.199389E-03
  6.200840E-03
  6.202295E-03
  6.203753E-03
  6.205404E-03
  6.207111E-03
  6.208824E-03
  6.210542E-03
  6.212348E-03
  6.214171E-03
  6.216001E-03
  6.217820E-03
  6.219555E-03
  6.221298E-03
  6.223047E-03
  6.224589E-03
  6.226009E-03
  6.227438E-03
  6.228716E-03
  6.229556E-03
  6.230412E-03
  6.231225E-03
  6.231324E-03
  6.231446E-03
  6.231550E-03
  6.230876E-03
  6.230228E-03
  6.229467E-03
  6.228061E-03
  6.226682E-03
  6.225028E-03
  6.223012E-03
  6.221020E-03
  6.218654E-03
  6.216234E-03
  6.213756E-03
  6.211166E-03
  6.208594E-03
  6.206074E-03
  6.203566E-03
  6.201212E-03
  6.198901E-03
  6.196767E-03
  6.194715E-03
  6.192869E-03
  6.191119E-03
  6.189648E-03
  6.188258E-03
  6.187494E-03
  6.187109E-03
  6.187846E-03
  6.190458E-03
  6.194584E-03
  6.204154E-03
  6.219116E-03
  6.240512E-03
  6.273683E-03
  6.323650E-03
  6.392286E-03
  6.485027E-03
  6.608046E-03
  6.766434E-03
  6.959789E-03
  7.173458E-03
  7.364792E-03
  7.452373E-03
  7.326345E-03
  6.947010E-03
  6.442424E-03
  6.293219E-03
  7.246198E-03
 -4.558192E-04
 -4.557999E-04
 -4.557807E-04
 -4.557615E-04
 -4.557423E-04
 -4.557231E-04
 -4.557039E-04
 -4.556848E-04
 -4.556657E-04
 -4.555676E-04
 -4.554675E-04
 -4.553675E-04
 -4.552675E-04
 -4.551676E-04
 -4.550677E-04
 -4.549678E-04
 -4.548379E-04
 -4.546527E-04
 -4.544676E-04
 -4.542826E-04
 -4.540975E-04
 -4.539125E-04
 -4.537275E-04
 -4.535306E-04
 -4.532383E-04
 -4.529460E-04
 -4.526537E-04
 -4.523615E-04
 -4.520692E-04
 -4.517769E-04
 -4.514502E-04
 -4.510089E-04
 -4.505676E-04
 -4.501263E-04
 -4.496850E-04
 -4.492437E-04
 -4.488024E-04
 -4.482307E-04
 -4.476020E-04
 -4.469733E-04
 -4.463446E-04
 -4.457160E-04
 -4.450873E-04
 -4.443568E-04
 -4.435190E-04
 -4.426813E-04
 -4.418436E-04
 -4.410059E-04
 -4.401683E-04
 -4.392254E-04
 -4.382087E-04
 -4.371921E-04
 -4.376887E-04
 -4.366719E-04
 -4.356551E-04
 -4.345414E-04
 -4.334263E-04
 -4.323113E-04
 -4.311964E-04
 -4.300816E-04
 -4.289127E-04
 -4.262060E-04
 -4.250098E-04
 -4.238136E-04
 -4.226177E-04
 -4.213648E-04
 -4.200747E-04
 -4.187849E-04
 -4.174953E-04
 -4.162060E-04
 -4.148295E-04
 -4.134314E-04
 -4.120338E-04
 -4.106367E-04
 -4.092102E-04
 -4.076878E-04
 -4.061661E-04
 -4.046452E-04
 -4.031251E-04
 -4.014329E-04
 -3.997225E-04
 -3.980134E-04
 -3.963054E-04
 -3.943169E-04
 -3.922506E-04
 -3.901860E-04
 -3.881230E-04
 -3.855828E-04
 -3.829713E-04
 -3.803619E-04
 -3.776440E-04
 -3.742990E-04
 -3.709568E-04
 -3.676176E-04
 -3.637195E-04
 -3.594779E-04
 -3.552405E-04
 -3.507449E-04
 -3.455190E-04
 -3.402992E-04
 -3.350242E-04
 -3.290063E-04
 -3.229964E-04
 -3.169722E-04
 -3.105131E-04
 -3.040632E-04
 -2.975983E-04
 -2.910262E-04
 -2.844633E-04
 -2.779626E-04
 -2.715384E-04
 -2.651229E-04
 -2.589794E-04
 -2.528927E-04
 -2.469797E-04
 -2.413493E-04
 -2.357420E-04
 -2.306465E-04
 -2.255555E-04
 -2.209450E-04
 -2.164515E-04
 -2.124363E-04
 -2.086342E-04
 -2.053470E-04
 -2.022981E-04
 -1.998481E-04
 -1.975712E-04
 -1.960531E-04
 -1.947659E-04
 -1.941180E-04
 -1.940534E-04
 -1.944226E-04
 -1.959086E-04
 -1.982275E-04
 -2.014673E-04
 -2.062191E-04
 -2.128661E-04
 -2.214273E-04
 -2.322997E-04
 -2.458706E-04
 -2.639757E-04
 -2.829523E-04
 -3.027929E-04
 -3.195948E-04
 -3.259932E-04
 -3.138743E-04
 -2.861087E-04
 -1.717380E-04
  7.037231E-05
  1.603788E-09
  1.273240E+00
  1.273211E+00
  1.273125E+00
  1.272981E+00
  1.272781E+00
  1.272522E+00
  1.272207E+00
  1.271834E+00
  1.271403E+00
  1.270915E+00
  1.270369E+00
  1.269765E+00
  1.269104E+00
  1.268384E+00
  1.267607E+00
  1.266771E+00
  1.265877E+00
  1.264925E+00
  1.263915E+00
  1.262845E+00
  1.261717E+00
  1.260530E+00
  1.259284E+00
  1.257979E+00
  1.256614E+00
  1.255190E+00
  1.253705E+00
  1.252161E+00
  1.250556E+00
  1.248891E+00
  1.247165E+00
  1.245378E+00
  1.243529E+00
  1.241620E+00
  1.239648E+00
  1.237614E+00
  1.235518E+00
  1.233359E+00
  1.231136E+00
  1.228851E+00
  1.226501E+00
  1.224088E+00
  1.221610E+00
  1.219067E+00
  1.216458E+00
  1.213784E+00
  1.211044E+00
  1.208237E+00
  1.205362E+00
  1.202421E+00
  1.199411E+00
  1.196332E+00
  1.193185E+00
  1.189968E+00
  1.186680E+00
  1.183322E+00
  1.179892E+00
  1.176390E+00
  1.172816E+00
  1.169168E+00
  1.165446E+00
  1.161649E+00
  1.157776E+00
  1.153828E+00
  1.149802E+00
  1.145699E+00
  1.141516E+00
  1.137254E+00
  1.132912E+00
  1.128488E+00
  1.123982E+00
  1.119393E+00
  1.114719E+00
  1.109960E+00
  1.105114E+00
  1.100180E+00
  1.095157E+00
  1.090045E+00
  1.084841E+00
  1.079544E+00
  1.074153E+00
  1.068667E+00
  1.063083E+00
  1.057401E+00
  1.051619E+00
  1.045735E+00
  1.039748E+00
  1.033655E+00
  1.027455E+00
  1.021146E+00
  1.014726E+00
  1.008193E+00
  1.001543E+00
  9.947766E-01
  9.878894E-01
  9.808795E-01
  9.737441E-01
  9.664805E-01
  9.590857E-01
  9.515567E-01
  9.438904E-01
  9.360832E-01
  9.281318E-01
  9.200322E-01
  9.117806E-01
  9.033729E-01
  8.948045E-01
  8.860709E-01
  8.771671E-01
  8.680879E-01
  8.588277E-01
  8.493806E-01
  8.397402E-01
  8.299000E-01
  8.198525E-01
  8.095903E-01
  7.991048E-01
  7.883874E-01
  7.774283E-01
  7.662172E-01
  7.547428E-01
  7.429930E-01
  7.309546E-01
  7.186128E-01
  7.059520E-01
  6.929545E-01
  6.796012E-01
  6.658704E-01
  6.517385E-01
  6.371787E-01
  6.221609E-01
  6.066513E-01
  5.906109E-01
  5.739954E-01
  5.567532E-01
  5.388241E-01
  5.201372E-01
  5.006076E-01
  4.801325E-01
  4.585853E-01
  4.358068E-01
  4.115929E-01
  3.856731E-01
  3.576769E-01
  3.270715E-01
  2.930404E-01
  2.542116E-01
  2.079144E-01
  1.472658E-01
  0.000000E+00
  1.099507E-01
  1.099558E-01
  1.099608E-01
  1.099659E-01
  1.099709E-01
  1.099760E-01
  1.099810E-01
  1.099861E-01
  1.099911E-01
  1.099909E-01
  1.099905E-01
  1.099902E-01
  1.099898E-01
  1.099894E-01
  1.099891E-01
  1.099887E-01
  1.099861E-01
  1.099794E-01
  1.099726E-01
  1.099659E-01
  1.099592E-01
  1.099524E-01
  1.099457E-01
  1.099381E-01
  1.099238E-01
  1.099095E-01
  1.098952E-01
  1.098809E-01
  1.098666E-01
  1.098523E-01
  1.098360E-01
  1.098128E-01
  1.097896E-01
  1.097663E-01
  1.097431E-01
  1.097199E-01
  1.096967E-01
  1.096666E-01
  1.096333E-01
  1.096001E-01
  1.095669E-01
  1.095337E-01
  1.095005E-01
  1.094628E-01
  1.094203E-01
  1.093778E-01
  1.093353E-01
  1.092928E-01
  1.092503E-01
  1.092060E-01
  1.091606E-01
  1.091152E-01
  1.093051E-01
  1.092596E-01
  1.092141E-01
  1.091768E-01
  1.091396E-01
  1.091024E-01
  1.090652E-01
  1.090280E-01
  1.089985E-01
  1.087380E-01
  1.087124E-01
  1.086927E-01
  1.086754E-01
  1.086669E-01
  1.086642E-01
  1.086616E-01
  1.086589E-01
  1.086563E-01
  1.086653E-01
  1.086773E-01
  1.086893E-01
  1.087013E-01
  1.087164E-01
  1.087414E-01
  1.087665E-01
  1.087915E-01
  1.088166E-01
  1.088438E-01
  1.088824E-01
  1.089274E-01
  1.089723E-01
  1.089998E-01
  1.090224E-01
  1.090449E-01
  1.090711E-01
  1.090720E-01
  1.090653E-01
  1.090587E-01
  1.090389E-01
  1.089447E-01
  1.088626E-01
  1.087987E-01
  1.086686E-01
  1.084975E-01
  1.083264E-01
  1.081222E-01
  1.078249E-01
  1.075277E-01
  1.072619E-01
  1.069469E-01
  1.066471E-01
  1.063456E-01
  1.060085E-01
  1.057036E-01
  1.054253E-01
  1.051430E-01
  1.048607E-01
  1.045859E-01
  1.043721E-01
  1.041641E-01
  1.039783E-01
  1.038194E-01
  1.037095E-01
  1.036392E-01
  1.035696E-01
  1.035178E-01
  1.034661E-01
  1.034295E-01
  1.033964E-01
  1.033728E-01
  1.033535E-01
  1.033449E-01
  1.033406E-01
  1.033372E-01
  1.033340E-01
  1.033306E-01
  1.033269E-01
  1.033223E-01
  1.033167E-01
  1.033103E-01
  1.033020E-01
  1.032924E-01
  1.032815E-01
  1.032688E-01
  1.032542E-01
  1.032379E-01
  1.032199E-01
  1.032000E-01
  1.031997E-01
  1.031964E-01
  1.032017E-01
  1.032072E-01
  1.032160E-01
  1.032642E-01
  1.033145E-01
  1.033672E-01
  1.217538E-01
  2.269262E-02
 -1.739432E-01
 -1.708996E-01
 -1.678560E-01
 -1.648125E-01
 -1.617689E-01
 -1.587254E-01
 -1.556818E-01
 -1.526382E-01
 -1.495947E-01
 -1.465133E-01
 -1.434310E-01
 -1.403487E-01
 -1.372664E-01
 -1.341841E-01
 -1.311018E-01
 -1.280195E-01
 -1.249297E-01
 -1.218260E-01
 -1.187223E-01
 -1.156186E-01
 -1.125149E-01
 -1.094112E-01
 -1.063075E-01
 -1.032054E-01
 -1.001152E-01
 -9.702514E-02
 -9.393502E-02
 -9.084491E-02
 -8.775480E-02
 -8.466469E-02
 -8.159405E-02
 -7.858810E-02
 -7.558216E-02
 -7.257622E-02
 -6.957028E-02
 -6.656433E-02
 -6.355839E-02
 -6.071085E-02
 -5.793265E-02
 -5.515444E-02
 -5.237624E-02
 -4.959803E-02
 -4.681982E-02
 -4.429036E-02
 -4.202335E-02
 -3.975634E-02
 -3.748933E-02
 -3.522232E-02
 -3.295530E-02
 -3.126512E-02
 -2.997897E-02
 -2.869282E-02
  2.988968E-02
  3.115982E-02
  3.242997E-02
  3.227306E-02
  3.209369E-02
  3.191431E-02
  3.173494E-02
  3.155557E-02
  3.020079E-02
 -2.892034E-02
 -3.086505E-02
 -3.280976E-02
 -3.475447E-02
 -3.794410E-02
 -4.195041E-02
 -4.595672E-02
 -4.996303E-02
 -5.396933E-02
 -5.975951E-02
 -6.599707E-02
 -7.223462E-02
 -7.847218E-02
 -8.522915E-02
 -9.367385E-02
 -1.021185E-01
 -1.105632E-01
 -1.190079E-01
 -1.293332E-01
 -1.398688E-01
 -1.504044E-01
 -1.609400E-01
 -1.731637E-01
 -1.858627E-01
 -1.985618E-01
 -2.112608E-01
 -2.259155E-01
 -2.408700E-01
 -2.558245E-01
 -2.711271E-01
 -2.884106E-01
 -3.056940E-01
 -3.229774E-01
 -3.417342E-01
 -3.614022E-01
 -3.810701E-01
 -4.013375E-01
 -4.232867E-01
 -4.452358E-01
 -4.672470E-01
 -4.900206E-01
 -5.127940E-01
 -5.355123E-01
 -5.571309E-01
 -5.787492E-01
 -5.999055E-01
 -6.188217E-01
 -6.377377E-01
 -6.550011E-01
 -6.701461E-01
 -6.852911E-01
 -6.967219E-01
 -7.074564E-01
 -7.164202E-01
 -7.224435E-01
 -7.283100E-01
 -7.295645E-01
 -7.308190E-01
 -7.281661E-01
 -7.245792E-01
 -7.170863E-01
 -7.078591E-01
 -6.944170E-01
 -6.790251E-01
 -6.588434E-01
 -6.372738E-01
 -6.100327E-01
 -5.812582E-01
 -5.483320E-01
 -5.123965E-01
 -4.742641E-01
 -4.318514E-01
 -3.871169E-01
 -3.400323E-01
 -2.899262E-01
 -2.370811E-01
 -1.820229E-01
 -1.247258E-01
 -6.521319E-02
  5.347463E-02
  1.172244E-01
  1.829592E-01
  2.505771E-01
  3.199728E-01
  3.910401E-01
  4.636746E-01
  5.379867E-01
 -2.321042E-01
  6.152565E-01
  9.799869E-01
  9.799867E-01
  9.799866E-01
  9.799864E-01
  9.799863E-01
  9.799861E-01
  9.799860E-01
  9.799859E-01
  9.799857E-01
  9.799856E-01
  9.799854E-01
  9.799853E-01
  9.799852E-01
  9.799851E-01
  9.799849E-01
  9.799848E-01
  9.799847E-01
  9.799846E-01
  9.799845E-01
  9.799844E-01
  9.799843E-01
  9.799842E-01
  9.799841E-01
  9.799840E-01
  9.799839E-01
  9.799838E-01
  9.799837E-01
  9.799836E-01
  9.799835E-01
  9.799834E-01
  9.799834E-01
  9.799833E-01
  9.799832E-01
  9.799832E-01
  9.799831E-01
  9.799830E-01
  9.799830E-01
  9.799829E-01
  9.799829E-01
  9.799828E-01
  9.799828E-01
  9.799827E-01
  9.799827E-01
  9.799827E-01
  9.799826E-01
  9.799826E-01
  9.799826E-01
  9.799826E-01
  9.799825E-01
  9.799825E-01
  9.799825E-01
  9.799825E-01
  9.799825E-01
  9.799825E-01
  9.799825E-01
  9.799825E-01
  9.799825E-01
  9.799825E-01
  9.799825E-01
  9.799825E-01
  9.799825E-01
  9.799825E-01
  9.799825E-01
  9.799825E-01
  9.799826E-01
  9.799826E-01
  9.799826E-01
  9.799827E-01
  9.799828E-01
  9.799828E-01
  9.799829E-01
  9.799830E-01
  9.799832E-01
  9.799833E-01
  9.799835E-01
  9.799837E-01
  9.799839E-01
  9.799842E-01
  9.799845E-01
  9.799849E-01
  9.799853E-01
  9.799858E-01
  9.799862E-01
  9.799869E-01
  9.799875E-01
  9.799883E-01
  9.799890E-01
  9.799900E-01
  9.799910E-01
  9.799921E-01
  9.799933E-01
  9.799948E-01
  9.799963E-01
  9.799979E-01
  9.799998E-01
  9.800019E-01
  9.800041E-01
  9.800064E-01
  9.800091E-01
  9.800120E-01
  9.800150E-01
  9.800182E-01
  9.800216E-01
  9.800252E-01
  9.800287E-01
  9.800324E-01
  9.800361E-01
  9.800395E-01
  9.800431E-01
  9.800464E-01
  9.800494E-01
  9.800525E-01
  9.800548E-01
  9.800571E-01
  9.800590E-01
  9.800603E-01
  9.800616E-01
  9.800618E-01
  9.800621E-01
  9.800615E-01
  9.800607E-01
  9.800591E-01
  9.800572E-01
  9.800544E-01
  9.800512E-01
  9.800472E-01
  9.800430E-01
  9.800379E-01
  9.800328E-01
  9.800273E-01
  9.800216E-01
  9.800160E-01
  9.800102E-01
  9.800047E-01
  9.799996E-01
  9.799949E-01
  9.799908E-01
  9.799873E-01
  9.799847E-01
  9.799830E-01
  9.799828E-01
  9.799844E-01
  9.799874E-01
  9.799917E-01
  9.799977E-01
  9.800052E-01
  9.800145E-01
  9.800256E-01
  7.134833E-01
  4.028784E-06
 -3.276884E+02
 -3.274390E+02
 -3.271896E+02
 -3.269401E+02
 -3.266906E+02
 -3.264411E+02
 -3.261915E+02
 -3.259419E+02
 -3.256922E+02
 -3.251576E+02
 -3.246158E+02
 -3.240740E+02
 -3.235322E+02
 -3.229903E+02
 -3.224484E+02
 -3.219065E+02
 -3.213034E+02
 -3.205881E+02
 -3.198729E+02
 -3.191576E+02
 -3.184424E+02
 -3.177271E+02
 -3.170119E+02
 -3.162666E+02
 -3.152807E+02
 -3.142949E+02
 -3.133092E+02
 -3.123234E+02
 -3.113377E+02
 -3.103519E+02
 -3.093107E+02
 -3.080851E+02
 -3.068595E+02
 -3.056339E+02
 -3.044084E+02
 -3.031829E+02
 -3.019574E+02
 -3.005864E+02
 -2.991517E+02
 -2.977170E+02
 -2.962824E+02
 -2.948478E+02
 -2.934133E+02
 -2.918955E+02
 -2.902899E+02
 -2.886843E+02
 -2.870788E+02
 -2.854734E+02
 -2.838681E+02
 -2.822066E+02
 -2.805060E+02
 -2.788056E+02
 -2.771053E+02
 -2.754051E+02
 -2.737051E+02
 -2.720168E+02
 -2.703290E+02
 -2.686416E+02
 -2.669544E+02
 -2.652675E+02
 -2.636587E+02
 -2.620901E+02
 -2.605220E+02
 -2.589544E+02
 -2.573872E+02
 -2.559374E+02
 -2.545649E+02
 -2.531930E+02
 -2.518216E+02
 -2.504507E+02
 -2.492620E+02
 -2.481193E+02
 -2.469771E+02
 -2.458355E+02
 -2.447401E+02
 -2.437935E+02
 -2.428473E+02
 -2.419015E+02
 -2.409561E+02
 -2.401136E+02
 -2.392826E+02
 -2.384518E+02
 -2.376209E+02
 -2.367975E+02
 -2.359759E+02
 -2.351538E+02
 -2.343314E+02
 -2.334042E+02
 -2.324602E+02
 -2.315153E+02
 -2.305361E+02
 -2.293657E+02
 -2.281938E+02
 -2.270205E+02
 -2.257061E+02
 -2.243034E+02
 -2.228988E+02
 -2.214404E+02
 -2.198350E+02
 -2.182271E+02
 -2.165983E+02
 -2.147371E+02
 -2.128739E+02
 -2.109937E+02
 -2.088118E+02
 -2.066287E+02
 -2.043836E+02
 -2.018431E+02
 -1.993024E+02
 -1.965764E+02
 -1.936133E+02
 -1.906511E+02
 -1.872685E+02
 -1.838087E+02
 -1.801416E+02
 -1.761298E+02
 -1.721011E+02
 -1.674976E+02
 -1.628977E+02
 -1.577614E+02
 -1.525006E+02
 -1.467374E+02
 -1.407543E+02
 -1.342552E+02
 -1.275199E+02
 -1.201797E+02
 -1.126662E+02
 -1.043708E+02
 -9.583923E+01
 -8.665424E+01
 -7.690822E+01
 -6.673835E+01
 -5.559054E+01
 -4.376958E+01
 -3.121425E+01
 -1.754264E+01
 -2.557180E+00
  1.377192E+01
  3.181716E+01
  5.218358E+01
  7.594548E+01
  1.050047E+02
  1.424029E+02
  1.931073E+02
  2.616169E+02
  3.313948E+02
  3.814228E+02
  4.878187E+02
  8.894779E+01
  3.974565E-04
  1.105887E+04
  1.105738E+04
  1.105589E+04
  1.105441E+04
  1.105292E+04
  1.105144E+04
  1.104995E+04
  1.104847E+04
  1.104698E+04
  1.104179E+04
  1.103650E+04
  1.103122E+04
  1.102593E+04
  1.102065E+04
  1.101536E+04
  1.101007E+04
  1.100339E+04
  1.099415E+04
  1.098491E+04
  1.097566E+04
  1.096642E+04
  1.095718E+04
  1.094794E+04
  1.093833E+04
  1.092580E+04
  1.091327E+04
  1.090074E+04
  1.088821E+04
  1.087569E+04
  1.086316E+04
  1.084985E+04
  1.083397E+04
  1.081808E+04
  1.080219E+04
  1.078631E+04
  1.077042E+04
  1.075454E+04
  1.073621E+04
  1.071681E+04
  1.069741E+04
  1.067802E+04
  1.065862E+04
  1.063923E+04
  1.061817E+04
  1.059534E+04
  1.057252E+04
  1.054969E+04
  1.052687E+04
  1.050405E+04
  1.047930E+04
  1.045320E+04
  1.042711E+04
  1.040101E+04
  1.037492E+04
  1.034883E+04
  1.031965E+04
  1.029042E+04
  1.026120E+04
  1.023197E+04
  1.020275E+04
  1.017153E+04
  1.013928E+04
  1.010704E+04
  1.007480E+04
  1.004256E+04
  1.000852E+04
  9.973293E+03
  9.938071E+03
  9.902851E+03
  9.867634E+03
  9.829981E+03
  9.791718E+03
  9.753459E+03
  9.715203E+03
  9.676206E+03
  9.634796E+03
  9.593391E+03
  9.551989E+03
  9.510591E+03
  9.466266E+03
  9.421618E+03
  9.376974E+03
  9.332335E+03
  9.285102E+03
  9.237143E+03
  9.189190E+03
  9.141241E+03
  9.090403E+03
  9.039128E+03
  8.987858E+03
  8.936104E+03
  8.881561E+03
  8.827028E+03
  8.772503E+03
  8.715959E+03
  8.658174E+03
  8.600404E+03
  8.541773E+03
  8.480708E+03
  8.419668E+03
  8.358399E+03
  8.294056E+03
  8.229749E+03
  8.165306E+03
  8.097525E+03
  8.029783E+03
  7.961425E+03
  7.889935E+03
  7.818483E+03
  7.745318E+03
  7.669944E+03
  7.594602E+03
  7.515913E+03
  7.436619E+03
  7.355883E+03
  7.272735E+03
  7.189484E+03
  7.102618E+03
  7.015769E+03
  6.925986E+03
  6.835513E+03
  6.742537E+03
  6.648456E+03
  6.551835E+03
  6.454045E+03
  6.353346E+03
  6.251812E+03
  6.146819E+03
  6.040901E+03
  5.932461E+03
  5.822179E+03
  5.710547E+03
  5.596179E+03
  5.480176E+03
  5.362443E+03
  5.242227E+03
  5.119357E+03
  4.994195E+03
  4.866962E+03
  4.739017E+03
  4.614779E+03
  4.504743E+03
  4.426720E+03
  4.416210E+03
  4.510885E+03
  4.477298E+03
  4.040257E+03
  4.559226E+03
  1.329013E+03
 -1.118960E-04
  8.861900E+00
  9.180694E+00
  9.499493E+00
  9.818297E+00
  1.013710E+01
  1.045592E+01
  1.077473E+01
  1.109356E+01
  1.141238E+01
  1.216689E+01
  1.293219E+01
  1.369751E+01
  1.446283E+01
  1.522816E+01
  1.599350E+01
  1.675885E+01
  1.760756E+01
  1.860913E+01
  1.961071E+01
  2.061229E+01
  2.161388E+01
  2.261549E+01
  2.361710E+01
  2.465563E+01
  2.598975E+01
  2.732387E+01
  2.865800E+01
  2.999213E+01
  3.132626E+01
  3.266040E+01
  3.409888E+01
  3.588410E+01
  3.766932E+01
  3.945454E+01
  4.123974E+01
  4.302495E+01
  4.481015E+01
  4.696268E+01
  4.927598E+01
  5.158926E+01
  5.390251E+01
  5.621574E+01
  5.852894E+01
  6.097799E+01
  6.357033E+01
  6.616261E+01
  6.875484E+01
  7.134701E+01
  7.393912E+01
  7.627525E+01
  7.843203E+01
  8.058871E+01
  8.274530E+01
  8.490180E+01
  8.705820E+01
  8.884078E+01
  9.061734E+01
  9.239375E+01
  9.417001E+01
  9.594613E+01
  9.797351E+01
  1.001296E+02
  1.022854E+02
  1.044410E+02
  1.065963E+02
  1.090696E+02
  1.117512E+02
  1.144325E+02
  1.171135E+02
  1.197941E+02
  1.227500E+02
  1.257746E+02
  1.287987E+02
  1.318224E+02
  1.349083E+02
  1.381970E+02
  1.414852E+02
  1.447729E+02
  1.480601E+02
  1.520914E+02
  1.562055E+02
  1.603191E+02
  1.644322E+02
  1.696374E+02
  1.751499E+02
  1.806617E+02
  1.861730E+02
  1.928399E+02
  1.996834E+02
  2.065262E+02
  2.135291E+02
  2.214455E+02
  2.293611E+02
  2.372759E+02
  2.455525E+02
  2.540525E+02
  2.625517E+02
  2.707191E+02
  2.779572E+02
  2.851949E+02
  2.921662E+02
  2.958774E+02
  2.995890E+02
  3.031197E+02
  3.030156E+02
  3.029127E+02
  3.023139E+02
  2.993066E+02
  2.963007E+02
  2.924358E+02
  2.874692E+02
  2.825040E+02
  2.765433E+02
  2.703970E+02
  2.640163E+02
  2.572455E+02
  2.504521E+02
  2.429681E+02
  2.354849E+02
  2.253996E+02
  2.146935E+02
  2.003115E+02
  1.842991E+02
  1.656923E+02
  1.458868E+02
  1.247909E+02
  1.033219E+02
  8.164874E+01
  6.013632E+01
  3.915685E+01
  1.892657E+01
 -7.373264E-01
 -1.893740E+01
 -3.616694E+01
 -5.237119E+01
 -6.710025E+01
 -8.028905E+01
 -9.207261E+01
 -1.022356E+02
 -1.104681E+02
 -1.162685E+02
 -1.188011E+02
 -1.168372E+02
 -1.094081E+02
 -9.704768E+01
 -8.050962E+01
 -6.847024E+01
  7.895736E+02
  4.412837E+03
  2.775369E-02
