 Title= "ADflow Lift Distribution Data"
Variables = "eta" "CoordinateX" "CoordinateY" "CoordinateZ" "Lift" "Drag" "Moment" "Normalized Lift" "Normalized Drag" "Normalized Moment" "CL" "CD" "CM" "CLp" "CDp" "CMp" "CLv" "CDv" "CMv" "Elliptical" "thickness" "twist" "chord" "fx" "fy" "fz" 
Zone T= "LiftDist_01 allWalls: : z normal"
 I=          150
 DATAPACKING=BLOCK
  0.000000E+00
  6.711405E-03
  1.342281E-02
  2.013422E-02
  2.684563E-02
  3.355704E-02
  4.026845E-02
  4.697986E-02
  5.369127E-02
  6.040268E-02
  6.711409E-02
  7.382550E-02
  8.053691E-02
  8.724832E-02
  9.395973E-02
  1.006711E-01
  1.073825E-01
  1.140940E-01
  1.208054E-01
  1.275168E-01
  1.342282E-01
  1.409396E-01
  1.476510E-01
  1.543624E-01
  1.610738E-01
  1.677852E-01
  1.744966E-01
  1.812081E-01
  1.879195E-01
  1.946309E-01
  2.013423E-01
  2.080537E-01
  2.147651E-01
  2.214765E-01
  2.281879E-01
  2.348993E-01
  2.416107E-01
  2.483221E-01
  2.550336E-01
  2.617450E-01
  2.684564E-01
  2.751678E-01
  2.818792E-01
  2.885906E-01
  2.953020E-01
  3.020134E-01
  3.087248E-01
  3.154362E-01
  3.221476E-01
  3.288591E-01
  3.355705E-01
  3.422819E-01
  3.489933E-01
  3.557047E-01
  3.624161E-01
  3.691275E-01
  3.758389E-01
  3.825503E-01
  3.892617E-01
  3.959732E-01
  4.026846E-01
  4.093960E-01
  4.161074E-01
  4.228188E-01
  4.295302E-01
  4.362416E-01
  4.429530E-01
  4.496644E-01
  4.563758E-01
  4.630872E-01
  4.697987E-01
  4.765101E-01
  4.832215E-01
  4.899329E-01
  4.966443E-01
  5.033557E-01
  5.100671E-01
  5.167785E-01
  5.234899E-01
  5.302013E-01
  5.369128E-01
  5.436242E-01
  5.503356E-01
  5.570470E-01
  5.637584E-01
  5.704698E-01
  5.771812E-01
  5.838926E-01
  5.906040E-01
  5.973154E-01
  6.040268E-01
  6.107383E-01
  6.174497E-01
  6.241611E-01
  6.308725E-01
  6.375839E-01
  6.442953E-01
  6.510067E-01
  6.577181E-01
  6.644295E-01
  6.711409E-01
  6.778524E-01
  6.845638E-01
  6.912752E-01
  6.979866E-01
  7.046980E-01
  7.114094E-01
  7.181208E-01
  7.248322E-01
  7.315436E-01
  7.382550E-01
  7.449664E-01
  7.516779E-01
  7.583893E-01
  7.651007E-01
  7.718121E-01
  7.785235E-01
  7.852349E-01
  7.919463E-01
  7.986577E-01
  8.053691E-01
  8.120805E-01
  8.187919E-01
  8.255034E-01
  8.322148E-01
  8.389262E-01
  8.456376E-01
  8.523490E-01
  8.590604E-01
  8.657718E-01
  8.724832E-01
  8.791946E-01
  8.859060E-01
  8.926175E-01
  8.993289E-01
  9.060403E-01
  9.127517E-01
  9.194631E-01
  9.261745E-01
  9.328859E-01
  9.395973E-01
  9.463087E-01
  9.530201E-01
  9.597315E-01
  9.664430E-01
  9.731544E-01
  9.798658E-01
  9.865772E-01
  9.932886E-01
  1.000000E+00
  0.000000E+00
  0.000000E+00
  0.000000E+00
  0.000000E+00
  0.000000E+00
  0.000000E+00
  0.000000E+00
  0.000000E+00
  0.000000E+00
  0.000000E+00
  0.000000E+00
  0.000000E+00
  0.000000E+00
  0.000000E+00
  0.000000E+00
  0.000000E+00
  0.000000E+00
  0.000000E+00
  0.000000E+00
  0.000000E+00
  0.000000E+00
  0.000000E+00
  0.000000E+00
  0.000000E+00
  0.000000E+00
  0.000000E+00
  0.000000E+00
  0.000000E+00
  0.000000E+00
  0.000000E+00
  0.000000E+00
  0.000000E+00
  0.000000E+00
  0.000000E+00
  0.000000E+00
  0.000000E+00
  0.000000E+00
  0.000000E+00
  0.000000E+00
  0.000000E+00
  0.000000E+00
  0.000000E+00
  0.000000E+00
  0.000000E+00
  0.000000E+00
  0.000000E+00
  0.000000E+00
  0.000000E+00
  0.000000E+00
  0.000000E+00
  0.000000E+00
  0.000000E+00
  0.000000E+00
  0.000000E+00
  0.000000E+00
  0.000000E+00
  0.000000E+00
  0.000000E+00
  0.000000E+00
  0.000000E+00
  0.000000E+00
  0.000000E+00
  0.000000E+00
  0.000000E+00
  0.000000E+00
  0.000000E+00
  0.000000E+00
  0.000000E+00
  0.000000E+00
  0.000000E+00
  0.000000E+00
  0.000000E+00
  0.000000E+00
  0.000000E+00
  0.000000E+00
  0.000000E+00
  0.000000E+00
  0.000000E+00
  0.000000E+00
  0.000000E+00
  0.000000E+00
  0.000000E+00
  0.000000E+00
  0.000000E+00
  0.000000E+00
  0.000000E+00
  0.000000E+00
  0.000000E+00
  0.000000E+00
  0.000000E+00
  0.000000E+00
  0.000000E+00
  0.000000E+00
  0.000000E+00
  0.000000E+00
  0.000000E+00
  0.000000E+00
  0.000000E+00
  0.000000E+00
  0.000000E+00
  0.000000E+00
  0.000000E+00
  0.000000E+00
  0.000000E+00
  0.000000E+00
  0.000000E+00
  0.000000E+00
  0.000000E+00
  0.000000E+00
  0.000000E+00
  0.000000E+00
  0.000000E+00
  0.000000E+00
  0.000000E+00
  0.000000E+00
  0.000000E+00
  0.000000E+00
  0.000000E+00
  0.000000E+00
  0.000000E+00
  0.000000E+00
  0.000000E+00
  0.000000E+00
  0.000000E+00
  0.000000E+00
  0.000000E+00
  0.000000E+00
  0.000000E+00
  0.000000E+00
  0.000000E+00
  0.000000E+00
  0.000000E+00
  0.000000E+00
  0.000000E+00
  0.000000E+00
  0.000000E+00
  0.000000E+00
  0.000000E+00
  0.000000E+00
  0.000000E+00
  0.000000E+00
  0.000000E+00
  0.000000E+00
  0.000000E+00
  0.000000E+00
  0.000000E+00
  0.000000E+00
  0.000000E+00
  0.000000E+00
  0.000000E+00
  0.000000E+00
  0.000000E+00
  0.000000E+00
  0.000000E+00
  0.000000E+00
  0.000000E+00
  0.000000E+00
  0.000000E+00
  0.000000E+00
  0.000000E+00
  0.000000E+00
  0.000000E+00
  0.000000E+00
  0.000000E+00
  0.000000E+00
  0.000000E+00
  0.000000E+00
  0.000000E+00
  0.000000E+00
  0.000000E+00
  0.000000E+00
  0.000000E+00
  0.000000E+00
  0.000000E+00
  0.000000E+00
  0.000000E+00
  0.000000E+00
  0.000000E+00
  0.000000E+00
  0.000000E+00
  0.000000E+00
  0.000000E+00
  0.000000E+00
  0.000000E+00
  0.000000E+00
  0.000000E+00
  0.000000E+00
  0.000000E+00
  0.000000E+00
  0.000000E+00
  0.000000E+00
  0.000000E+00
  0.000000E+00
  0.000000E+00
  0.000000E+00
  0.000000E+00
  0.000000E+00
  0.000000E+00
  0.000000E+00
  0.000000E+00
  0.000000E+00
  0.000000E+00
  0.000000E+00
  0.000000E+00
  0.000000E+00
  0.000000E+00
  0.000000E+00
  0.000000E+00
  0.000000E+00
  0.000000E+00
  0.000000E+00
  0.000000E+00
  0.000000E+00
  0.000000E+00
  0.000000E+00
  0.000000E+00
  0.000000E+00
  0.000000E+00
  0.000000E+00
  0.000000E+00
  0.000000E+00
  0.000000E+00
  0.000000E+00
  0.000000E+00
  0.000000E+00
  0.000000E+00
  0.000000E+00
  0.000000E+00
  0.000000E+00
  0.000000E+00
  0.000000E+00
  0.000000E+00
  0.000000E+00
  0.000000E+00
  0.000000E+00
  0.000000E+00
  0.000000E+00
  0.000000E+00
  0.000000E+00
  0.000000E+00
  0.000000E+00
  0.000000E+00
  0.000000E+00
  0.000000E+00
  0.000000E+00
  0.000000E+00
  0.000000E+00
  0.000000E+00
  0.000000E+00
  0.000000E+00
  0.000000E+00
  0.000000E+00
  0.000000E+00
  0.000000E+00
  0.000000E+00
  0.000000E+00
  0.000000E+00
  0.000000E+00
  0.000000E+00
  0.000000E+00
  0.000000E+00
  0.000000E+00
  0.000000E+00
  0.000000E+00
  0.000000E+00
  0.000000E+00
  0.000000E+00
  0.000000E+00
  0.000000E+00
  0.000000E+00
  0.000000E+00
  0.000000E+00
  0.000000E+00
  0.000000E+00
  0.000000E+00
  0.000000E+00
  0.000000E+00
  0.000000E+00
  0.000000E+00
  0.000000E+00
  0.000000E+00
  0.000000E+00
  0.000000E+00
  0.000000E+00
  0.000000E+00
  0.000000E+00
  0.000000E+00
  0.000000E+00
  0.000000E+00
  0.000000E+00
  0.000000E+00
  0.000000E+00
  0.000000E+00
  0.000000E+00
  0.000000E+00
  0.000000E+00
  0.000000E+00
  0.000000E+00
  0.000000E+00
  0.000000E+00
  1.000000E-08
  1.695085E-02
  3.390169E-02
  5.085254E-02
  6.780338E-02
  8.475423E-02
  1.017051E-01
  1.186559E-01
  1.356068E-01
  1.525576E-01
  1.695085E-01
  1.864593E-01
  2.034101E-01
  2.203610E-01
  2.373118E-01
  2.542627E-01
  2.712135E-01
  2.881644E-01
  3.051152E-01
  3.220661E-01
  3.390169E-01
  3.559678E-01
  3.729186E-01
  3.898694E-01
  4.068203E-01
  4.237711E-01
  4.407220E-01
  4.576728E-01
  4.746237E-01
  4.915745E-01
  5.085254E-01
  5.254762E-01
  5.424271E-01
  5.593779E-01
  5.763287E-01
  5.932796E-01
  6.102304E-01
  6.271813E-01
  6.441321E-01
  6.610830E-01
  6.780338E-01
  6.949847E-01
  7.119355E-01
  7.288864E-01
  7.458372E-01
  7.627880E-01
  7.797389E-01
  7.966897E-01
  8.136406E-01
  8.305914E-01
  8.475423E-01
  8.644931E-01
  8.814440E-01
  8.983948E-01
  9.153457E-01
  9.322965E-01
  9.492473E-01
  9.661982E-01
  9.831490E-01
  1.000100E+00
  1.017051E+00
  1.034002E+00
  1.050952E+00
  1.067903E+00
  1.084854E+00
  1.101805E+00
  1.118756E+00
  1.135707E+00
  1.152657E+00
  1.169608E+00
  1.186559E+00
  1.203510E+00
  1.220461E+00
  1.237412E+00
  1.254363E+00
  1.271313E+00
  1.288264E+00
  1.305215E+00
  1.322166E+00
  1.339117E+00
  1.356068E+00
  1.373018E+00
  1.389969E+00
  1.406920E+00
  1.423871E+00
  1.440822E+00
  1.457773E+00
  1.474724E+00
  1.491674E+00
  1.508625E+00
  1.525576E+00
  1.542527E+00
  1.559478E+00
  1.576429E+00
  1.593379E+00
  1.610330E+00
  1.627281E+00
  1.644232E+00
  1.661183E+00
  1.678134E+00
  1.695085E+00
  1.712035E+00
  1.728986E+00
  1.745937E+00
  1.762888E+00
  1.779839E+00
  1.796790E+00
  1.813740E+00
  1.830691E+00
  1.847642E+00
  1.864593E+00
  1.881544E+00
  1.898495E+00
  1.915446E+00
  1.932396E+00
  1.949347E+00
  1.966298E+00
  1.983249E+00
  2.000200E+00
  2.017151E+00
  2.034101E+00
  2.051052E+00
  2.068003E+00
  2.084954E+00
  2.101905E+00
  2.118856E+00
  2.135807E+00
  2.152757E+00
  2.169708E+00
  2.186659E+00
  2.203610E+00
  2.220561E+00
  2.237512E+00
  2.254462E+00
  2.271413E+00
  2.288364E+00
  2.305315E+00
  2.322266E+00
  2.339217E+00
  2.356168E+00
  2.373118E+00
  2.390069E+00
  2.407020E+00
  2.423971E+00
  2.440922E+00
  2.457873E+00
  2.474823E+00
  2.491774E+00
  2.508725E+00
  2.525676E+00
  1.091660E+04
  1.091509E+04
  1.091359E+04
  1.091208E+04
  1.091058E+04
  1.090907E+04
  1.090757E+04
  1.090607E+04
  1.090456E+04
  1.090023E+04
  1.089582E+04
  1.089141E+04
  1.088701E+04
  1.088260E+04
  1.087819E+04
  1.087379E+04
  1.086832E+04
  1.086090E+04
  1.085348E+04
  1.084606E+04
  1.083864E+04
  1.083123E+04
  1.082381E+04
  1.081600E+04
  1.080507E+04
  1.079414E+04
  1.078321E+04
  1.077229E+04
  1.076136E+04
  1.075043E+04
  1.073864E+04
  1.072399E+04
  1.070933E+04
  1.069468E+04
  1.068002E+04
  1.066537E+04
  1.065072E+04
  1.063353E+04
  1.061523E+04
  1.059693E+04
  1.057863E+04
  1.056034E+04
  1.054204E+04
  1.052212E+04
  1.050047E+04
  1.047882E+04
  1.045718E+04
  1.043554E+04
  1.041390E+04
  1.039046E+04
  1.036577E+04
  1.034109E+04
  1.031640E+04
  1.029172E+04
  1.026704E+04
  1.023961E+04
  1.021213E+04
  1.018466E+04
  1.015718E+04
  1.012971E+04
  1.010059E+04
  1.007063E+04
  1.004067E+04
  1.001071E+04
  9.980748E+03
  9.949373E+03
  9.917070E+03
  9.884769E+03
  9.852470E+03
  9.820173E+03
  9.785852E+03
  9.751025E+03
  9.716200E+03
  9.681378E+03
  9.645885E+03
  9.608202E+03
  9.570522E+03
  9.532844E+03
  9.495169E+03
  9.454663E+03
  9.413843E+03
  9.373025E+03
  9.332210E+03
  9.288781E+03
  9.244618E+03
  9.200459E+03
  9.156302E+03
  9.109090E+03
  9.061414E+03
  9.013742E+03
  8.965524E+03
  8.914182E+03
  8.862846E+03
  8.811519E+03
  8.757843E+03
  8.702723E+03
  8.647616E+03
  8.591490E+03
  8.532493E+03
  8.473516E+03
  8.414259E+03
  8.351343E+03
  8.288456E+03
  8.225402E+03
  8.158478E+03
  8.091585E+03
  8.024008E+03
  7.952993E+03
  7.882008E+03
  7.809221E+03
  7.734114E+03
  7.659034E+03
  7.580533E+03
  7.501411E+03
  7.420837E+03
  7.337836E+03
  7.254732E+03
  7.168019E+03
  7.081324E+03
  6.991729E+03
  6.901454E+03
  6.808709E+03
  6.714878E+03
  6.618475E+03
  6.520890E+03
  6.420275E+03
  6.318792E+03
  6.213639E+03
  6.107497E+03
  5.998646E+03
  5.887801E+03
  5.775492E+03
  5.660196E+03
  5.543114E+03
  5.424144E+03
  5.302473E+03
  5.177956E+03
  5.051024E+03
  4.921976E+03
  4.792341E+03
  4.666871E+03
  4.556622E+03
  4.480235E+03
  4.474080E+03
  4.575118E+03
  4.543704E+03
  4.094660E+03
  4.582590E+03
  1.342951E+03
 -1.793495E-04
  6.094890E+02
  6.094073E+02
  6.093257E+02
  6.092442E+02
  6.091629E+02
  6.090816E+02
  6.090005E+02
  6.089195E+02
  6.088386E+02
  6.086494E+02
  6.084576E+02
  6.082659E+02
  6.080742E+02
  6.078827E+02
  6.076912E+02
  6.074998E+02
  6.073195E+02
  6.071596E+02
  6.069997E+02
  6.068399E+02
  6.066800E+02
  6.065202E+02
  6.063603E+02
  6.062052E+02
  6.060878E+02
  6.059704E+02
  6.058529E+02
  6.057354E+02
  6.056179E+02
  6.055004E+02
  6.053844E+02
  6.052738E+02
  6.051631E+02
  6.050524E+02
  6.049417E+02
  6.048309E+02
  6.047200E+02
  6.046149E+02
  6.045121E+02
  6.044094E+02
  6.043066E+02
  6.042038E+02
  6.041009E+02
  6.040008E+02
  6.039035E+02
  6.038062E+02
  6.037090E+02
  6.036117E+02
  6.035144E+02
  6.033694E+02
  6.031910E+02
  6.030126E+02
  6.028341E+02
  6.026555E+02
  6.024768E+02
  6.020636E+02
  6.016465E+02
  6.012292E+02
  6.008116E+02
  6.003938E+02
  5.997506E+02
  5.989917E+02
  5.982324E+02
  5.974728E+02
  5.967127E+02
  5.957308E+02
  5.946032E+02
  5.934751E+02
  5.923464E+02
  5.912173E+02
  5.897877E+02
  5.882823E+02
  5.867762E+02
  5.852697E+02
  5.836806E+02
  5.818247E+02
  5.799682E+02
  5.781111E+02
  5.762533E+02
  5.741335E+02
  5.719838E+02
  5.698336E+02
  5.676828E+02
  5.653677E+02
  5.630061E+02
  5.606441E+02
  5.582815E+02
  5.558219E+02
  5.533472E+02
  5.508722E+02
  5.483916E+02
  5.458793E+02
  5.433673E+02
  5.408556E+02
  5.383225E+02
  5.357770E+02
  5.332325E+02
  5.306719E+02
  5.280654E+02
  5.254608E+02
  5.228520E+02
  5.201715E+02
  5.174935E+02
  5.148115E+02
  5.120053E+02
  5.092014E+02
  5.063680E+02
  5.033824E+02
  5.003984E+02
  4.973418E+02
  4.941911E+02
  4.910412E+02
  4.878046E+02
  4.845516E+02
  4.812877E+02
  4.780050E+02
  4.747226E+02
  4.714763E+02
  4.682277E+02
  4.651028E+02
  4.620046E+02
  4.590997E+02
  4.562775E+02
  4.536945E+02
  4.512189E+02
  4.490581E+02
  4.469846E+02
  4.453768E+02
  4.439239E+02
  4.429131E+02
  4.423224E+02
  4.420501E+02
  4.425671E+02
  4.436472E+02
  4.453454E+02
  4.479998E+02
  4.518031E+02
  4.568195E+02
  4.634701E+02
  4.725314E+02
  4.855618E+02
  5.055465E+02
  5.373277E+02
  5.892600E+02
  6.690594E+02
  7.383894E+02
  7.497870E+02
  8.979590E+02
  2.131461E+02
  3.865472E-04
  1.666607E+03
  1.666681E+03
  1.666755E+03
  1.666829E+03
  1.666904E+03
  1.666979E+03
  1.667054E+03
  1.667129E+03
  1.667204E+03
  1.666968E+03
  1.666724E+03
  1.666480E+03
  1.666236E+03
  1.665992E+03
  1.665748E+03
  1.665505E+03
  1.664935E+03
  1.663768E+03
  1.662600E+03
  1.661432E+03
  1.660265E+03
  1.659097E+03
  1.657930E+03
  1.656644E+03
  1.654410E+03
  1.652175E+03
  1.649941E+03
  1.647706E+03
  1.645472E+03
  1.643237E+03
  1.640735E+03
  1.637344E+03
  1.633952E+03
  1.630560E+03
  1.627248E+03
  1.623856E+03
  1.620464E+03
  1.616265E+03
  1.611712E+03
  1.607160E+03
  1.602608E+03
  1.598057E+03
  1.593505E+03
  1.588490E+03
  1.582985E+03
  1.577481E+03
  1.571977E+03
  1.566473E+03
  1.560970E+03
  1.555215E+03
  1.549285E+03
  1.543355E+03
  1.537426E+03
  1.531497E+03
  1.525568E+03
  1.519851E+03
  1.514138E+03
  1.508425E+03
  1.502713E+03
  1.497000E+03
  1.491683E+03
  1.486568E+03
  1.481454E+03
  1.476340E+03
  1.471226E+03
  1.466515E+03
  1.462070E+03
  1.457625E+03
  1.453180E+03
  1.448735E+03
  1.444778E+03
  1.440943E+03
  1.437108E+03
  1.433274E+03
  1.429558E+03
  1.426224E+03
  1.422892E+03
  1.419559E+03
  1.416228E+03
  1.413113E+03
  1.410024E+03
  1.406935E+03
  1.403847E+03
  1.400607E+03
  1.397325E+03
  1.394044E+03
  1.390765E+03
  1.386917E+03
  1.383049E+03
  1.379183E+03
  1.375189E+03
  1.370457E+03
  1.365728E+03
  1.361001E+03
  1.355534E+03
  1.349611E+03
  1.343693E+03
  1.337381E+03
  1.329961E+03
  1.322546E+03
  1.315024E+03
  1.306105E+03
  1.297195E+03
  1.288229E+03
  1.277964E+03
  1.267709E+03
  1.257236E+03
  1.245668E+03
  1.234109E+03
  1.221989E+03
  1.209149E+03
  1.196317E+03
  1.182495E+03
  1.168492E+03
  1.154100E+03
  1.139055E+03
  1.123984E+03
  1.107958E+03
  1.091936E+03
  1.075199E+03
  1.058294E+03
  1.040953E+03
  1.023421E+03
  1.005636E+03
  9.877349E+02
  9.697134E+02
  9.516584E+02
  9.337205E+02
  9.159004E+02
  8.984347E+02
  8.814640E+02
  8.648755E+02
  8.493615E+02
  8.346381E+02
  8.207724E+02
  8.082125E+02
  7.971658E+02
  7.877347E+02
  7.806311E+02
  7.774342E+02
  7.817157E+02
  8.009705E+02
  8.476700E+02
  9.406898E+02
  1.093828E+03
  1.211540E+03
  1.145922E+03
  1.291426E+03
  1.980878E+02
 -1.437475E-10
  1.232095E+00
  1.231924E+00
  1.231754E+00
  1.231585E+00
  1.231415E+00
  1.231245E+00
  1.231075E+00
  1.230905E+00
  1.230736E+00
  1.230246E+00
  1.229749E+00
  1.229252E+00
  1.228754E+00
  1.228257E+00
  1.227760E+00
  1.227263E+00
  1.226645E+00
  1.225808E+00
  1.224971E+00
  1.224133E+00
  1.223296E+00
  1.222459E+00
  1.221622E+00
  1.220740E+00
  1.219507E+00
  1.218273E+00
  1.217040E+00
  1.215807E+00
  1.214573E+00
  1.213340E+00
  1.212009E+00
  1.210355E+00
  1.208701E+00
  1.207047E+00
  1.205393E+00
  1.203739E+00
  1.202086E+00
  1.200146E+00
  1.198080E+00
  1.196015E+00
  1.193950E+00
  1.191885E+00
  1.189820E+00
  1.187571E+00
  1.185128E+00
  1.182685E+00
  1.180242E+00
  1.177800E+00
  1.175357E+00
  1.172712E+00
  1.169926E+00
  1.167140E+00
  1.164354E+00
  1.161568E+00
  1.158782E+00
  1.155686E+00
  1.152585E+00
  1.149484E+00
  1.146383E+00
  1.143283E+00
  1.139996E+00
  1.136614E+00
  1.133233E+00
  1.129851E+00
  1.126470E+00
  1.122929E+00
  1.119283E+00
  1.115637E+00
  1.111992E+00
  1.108347E+00
  1.104473E+00
  1.100543E+00
  1.096612E+00
  1.092682E+00
  1.088676E+00
  1.084423E+00
  1.080170E+00
  1.075918E+00
  1.071666E+00
  1.067094E+00
  1.062487E+00
  1.057880E+00
  1.053273E+00
  1.048372E+00
  1.043387E+00
  1.038403E+00
  1.033420E+00
  1.028091E+00
  1.022710E+00
  1.017330E+00
  1.011888E+00
  1.006093E+00
  1.000299E+00
  9.945058E-01
  9.884478E-01
  9.822267E-01
  9.760070E-01
  9.696725E-01
  9.630138E-01
  9.563574E-01
  9.496694E-01
  9.425684E-01
  9.354707E-01
  9.283542E-01
  9.208008E-01
  9.132511E-01
  9.056241E-01
  8.976090E-01
  8.895973E-01
  8.813823E-01
  8.729053E-01
  8.644314E-01
  8.555715E-01
  8.466415E-01
  8.375476E-01
  8.281797E-01
  8.188003E-01
  8.090134E-01
  7.992287E-01
  7.891165E-01
  7.789277E-01
  7.684601E-01
  7.578700E-01
  7.469895E-01
  7.359756E-01
  7.246198E-01
  7.131660E-01
  7.012980E-01
  6.893183E-01
  6.770330E-01
  6.645225E-01
  6.518468E-01
  6.388341E-01
  6.256196E-01
  6.121922E-01
  5.984599E-01
  5.844064E-01
  5.700803E-01
  5.555154E-01
  5.408842E-01
  5.267232E-01
  5.142800E-01
  5.056586E-01
  5.049639E-01
  5.163675E-01
  5.128220E-01
  4.621410E-01
  5.172107E-01
  1.515712E-01
 -2.024215E-08
  1.092749E+00
  1.092603E+00
  1.092456E+00
  1.092310E+00
  1.092165E+00
  1.092019E+00
  1.091873E+00
  1.091728E+00
  1.091583E+00
  1.091244E+00
  1.090900E+00
  1.090556E+00
  1.090213E+00
  1.089869E+00
  1.089526E+00
  1.089183E+00
  1.088860E+00
  1.088573E+00
  1.088286E+00
  1.088000E+00
  1.087713E+00
  1.087426E+00
  1.087140E+00
  1.086862E+00
  1.086651E+00
  1.086441E+00
  1.086230E+00
  1.086019E+00
  1.085809E+00
  1.085598E+00
  1.085390E+00
  1.085192E+00
  1.084993E+00
  1.084795E+00
  1.084596E+00
  1.084398E+00
  1.084199E+00
  1.084010E+00
  1.083826E+00
  1.083642E+00
  1.083458E+00
  1.083273E+00
  1.083089E+00
  1.082909E+00
  1.082735E+00
  1.082561E+00
  1.082386E+00
  1.082212E+00
  1.082037E+00
  1.081777E+00
  1.081458E+00
  1.081138E+00
  1.080818E+00
  1.080497E+00
  1.080177E+00
  1.079436E+00
  1.078689E+00
  1.077940E+00
  1.077192E+00
  1.076442E+00
  1.075289E+00
  1.073929E+00
  1.072567E+00
  1.071205E+00
  1.069843E+00
  1.068082E+00
  1.066061E+00
  1.064038E+00
  1.062014E+00
  1.059990E+00
  1.057427E+00
  1.054728E+00
  1.052028E+00
  1.049327E+00
  1.046477E+00
  1.043150E+00
  1.039822E+00
  1.036492E+00
  1.033161E+00
  1.029361E+00
  1.025506E+00
  1.021651E+00
  1.017795E+00
  1.013644E+00
  1.009410E+00
  1.005175E+00
  1.000940E+00
  9.965297E-01
  9.920929E-01
  9.876556E-01
  9.832080E-01
  9.787038E-01
  9.742001E-01
  9.696968E-01
  9.651553E-01
  9.605914E-01
  9.560294E-01
  9.514386E-01
  9.467653E-01
  9.420955E-01
  9.374183E-01
  9.326123E-01
  9.278110E-01
  9.230025E-01
  9.179713E-01
  9.129443E-01
  9.078643E-01
  9.025113E-01
  8.971614E-01
  8.916812E-01
  8.860322E-01
  8.803848E-01
  8.745820E-01
  8.687497E-01
  8.628979E-01
  8.570124E-01
  8.511273E-01
  8.453070E-01
  8.394827E-01
  8.338801E-01
  8.283254E-01
  8.231172E-01
  8.180573E-01
  8.134263E-01
  8.089878E-01
  8.051136E-01
  8.013960E-01
  7.985135E-01
  7.959085E-01
  7.940963E-01
  7.930372E-01
  7.925491E-01
  7.934760E-01
  7.954124E-01
  7.984571E-01
  8.032162E-01
  8.100350E-01
  8.190290E-01
  8.309528E-01
  8.471988E-01
  8.705609E-01
  9.063914E-01
  9.633717E-01
  1.056481E+00
  1.199553E+00
  1.323854E+00
  1.344289E+00
  1.609945E+00
  3.821485E-01
  6.930381E-07
  1.222125E+00
  1.222179E+00
  1.222234E+00
  1.222288E+00
  1.222343E+00
  1.222398E+00
  1.222453E+00
  1.222508E+00
  1.222563E+00
  1.222390E+00
  1.222211E+00
  1.222032E+00
  1.221853E+00
  1.221674E+00
  1.221496E+00
  1.221317E+00
  1.220899E+00
  1.220043E+00
  1.219187E+00
  1.218331E+00
  1.217474E+00
  1.216618E+00
  1.215762E+00
  1.214819E+00
  1.213181E+00
  1.211542E+00
  1.209904E+00
  1.208265E+00
  1.206627E+00
  1.204988E+00
  1.203153E+00
  1.200666E+00
  1.198179E+00
  1.195692E+00
  1.193263E+00
  1.190776E+00
  1.188288E+00
  1.185209E+00
  1.181871E+00
  1.178533E+00
  1.175195E+00
  1.171857E+00
  1.168519E+00
  1.164841E+00
  1.160805E+00
  1.156769E+00
  1.152733E+00
  1.148697E+00
  1.144661E+00
  1.140441E+00
  1.136093E+00
  1.131744E+00
  1.127396E+00
  1.123049E+00
  1.118701E+00
  1.114509E+00
  1.110319E+00
  1.106130E+00
  1.101941E+00
  1.097752E+00
  1.093853E+00
  1.090102E+00
  1.086352E+00
  1.082602E+00
  1.078852E+00
  1.075398E+00
  1.072138E+00
  1.068878E+00
  1.065619E+00
  1.062359E+00
  1.059457E+00
  1.056645E+00
  1.053833E+00
  1.051022E+00
  1.048297E+00
  1.045852E+00
  1.043408E+00
  1.040965E+00
  1.038522E+00
  1.036238E+00
  1.033972E+00
  1.031707E+00
  1.029443E+00
  1.027067E+00
  1.024660E+00
  1.022255E+00
  1.019850E+00
  1.017028E+00
  1.014192E+00
  1.011357E+00
  1.008428E+00
  1.004958E+00
  1.001490E+00
  9.980235E-01
  9.940146E-01
  9.896718E-01
  9.853318E-01
  9.807034E-01
  9.752618E-01
  9.698249E-01
  9.643086E-01
  9.577687E-01
  9.512352E-01
  9.446601E-01
  9.371330E-01
  9.296130E-01
  9.219330E-01
  9.134497E-01
  9.049735E-01
  8.960865E-01
  8.866705E-01
  8.772609E-01
  8.671249E-01
  8.568569E-01
  8.463032E-01
  8.352709E-01
  8.242189E-01
  8.124668E-01
  8.007182E-01
  7.884450E-01
  7.760484E-01
  7.633326E-01
  7.504761E-01
  7.374342E-01
  7.243073E-01
  7.110921E-01
  6.978524E-01
  6.846985E-01
  6.716310E-01
  6.588234E-01
  6.463788E-01
  6.342143E-01
  6.228380E-01
  6.120412E-01
  6.018735E-01
  5.926633E-01
  5.845627E-01
  5.776469E-01
  5.724379E-01
  5.700936E-01
  5.732332E-01
  5.873527E-01
  6.215976E-01
  6.898091E-01
  8.021055E-01
  8.884241E-01
  8.403058E-01
  9.470044E-01
  1.452581E-01
 -1.054102E-13
  9.761145E-01
  9.759797E-01
  9.758451E-01
  9.757104E-01
  9.755759E-01
  9.754414E-01
  9.753069E-01
  9.751725E-01
  9.750382E-01
  9.746503E-01
  9.742563E-01
  9.738623E-01
  9.734683E-01
  9.730743E-01
  9.726804E-01
  9.722866E-01
  9.717976E-01
  9.711342E-01
  9.704709E-01
  9.698075E-01
  9.691442E-01
  9.684809E-01
  9.678177E-01
  9.671196E-01
  9.661424E-01
  9.651652E-01
  9.641881E-01
  9.632110E-01
  9.622339E-01
  9.612568E-01
  9.602027E-01
  9.588923E-01
  9.575820E-01
  9.562717E-01
  9.549614E-01
  9.536511E-01
  9.523409E-01
  9.508038E-01
  9.491676E-01
  9.475314E-01
  9.458952E-01
  9.442592E-01
  9.426233E-01
  9.408414E-01
  9.389057E-01
  9.369702E-01
  9.350348E-01
  9.330995E-01
  9.311644E-01
  9.290689E-01
  9.268612E-01
  9.246537E-01
  9.224464E-01
  9.202393E-01
  9.180323E-01
  9.155790E-01
  9.131220E-01
  9.106652E-01
  9.082086E-01
  9.057522E-01
  9.031483E-01
  9.004690E-01
  8.977899E-01
  8.951109E-01
  8.924321E-01
  8.896267E-01
  8.867383E-01
  8.838501E-01
  8.809622E-01
  8.780744E-01
  8.750056E-01
  8.718917E-01
  8.687780E-01
  8.656645E-01
  8.624909E-01
  8.591217E-01
  8.557527E-01
  8.523839E-01
  8.490154E-01
  8.453938E-01
  8.417440E-01
  8.380945E-01
  8.344452E-01
  8.305621E-01
  8.266134E-01
  8.226650E-01
  8.187168E-01
  8.144953E-01
  8.102321E-01
  8.059694E-01
  8.016577E-01
  7.970666E-01
  7.924761E-01
  7.878862E-01
  7.830864E-01
  7.781572E-01
  7.732292E-01
  7.682101E-01
  7.629341E-01
  7.576599E-01
  7.523606E-01
  7.467340E-01
  7.411100E-01
  7.354710E-01
  7.294860E-01
  7.235037E-01
  7.174603E-01
  7.111094E-01
  7.047613E-01
  6.982520E-01
  6.915354E-01
  6.848211E-01
  6.778013E-01
  6.707258E-01
  6.635207E-01
  6.560986E-01
  6.486674E-01
  6.409137E-01
  6.331616E-01
  6.251504E-01
  6.170784E-01
  6.087859E-01
  6.003964E-01
  5.917771E-01
  5.830523E-01
  5.740568E-01
  5.649839E-01
  5.555831E-01
  5.460938E-01
  5.363625E-01
  5.264528E-01
  5.164122E-01
  5.061046E-01
  4.956371E-01
  4.850006E-01
  4.741224E-01
  4.629895E-01
  4.516404E-01
  4.401017E-01
  4.285099E-01
  4.172902E-01
  4.074310E-01
  4.005992E-01
  4.000468E-01
  4.090784E-01
  4.062662E-01
  3.661124E-01
  4.097346E-01
  1.649337E-01
 -3.900711E-03
  5.449782E-02
  5.449052E-02
  5.448322E-02
  5.447594E-02
  5.446866E-02
  5.446140E-02
  5.445415E-02
  5.444690E-02
  5.443967E-02
  5.442275E-02
  5.440560E-02
  5.438846E-02
  5.437133E-02
  5.435420E-02
  5.433708E-02
  5.431997E-02
  5.430385E-02
  5.428955E-02
  5.427526E-02
  5.426097E-02
  5.424667E-02
  5.423238E-02
  5.421809E-02
  5.420422E-02
  5.419373E-02
  5.418323E-02
  5.417273E-02
  5.416222E-02
  5.415172E-02
  5.414121E-02
  5.413084E-02
  5.412095E-02
  5.411106E-02
  5.410116E-02
  5.409126E-02
  5.408135E-02
  5.407144E-02
  5.406203E-02
  5.405284E-02
  5.404365E-02
  5.403446E-02
  5.402526E-02
  5.401606E-02
  5.400710E-02
  5.399840E-02
  5.398969E-02
  5.398099E-02
  5.397228E-02
  5.396357E-02
  5.395060E-02
  5.393464E-02
  5.391868E-02
  5.390271E-02
  5.388673E-02
  5.387074E-02
  5.383379E-02
  5.379649E-02
  5.375916E-02
  5.372181E-02
  5.368444E-02
  5.362693E-02
  5.355907E-02
  5.349117E-02
  5.342324E-02
  5.335528E-02
  5.326748E-02
  5.316666E-02
  5.306579E-02
  5.296487E-02
  5.286391E-02
  5.273609E-02
  5.260149E-02
  5.246684E-02
  5.233213E-02
  5.219005E-02
  5.202412E-02
  5.185813E-02
  5.169209E-02
  5.152599E-02
  5.133646E-02
  5.114425E-02
  5.095200E-02
  5.075969E-02
  5.055270E-02
  5.034155E-02
  5.013035E-02
  4.991911E-02
  4.969918E-02
  4.947789E-02
  4.925659E-02
  4.903476E-02
  4.881011E-02
  4.858548E-02
  4.836087E-02
  4.813434E-02
  4.790670E-02
  4.767915E-02
  4.745015E-02
  4.721704E-02
  4.698410E-02
  4.675079E-02
  4.651105E-02
  4.627153E-02
  4.603166E-02
  4.578068E-02
  4.552991E-02
  4.527649E-02
  4.500946E-02
  4.474259E-02
  4.446921E-02
  4.418743E-02
  4.390572E-02
  4.361627E-02
  4.332535E-02
  4.303347E-02
  4.273991E-02
  4.244637E-02
  4.215608E-02
  4.186559E-02
  4.158617E-02
  4.130914E-02
  4.104940E-02
  4.079707E-02
  4.056615E-02
  4.034484E-02
  4.015169E-02
  3.996635E-02
  3.982269E-02
  3.969287E-02
  3.960260E-02
  3.954989E-02
  3.952565E-02
  3.957200E-02
  3.966867E-02
  3.982062E-02
  4.005806E-02
  4.039820E-02
  4.084680E-02
  4.144148E-02
  4.225166E-02
  4.341670E-02
  4.520351E-02
  4.804504E-02
  5.268827E-02
  5.982309E-02
  6.602162E-02
  6.704007E-02
  8.028755E-02
  2.617742E-02
  8.407100E-03
  1.490206E-01
  1.490273E-01
  1.490339E-01
  1.490406E-01
  1.490472E-01
  1.490539E-01
  1.490606E-01
  1.490673E-01
  1.490741E-01
  1.490529E-01
  1.490311E-01
  1.490093E-01
  1.489875E-01
  1.489657E-01
  1.489439E-01
  1.489221E-01
  1.488712E-01
  1.487668E-01
  1.486624E-01
  1.485580E-01
  1.484536E-01
  1.483492E-01
  1.482449E-01
  1.481299E-01
  1.479301E-01
  1.477303E-01
  1.475305E-01
  1.473307E-01
  1.471309E-01
  1.469312E-01
  1.467074E-01
  1.464041E-01
  1.461009E-01
  1.457976E-01
  1.455014E-01
  1.451981E-01
  1.448948E-01
  1.445194E-01
  1.441123E-01
  1.437053E-01
  1.432982E-01
  1.428912E-01
  1.424842E-01
  1.420358E-01
  1.415435E-01
  1.410514E-01
  1.405592E-01
  1.400671E-01
  1.395750E-01
  1.390604E-01
  1.385301E-01
  1.379999E-01
  1.374697E-01
  1.369395E-01
  1.364094E-01
  1.358982E-01
  1.353873E-01
  1.348765E-01
  1.343657E-01
  1.338549E-01
  1.333794E-01
  1.329221E-01
  1.324647E-01
  1.320074E-01
  1.315502E-01
  1.311290E-01
  1.307315E-01
  1.303340E-01
  1.299366E-01
  1.295392E-01
  1.291853E-01
  1.288424E-01
  1.284996E-01
  1.281568E-01
  1.278245E-01
  1.275265E-01
  1.272285E-01
  1.269306E-01
  1.266327E-01
  1.263543E-01
  1.260781E-01
  1.258019E-01
  1.255258E-01
  1.252361E-01
  1.249427E-01
  1.246494E-01
  1.243561E-01
  1.240121E-01
  1.236662E-01
  1.233205E-01
  1.229633E-01
  1.225402E-01
  1.221173E-01
  1.216945E-01
  1.212056E-01
  1.206760E-01
  1.201467E-01
  1.195822E-01
  1.189186E-01
  1.182555E-01
  1.175828E-01
  1.167852E-01
  1.159884E-01
  1.151865E-01
  1.142685E-01
  1.133514E-01
  1.124148E-01
  1.113802E-01
  1.103465E-01
  1.092627E-01
  1.081144E-01
  1.069669E-01
  1.057309E-01
  1.044787E-01
  1.031918E-01
  1.018465E-01
  1.004988E-01
  9.906576E-02
  9.763316E-02
  9.613662E-02
  9.462505E-02
  9.307459E-02
  9.150700E-02
  8.991684E-02
  8.831634E-02
  8.670511E-02
  8.509089E-02
  8.348719E-02
  8.189403E-02
  8.033257E-02
  7.881537E-02
  7.733233E-02
  7.594538E-02
  7.462909E-02
  7.338948E-02
  7.226659E-02
  7.127898E-02
  7.043579E-02
  6.980064E-02
  6.951472E-02
  6.989742E-02
  7.161888E-02
  7.579423E-02
  8.411113E-02
  9.780323E-02
  1.083275E-01
  1.024593E-01
  1.154679E-01
  2.432805E-02
 -3.126395E-09
  9.762599E-01
  9.761252E-01
  9.759905E-01
  9.758559E-01
  9.757214E-01
  9.755869E-01
  9.754525E-01
  9.753182E-01
  9.751839E-01
  9.747962E-01
  9.744022E-01
  9.740083E-01
  9.736145E-01
  9.732206E-01
  9.728268E-01
  9.724331E-01
  9.719443E-01
  9.712812E-01
  9.706181E-01
  9.699551E-01
  9.692921E-01
  9.686291E-01
  9.679661E-01
  9.672683E-01
  9.662916E-01
  9.653149E-01
  9.643383E-01
  9.633617E-01
  9.623851E-01
  9.614085E-01
  9.603549E-01
  9.590452E-01
  9.577356E-01
  9.564260E-01
  9.551163E-01
  9.538068E-01
  9.524972E-01
  9.509610E-01
  9.493257E-01
  9.476904E-01
  9.460551E-01
  9.444200E-01
  9.427850E-01
  9.410041E-01
  9.390695E-01
  9.371350E-01
  9.352007E-01
  9.332665E-01
  9.313325E-01
  9.292382E-01
  9.270317E-01
  9.248253E-01
  9.226192E-01
  9.204132E-01
  9.182075E-01
  9.157554E-01
  9.132995E-01
  9.108439E-01
  9.083884E-01
  9.059332E-01
  9.033304E-01
  9.006522E-01
  8.979741E-01
  8.952962E-01
  8.926185E-01
  8.898141E-01
  8.869266E-01
  8.840393E-01
  8.811522E-01
  8.782654E-01
  8.751974E-01
  8.720843E-01
  8.689713E-01
  8.658586E-01
  8.626857E-01
  8.593171E-01
  8.559487E-01
  8.525805E-01
  8.492126E-01
  8.455914E-01
  8.419421E-01
  8.382931E-01
  8.346442E-01
  8.307616E-01
  8.268133E-01
  8.228653E-01
  8.189175E-01
  8.146966E-01
  8.104340E-01
  8.061717E-01
  8.018606E-01
  7.972702E-01
  7.926805E-01
  7.880913E-01
  7.832924E-01
  7.783643E-01
  7.734373E-01
  7.684193E-01
  7.631446E-01
  7.578718E-01
  7.525739E-01
  7.469490E-01
  7.413267E-01
  7.356895E-01
  7.297064E-01
  7.237262E-01
  7.176847E-01
  7.113361E-01
  7.049901E-01
  6.984831E-01
  6.917688E-01
  6.850569E-01
  6.780395E-01
  6.709665E-01
  6.637639E-01
  6.563444E-01
  6.489157E-01
  6.411646E-01
  6.334152E-01
  6.254067E-01
  6.173376E-01
  6.090479E-01
  6.006613E-01
  5.920450E-01
  5.833233E-01
  5.743310E-01
  5.652614E-01
  5.558642E-01
  5.463787E-01
  5.366516E-01
  5.267469E-01
  5.167117E-01
  5.064111E-01
  4.959519E-01
  4.853255E-01
  4.744603E-01
  4.633443E-01
  4.520167E-01
  4.405049E-01
  4.289469E-01
  4.177685E-01
  4.079575E-01
  4.011771E-01
  4.006699E-01
  4.097232E-01
  4.068908E-01
  3.666948E-01
  4.100201E-01
  1.643324E-01
 -4.910891E-03
  4.831174E-02
  4.830479E-02
  4.829785E-02
  4.829093E-02
  4.828401E-02
  4.827711E-02
  4.827021E-02
  4.826332E-02
  4.825645E-02
  4.824021E-02
  4.822374E-02
  4.820729E-02
  4.819084E-02
  4.817439E-02
  4.815796E-02
  4.814153E-02
  4.812597E-02
  4.811200E-02
  4.809803E-02
  4.808407E-02
  4.807010E-02
  4.805613E-02
  4.804217E-02
  4.802858E-02
  4.801801E-02
  4.800743E-02
  4.799686E-02
  4.798628E-02
  4.797570E-02
  4.796511E-02
  4.795466E-02
  4.794464E-02
  4.793462E-02
  4.792459E-02
  4.791456E-02
  4.790452E-02
  4.789448E-02
  4.788503E-02
  4.787584E-02
  4.786665E-02
  4.785746E-02
  4.784826E-02
  4.783906E-02
  4.783018E-02
  4.782165E-02
  4.781311E-02
  4.780457E-02
  4.779603E-02
  4.778749E-02
  4.777473E-02
  4.775903E-02
  4.774332E-02
  4.772760E-02
  4.771187E-02
  4.769614E-02
  4.765938E-02
  4.762227E-02
  4.758514E-02
  4.754799E-02
  4.751081E-02
  4.745338E-02
  4.738555E-02
  4.731769E-02
  4.724979E-02
  4.718185E-02
  4.709396E-02
  4.699295E-02
  4.689189E-02
  4.679079E-02
  4.668964E-02
  4.656143E-02
  4.642638E-02
  4.629128E-02
  4.615613E-02
  4.601353E-02
  4.584684E-02
  4.568011E-02
  4.551331E-02
  4.534647E-02
  4.515591E-02
  4.496266E-02
  4.476935E-02
  4.457599E-02
  4.436777E-02
  4.415533E-02
  4.394286E-02
  4.373033E-02
  4.350903E-02
  4.328636E-02
  4.306367E-02
  4.284045E-02
  4.261443E-02
  4.238842E-02
  4.216243E-02
  4.193463E-02
  4.170576E-02
  4.147697E-02
  4.124682E-02
  4.101278E-02
  4.077891E-02
  4.054468E-02
  4.030442E-02
  4.006437E-02
  3.982397E-02
  3.957289E-02
  3.932200E-02
  3.906852E-02
  3.880179E-02
  3.853520E-02
  3.826226E-02
  3.798111E-02
  3.770002E-02
  3.741141E-02
  3.712136E-02
  3.683037E-02
  3.653780E-02
  3.624524E-02
  3.595597E-02
  3.566649E-02
  3.538816E-02
  3.511222E-02
  3.485366E-02
  3.460255E-02
  3.437292E-02
  3.415295E-02
  3.396116E-02
  3.377719E-02
  3.363452E-02
  3.350533E-02
  3.341461E-02
  3.335941E-02
  3.333104E-02
  3.336729E-02
  3.344806E-02
  3.357722E-02
  3.377951E-02
  3.406717E-02
  3.444421E-02
  3.494288E-02
  3.562651E-02
  3.662952E-02
  3.821938E-02
  4.084396E-02
  4.529315E-02
  5.233935E-02
  5.866724E-02
  6.007374E-02
  7.383616E-02
  1.988437E-02
  1.116970E-03
  1.494590E-01
  1.494656E-01
  1.494723E-01
  1.494790E-01
  1.494857E-01
  1.494924E-01
  1.494991E-01
  1.495059E-01
  1.495126E-01
  1.494914E-01
  1.494695E-01
  1.494477E-01
  1.494258E-01
  1.494039E-01
  1.493821E-01
  1.493603E-01
  1.493092E-01
  1.492047E-01
  1.491001E-01
  1.489956E-01
  1.488910E-01
  1.487865E-01
  1.486820E-01
  1.485668E-01
  1.483668E-01
  1.481667E-01
  1.479666E-01
  1.477666E-01
  1.475665E-01
  1.473665E-01
  1.471425E-01
  1.468387E-01
  1.465350E-01
  1.462313E-01
  1.459362E-01
  1.456325E-01
  1.453288E-01
  1.449527E-01
  1.445450E-01
  1.441373E-01
  1.437297E-01
  1.433220E-01
  1.429144E-01
  1.424651E-01
  1.419720E-01
  1.414790E-01
  1.409859E-01
  1.404929E-01
  1.400000E-01
  1.394844E-01
  1.389531E-01
  1.384218E-01
  1.378905E-01
  1.373593E-01
  1.368282E-01
  1.363159E-01
  1.358039E-01
  1.352920E-01
  1.347801E-01
  1.342682E-01
  1.337916E-01
  1.333332E-01
  1.328748E-01
  1.324164E-01
  1.319580E-01
  1.315358E-01
  1.311372E-01
  1.307387E-01
  1.303402E-01
  1.299417E-01
  1.295869E-01
  1.292430E-01
  1.288991E-01
  1.285553E-01
  1.282221E-01
  1.279231E-01
  1.276242E-01
  1.273253E-01
  1.270265E-01
  1.267472E-01
  1.264700E-01
  1.261929E-01
  1.259159E-01
  1.256251E-01
  1.253306E-01
  1.250361E-01
  1.247417E-01
  1.243946E-01
  1.240473E-01
  1.237000E-01
  1.233411E-01
  1.229158E-01
  1.224906E-01
  1.220657E-01
  1.215741E-01
  1.210414E-01
  1.205091E-01
  1.199413E-01
  1.192736E-01
  1.186066E-01
  1.179297E-01
  1.171273E-01
  1.163256E-01
  1.155189E-01
  1.145955E-01
  1.136730E-01
  1.127308E-01
  1.116905E-01
  1.106511E-01
  1.095615E-01
  1.084074E-01
  1.072541E-01
  1.060122E-01
  1.047543E-01
  1.034617E-01
  1.021108E-01
  1.007575E-01
  9.931913E-02
  9.788120E-02
  9.637960E-02
  9.486303E-02
  9.330793E-02
  9.173583E-02
  9.014160E-02
  8.853723E-02
  8.692267E-02
  8.530528E-02
  8.369914E-02
  8.210377E-02
  8.054075E-02
  7.902260E-02
  7.753906E-02
  7.615279E-02
  7.483806E-02
  7.360098E-02
  7.248220E-02
  7.150066E-02
  7.066552E-02
  7.004239E-02
  6.976970E-02
  7.016857E-02
  7.190872E-02
  7.610354E-02
  8.443675E-02
  9.813450E-02
  1.086454E-01
  1.027478E-01
  1.156400E-01
  2.425553E-02
 -4.822057E-09
 -1.454044E-04
 -1.454397E-04
 -1.454750E-04
 -1.455103E-04
 -1.455457E-04
 -1.455811E-04
 -1.456165E-04
 -1.456520E-04
 -1.456875E-04
 -1.458062E-04
 -1.459270E-04
 -1.460479E-04
 -1.461687E-04
 -1.462896E-04
 -1.464104E-04
 -1.465313E-04
 -1.467102E-04
 -1.469955E-04
 -1.472808E-04
 -1.475661E-04
 -1.478515E-04
 -1.481368E-04
 -1.484221E-04
 -1.487299E-04
 -1.492187E-04
 -1.497074E-04
 -1.501962E-04
 -1.506849E-04
 -1.511736E-04
 -1.516623E-04
 -1.521985E-04
 -1.528928E-04
 -1.535870E-04
 -1.542813E-04
 -1.549755E-04
 -1.556697E-04
 -1.563639E-04
 -1.572016E-04
 -1.581020E-04
 -1.590025E-04
 -1.599030E-04
 -1.608034E-04
 -1.617039E-04
 -1.626934E-04
 -1.637768E-04
 -1.648603E-04
 -1.659437E-04
 -1.670272E-04
 -1.681106E-04
 -1.692531E-04
 -1.704370E-04
 -1.716208E-04
 -1.728046E-04
 -1.739884E-04
 -1.751722E-04
 -1.763382E-04
 -1.775039E-04
 -1.786695E-04
 -1.798350E-04
 -1.810004E-04
 -1.820974E-04
 -1.831593E-04
 -1.842209E-04
 -1.852824E-04
 -1.863437E-04
 -1.873208E-04
 -1.882427E-04
 -1.891642E-04
 -1.900855E-04
 -1.910065E-04
 -1.918003E-04
 -1.925619E-04
 -1.933232E-04
 -1.940842E-04
 -1.948054E-04
 -1.953979E-04
 -1.959901E-04
 -1.965820E-04
 -1.971736E-04
 -1.976487E-04
 -1.981105E-04
 -1.985720E-04
 -1.990332E-04
 -1.994730E-04
 -1.999067E-04
 -2.003400E-04
 -2.007730E-04
 -2.012879E-04
 -2.018152E-04
 -2.023421E-04
 -2.028991E-04
 -2.036284E-04
 -2.043574E-04
 -2.050863E-04
 -2.059967E-04
 -2.070195E-04
 -2.080422E-04
 -2.091573E-04
 -2.105319E-04
 -2.119067E-04
 -2.133074E-04
 -2.150245E-04
 -2.167418E-04
 -2.184722E-04
 -2.204618E-04
 -2.224513E-04
 -2.244745E-04
 -2.266614E-04
 -2.288476E-04
 -2.310994E-04
 -2.334349E-04
 -2.357691E-04
 -2.382081E-04
 -2.406652E-04
 -2.431621E-04
 -2.457262E-04
 -2.482916E-04
 -2.509582E-04
 -2.536224E-04
 -2.563778E-04
 -2.591534E-04
 -2.620131E-04
 -2.649095E-04
 -2.679121E-04
 -2.709640E-04
 -2.741929E-04
 -2.774734E-04
 -2.811085E-04
 -2.849081E-04
 -2.891833E-04
 -2.940915E-04
 -2.994964E-04
 -3.064717E-04
 -3.148561E-04
 -3.248876E-04
 -3.378345E-04
 -3.548275E-04
 -3.762345E-04
 -4.032256E-04
 -4.370178E-04
 -4.783560E-04
 -5.265047E-04
 -5.778204E-04
 -6.231789E-04
 -6.447997E-04
 -6.245420E-04
 -5.823844E-04
 -2.854759E-04
  6.013370E-04
  1.010179E-03
  6.186090E-03
  6.185730E-03
  6.185371E-03
  6.185012E-03
  6.184653E-03
  6.184295E-03
  6.183937E-03
  6.183579E-03
  6.183221E-03
  6.182544E-03
  6.181859E-03
  6.181175E-03
  6.180490E-03
  6.179806E-03
  6.179122E-03
  6.178438E-03
  6.177880E-03
  6.177553E-03
  6.177227E-03
  6.176900E-03
  6.176574E-03
  6.176248E-03
  6.175922E-03
  6.175641E-03
  6.175716E-03
  6.175792E-03
  6.175868E-03
  6.175944E-03
  6.176021E-03
  6.176097E-03
  6.176186E-03
  6.176315E-03
  6.176445E-03
  6.176574E-03
  6.176704E-03
  6.176834E-03
  6.176963E-03
  6.177002E-03
  6.177000E-03
  6.176999E-03
  6.176998E-03
  6.176997E-03
  6.176997E-03
  6.176916E-03
  6.176749E-03
  6.176583E-03
  6.176417E-03
  6.176252E-03
  6.176087E-03
  6.175869E-03
  6.175615E-03
  6.175362E-03
  6.175109E-03
  6.174857E-03
  6.174606E-03
  6.174410E-03
  6.174215E-03
  6.174020E-03
  6.173827E-03
  6.173634E-03
  6.173547E-03
  6.173515E-03
  6.173484E-03
  6.173454E-03
  6.173425E-03
  6.173524E-03
  6.173709E-03
  6.173894E-03
  6.174081E-03
  6.174269E-03
  6.174663E-03
  6.175109E-03
  6.175557E-03
  6.176006E-03
  6.176526E-03
  6.177273E-03
  6.178022E-03
  6.178772E-03
  6.179523E-03
  6.180545E-03
  6.181598E-03
  6.182653E-03
  6.183709E-03
  6.184937E-03
  6.186215E-03
  6.187495E-03
  6.188776E-03
  6.190147E-03
  6.191533E-03
  6.192920E-03
  6.194306E-03
  6.195679E-03
  6.197054E-03
  6.198431E-03
  6.199715E-03
  6.200944E-03
  6.202178E-03
  6.203333E-03
  6.204259E-03
  6.205195E-03
  6.206107E-03
  6.206629E-03
  6.207165E-03
  6.207693E-03
  6.207793E-03
  6.207910E-03
  6.207967E-03
  6.207667E-03
  6.207386E-03
  6.206952E-03
  6.206315E-03
  6.205697E-03
  6.204861E-03
  6.203998E-03
  6.203093E-03
  6.202108E-03
  6.201135E-03
  6.200107E-03
  6.199093E-03
  6.198010E-03
  6.196920E-03
  6.195739E-03
  6.194525E-03
  6.193226E-03
  6.191891E-03
  6.190529E-03
  6.189164E-03
  6.188166E-03
  6.187531E-03
  6.187991E-03
  6.190482E-03
  6.194614E-03
  6.204709E-03
  6.220618E-03
  6.243396E-03
  6.278550E-03
  6.331029E-03
  6.402583E-03
  6.498602E-03
  6.625149E-03
  6.787175E-03
  6.984130E-03
  7.201075E-03
  7.395128E-03
  7.483739E-03
  7.354381E-03
  6.966326E-03
  6.451388E-03
  6.293056E-03
  7.290129E-03
 -4.383211E-04
 -4.383507E-04
 -4.383803E-04
 -4.384099E-04
 -4.384395E-04
 -4.384692E-04
 -4.384989E-04
 -4.385286E-04
 -4.385584E-04
 -4.384961E-04
 -4.384316E-04
 -4.383672E-04
 -4.383027E-04
 -4.382383E-04
 -4.381740E-04
 -4.381097E-04
 -4.380145E-04
 -4.378626E-04
 -4.377107E-04
 -4.375590E-04
 -4.374072E-04
 -4.372555E-04
 -4.371039E-04
 -4.369395E-04
 -4.366728E-04
 -4.364061E-04
 -4.361394E-04
 -4.358728E-04
 -4.356062E-04
 -4.353396E-04
 -4.350341E-04
 -4.345992E-04
 -4.341642E-04
 -4.337293E-04
 -4.348135E-04
 -4.343784E-04
 -4.339432E-04
 -4.333607E-04
 -4.327136E-04
 -4.320665E-04
 -4.314194E-04
 -4.307724E-04
 -4.301253E-04
 -4.293675E-04
 -4.284930E-04
 -4.276186E-04
 -4.267442E-04
 -4.258697E-04
 -4.249954E-04
 -4.240193E-04
 -4.229719E-04
 -4.219247E-04
 -4.208775E-04
 -4.198303E-04
 -4.187833E-04
 -4.176876E-04
 -4.165912E-04
 -4.154949E-04
 -4.143987E-04
 -4.133026E-04
 -4.122096E-04
 -4.111182E-04
 -4.100270E-04
 -4.089359E-04
 -4.078449E-04
 -4.067739E-04
 -4.057162E-04
 -4.046587E-04
 -4.036013E-04
 -4.025442E-04
 -4.015327E-04
 -4.005328E-04
 -3.995333E-04
 -3.985341E-04
 -3.975505E-04
 -3.966175E-04
 -3.956849E-04
 -3.947528E-04
 -3.938211E-04
 -3.928875E-04
 -3.919542E-04
 -3.910215E-04
 -3.900895E-04
 -3.889983E-04
 -3.878630E-04
 -3.867285E-04
 -3.855949E-04
 -3.825778E-04
 -3.810133E-04
 -3.794501E-04
 -3.777909E-04
 -3.755796E-04
 -3.733702E-04
 -3.711626E-04
 -3.684341E-04
 -3.653848E-04
 -3.623382E-04
 -3.590396E-04
 -3.550301E-04
 -3.510246E-04
 -3.469587E-04
 -3.421092E-04
 -3.372650E-04
 -3.323981E-04
 -3.269736E-04
 -3.215553E-04
 -3.160859E-04
 -3.103459E-04
 -3.046120E-04
 -2.988329E-04
 -2.929937E-04
 -2.871603E-04
 -2.813743E-04
 -2.756013E-04
 -2.698963E-04
 -2.643004E-04
 -2.587171E-04
 -2.533781E-04
 -2.480429E-04
 -2.429811E-04
 -2.379871E-04
 -2.333350E-04
 -2.288361E-04
 -2.247642E-04
 -2.208906E-04
 -2.175604E-04
 -2.143880E-04
 -2.119483E-04
 -2.097416E-04
 -2.081819E-04
 -2.072299E-04
 -2.067316E-04
 -2.074116E-04
 -2.089715E-04
 -2.115017E-04
 -2.156105E-04
 -2.216813E-04
 -2.297308E-04
 -2.417480E-04
 -2.549763E-04
 -2.711502E-04
 -2.898330E-04
 -3.093121E-04
 -3.256237E-04
 -3.312741E-04
 -3.179142E-04
 -2.885023E-04
 -1.721066E-04
  7.251776E-05
  1.695662E-09
  1.273240E+00
  1.273211E+00
  1.273125E+00
  1.272981E+00
  1.272781E+00
  1.272522E+00
  1.272207E+00
  1.271834E+00
  1.271403E+00
  1.270915E+00
  1.270369E+00
  1.269765E+00
  1.269104E+00
  1.268384E+00
  1.267607E+00
  1.266771E+00
  1.265877E+00
  1.264925E+00
  1.263915E+00
  1.262845E+00
  1.261717E+00
  1.260530E+00
  1.259284E+00
  1.257979E+00
  1.256614E+00
  1.255190E+00
  1.253705E+00
  1.252161E+00
  1.250556E+00
  1.248891E+00
  1.247165E+00
  1.245378E+00
  1.243529E+00
  1.241620E+00
  1.239648E+00
  1.237614E+00
  1.235518E+00
  1.233359E+00
  1.231136E+00
  1.228851E+00
  1.226501E+00
  1.224088E+00
  1.221610E+00
  1.219067E+00
  1.216458E+00
  1.213784E+00
  1.211044E+00
  1.208237E+00
  1.205362E+00
  1.202421E+00
  1.199411E+00
  1.196332E+00
  1.193185E+00
  1.189968E+00
  1.186680E+00
  1.183322E+00
  1.179892E+00
  1.176390E+00
  1.172816E+00
  1.169168E+00
  1.165446E+00
  1.161649E+00
  1.157776E+00
  1.153828E+00
  1.149802E+00
  1.145699E+00
  1.141516E+00
  1.137254E+00
  1.132912E+00
  1.128488E+00
  1.123982E+00
  1.119393E+00
  1.114719E+00
  1.109960E+00
  1.105114E+00
  1.100180E+00
  1.095157E+00
  1.090045E+00
  1.084841E+00
  1.079544E+00
  1.074153E+00
  1.068667E+00
  1.063083E+00
  1.057401E+00
  1.051619E+00
  1.045735E+00
  1.039748E+00
  1.033655E+00
  1.027455E+00
  1.021146E+00
  1.014726E+00
  1.008193E+00
  1.001543E+00
  9.947766E-01
  9.878894E-01
  9.808795E-01
  9.737441E-01
  9.664805E-01
  9.590857E-01
  9.515567E-01
  9.438904E-01
  9.360832E-01
  9.281318E-01
  9.200322E-01
  9.117806E-01
  9.033729E-01
  8.948045E-01
  8.860709E-01
  8.771671E-01
  8.680879E-01
  8.588277E-01
  8.493806E-01
  8.397402E-01
  8.299000E-01
  8.198525E-01
  8.095903E-01
  7.991048E-01
  7.883874E-01
  7.774283E-01
  7.662172E-01
  7.547428E-01
  7.429930E-01
  7.309546E-01
  7.186128E-01
  7.059520E-01
  6.929545E-01
  6.796012E-01
  6.658704E-01
  6.517385E-01
  6.371787E-01
  6.221609E-01
  6.066513E-01
  5.906109E-01
  5.739954E-01
  5.567532E-01
  5.388241E-01
  5.201372E-01
  5.006076E-01
  4.801325E-01
  4.585853E-01
  4.358068E-01
  4.115929E-01
  3.856731E-01
  3.576769E-01
  3.270715E-01
  2.930404E-01
  2.542116E-01
  2.079144E-01
  1.472658E-01
  0.000000E+00
  1.088384E-01
  1.088268E-01
  1.088153E-01
  1.088038E-01
  1.087923E-01
  1.087808E-01
  1.087693E-01
  1.087578E-01
  1.087463E-01
  1.087298E-01
  1.087131E-01
  1.086965E-01
  1.086799E-01
  1.086633E-01
  1.086467E-01
  1.086301E-01
  1.086113E-01
  1.085886E-01
  1.085659E-01
  1.085432E-01
  1.085205E-01
  1.084978E-01
  1.084751E-01
  1.084515E-01
  1.084215E-01
  1.083914E-01
  1.083613E-01
  1.083313E-01
  1.083012E-01
  1.082711E-01
  1.082390E-01
  1.082000E-01
  1.081611E-01
  1.081221E-01
  1.083198E-01
  1.082807E-01
  1.082417E-01
  1.081954E-01
  1.081459E-01
  1.080965E-01
  1.080470E-01
  1.079975E-01
  1.079480E-01
  1.078933E-01
  1.078331E-01
  1.077729E-01
  1.077127E-01
  1.076525E-01
  1.075922E-01
  1.075330E-01
  1.074722E-01
  1.074113E-01
  1.073505E-01
  1.072896E-01
  1.072288E-01
  1.071733E-01
  1.071179E-01
  1.070625E-01
  1.070070E-01
  1.069516E-01
  1.069029E-01
  1.068576E-01
  1.068123E-01
  1.067670E-01
  1.067217E-01
  1.066846E-01
  1.066529E-01
  1.066211E-01
  1.065894E-01
  1.065576E-01
  1.065393E-01
  1.065253E-01
  1.065202E-01
  1.065150E-01
  1.065142E-01
  1.065276E-01
  1.065409E-01
  1.065543E-01
  1.065676E-01
  1.065908E-01
  1.066150E-01
  1.066393E-01
  1.066635E-01
  1.066768E-01
  1.066870E-01
  1.066972E-01
  1.067074E-01
  1.064870E-01
  1.064575E-01
  1.064279E-01
  1.063890E-01
  1.063125E-01
  1.062370E-01
  1.061615E-01
  1.060385E-01
  1.058860E-01
  1.057336E-01
  1.055574E-01
  1.053143E-01
  1.050794E-01
  1.048778E-01
  1.046570E-01
  1.044363E-01
  1.042144E-01
  1.040140E-01
  1.038176E-01
  1.036245E-01
  1.034792E-01
  1.033514E-01
  1.032621E-01
  1.032215E-01
  1.032255E-01
  1.032353E-01
  1.032447E-01
  1.032579E-01
  1.032917E-01
  1.033250E-01
  1.033438E-01
  1.033626E-01
  1.033694E-01
  1.033734E-01
  1.033705E-01
  1.033644E-01
  1.033549E-01
  1.033437E-01
  1.033313E-01
  1.033186E-01
  1.033066E-01
  1.032952E-01
  1.032854E-01
  1.032775E-01
  1.032709E-01
  1.032677E-01
  1.032665E-01
  1.032675E-01
  1.032715E-01
  1.032786E-01
  1.032882E-01
  1.032653E-01
  1.032801E-01
  1.032977E-01
  1.033179E-01
  1.033409E-01
  1.033665E-01
  1.033946E-01
  1.034251E-01
  1.034579E-01
  1.035360E-01
  1.221786E-01
  2.269238E-02
 -7.378111E-02
 -7.362189E-02
 -7.346267E-02
 -7.330345E-02
 -7.314423E-02
 -7.298501E-02
 -7.282579E-02
 -7.266657E-02
 -7.250736E-02
 -7.174899E-02
 -7.097578E-02
 -7.020256E-02
 -6.942935E-02
 -6.865614E-02
 -6.788293E-02
 -6.710971E-02
 -6.608397E-02
 -6.459506E-02
 -6.310615E-02
 -6.161724E-02
 -6.012833E-02
 -5.863941E-02
 -5.715050E-02
 -5.556875E-02
 -5.324366E-02
 -5.091857E-02
 -4.859348E-02
 -4.626839E-02
 -4.394330E-02
 -4.161821E-02
 -3.907050E-02
 -3.578291E-02
 -3.249532E-02
 -2.920773E-02
  3.169110E-02
  3.497009E-02
  3.824909E-02
  4.224626E-02
  4.655777E-02
  5.086929E-02
  5.518080E-02
  5.949232E-02
  6.380383E-02
  6.853343E-02
  7.370415E-02
  7.887487E-02
  8.404559E-02
  8.921631E-02
  9.438703E-02
  9.955624E-02
  1.047244E-01
  1.098925E-01
  1.150607E-01
  1.202288E-01
  1.253970E-01
  1.291517E-01
  1.328842E-01
  1.366167E-01
  1.403492E-01
  1.440817E-01
  1.464636E-01
  1.481532E-01
  1.498428E-01
  1.515324E-01
  1.532220E-01
  1.534563E-01
  1.527358E-01
  1.520153E-01
  1.512948E-01
  1.505743E-01
  1.477274E-01
  1.443471E-01
  1.409668E-01
  1.375865E-01
  1.335736E-01
  1.275054E-01
  1.214371E-01
  1.153689E-01
  1.093006E-01
  1.010061E-01
  9.246263E-02
  8.391912E-02
  7.537561E-02
  6.512706E-02
  5.439828E-02
  4.366949E-02
  3.294070E-02
 -3.652580E-02
 -4.916869E-02
 -6.181158E-02
 -7.469931E-02
 -8.897972E-02
 -1.032601E-01
 -1.175405E-01
 -1.326761E-01
 -1.483405E-01
 -1.640050E-01
 -1.799552E-01
 -1.967071E-01
 -2.134590E-01
 -2.302296E-01
 -2.472297E-01
 -2.642298E-01
 -2.811931E-01
 -2.974205E-01
 -3.136477E-01
 -3.296079E-01
 -3.442730E-01
 -3.589380E-01
 -3.726828E-01
 -3.852481E-01
 -3.978133E-01
 -4.083460E-01
 -4.184977E-01
 -4.276902E-01
 -4.352899E-01
 -4.428052E-01
 -4.478389E-01
 -4.528725E-01
 -4.556932E-01
 -4.579850E-01
 -4.574702E-01
 -4.557094E-01
 -4.504434E-01
 -4.435560E-01
 -4.323619E-01
 -4.199201E-01
 -4.021213E-01
 -3.828307E-01
 -3.594817E-01
 -3.331147E-01
 -3.045402E-01
 -2.715868E-01
 -2.362201E-01
 -1.984020E-01
 -1.574015E-01
 -1.134839E-01
 -6.719212E-02
  3.853099E-02
  8.964380E-02
  1.431158E-01
  1.988737E-01
  2.568268E-01
  3.168734E-01
  3.789061E-01
  4.428149E-01
  5.084899E-01
  5.760638E-01
 -1.827079E-01
  7.709338E-01
  9.799832E-01
  9.799832E-01
  9.799832E-01
  9.799832E-01
  9.799832E-01
  9.799832E-01
  9.799832E-01
  9.799832E-01
  9.799832E-01
  9.799831E-01
  9.799831E-01
  9.799831E-01
  9.799831E-01
  9.799831E-01
  9.799831E-01
  9.799830E-01
  9.799830E-01
  9.799830E-01
  9.799830E-01
  9.799829E-01
  9.799829E-01
  9.799829E-01
  9.799829E-01
  9.799828E-01
  9.799828E-01
  9.799828E-01
  9.799827E-01
  9.799827E-01
  9.799827E-01
  9.799826E-01
  9.799826E-01
  9.799826E-01
  9.799825E-01
  9.799825E-01
  9.799825E-01
  9.799826E-01
  9.799826E-01
  9.799826E-01
  9.799827E-01
  9.799828E-01
  9.799828E-01
  9.799829E-01
  9.799830E-01
  9.799831E-01
  9.799832E-01
  9.799833E-01
  9.799834E-01
  9.799836E-01
  9.799837E-01
  9.799839E-01
  9.799840E-01
  9.799842E-01
  9.799844E-01
  9.799845E-01
  9.799847E-01
  9.799849E-01
  9.799850E-01
  9.799852E-01
  9.799853E-01
  9.799855E-01
  9.799856E-01
  9.799857E-01
  9.799857E-01
  9.799858E-01
  9.799859E-01
  9.799859E-01
  9.799859E-01
  9.799858E-01
  9.799858E-01
  9.799858E-01
  9.799856E-01
  9.799855E-01
  9.799853E-01
  9.799852E-01
  9.799850E-01
  9.799848E-01
  9.799846E-01
  9.799844E-01
  9.799842E-01
  9.799839E-01
  9.799837E-01
  9.799834E-01
  9.799832E-01
  9.799830E-01
  9.799828E-01
  9.799827E-01
  9.799825E-01
  9.799826E-01
  9.799827E-01
  9.799829E-01
  9.799832E-01
  9.799836E-01
  9.799840E-01
  9.799844E-01
  9.799850E-01
  9.799857E-01
  9.799864E-01
  9.799872E-01
  9.799882E-01
  9.799892E-01
  9.799903E-01
  9.799915E-01
  9.799928E-01
  9.799942E-01
  9.799956E-01
  9.799971E-01
  9.799986E-01
  9.800001E-01
  9.800016E-01
  9.800031E-01
  9.800045E-01
  9.800060E-01
  9.800073E-01
  9.800085E-01
  9.800097E-01
  9.800107E-01
  9.800116E-01
  9.800123E-01
  9.800130E-01
  9.800134E-01
  9.800137E-01
  9.800136E-01
  9.800134E-01
  9.800127E-01
  9.800117E-01
  9.800103E-01
  9.800087E-01
  9.800065E-01
  9.800043E-01
  9.800017E-01
  9.799989E-01
  9.799962E-01
  9.799934E-01
  9.799907E-01
  9.799883E-01
  9.799861E-01
  9.799843E-01
  9.799831E-01
  9.799826E-01
  9.799836E-01
  9.799854E-01
  9.799883E-01
  9.799922E-01
  9.799974E-01
  9.800038E-01
  9.800116E-01
  9.800210E-01
  9.800319E-01
  7.134811E-01
  4.028916E-06
 -3.382057E+02
 -3.381566E+02
 -3.381075E+02
 -3.380582E+02
 -3.380090E+02
 -3.379596E+02
 -3.379102E+02
 -3.378608E+02
 -3.378113E+02
 -3.376241E+02
 -3.374335E+02
 -3.372429E+02
 -3.370522E+02
 -3.368614E+02
 -3.366707E+02
 -3.364799E+02
 -3.361859E+02
 -3.357026E+02
 -3.352194E+02
 -3.347361E+02
 -3.342529E+02
 -3.337697E+02
 -3.332866E+02
 -3.327650E+02
 -3.319354E+02
 -3.311060E+02
 -3.302766E+02
 -3.294472E+02
 -3.286179E+02
 -3.277887E+02
 -3.268832E+02
 -3.257242E+02
 -3.245653E+02
 -3.234065E+02
 -3.222477E+02
 -3.210891E+02
 -3.199306E+02
 -3.185467E+02
 -3.170643E+02
 -3.155820E+02
 -3.140998E+02
 -3.126178E+02
 -3.111358E+02
 -3.095099E+02
 -3.077321E+02
 -3.059545E+02
 -3.041770E+02
 -3.023996E+02
 -3.006224E+02
 -2.987375E+02
 -2.967771E+02
 -2.948170E+02
 -2.928571E+02
 -2.908975E+02
 -2.889381E+02
 -2.869738E+02
 -2.850098E+02
 -2.830462E+02
 -2.810830E+02
 -2.791202E+02
 -2.772391E+02
 -2.754002E+02
 -2.735618E+02
 -2.717240E+02
 -2.698868E+02
 -2.681479E+02
 -2.664737E+02
 -2.648002E+02
 -2.631274E+02
 -2.614553E+02
 -2.599073E+02
 -2.583910E+02
 -2.568754E+02
 -2.553607E+02
 -2.538700E+02
 -2.524555E+02
 -2.510418E+02
 -2.496289E+02
 -2.482169E+02
 -2.468209E+02
 -2.454274E+02
 -2.440346E+02
 -2.426427E+02
 -2.411880E+02
 -2.397161E+02
 -2.382449E+02
 -2.367745E+02
 -2.351363E+02
 -2.334728E+02
 -2.318099E+02
 -2.301055E+02
 -2.281619E+02
 -2.262187E+02
 -2.242759E+02
 -2.221510E+02
 -2.199134E+02
 -2.176760E+02
 -2.153663E+02
 -2.128537E+02
 -2.103410E+02
 -2.078081E+02
 -2.050299E+02
 -2.022517E+02
 -1.994629E+02
 -1.964628E+02
 -1.934631E+02
 -1.904335E+02
 -1.872579E+02
 -1.840831E+02
 -1.808247E+02
 -1.774591E+02
 -1.740951E+02
 -1.705212E+02
 -1.669097E+02
 -1.631835E+02
 -1.592657E+02
 -1.553388E+02
 -1.510634E+02
 -1.467918E+02
 -1.421457E+02
 -1.374142E+02
 -1.322763E+02
 -1.269619E+02
 -1.211864E+02
 -1.152016E+02
 -1.086408E+02
 -1.019179E+02
 -9.441310E+01
 -8.666841E+01
 -7.824862E+01
 -6.923761E+01
 -5.978262E+01
 -4.928270E+01
 -3.806710E+01
 -2.607214E+01
 -1.289073E+01
  1.681733E+00
  1.767193E+01
  3.547342E+01
  5.572742E+01
  7.957481E+01
  1.090323E+02
  1.473094E+02
  1.995796E+02
  2.703291E+02
  3.421192E+02
  3.923622E+02
  4.977217E+02
  9.604247E+01
  4.006270E-04
  1.092837E+04
  1.092686E+04
  1.092535E+04
  1.092385E+04
  1.092234E+04
  1.092084E+04
  1.091933E+04
  1.091783E+04
  1.091632E+04
  1.091198E+04
  1.090758E+04
  1.090317E+04
  1.089876E+04
  1.089436E+04
  1.088995E+04
  1.088555E+04
  1.088008E+04
  1.087268E+04
  1.086527E+04
  1.085787E+04
  1.085046E+04
  1.084306E+04
  1.083566E+04
  1.082786E+04
  1.081697E+04
  1.080607E+04
  1.079517E+04
  1.078427E+04
  1.077338E+04
  1.076248E+04
  1.075072E+04
  1.073611E+04
  1.072150E+04
  1.070690E+04
  1.069229E+04
  1.067768E+04
  1.066307E+04
  1.064594E+04
  1.062770E+04
  1.060946E+04
  1.059122E+04
  1.057299E+04
  1.055475E+04
  1.053489E+04
  1.051332E+04
  1.049175E+04
  1.047017E+04
  1.044860E+04
  1.042704E+04
  1.040368E+04
  1.037907E+04
  1.035446E+04
  1.032985E+04
  1.030525E+04
  1.028064E+04
  1.025328E+04
  1.022587E+04
  1.019846E+04
  1.017105E+04
  1.014365E+04
  1.011458E+04
  1.008467E+04
  1.005475E+04
  1.002484E+04
  9.994927E+03
  9.963585E+03
  9.931305E+03
  9.899027E+03
  9.866752E+03
  9.834479E+03
  9.800163E+03
  9.765336E+03
  9.730512E+03
  9.695691E+03
  9.660193E+03
  9.622491E+03
  9.584791E+03
  9.547094E+03
  9.509400E+03
  9.468863E+03
  9.428010E+03
  9.387159E+03
  9.346312E+03
  9.302845E+03
  9.258644E+03
  9.214445E+03
  9.170250E+03
  9.123002E+03
  9.075291E+03
  9.027584E+03
  8.979333E+03
  8.927965E+03
  8.876605E+03
  8.825253E+03
  8.771559E+03
  8.716426E+03
  8.661305E+03
  8.605169E+03
  8.546167E+03
  8.487186E+03
  8.427926E+03
  8.365015E+03
  8.302132E+03
  8.239082E+03
  8.172167E+03
  8.105283E+03
  8.037715E+03
  7.966707E+03
  7.895731E+03
  7.822953E+03
  7.747854E+03
  7.672783E+03
  7.594298E+03
  7.515191E+03
  7.434638E+03
  7.351664E+03
  7.268588E+03
  7.181919E+03
  7.095269E+03
  7.005739E+03
  6.915535E+03
  6.822888E+03
  6.729165E+03
  6.632900E+03
  6.535467E+03
  6.435043E+03
  6.333762E+03
  6.228865E+03
  6.122996E+03
  6.014466E+03
  5.903986E+03
  5.792075E+03
  5.677258E+03
  5.560709E+03
  5.442333E+03
  5.321350E+03
  5.197629E+03
  5.071609E+03
  4.943622E+03
  4.815258E+03
  4.691389E+03
  4.583284E+03
  4.509937E+03
  4.508302E+03
  4.615872E+03
  4.590580E+03
  4.144210E+03
  4.643138E+03
  1.356364E+03
 -1.451997E-04
 -4.977147E+00
 -4.479767E+00
 -3.982387E+00
 -3.485005E+00
 -2.987622E+00
 -2.490238E+00
 -1.992853E+00
 -1.495466E+00
 -9.980777E-01
  1.730991E-01
  1.360974E+00
  2.548853E+00
  3.736735E+00
  4.924620E+00
  6.112509E+00
  7.300403E+00
  8.609476E+00
  1.014080E+01
  1.167212E+01
  1.320344E+01
  1.473476E+01
  1.626609E+01
  1.779741E+01
  1.937935E+01
  2.136649E+01
  2.335362E+01
  2.534074E+01
  2.732787E+01
  2.931498E+01
  3.130209E+01
  3.342006E+01
  3.597291E+01
  3.852574E+01
  4.107855E+01
  4.363135E+01
  4.618412E+01
  4.873687E+01
  5.166813E+01
  5.476502E+01
  5.786187E+01
  6.095867E+01
  6.405542E+01
  6.715212E+01
  7.022158E+01
  7.326225E+01
  7.630284E+01
  7.934334E+01
  8.238376E+01
  8.542409E+01
  8.766856E+01
  8.935552E+01
  9.104235E+01
  9.272907E+01
  9.441566E+01
  9.610213E+01
  9.629969E+01
  9.647366E+01
  9.664749E+01
  9.682117E+01
  9.699471E+01
  9.672893E+01
  9.623786E+01
  9.574664E+01
  9.525528E+01
  9.476377E+01
  9.391546E+01
  9.283306E+01
  9.175055E+01
  9.066792E+01
  8.958517E+01
  8.794011E+01
  8.615399E+01
  8.436782E+01
  8.258160E+01
  8.074922E+01
  7.876701E+01
  7.678480E+01
  7.480259E+01
  7.282039E+01
  7.229070E+01
  7.192348E+01
  7.155625E+01
  7.118901E+01
  7.321739E+01
  7.592042E+01
  7.862334E+01
  8.132615E+01
  8.668271E+01
  9.244592E+01
  9.820884E+01
  1.043820E+02
  1.128901E+02
  1.213975E+02
  1.299043E+02
  1.397850E+02
  1.505147E+02
  1.612435E+02
  1.720962E+02
  1.832981E+02
  1.944988E+02
  2.055623E+02
  2.149569E+02
  2.243503E+02
  2.336222E+02
  2.404796E+02
  2.473358E+02
  2.538077E+02
  2.584209E+02
  2.630327E+02
  2.668392E+02
  2.696136E+02
  2.723865E+02
  2.739389E+02
  2.752612E+02
  2.761558E+02
  2.763409E+02
  2.764765E+02
  2.751988E+02
  2.739200E+02
  2.688086E+02
  2.627815E+02
  2.515635E+02
  2.380431E+02
  2.206494E+02
  2.014664E+02
  1.799900E+02
  1.578514E+02
  1.347028E+02
  1.115633E+02
  8.857210E+01
  6.616091E+01
  4.419886E+01
  2.357288E+01
  3.893950E+00
 -1.477485E+01
 -3.195652E+01
 -4.755725E+01
 -6.170447E+01
 -7.416850E+01
 -8.462251E+01
 -9.254463E+01
 -9.707839E+01
 -9.699205E+01
 -9.133623E+01
 -8.076040E+01
 -6.667332E+01
 -5.799067E+01
  8.231820E+02
  4.560265E+03
  2.898037E-02
