 Title= "ADflow Lift Distribution Data"
Variables = "eta" "CoordinateX" "CoordinateY" "CoordinateZ" "Lift" "Drag" "Moment" "Normalized Lift" "Normalized Drag" "Normalized Moment" "CL" "CD" "CM" "CLp" "CDp" "CMp" "CLv" "CDv" "CMv" "Elliptical" "thickness" "twist" "chord" "fx" "fy" "fz" 
Zone T= "LiftDist_01 allWalls: : z normal"
 I=          150
 DATAPACKING=BLOCK
  0.000000E+00
  6.711405E-03
  1.342281E-02
  2.013422E-02
  2.684563E-02
  3.355704E-02
  4.026845E-02
  4.697986E-02
  5.369127E-02
  6.040268E-02
  6.711409E-02
  7.382550E-02
  8.053691E-02
  8.724832E-02
  9.395973E-02
  1.006711E-01
  1.073825E-01
  1.140940E-01
  1.208054E-01
  1.275168E-01
  1.342282E-01
  1.409396E-01
  1.476510E-01
  1.543624E-01
  1.610738E-01
  1.677852E-01
  1.744966E-01
  1.812081E-01
  1.879195E-01
  1.946309E-01
  2.013423E-01
  2.080537E-01
  2.147651E-01
  2.214765E-01
  2.281879E-01
  2.348993E-01
  2.416107E-01
  2.483221E-01
  2.550336E-01
  2.617450E-01
  2.684564E-01
  2.751678E-01
  2.818792E-01
  2.885906E-01
  2.953020E-01
  3.020134E-01
  3.087248E-01
  3.154362E-01
  3.221476E-01
  3.288591E-01
  3.355705E-01
  3.422819E-01
  3.489933E-01
  3.557047E-01
  3.624161E-01
  3.691275E-01
  3.758389E-01
  3.825503E-01
  3.892617E-01
  3.959732E-01
  4.026846E-01
  4.093960E-01
  4.161074E-01
  4.228188E-01
  4.295302E-01
  4.362416E-01
  4.429530E-01
  4.496644E-01
  4.563758E-01
  4.630872E-01
  4.697987E-01
  4.765101E-01
  4.832215E-01
  4.899329E-01
  4.966443E-01
  5.033557E-01
  5.100671E-01
  5.167785E-01
  5.234899E-01
  5.302013E-01
  5.369128E-01
  5.436242E-01
  5.503356E-01
  5.570470E-01
  5.637584E-01
  5.704698E-01
  5.771812E-01
  5.838926E-01
  5.906040E-01
  5.973154E-01
  6.040268E-01
  6.107383E-01
  6.174497E-01
  6.241611E-01
  6.308725E-01
  6.375839E-01
  6.442953E-01
  6.510067E-01
  6.577181E-01
  6.644295E-01
  6.711409E-01
  6.778524E-01
  6.845638E-01
  6.912752E-01
  6.979866E-01
  7.046980E-01
  7.114094E-01
  7.181208E-01
  7.248322E-01
  7.315436E-01
  7.382550E-01
  7.449664E-01
  7.516779E-01
  7.583893E-01
  7.651007E-01
  7.718121E-01
  7.785235E-01
  7.852349E-01
  7.919463E-01
  7.986577E-01
  8.053691E-01
  8.120805E-01
  8.187919E-01
  8.255034E-01
  8.322148E-01
  8.389262E-01
  8.456376E-01
  8.523490E-01
  8.590604E-01
  8.657718E-01
  8.724832E-01
  8.791946E-01
  8.859060E-01
  8.926175E-01
  8.993289E-01
  9.060403E-01
  9.127517E-01
  9.194631E-01
  9.261745E-01
  9.328859E-01
  9.395973E-01
  9.463087E-01
  9.530201E-01
  9.597315E-01
  9.664430E-01
  9.731544E-01
  9.798658E-01
  9.865772E-01
  9.932886E-01
  1.000000E+00
  0.000000E+00
  0.000000E+00
  0.000000E+00
  0.000000E+00
  0.000000E+00
  0.000000E+00
  0.000000E+00
  0.000000E+00
  0.000000E+00
  0.000000E+00
  0.000000E+00
  0.000000E+00
  0.000000E+00
  0.000000E+00
  0.000000E+00
  0.000000E+00
  0.000000E+00
  0.000000E+00
  0.000000E+00
  0.000000E+00
  0.000000E+00
  0.000000E+00
  0.000000E+00
  0.000000E+00
  0.000000E+00
  0.000000E+00
  0.000000E+00
  0.000000E+00
  0.000000E+00
  0.000000E+00
  0.000000E+00
  0.000000E+00
  0.000000E+00
  0.000000E+00
  0.000000E+00
  0.000000E+00
  0.000000E+00
  0.000000E+00
  0.000000E+00
  0.000000E+00
  0.000000E+00
  0.000000E+00
  0.000000E+00
  0.000000E+00
  0.000000E+00
  0.000000E+00
  0.000000E+00
  0.000000E+00
  0.000000E+00
  0.000000E+00
  0.000000E+00
  0.000000E+00
  0.000000E+00
  0.000000E+00
  0.000000E+00
  0.000000E+00
  0.000000E+00
  0.000000E+00
  0.000000E+00
  0.000000E+00
  0.000000E+00
  0.000000E+00
  0.000000E+00
  0.000000E+00
  0.000000E+00
  0.000000E+00
  0.000000E+00
  0.000000E+00
  0.000000E+00
  0.000000E+00
  0.000000E+00
  0.000000E+00
  0.000000E+00
  0.000000E+00
  0.000000E+00
  0.000000E+00
  0.000000E+00
  0.000000E+00
  0.000000E+00
  0.000000E+00
  0.000000E+00
  0.000000E+00
  0.000000E+00
  0.000000E+00
  0.000000E+00
  0.000000E+00
  0.000000E+00
  0.000000E+00
  0.000000E+00
  0.000000E+00
  0.000000E+00
  0.000000E+00
  0.000000E+00
  0.000000E+00
  0.000000E+00
  0.000000E+00
  0.000000E+00
  0.000000E+00
  0.000000E+00
  0.000000E+00
  0.000000E+00
  0.000000E+00
  0.000000E+00
  0.000000E+00
  0.000000E+00
  0.000000E+00
  0.000000E+00
  0.000000E+00
  0.000000E+00
  0.000000E+00
  0.000000E+00
  0.000000E+00
  0.000000E+00
  0.000000E+00
  0.000000E+00
  0.000000E+00
  0.000000E+00
  0.000000E+00
  0.000000E+00
  0.000000E+00
  0.000000E+00
  0.000000E+00
  0.000000E+00
  0.000000E+00
  0.000000E+00
  0.000000E+00
  0.000000E+00
  0.000000E+00
  0.000000E+00
  0.000000E+00
  0.000000E+00
  0.000000E+00
  0.000000E+00
  0.000000E+00
  0.000000E+00
  0.000000E+00
  0.000000E+00
  0.000000E+00
  0.000000E+00
  0.000000E+00
  0.000000E+00
  0.000000E+00
  0.000000E+00
  0.000000E+00
  0.000000E+00
  0.000000E+00
  0.000000E+00
  0.000000E+00
  0.000000E+00
  0.000000E+00
  0.000000E+00
  0.000000E+00
  0.000000E+00
  0.000000E+00
  0.000000E+00
  0.000000E+00
  0.000000E+00
  0.000000E+00
  0.000000E+00
  0.000000E+00
  0.000000E+00
  0.000000E+00
  0.000000E+00
  0.000000E+00
  0.000000E+00
  0.000000E+00
  0.000000E+00
  0.000000E+00
  0.000000E+00
  0.000000E+00
  0.000000E+00
  0.000000E+00
  0.000000E+00
  0.000000E+00
  0.000000E+00
  0.000000E+00
  0.000000E+00
  0.000000E+00
  0.000000E+00
  0.000000E+00
  0.000000E+00
  0.000000E+00
  0.000000E+00
  0.000000E+00
  0.000000E+00
  0.000000E+00
  0.000000E+00
  0.000000E+00
  0.000000E+00
  0.000000E+00
  0.000000E+00
  0.000000E+00
  0.000000E+00
  0.000000E+00
  0.000000E+00
  0.000000E+00
  0.000000E+00
  0.000000E+00
  0.000000E+00
  0.000000E+00
  0.000000E+00
  0.000000E+00
  0.000000E+00
  0.000000E+00
  0.000000E+00
  0.000000E+00
  0.000000E+00
  0.000000E+00
  0.000000E+00
  0.000000E+00
  0.000000E+00
  0.000000E+00
  0.000000E+00
  0.000000E+00
  0.000000E+00
  0.000000E+00
  0.000000E+00
  0.000000E+00
  0.000000E+00
  0.000000E+00
  0.000000E+00
  0.000000E+00
  0.000000E+00
  0.000000E+00
  0.000000E+00
  0.000000E+00
  0.000000E+00
  0.000000E+00
  0.000000E+00
  0.000000E+00
  0.000000E+00
  0.000000E+00
  0.000000E+00
  0.000000E+00
  0.000000E+00
  0.000000E+00
  0.000000E+00
  0.000000E+00
  0.000000E+00
  0.000000E+00
  0.000000E+00
  0.000000E+00
  0.000000E+00
  0.000000E+00
  0.000000E+00
  0.000000E+00
  0.000000E+00
  0.000000E+00
  0.000000E+00
  0.000000E+00
  0.000000E+00
  0.000000E+00
  0.000000E+00
  0.000000E+00
  0.000000E+00
  0.000000E+00
  0.000000E+00
  0.000000E+00
  0.000000E+00
  0.000000E+00
  0.000000E+00
  0.000000E+00
  0.000000E+00
  0.000000E+00
  0.000000E+00
  0.000000E+00
  0.000000E+00
  0.000000E+00
  0.000000E+00
  0.000000E+00
  0.000000E+00
  0.000000E+00
  0.000000E+00
  0.000000E+00
  0.000000E+00
  0.000000E+00
  0.000000E+00
  0.000000E+00
  0.000000E+00
  0.000000E+00
  0.000000E+00
  0.000000E+00
  0.000000E+00
  0.000000E+00
  0.000000E+00
  0.000000E+00
  0.000000E+00
  0.000000E+00
  0.000000E+00
  0.000000E+00
  0.000000E+00
  0.000000E+00
  0.000000E+00
  0.000000E+00
  0.000000E+00
  0.000000E+00
  0.000000E+00
  0.000000E+00
  0.000000E+00
  0.000000E+00
  1.000000E-08
  1.695085E-02
  3.390169E-02
  5.085254E-02
  6.780338E-02
  8.475423E-02
  1.017051E-01
  1.186559E-01
  1.356068E-01
  1.525576E-01
  1.695085E-01
  1.864593E-01
  2.034101E-01
  2.203610E-01
  2.373118E-01
  2.542627E-01
  2.712135E-01
  2.881644E-01
  3.051152E-01
  3.220661E-01
  3.390169E-01
  3.559678E-01
  3.729186E-01
  3.898694E-01
  4.068203E-01
  4.237711E-01
  4.407220E-01
  4.576728E-01
  4.746237E-01
  4.915745E-01
  5.085254E-01
  5.254762E-01
  5.424271E-01
  5.593779E-01
  5.763287E-01
  5.932796E-01
  6.102304E-01
  6.271813E-01
  6.441321E-01
  6.610830E-01
  6.780338E-01
  6.949847E-01
  7.119355E-01
  7.288864E-01
  7.458372E-01
  7.627880E-01
  7.797389E-01
  7.966897E-01
  8.136406E-01
  8.305914E-01
  8.475423E-01
  8.644931E-01
  8.814440E-01
  8.983948E-01
  9.153457E-01
  9.322965E-01
  9.492473E-01
  9.661982E-01
  9.831490E-01
  1.000100E+00
  1.017051E+00
  1.034002E+00
  1.050952E+00
  1.067903E+00
  1.084854E+00
  1.101805E+00
  1.118756E+00
  1.135707E+00
  1.152657E+00
  1.169608E+00
  1.186559E+00
  1.203510E+00
  1.220461E+00
  1.237412E+00
  1.254363E+00
  1.271313E+00
  1.288264E+00
  1.305215E+00
  1.322166E+00
  1.339117E+00
  1.356068E+00
  1.373018E+00
  1.389969E+00
  1.406920E+00
  1.423871E+00
  1.440822E+00
  1.457773E+00
  1.474724E+00
  1.491674E+00
  1.508625E+00
  1.525576E+00
  1.542527E+00
  1.559478E+00
  1.576429E+00
  1.593379E+00
  1.610330E+00
  1.627281E+00
  1.644232E+00
  1.661183E+00
  1.678134E+00
  1.695085E+00
  1.712035E+00
  1.728986E+00
  1.745937E+00
  1.762888E+00
  1.779839E+00
  1.796790E+00
  1.813740E+00
  1.830691E+00
  1.847642E+00
  1.864593E+00
  1.881544E+00
  1.898495E+00
  1.915446E+00
  1.932396E+00
  1.949347E+00
  1.966298E+00
  1.983249E+00
  2.000200E+00
  2.017151E+00
  2.034101E+00
  2.051052E+00
  2.068003E+00
  2.084954E+00
  2.101905E+00
  2.118856E+00
  2.135807E+00
  2.152757E+00
  2.169708E+00
  2.186659E+00
  2.203610E+00
  2.220561E+00
  2.237512E+00
  2.254462E+00
  2.271413E+00
  2.288364E+00
  2.305315E+00
  2.322266E+00
  2.339217E+00
  2.356168E+00
  2.373118E+00
  2.390069E+00
  2.407020E+00
  2.423971E+00
  2.440922E+00
  2.457873E+00
  2.474823E+00
  2.491774E+00
  2.508725E+00
  2.525676E+00
  6.835383E+03
  6.834571E+03
  6.833758E+03
  6.832946E+03
  6.832134E+03
  6.831322E+03
  6.830510E+03
  6.829698E+03
  6.828886E+03
  6.826570E+03
  6.824217E+03
  6.821864E+03
  6.819511E+03
  6.817158E+03
  6.814805E+03
  6.812453E+03
  6.809626E+03
  6.805930E+03
  6.802234E+03
  6.798539E+03
  6.794843E+03
  6.791147E+03
  6.787452E+03
  6.783602E+03
  6.778517E+03
  6.773433E+03
  6.768348E+03
  6.763264E+03
  6.758179E+03
  6.753095E+03
  6.747663E+03
  6.741080E+03
  6.734497E+03
  6.727915E+03
  6.721332E+03
  6.714749E+03
  6.708166E+03
  6.700484E+03
  6.692323E+03
  6.684161E+03
  6.675999E+03
  6.667837E+03
  6.659675E+03
  6.650705E+03
  6.640884E+03
  6.631063E+03
  6.621242E+03
  6.611421E+03
  6.601600E+03
  6.590725E+03
  6.579113E+03
  6.567501E+03
  6.555888E+03
  6.544276E+03
  6.532664E+03
  6.519113E+03
  6.505532E+03
  6.491951E+03
  6.478370E+03
  6.464789E+03
  6.449784E+03
  6.434049E+03
  6.418314E+03
  6.402579E+03
  6.386844E+03
  6.369697E+03
  6.351624E+03
  6.333550E+03
  6.315477E+03
  6.297405E+03
  6.277356E+03
  6.256813E+03
  6.236270E+03
  6.215727E+03
  6.194605E+03
  6.171598E+03
  6.148592E+03
  6.125587E+03
  6.102583E+03
  6.077448E+03
  6.052076E+03
  6.026706E+03
  6.001338E+03
  5.974206E+03
  5.946579E+03
  5.918955E+03
  5.891333E+03
  5.861925E+03
  5.832244E+03
  5.802566E+03
  5.772622E+03
  5.741152E+03
  5.709685E+03
  5.678220E+03
  5.645741E+03
  5.612637E+03
  5.579534E+03
  5.546006E+03
  5.511278E+03
  5.476552E+03
  5.441704E+03
  5.405341E+03
  5.368980E+03
  5.332539E+03
  5.294477E+03
  5.256415E+03
  5.218033E+03
  5.178090E+03
  5.138148E+03
  5.097288E+03
  5.055250E+03
  5.013214E+03
  4.969245E+03
  4.924915E+03
  4.879650E+03
  4.832832E+03
  4.785927E+03
  4.736438E+03
  4.686948E+03
  4.635167E+03
  4.582839E+03
  4.528436E+03
  4.473113E+03
  4.415653E+03
  4.357204E+03
  4.296266E+03
  4.234606E+03
  4.169820E+03
  4.104135E+03
  4.035994E+03
  3.965945E+03
  3.894493E+03
  3.820136E+03
  3.744078E+03
  3.666251E+03
  3.585986E+03
  3.503217E+03
  3.418149E+03
  3.330482E+03
  3.240083E+03
  3.147519E+03
  3.054715E+03
  2.965641E+03
  2.902054E+03
  2.905679E+03
  2.858508E+03
  2.698335E+03
  3.404645E+03
  8.144191E+02
 -1.954948E-05
  3.027279E+02
  3.027033E+02
  3.026787E+02
  3.026542E+02
  3.026296E+02
  3.026051E+02
  3.025805E+02
  3.025559E+02
  3.025314E+02
  3.025086E+02
  3.024859E+02
  3.024633E+02
  3.024406E+02
  3.024179E+02
  3.023952E+02
  3.023725E+02
  3.023743E+02
  3.024211E+02
  3.024679E+02
  3.025148E+02
  3.025616E+02
  3.026084E+02
  3.026552E+02
  3.027072E+02
  3.028007E+02
  3.028942E+02
  3.029877E+02
  3.030812E+02
  3.031747E+02
  3.032682E+02
  3.033611E+02
  3.034517E+02
  3.035424E+02
  3.036330E+02
  3.037236E+02
  3.038143E+02
  3.039049E+02
  3.039835E+02
  3.040567E+02
  3.041300E+02
  3.042032E+02
  3.042765E+02
  3.043497E+02
  3.044129E+02
  3.044655E+02
  3.045181E+02
  3.045707E+02
  3.046233E+02
  3.046759E+02
  3.047098E+02
  3.047307E+02
  3.047517E+02
  3.047726E+02
  3.047935E+02
  3.048144E+02
  3.047905E+02
  3.047658E+02
  3.047412E+02
  3.047166E+02
  3.046919E+02
  3.046325E+02
  3.045554E+02
  3.044782E+02
  3.044010E+02
  3.043238E+02
  3.042184E+02
  3.040945E+02
  3.039707E+02
  3.038468E+02
  3.037229E+02
  3.035732E+02
  3.034169E+02
  3.032607E+02
  3.031044E+02
  3.029438E+02
  3.027692E+02
  3.025946E+02
  3.024200E+02
  3.022453E+02
  3.020646E+02
  3.018831E+02
  3.017016E+02
  3.015201E+02
  3.013287E+02
  3.011345E+02
  3.009403E+02
  3.007460E+02
  3.005139E+02
  3.002759E+02
  3.000379E+02
  2.997879E+02
  2.994702E+02
  2.991524E+02
  2.988344E+02
  2.984515E+02
  2.980282E+02
  2.976047E+02
  2.971507E+02
  2.966115E+02
  2.960720E+02
  2.955249E+02
  2.948893E+02
  2.942532E+02
  2.936147E+02
  2.929339E+02
  2.922527E+02
  2.915723E+02
  2.908974E+02
  2.902220E+02
  2.895647E+02
  2.889307E+02
  2.882962E+02
  2.877145E+02
  2.871423E+02
  2.865974E+02
  2.860978E+02
  2.856005E+02
  2.851771E+02
  2.847535E+02
  2.843918E+02
  2.840447E+02
  2.837481E+02
  2.834738E+02
  2.832473E+02
  2.830430E+02
  2.829000E+02
  2.827748E+02
  2.827522E+02
  2.827714E+02
  2.829099E+02
  2.831902E+02
  2.835804E+02
  2.842939E+02
  2.852776E+02
  2.865687E+02
  2.883777E+02
  2.908503E+02
  2.940033E+02
  2.980012E+02
  3.030927E+02
  3.097216E+02
  3.186560E+02
  3.311890E+02
  3.521167E+02
  3.898388E+02
  4.251040E+02
  4.488291E+02
  6.005435E+02
  1.175927E+01
  3.547878E-04
  1.466685E+03
  1.466593E+03
  1.466501E+03
  1.466409E+03
  1.466317E+03
  1.466225E+03
  1.466133E+03
  1.466041E+03
  1.465949E+03
  1.465728E+03
  1.465504E+03
  1.465280E+03
  1.465056E+03
  1.464832E+03
  1.464608E+03
  1.464384E+03
  1.464133E+03
  1.463832E+03
  1.463531E+03
  1.463230E+03
  1.462930E+03
  1.462629E+03
  1.462328E+03
  1.462013E+03
  1.461581E+03
  1.461150E+03
  1.460719E+03
  1.460287E+03
  1.459856E+03
  1.459425E+03
  1.458947E+03
  1.458314E+03
  1.457682E+03
  1.457049E+03
  1.456416E+03
  1.455783E+03
  1.455151E+03
  1.454344E+03
  1.453461E+03
  1.452578E+03
  1.451695E+03
  1.450812E+03
  1.449930E+03
  1.448901E+03
  1.447719E+03
  1.446537E+03
  1.445356E+03
  1.444174E+03
  1.442992E+03
  1.441595E+03
  1.440049E+03
  1.438502E+03
  1.436955E+03
  1.435408E+03
  1.433861E+03
  1.431851E+03
  1.429834E+03
  1.427816E+03
  1.425799E+03
  1.423781E+03
  1.421345E+03
  1.418693E+03
  1.416042E+03
  1.413390E+03
  1.410738E+03
  1.407588E+03
  1.404110E+03
  1.400633E+03
  1.397155E+03
  1.393678E+03
  1.389399E+03
  1.384920E+03
  1.380442E+03
  1.375963E+03
  1.371225E+03
  1.365647E+03
  1.360069E+03
  1.354491E+03
  1.348913E+03
  1.342438E+03
  1.335863E+03
  1.329289E+03
  1.322714E+03
  1.315613E+03
  1.308363E+03
  1.301114E+03
  1.293865E+03
  1.286356E+03
  1.278807E+03
  1.271258E+03
  1.263713E+03
  1.256181E+03
  1.248649E+03
  1.241117E+03
  1.233755E+03
  1.226498E+03
  1.219241E+03
  1.212097E+03
  1.205270E+03
  1.198443E+03
  1.191649E+03
  1.185249E+03
  1.178849E+03
  1.172464E+03
  1.166369E+03
  1.160273E+03
  1.154203E+03
  1.148254E+03
  1.142306E+03
  1.136357E+03
  1.130408E+03
  1.124458E+03
  1.118392E+03
  1.112304E+03
  1.106117E+03
  1.099768E+03
  1.093406E+03
  1.086695E+03
  1.079984E+03
  1.072922E+03
  1.065776E+03
  1.058295E+03
  1.050667E+03
  1.042695E+03
  1.034563E+03
  1.026049E+03
  1.017424E+03
  1.008372E+03
  9.992185E+02
  9.897973E+02
  9.802426E+02
  9.705970E+02
  9.608860E+02
  9.512175E+02
  9.416116E+02
  9.321567E+02
  9.229043E+02
  9.138307E+02
  9.049622E+02
  8.964519E+02
  8.889244E+02
  8.840530E+02
  8.852868E+02
  9.054284E+02
  9.683345E+02
  1.021866E+03
  1.010740E+03
  1.336067E+03
  1.715634E+02
 -1.807935E-11
  1.203790E+00
  1.203647E+00
  1.203504E+00
  1.203361E+00
  1.203218E+00
  1.203075E+00
  1.202932E+00
  1.202789E+00
  1.202645E+00
  1.202238E+00
  1.201823E+00
  1.201409E+00
  1.200995E+00
  1.200580E+00
  1.200166E+00
  1.199751E+00
  1.199254E+00
  1.198603E+00
  1.197952E+00
  1.197301E+00
  1.196650E+00
  1.195999E+00
  1.195348E+00
  1.194670E+00
  1.193775E+00
  1.192880E+00
  1.191984E+00
  1.191089E+00
  1.190193E+00
  1.189298E+00
  1.188341E+00
  1.187182E+00
  1.186023E+00
  1.184863E+00
  1.183704E+00
  1.182545E+00
  1.181385E+00
  1.180033E+00
  1.178595E+00
  1.177158E+00
  1.175720E+00
  1.174283E+00
  1.172845E+00
  1.171266E+00
  1.169536E+00
  1.167807E+00
  1.166077E+00
  1.164347E+00
  1.162618E+00
  1.160703E+00
  1.158658E+00
  1.156613E+00
  1.154567E+00
  1.152522E+00
  1.150477E+00
  1.148091E+00
  1.145699E+00
  1.143307E+00
  1.140916E+00
  1.138524E+00
  1.135881E+00
  1.133110E+00
  1.130339E+00
  1.127568E+00
  1.124797E+00
  1.121777E+00
  1.118594E+00
  1.115411E+00
  1.112228E+00
  1.109046E+00
  1.105515E+00
  1.101897E+00
  1.098279E+00
  1.094661E+00
  1.090941E+00
  1.086889E+00
  1.082838E+00
  1.078787E+00
  1.074735E+00
  1.070309E+00
  1.065840E+00
  1.061372E+00
  1.056905E+00
  1.052127E+00
  1.047261E+00
  1.042396E+00
  1.037532E+00
  1.032352E+00
  1.027125E+00
  1.021899E+00
  1.016625E+00
  1.011083E+00
  1.005541E+00
  9.999999E-01
  9.942801E-01
  9.884500E-01
  9.826203E-01
  9.767155E-01
  9.705996E-01
  9.644839E-01
  9.583468E-01
  9.519429E-01
  9.455393E-01
  9.391216E-01
  9.324184E-01
  9.257153E-01
  9.189558E-01
  9.119214E-01
  9.048871E-01
  8.976911E-01
  8.902878E-01
  8.828847E-01
  8.751413E-01
  8.673343E-01
  8.593626E-01
  8.511175E-01
  8.428570E-01
  8.341412E-01
  8.254256E-01
  8.163064E-01
  8.070907E-01
  7.975098E-01
  7.877668E-01
  7.776474E-01
  7.673539E-01
  7.566219E-01
  7.457629E-01
  7.343533E-01
  7.227855E-01
  7.107850E-01
  6.984486E-01
  6.858651E-01
  6.727700E-01
  6.593753E-01
  6.456691E-01
  6.315334E-01
  6.169568E-01
  6.019754E-01
  5.865363E-01
  5.706159E-01
  5.543144E-01
  5.379705E-01
  5.222836E-01
  5.110852E-01
  5.117236E-01
  5.034161E-01
  4.752079E-01
  5.995972E-01
  1.434286E-01
 -3.442889E-09
  1.006238E+00
  1.006156E+00
  1.006075E+00
  1.005993E+00
  1.005911E+00
  1.005830E+00
  1.005748E+00
  1.005667E+00
  1.005585E+00
  1.005509E+00
  1.005434E+00
  1.005358E+00
  1.005283E+00
  1.005208E+00
  1.005132E+00
  1.005057E+00
  1.005063E+00
  1.005218E+00
  1.005374E+00
  1.005530E+00
  1.005685E+00
  1.005841E+00
  1.005996E+00
  1.006169E+00
  1.006480E+00
  1.006791E+00
  1.007102E+00
  1.007413E+00
  1.007723E+00
  1.008034E+00
  1.008343E+00
  1.008644E+00
  1.008945E+00
  1.009247E+00
  1.009548E+00
  1.009849E+00
  1.010150E+00
  1.010412E+00
  1.010655E+00
  1.010898E+00
  1.011142E+00
  1.011385E+00
  1.011629E+00
  1.011839E+00
  1.012014E+00
  1.012189E+00
  1.012363E+00
  1.012538E+00
  1.012713E+00
  1.012826E+00
  1.012895E+00
  1.012965E+00
  1.013034E+00
  1.013104E+00
  1.013173E+00
  1.013094E+00
  1.013012E+00
  1.012930E+00
  1.012848E+00
  1.012766E+00
  1.012569E+00
  1.012312E+00
  1.012056E+00
  1.011799E+00
  1.011543E+00
  1.011192E+00
  1.010781E+00
  1.010369E+00
  1.009957E+00
  1.009545E+00
  1.009048E+00
  1.008528E+00
  1.008009E+00
  1.007490E+00
  1.006956E+00
  1.006376E+00
  1.005795E+00
  1.005215E+00
  1.004634E+00
  1.004033E+00
  1.003430E+00
  1.002827E+00
  1.002223E+00
  1.001587E+00
  1.000942E+00
  1.000296E+00
  9.996503E-01
  9.988789E-01
  9.980880E-01
  9.972967E-01
  9.964657E-01
  9.954099E-01
  9.943535E-01
  9.932966E-01
  9.920237E-01
  9.906168E-01
  9.892092E-01
  9.877001E-01
  9.859079E-01
  9.841145E-01
  9.822962E-01
  9.801833E-01
  9.780691E-01
  9.759468E-01
  9.736838E-01
  9.714195E-01
  9.691579E-01
  9.669146E-01
  9.646698E-01
  9.624850E-01
  9.603774E-01
  9.582685E-01
  9.563349E-01
  9.544332E-01
  9.526218E-01
  9.509613E-01
  9.493082E-01
  9.479010E-01
  9.464931E-01
  9.452906E-01
  9.441370E-01
  9.431510E-01
  9.422394E-01
  9.414865E-01
  9.408073E-01
  9.403320E-01
  9.399160E-01
  9.398409E-01
  9.399047E-01
  9.403650E-01
  9.412966E-01
  9.425937E-01
  9.449654E-01
  9.482350E-01
  9.525266E-01
  9.585395E-01
  9.667580E-01
  9.772384E-01
  9.905271E-01
  1.007451E+00
  1.029484E+00
  1.059182E+00
  1.100840E+00
  1.170402E+00
  1.295786E+00
  1.413005E+00
  1.491864E+00
  1.996148E+00
  3.908668E-02
  1.179280E-06
  1.149916E+00
  1.149844E+00
  1.149772E+00
  1.149700E+00
  1.149627E+00
  1.149555E+00
  1.149483E+00
  1.149411E+00
  1.149339E+00
  1.149166E+00
  1.148990E+00
  1.148814E+00
  1.148639E+00
  1.148463E+00
  1.148288E+00
  1.148112E+00
  1.147915E+00
  1.147679E+00
  1.147443E+00
  1.147208E+00
  1.146972E+00
  1.146736E+00
  1.146500E+00
  1.146253E+00
  1.145915E+00
  1.145577E+00
  1.145238E+00
  1.144900E+00
  1.144562E+00
  1.144224E+00
  1.143849E+00
  1.143353E+00
  1.142857E+00
  1.142361E+00
  1.141865E+00
  1.141369E+00
  1.140873E+00
  1.140241E+00
  1.139548E+00
  1.138856E+00
  1.138164E+00
  1.137472E+00
  1.136779E+00
  1.135973E+00
  1.135047E+00
  1.134120E+00
  1.133193E+00
  1.132267E+00
  1.131340E+00
  1.130245E+00
  1.129033E+00
  1.127820E+00
  1.126607E+00
  1.125394E+00
  1.124182E+00
  1.122606E+00
  1.121024E+00
  1.119442E+00
  1.117860E+00
  1.116279E+00
  1.114368E+00
  1.112289E+00
  1.110210E+00
  1.108132E+00
  1.106053E+00
  1.103583E+00
  1.100856E+00
  1.098130E+00
  1.095403E+00
  1.092677E+00
  1.089322E+00
  1.085811E+00
  1.082299E+00
  1.078788E+00
  1.075073E+00
  1.070700E+00
  1.066327E+00
  1.061953E+00
  1.057580E+00
  1.052504E+00
  1.047349E+00
  1.042194E+00
  1.037040E+00
  1.031472E+00
  1.025788E+00
  1.020104E+00
  1.014421E+00
  1.008534E+00
  1.002615E+00
  9.966970E-01
  9.907811E-01
  9.848756E-01
  9.789705E-01
  9.730658E-01
  9.672938E-01
  9.616038E-01
  9.559141E-01
  9.503132E-01
  9.449606E-01
  9.396081E-01
  9.342811E-01
  9.292636E-01
  9.242461E-01
  9.192402E-01
  9.144609E-01
  9.096818E-01
  9.049224E-01
  9.002588E-01
  8.955952E-01
  8.909312E-01
  8.862666E-01
  8.816021E-01
  8.768459E-01
  8.720727E-01
  8.672224E-01
  8.622442E-01
  8.572567E-01
  8.519949E-01
  8.467332E-01
  8.411963E-01
  8.355936E-01
  8.297290E-01
  8.237482E-01
  8.174975E-01
  8.111219E-01
  8.044468E-01
  7.976848E-01
  7.905878E-01
  7.834113E-01
  7.760248E-01
  7.685337E-01
  7.609713E-01
  7.533576E-01
  7.457773E-01
  7.382461E-01
  7.308332E-01
  7.235790E-01
  7.164651E-01
  7.095121E-01
  7.028398E-01
  6.969380E-01
  6.931187E-01
  6.940860E-01
  7.098775E-01
  7.591974E-01
  8.011678E-01
  7.924446E-01
  1.047508E+00
  1.345098E-01
 -1.417464E-14
  6.111874E-01
  6.111148E-01
  6.110422E-01
  6.109695E-01
  6.108969E-01
  6.108243E-01
  6.107517E-01
  6.106791E-01
  6.106064E-01
  6.103994E-01
  6.101890E-01
  6.099786E-01
  6.097682E-01
  6.095578E-01
  6.093474E-01
  6.091370E-01
  6.088843E-01
  6.085538E-01
  6.082234E-01
  6.078929E-01
  6.075625E-01
  6.072320E-01
  6.069015E-01
  6.065573E-01
  6.061027E-01
  6.056480E-01
  6.051934E-01
  6.047388E-01
  6.042841E-01
  6.038295E-01
  6.033439E-01
  6.027552E-01
  6.021666E-01
  6.015780E-01
  6.009894E-01
  6.004008E-01
  5.998121E-01
  5.991253E-01
  5.983955E-01
  5.976657E-01
  5.969359E-01
  5.962061E-01
  5.954763E-01
  5.946743E-01
  5.937962E-01
  5.929180E-01
  5.920399E-01
  5.911617E-01
  5.902836E-01
  5.893112E-01
  5.882729E-01
  5.872346E-01
  5.861963E-01
  5.851580E-01
  5.841197E-01
  5.829081E-01
  5.816937E-01
  5.804794E-01
  5.792651E-01
  5.780507E-01
  5.767091E-01
  5.753021E-01
  5.738952E-01
  5.724883E-01
  5.710813E-01
  5.695482E-01
  5.679322E-01
  5.663162E-01
  5.647002E-01
  5.630843E-01
  5.612917E-01
  5.594549E-01
  5.576181E-01
  5.557813E-01
  5.538927E-01
  5.518356E-01
  5.497786E-01
  5.477217E-01
  5.456649E-01
  5.434176E-01
  5.411490E-01
  5.388806E-01
  5.366124E-01
  5.341865E-01
  5.317163E-01
  5.292464E-01
  5.267767E-01
  5.241471E-01
  5.214933E-01
  5.188397E-01
  5.161623E-01
  5.133485E-01
  5.105348E-01
  5.077214E-01
  5.048174E-01
  5.018574E-01
  4.988975E-01
  4.958996E-01
  4.927944E-01
  4.896894E-01
  4.865734E-01
  4.833220E-01
  4.800707E-01
  4.768124E-01
  4.734090E-01
  4.700057E-01
  4.665737E-01
  4.630022E-01
  4.594307E-01
  4.557772E-01
  4.520183E-01
  4.482596E-01
  4.443281E-01
  4.403643E-01
  4.363169E-01
  4.321307E-01
  4.279366E-01
  4.235114E-01
  4.190863E-01
  4.144563E-01
  4.097773E-01
  4.049129E-01
  3.999661E-01
  3.948283E-01
  3.896021E-01
  3.841532E-01
  3.786399E-01
  3.728470E-01
  3.669737E-01
  3.608809E-01
  3.546174E-01
  3.482285E-01
  3.415799E-01
  3.347791E-01
  3.278202E-01
  3.206432E-01
  3.132423E-01
  3.056359E-01
  2.977972E-01
  2.897140E-01
  2.814374E-01
  2.731393E-01
  2.651747E-01
  2.594891E-01
  2.598132E-01
  2.555953E-01
  2.412734E-01
  3.044285E-01
  9.997238E-02
 -4.250528E-04
  2.706848E-02
  2.706629E-02
  2.706409E-02
  2.706190E-02
  2.705970E-02
  2.705750E-02
  2.705531E-02
  2.705311E-02
  2.705091E-02
  2.704888E-02
  2.704685E-02
  2.704482E-02
  2.704279E-02
  2.704076E-02
  2.703874E-02
  2.703671E-02
  2.703687E-02
  2.704106E-02
  2.704524E-02
  2.704943E-02
  2.705361E-02
  2.705780E-02
  2.706198E-02
  2.706663E-02
  2.707499E-02
  2.708335E-02
  2.709172E-02
  2.710008E-02
  2.710844E-02
  2.711680E-02
  2.712510E-02
  2.713321E-02
  2.714131E-02
  2.714941E-02
  2.715752E-02
  2.716562E-02
  2.717373E-02
  2.718075E-02
  2.718730E-02
  2.719385E-02
  2.720040E-02
  2.720695E-02
  2.721350E-02
  2.721915E-02
  2.722385E-02
  2.722856E-02
  2.723326E-02
  2.723796E-02
  2.724266E-02
  2.724570E-02
  2.724757E-02
  2.724944E-02
  2.725131E-02
  2.725318E-02
  2.725505E-02
  2.725291E-02
  2.725071E-02
  2.724851E-02
  2.724631E-02
  2.724410E-02
  2.723880E-02
  2.723190E-02
  2.722499E-02
  2.721809E-02
  2.721119E-02
  2.720177E-02
  2.719070E-02
  2.717962E-02
  2.716855E-02
  2.715747E-02
  2.714409E-02
  2.713012E-02
  2.711615E-02
  2.710218E-02
  2.708782E-02
  2.707222E-02
  2.705661E-02
  2.704100E-02
  2.702538E-02
  2.700923E-02
  2.699301E-02
  2.697678E-02
  2.696056E-02
  2.694345E-02
  2.692609E-02
  2.690873E-02
  2.689136E-02
  2.687061E-02
  2.684934E-02
  2.682806E-02
  2.680570E-02
  2.677730E-02
  2.674889E-02
  2.672046E-02
  2.668622E-02
  2.664838E-02
  2.661051E-02
  2.656992E-02
  2.652170E-02
  2.647346E-02
  2.642455E-02
  2.636771E-02
  2.631084E-02
  2.625374E-02
  2.619287E-02
  2.613196E-02
  2.607112E-02
  2.601077E-02
  2.595038E-02
  2.589161E-02
  2.583491E-02
  2.577818E-02
  2.572617E-02
  2.567501E-02
  2.562628E-02
  2.558161E-02
  2.553714E-02
  2.549928E-02
  2.546141E-02
  2.542906E-02
  2.539803E-02
  2.537150E-02
  2.534698E-02
  2.532673E-02
  2.530846E-02
  2.529567E-02
  2.528448E-02
  2.528246E-02
  2.528418E-02
  2.529656E-02
  2.532162E-02
  2.535652E-02
  2.542032E-02
  2.550827E-02
  2.562372E-02
  2.578547E-02
  2.600656E-02
  2.628849E-02
  2.664597E-02
  2.710123E-02
  2.769395E-02
  2.849283E-02
  2.961348E-02
  3.148475E-02
  3.485769E-02
  3.801095E-02
  4.013235E-02
  5.369798E-02
  1.443486E-03
  7.713940E-03
  1.311440E-01
  1.311358E-01
  1.311275E-01
  1.311193E-01
  1.311111E-01
  1.311028E-01
  1.310946E-01
  1.310864E-01
  1.310781E-01
  1.310584E-01
  1.310384E-01
  1.310183E-01
  1.309983E-01
  1.309783E-01
  1.309582E-01
  1.309382E-01
  1.309158E-01
  1.308889E-01
  1.308620E-01
  1.308351E-01
  1.308082E-01
  1.307813E-01
  1.307544E-01
  1.307262E-01
  1.306876E-01
  1.306491E-01
  1.306105E-01
  1.305719E-01
  1.305334E-01
  1.304948E-01
  1.304521E-01
  1.303955E-01
  1.303389E-01
  1.302824E-01
  1.302258E-01
  1.301692E-01
  1.301126E-01
  1.300405E-01
  1.299616E-01
  1.298826E-01
  1.298037E-01
  1.297247E-01
  1.296458E-01
  1.295538E-01
  1.294482E-01
  1.293425E-01
  1.292368E-01
  1.291311E-01
  1.290255E-01
  1.289006E-01
  1.287623E-01
  1.286240E-01
  1.284857E-01
  1.283474E-01
  1.282091E-01
  1.280293E-01
  1.278489E-01
  1.276685E-01
  1.274882E-01
  1.273078E-01
  1.270899E-01
  1.268528E-01
  1.266157E-01
  1.263786E-01
  1.261415E-01
  1.258599E-01
  1.255489E-01
  1.252380E-01
  1.249270E-01
  1.246161E-01
  1.242336E-01
  1.238331E-01
  1.234326E-01
  1.230322E-01
  1.226086E-01
  1.221098E-01
  1.216111E-01
  1.211123E-01
  1.206136E-01
  1.200347E-01
  1.194468E-01
  1.188589E-01
  1.182711E-01
  1.176361E-01
  1.169879E-01
  1.163398E-01
  1.156916E-01
  1.150202E-01
  1.143452E-01
  1.136703E-01
  1.129956E-01
  1.123221E-01
  1.116487E-01
  1.109753E-01
  1.103170E-01
  1.096681E-01
  1.090192E-01
  1.083804E-01
  1.077700E-01
  1.071596E-01
  1.065520E-01
  1.059798E-01
  1.054076E-01
  1.048366E-01
  1.042916E-01
  1.037465E-01
  1.032037E-01
  1.026719E-01
  1.021400E-01
  1.016081E-01
  1.010761E-01
  1.005441E-01
  1.000017E-01
  9.945731E-02
  9.890415E-02
  9.833640E-02
  9.776759E-02
  9.716750E-02
  9.656741E-02
  9.593594E-02
  9.529697E-02
  9.462813E-02
  9.394603E-02
  9.323316E-02
  9.250605E-02
  9.174477E-02
  9.097359E-02
  9.016419E-02
  8.934574E-02
  8.850334E-02
  8.764900E-02
  8.678653E-02
  8.591822E-02
  8.505370E-02
  8.419479E-02
  8.334937E-02
  8.252207E-02
  8.171075E-02
  8.091777E-02
  8.015682E-02
  7.948374E-02
  7.904817E-02
  7.915848E-02
  8.095946E-02
  8.658425E-02
  9.137085E-02
  9.037599E-02
  1.194653E-01
  2.105992E-02
 -3.930886E-10
  6.111930E-01
  6.111204E-01
  6.110478E-01
  6.109752E-01
  6.109026E-01
  6.108300E-01
  6.107574E-01
  6.106848E-01
  6.106122E-01
  6.104052E-01
  6.101949E-01
  6.099845E-01
  6.097742E-01
  6.095639E-01
  6.093536E-01
  6.091432E-01
  6.088906E-01
  6.085602E-01
  6.082299E-01
  6.078996E-01
  6.075692E-01
  6.072389E-01
  6.069086E-01
  6.065645E-01
  6.061100E-01
  6.056556E-01
  6.052011E-01
  6.047467E-01
  6.042922E-01
  6.038378E-01
  6.033524E-01
  6.027640E-01
  6.021756E-01
  6.015873E-01
  6.009989E-01
  6.004105E-01
  5.998221E-01
  5.991356E-01
  5.984061E-01
  5.976766E-01
  5.969471E-01
  5.962176E-01
  5.954881E-01
  5.946864E-01
  5.938086E-01
  5.929308E-01
  5.920530E-01
  5.911751E-01
  5.902973E-01
  5.893253E-01
  5.882874E-01
  5.872494E-01
  5.862115E-01
  5.851735E-01
  5.841356E-01
  5.829244E-01
  5.817105E-01
  5.804965E-01
  5.792826E-01
  5.780686E-01
  5.767274E-01
  5.753209E-01
  5.739145E-01
  5.725080E-01
  5.711015E-01
  5.695689E-01
  5.679534E-01
  5.663380E-01
  5.647226E-01
  5.631072E-01
  5.613154E-01
  5.594793E-01
  5.576432E-01
  5.558072E-01
  5.539193E-01
  5.518632E-01
  5.498072E-01
  5.477513E-01
  5.456954E-01
  5.434492E-01
  5.411818E-01
  5.389146E-01
  5.366476E-01
  5.342230E-01
  5.317542E-01
  5.292856E-01
  5.268172E-01
  5.241891E-01
  5.215367E-01
  5.188845E-01
  5.162085E-01
  5.133960E-01
  5.105838E-01
  5.077718E-01
  5.048691E-01
  5.019104E-01
  4.989518E-01
  4.959551E-01
  4.928511E-01
  4.897473E-01
  4.866325E-01
  4.833822E-01
  4.801320E-01
  4.768747E-01
  4.734723E-01
  4.700700E-01
  4.666390E-01
  4.630685E-01
  4.594980E-01
  4.558455E-01
  4.520877E-01
  4.483299E-01
  4.443995E-01
  4.404368E-01
  4.363905E-01
  4.322054E-01
  4.280126E-01
  4.235886E-01
  4.191648E-01
  4.145361E-01
  4.098584E-01
  4.049953E-01
  4.000499E-01
  3.949135E-01
  3.896886E-01
  3.842411E-01
  3.787290E-01
  3.729374E-01
  3.670654E-01
  3.609737E-01
  3.547116E-01
  3.483241E-01
  3.416774E-01
  3.348791E-01
  3.279234E-01
  3.207510E-01
  3.133566E-01
  3.057586E-01
  2.979305E-01
  2.898608E-01
  2.816003E-01
  2.733204E-01
  2.653747E-01
  2.597049E-01
  2.600347E-01
  2.558065E-01
  2.414722E-01
  3.044497E-01
  9.937914E-02
 -1.074245E-03
  2.091400E-02
  2.091218E-02
  2.091037E-02
  2.090855E-02
  2.090674E-02
  2.090492E-02
  2.090311E-02
  2.090129E-02
  2.089947E-02
  2.089818E-02
  2.089690E-02
  2.089561E-02
  2.089433E-02
  2.089304E-02
  2.089176E-02
  2.089048E-02
  2.089127E-02
  2.089588E-02
  2.090048E-02
  2.090509E-02
  2.090969E-02
  2.091429E-02
  2.091890E-02
  2.092393E-02
  2.093235E-02
  2.094077E-02
  2.094918E-02
  2.095760E-02
  2.096602E-02
  2.097444E-02
  2.098280E-02
  2.099093E-02
  2.099907E-02
  2.100721E-02
  2.101535E-02
  2.102349E-02
  2.103162E-02
  2.103879E-02
  2.104552E-02
  2.105225E-02
  2.105898E-02
  2.106572E-02
  2.107245E-02
  2.107838E-02
  2.108346E-02
  2.108853E-02
  2.109361E-02
  2.109869E-02
  2.110377E-02
  2.110728E-02
  2.110970E-02
  2.111211E-02
  2.111453E-02
  2.111694E-02
  2.111936E-02
  2.111786E-02
  2.111631E-02
  2.111476E-02
  2.111320E-02
  2.111165E-02
  2.110701E-02
  2.110080E-02
  2.109459E-02
  2.108838E-02
  2.108216E-02
  2.107342E-02
  2.106303E-02
  2.105264E-02
  2.104224E-02
  2.103184E-02
  2.101910E-02
  2.100578E-02
  2.099245E-02
  2.097911E-02
  2.096539E-02
  2.095038E-02
  2.093537E-02
  2.092036E-02
  2.090535E-02
  2.088977E-02
  2.087413E-02
  2.085848E-02
  2.084283E-02
  2.082628E-02
  2.080948E-02
  2.079268E-02
  2.077586E-02
  2.075568E-02
  2.073497E-02
  2.071425E-02
  2.069246E-02
  2.066466E-02
  2.063685E-02
  2.060902E-02
  2.057543E-02
  2.053826E-02
  2.050107E-02
  2.046119E-02
  2.041376E-02
  2.036630E-02
  2.031817E-02
  2.026225E-02
  2.020628E-02
  2.015011E-02
  2.009030E-02
  2.003046E-02
  1.997071E-02
  1.991161E-02
  1.985247E-02
  1.979503E-02
  1.973976E-02
  1.968446E-02
  1.963404E-02
  1.958450E-02
  1.953746E-02
  1.949460E-02
  1.945194E-02
  1.941611E-02
  1.938025E-02
  1.935013E-02
  1.932137E-02
  1.929738E-02
  1.927550E-02
  1.925826E-02
  1.924316E-02
  1.923408E-02
  1.922675E-02
  1.922932E-02
  1.923577E-02
  1.925327E-02
  1.928327E-02
  1.932290E-02
  1.938966E-02
  1.947805E-02
  1.959072E-02
  1.974320E-02
  1.994499E-02
  2.019637E-02
  2.050890E-02
  2.090143E-02
  2.141115E-02
  2.210786E-02
  2.311737E-02
  2.489485E-02
  2.823824E-02
  3.148874E-02
  3.385836E-02
  4.775679E-02
 -4.721870E-03
  8.754213E-04
  1.314877E-01
  1.314795E-01
  1.314712E-01
  1.314630E-01
  1.314547E-01
  1.314464E-01
  1.314382E-01
  1.314299E-01
  1.314217E-01
  1.314019E-01
  1.313818E-01
  1.313617E-01
  1.313416E-01
  1.313215E-01
  1.313014E-01
  1.312814E-01
  1.312588E-01
  1.312319E-01
  1.312049E-01
  1.311780E-01
  1.311510E-01
  1.311241E-01
  1.310971E-01
  1.310689E-01
  1.310303E-01
  1.309916E-01
  1.309530E-01
  1.309144E-01
  1.308758E-01
  1.308372E-01
  1.307944E-01
  1.307378E-01
  1.306811E-01
  1.306245E-01
  1.305678E-01
  1.305112E-01
  1.304546E-01
  1.303823E-01
  1.303033E-01
  1.302243E-01
  1.301453E-01
  1.300662E-01
  1.299872E-01
  1.298951E-01
  1.297893E-01
  1.296836E-01
  1.295778E-01
  1.294720E-01
  1.293662E-01
  1.292412E-01
  1.291028E-01
  1.289643E-01
  1.288259E-01
  1.286874E-01
  1.285489E-01
  1.283690E-01
  1.281885E-01
  1.280079E-01
  1.278273E-01
  1.276467E-01
  1.274286E-01
  1.271913E-01
  1.269539E-01
  1.267166E-01
  1.264792E-01
  1.261972E-01
  1.258858E-01
  1.255745E-01
  1.252631E-01
  1.249518E-01
  1.245686E-01
  1.241675E-01
  1.237665E-01
  1.233654E-01
  1.229411E-01
  1.224414E-01
  1.219417E-01
  1.214421E-01
  1.209425E-01
  1.203624E-01
  1.197733E-01
  1.191842E-01
  1.185952E-01
  1.179588E-01
  1.173092E-01
  1.166596E-01
  1.160101E-01
  1.153371E-01
  1.146606E-01
  1.139841E-01
  1.133079E-01
  1.126329E-01
  1.119579E-01
  1.112829E-01
  1.106231E-01
  1.099727E-01
  1.093224E-01
  1.086822E-01
  1.080704E-01
  1.074586E-01
  1.068497E-01
  1.062763E-01
  1.057029E-01
  1.051307E-01
  1.045846E-01
  1.040385E-01
  1.034947E-01
  1.029619E-01
  1.024290E-01
  1.018962E-01
  1.013634E-01
  1.008305E-01
  1.002873E-01
  9.974209E-02
  9.918814E-02
  9.861963E-02
  9.805005E-02
  9.744921E-02
  9.684838E-02
  9.621615E-02
  9.557641E-02
  9.490678E-02
  9.422389E-02
  9.351016E-02
  9.278218E-02
  9.201995E-02
  9.124780E-02
  9.043734E-02
  8.961778E-02
  8.877423E-02
  8.791877E-02
  8.705520E-02
  8.618600E-02
  8.532091E-02
  8.446179E-02
  8.361690E-02
  8.279119E-02
  8.198261E-02
  8.119376E-02
  8.043856E-02
  7.977299E-02
  7.934649E-02
  7.946650E-02
  8.127541E-02
  8.690141E-02
  9.167677E-02
  9.066016E-02
  1.196492E-01
  2.098913E-02
 -1.078617E-09
 -5.609127E-06
 -5.626737E-06
 -5.644346E-06
 -5.661956E-06
 -5.679565E-06
 -5.697175E-06
 -5.714785E-06
 -5.732394E-06
 -5.750004E-06
 -5.812629E-06
 -5.876370E-06
 -5.940111E-06
 -6.003852E-06
 -6.067593E-06
 -6.131334E-06
 -6.195076E-06
 -6.280405E-06
 -6.405327E-06
 -6.530250E-06
 -6.655173E-06
 -6.780095E-06
 -6.905018E-06
 -7.029941E-06
 -7.162123E-06
 -7.352423E-06
 -7.542723E-06
 -7.733023E-06
 -7.923324E-06
 -8.113624E-06
 -8.303925E-06
 -8.507731E-06
 -8.756422E-06
 -9.005114E-06
 -9.253805E-06
 -9.502497E-06
 -9.751188E-06
 -9.999880E-06
 -1.028196E-05
 -1.057865E-05
 -1.087534E-05
 -1.117202E-05
 -1.146871E-05
 -1.176540E-05
 -1.208052E-05
 -1.241509E-05
 -1.274966E-05
 -1.308423E-05
 -1.341880E-05
 -1.375336E-05
 -1.410548E-05
 -1.446989E-05
 -1.483430E-05
 -1.519872E-05
 -1.556313E-05
 -1.592754E-05
 -1.632445E-05
 -1.672187E-05
 -1.711929E-05
 -1.751670E-05
 -1.791412E-05
 -1.835057E-05
 -1.880702E-05
 -1.926347E-05
 -1.971992E-05
 -2.017637E-05
 -2.069818E-05
 -2.126287E-05
 -2.182755E-05
 -2.239223E-05
 -2.295690E-05
 -2.365799E-05
 -2.439327E-05
 -2.512854E-05
 -2.586380E-05
 -2.665139E-05
 -2.760907E-05
 -2.856673E-05
 -2.952437E-05
 -3.048199E-05
 -3.164103E-05
 -3.282257E-05
 -3.400409E-05
 -3.518558E-05
 -3.649258E-05
 -3.783491E-05
 -3.917720E-05
 -4.051946E-05
 -4.192174E-05
 -4.333319E-05
 -4.474458E-05
 -4.615354E-05
 -4.754882E-05
 -4.894403E-05
 -5.033917E-05
 -5.168118E-05
 -5.299028E-05
 -5.429928E-05
 -5.557516E-05
 -5.675830E-05
 -5.794129E-05
 -5.911535E-05
 -6.018137E-05
 -6.124724E-05
 -6.230975E-05
 -6.330802E-05
 -6.430613E-05
 -6.530242E-05
 -6.629056E-05
 -6.727853E-05
 -6.828180E-05
 -6.930476E-05
 -7.032756E-05
 -7.140520E-05
 -7.249300E-05
 -7.361156E-05
 -7.478128E-05
 -7.595369E-05
 -7.720838E-05
 -7.846299E-05
 -7.977486E-05
 -8.110038E-05
 -8.245214E-05
 -8.381555E-05
 -8.517292E-05
 -8.652752E-05
 -8.784172E-05
 -8.914426E-05
 -9.038603E-05
 -9.162500E-05
 -9.286253E-05
 -9.420716E-05
 -9.564738E-05
 -9.757305E-05
 -1.000736E-04
 -1.032769E-04
 -1.078179E-04
 -1.142398E-04
 -1.226209E-04
 -1.333445E-04
 -1.467253E-04
 -1.628267E-04
 -1.811400E-04
 -2.000254E-04
 -2.158412E-04
 -2.214945E-04
 -2.112428E-04
 -1.987980E-04
 -2.118884E-05
  5.932456E-04
  6.491920E-04
  6.154486E-03
  6.154105E-03
  6.153724E-03
  6.153343E-03
  6.152963E-03
  6.152582E-03
  6.152201E-03
  6.151820E-03
  6.151439E-03
  6.150702E-03
  6.149957E-03
  6.149211E-03
  6.148465E-03
  6.147720E-03
  6.146974E-03
  6.146228E-03
  6.145598E-03
  6.145179E-03
  6.144760E-03
  6.144341E-03
  6.143922E-03
  6.143503E-03
  6.143084E-03
  6.142705E-03
  6.142647E-03
  6.142589E-03
  6.142531E-03
  6.142473E-03
  6.142415E-03
  6.142357E-03
  6.142304E-03
  6.142271E-03
  6.142237E-03
  6.142204E-03
  6.142170E-03
  6.142136E-03
  6.142103E-03
  6.141966E-03
  6.141783E-03
  6.141600E-03
  6.141417E-03
  6.141234E-03
  6.141051E-03
  6.140774E-03
  6.140397E-03
  6.140020E-03
  6.139644E-03
  6.139267E-03
  6.138890E-03
  6.138415E-03
  6.137871E-03
  6.137327E-03
  6.136784E-03
  6.136240E-03
  6.135696E-03
  6.135050E-03
  6.134402E-03
  6.133753E-03
  6.133105E-03
  6.132457E-03
  6.131782E-03
  6.131093E-03
  6.130404E-03
  6.129716E-03
  6.129027E-03
  6.128345E-03
  6.127666E-03
  6.126988E-03
  6.126310E-03
  6.125631E-03
  6.124984E-03
  6.124345E-03
  6.123706E-03
  6.123067E-03
  6.122438E-03
  6.121837E-03
  6.121237E-03
  6.120637E-03
  6.120038E-03
  6.119458E-03
  6.118882E-03
  6.118306E-03
  6.117731E-03
  6.117167E-03
  6.116608E-03
  6.116050E-03
  6.115492E-03
  6.114931E-03
  6.114370E-03
  6.113810E-03
  6.113245E-03
  6.112643E-03
  6.112043E-03
  6.111443E-03
  6.110794E-03
  6.110115E-03
  6.109437E-03
  6.108731E-03
  6.107949E-03
  6.107167E-03
  6.106376E-03
  6.105466E-03
  6.104556E-03
  6.103639E-03
  6.102570E-03
  6.101502E-03
  6.100404E-03
  6.099157E-03
  6.097911E-03
  6.096584E-03
  6.095152E-03
  6.093720E-03
  6.092130E-03
  6.090511E-03
  6.088820E-03
  6.087011E-03
  6.085195E-03
  6.083178E-03
  6.081161E-03
  6.078934E-03
  6.076656E-03
  6.074124E-03
  6.071478E-03
  6.068473E-03
  6.065301E-03
  6.061592E-03
  6.057728E-03
  6.053144E-03
  6.048410E-03
  6.043293E-03
  6.038351E-03
  6.033615E-03
  6.030660E-03
  6.030223E-03
  6.032998E-03
  6.042279E-03
  6.061573E-03
  6.092119E-03
  6.137070E-03
  6.199801E-03
  6.282803E-03
  6.384976E-03
  6.496114E-03
  6.589899E-03
  6.619444E-03
  6.522213E-03
  6.273990E-03
  5.941197E-03
  6.165356E-03
  6.838519E-03
 -3.437345E-04
 -3.437095E-04
 -3.436845E-04
 -3.436595E-04
 -3.436345E-04
 -3.436095E-04
 -3.435845E-04
 -3.435595E-04
 -3.435345E-04
 -3.434779E-04
 -3.434205E-04
 -3.433631E-04
 -3.433057E-04
 -3.432484E-04
 -3.431910E-04
 -3.431336E-04
 -3.430768E-04
 -3.430210E-04
 -3.429653E-04
 -3.429095E-04
 -3.428538E-04
 -3.427980E-04
 -3.427422E-04
 -3.426869E-04
 -3.426350E-04
 -3.425831E-04
 -3.425312E-04
 -3.424793E-04
 -3.424274E-04
 -3.423755E-04
 -3.423206E-04
 -3.422557E-04
 -3.421908E-04
 -3.421259E-04
 -3.420610E-04
 -3.419962E-04
 -3.419313E-04
 -3.418506E-04
 -3.417631E-04
 -3.416756E-04
 -3.415880E-04
 -3.415005E-04
 -3.414130E-04
 -3.413124E-04
 -3.411980E-04
 -3.410836E-04
 -3.409693E-04
 -3.408549E-04
 -3.407405E-04
 -3.406090E-04
 -3.404655E-04
 -3.403220E-04
 -3.401785E-04
 -3.400349E-04
 -3.398914E-04
 -3.397081E-04
 -3.395241E-04
 -3.393401E-04
 -3.391561E-04
 -3.389721E-04
 -3.387337E-04
 -3.384675E-04
 -3.382012E-04
 -3.379350E-04
 -3.376688E-04
 -3.373148E-04
 -3.369034E-04
 -3.364920E-04
 -3.360806E-04
 -3.356693E-04
 -3.350833E-04
 -3.344536E-04
 -3.338239E-04
 -3.331943E-04
 -3.324979E-04
 -3.315844E-04
 -3.306711E-04
 -3.297578E-04
 -3.288447E-04
 -3.276678E-04
 -3.264615E-04
 -3.252555E-04
 -3.240497E-04
 -3.226787E-04
 -3.212613E-04
 -3.198443E-04
 -3.184274E-04
 -3.169115E-04
 -3.153807E-04
 -3.138501E-04
 -3.123166E-04
 -3.107652E-04
 -3.092141E-04
 -3.076633E-04
 -3.061523E-04
 -3.046660E-04
 -3.031800E-04
 -3.017295E-04
 -3.003781E-04
 -2.990269E-04
 -2.976875E-04
 -2.964886E-04
 -2.952900E-04
 -2.940981E-04
 -2.930355E-04
 -2.919732E-04
 -2.909303E-04
 -2.899806E-04
 -2.890312E-04
 -2.881198E-04
 -2.872573E-04
 -2.863951E-04
 -2.855842E-04
 -2.847832E-04
 -2.839962E-04
 -2.832322E-04
 -2.824688E-04
 -2.817178E-04
 -2.809671E-04
 -2.802065E-04
 -2.794437E-04
 -2.786538E-04
 -2.778518E-04
 -2.770020E-04
 -2.761301E-04
 -2.751824E-04
 -2.742127E-04
 -2.731405E-04
 -2.720470E-04
 -2.708988E-04
 -2.697709E-04
 -2.686677E-04
 -2.677845E-04
 -2.672021E-04
 -2.669952E-04
 -2.675266E-04
 -2.691264E-04
 -2.718626E-04
 -2.759877E-04
 -2.817399E-04
 -2.892471E-04
 -2.983212E-04
 -3.080218E-04
 -3.159501E-04
 -3.171629E-04
 -3.059221E-04
 -2.841664E-04
 -1.839606E-04
  7.079886E-05
  6.855286E-10
  1.273240E+00
  1.273211E+00
  1.273125E+00
  1.272981E+00
  1.272781E+00
  1.272522E+00
  1.272207E+00
  1.271834E+00
  1.271403E+00
  1.270915E+00
  1.270369E+00
  1.269765E+00
  1.269104E+00
  1.268384E+00
  1.267607E+00
  1.266771E+00
  1.265877E+00
  1.264925E+00
  1.263915E+00
  1.262845E+00
  1.261717E+00
  1.260530E+00
  1.259284E+00
  1.257979E+00
  1.256614E+00
  1.255190E+00
  1.253705E+00
  1.252161E+00
  1.250556E+00
  1.248891E+00
  1.247165E+00
  1.245378E+00
  1.243529E+00
  1.241620E+00
  1.239648E+00
  1.237614E+00
  1.235518E+00
  1.233359E+00
  1.231136E+00
  1.228851E+00
  1.226501E+00
  1.224088E+00
  1.221610E+00
  1.219067E+00
  1.216458E+00
  1.213784E+00
  1.211044E+00
  1.208237E+00
  1.205362E+00
  1.202421E+00
  1.199411E+00
  1.196332E+00
  1.193185E+00
  1.189968E+00
  1.186680E+00
  1.183322E+00
  1.179892E+00
  1.176390E+00
  1.172816E+00
  1.169168E+00
  1.165446E+00
  1.161649E+00
  1.157776E+00
  1.153828E+00
  1.149802E+00
  1.145699E+00
  1.141516E+00
  1.137254E+00
  1.132912E+00
  1.128488E+00
  1.123982E+00
  1.119393E+00
  1.114719E+00
  1.109960E+00
  1.105114E+00
  1.100180E+00
  1.095157E+00
  1.090045E+00
  1.084841E+00
  1.079544E+00
  1.074153E+00
  1.068667E+00
  1.063083E+00
  1.057401E+00
  1.051619E+00
  1.045735E+00
  1.039748E+00
  1.033655E+00
  1.027455E+00
  1.021146E+00
  1.014726E+00
  1.008193E+00
  1.001543E+00
  9.947766E-01
  9.878894E-01
  9.808795E-01
  9.737441E-01
  9.664805E-01
  9.590857E-01
  9.515567E-01
  9.438904E-01
  9.360832E-01
  9.281318E-01
  9.200322E-01
  9.117806E-01
  9.033729E-01
  8.948045E-01
  8.860709E-01
  8.771671E-01
  8.680879E-01
  8.588277E-01
  8.493806E-01
  8.397402E-01
  8.299000E-01
  8.198525E-01
  8.095903E-01
  7.991048E-01
  7.883874E-01
  7.774283E-01
  7.662172E-01
  7.547428E-01
  7.429930E-01
  7.309546E-01
  7.186128E-01
  7.059520E-01
  6.929545E-01
  6.796012E-01
  6.658704E-01
  6.517385E-01
  6.371787E-01
  6.221609E-01
  6.066513E-01
  5.906109E-01
  5.739954E-01
  5.567532E-01
  5.388241E-01
  5.201372E-01
  5.006076E-01
  4.801325E-01
  4.585853E-01
  4.358068E-01
  4.115929E-01
  3.856731E-01
  3.576769E-01
  3.270715E-01
  2.930404E-01
  2.542116E-01
  2.079144E-01
  1.472658E-01
  0.000000E+00
  1.072948E-01
  1.072943E-01
  1.072938E-01
  1.072933E-01
  1.072928E-01
  1.072923E-01
  1.072918E-01
  1.072913E-01
  1.072908E-01
  1.072903E-01
  1.072899E-01
  1.072894E-01
  1.072890E-01
  1.072886E-01
  1.072881E-01
  1.072877E-01
  1.072873E-01
  1.072869E-01
  1.072865E-01
  1.072862E-01
  1.072858E-01
  1.072854E-01
  1.072851E-01
  1.072847E-01
  1.072845E-01
  1.072842E-01
  1.072840E-01
  1.072837E-01
  1.072834E-01
  1.072832E-01
  1.072830E-01
  1.072829E-01
  1.072828E-01
  1.072827E-01
  1.072826E-01
  1.072825E-01
  1.072824E-01
  1.072824E-01
  1.072825E-01
  1.072827E-01
  1.072828E-01
  1.072829E-01
  1.072830E-01
  1.072833E-01
  1.072838E-01
  1.072843E-01
  1.072847E-01
  1.072852E-01
  1.072856E-01
  1.072864E-01
  1.072872E-01
  1.072881E-01
  1.072890E-01
  1.072899E-01
  1.072908E-01
  1.072913E-01
  1.072917E-01
  1.072921E-01
  1.072925E-01
  1.072929E-01
  1.072901E-01
  1.072855E-01
  1.072810E-01
  1.072765E-01
  1.072719E-01
  1.072604E-01
  1.072443E-01
  1.072282E-01
  1.072121E-01
  1.071960E-01
  1.071645E-01
  1.071291E-01
  1.070937E-01
  1.070583E-01
  1.070166E-01
  1.069563E-01
  1.069041E-01
  1.068519E-01
  1.067998E-01
  1.067317E-01
  1.066643E-01
  1.065970E-01
  1.065296E-01
  1.064526E-01
  1.063729E-01
  1.062933E-01
  1.062136E-01
  1.061311E-01
  1.060482E-01
  1.059653E-01
  1.058831E-01
  1.058052E-01
  1.057273E-01
  1.056494E-01
  1.055793E-01
  1.055139E-01
  1.054486E-01
  1.053881E-01
  1.053415E-01
  1.052948E-01
  1.052495E-01
  1.052204E-01
  1.051913E-01
  1.051629E-01
  1.051465E-01
  1.051337E-01
  1.051235E-01
  1.051190E-01
  1.051145E-01
  1.051115E-01
  1.051103E-01
  1.051092E-01
  1.051086E-01
  1.051081E-01
  1.051071E-01
  1.051053E-01
  1.051034E-01
  1.050988E-01
  1.050943E-01
  1.050870E-01
  1.050790E-01
  1.050691E-01
  1.050583E-01
  1.050460E-01
  1.050331E-01
  1.050190E-01
  1.050046E-01
  1.049892E-01
  1.049737E-01
  1.049576E-01
  1.049414E-01
  1.049249E-01
  1.049083E-01
  1.048916E-01
  1.048748E-01
  1.048581E-01
  1.048414E-01
  1.048247E-01
  1.048082E-01
  1.047917E-01
  1.047754E-01
  1.047592E-01
  1.047431E-01
  1.047273E-01
  1.047116E-01
  1.046960E-01
  1.046807E-01
  1.046655E-01
  1.199932E-01
  2.267505E-02
 -1.782735E-01
 -1.784122E-01
 -1.785509E-01
 -1.786896E-01
 -1.788283E-01
 -1.789670E-01
 -1.791057E-01
 -1.792444E-01
 -1.793830E-01
 -1.795061E-01
 -1.796287E-01
 -1.797514E-01
 -1.798740E-01
 -1.799967E-01
 -1.801193E-01
 -1.802420E-01
 -1.803570E-01
 -1.804580E-01
 -1.805590E-01
 -1.806601E-01
 -1.807611E-01
 -1.808621E-01
 -1.809631E-01
 -1.810608E-01
 -1.811318E-01
 -1.812028E-01
 -1.812738E-01
 -1.813448E-01
 -1.814158E-01
 -1.814868E-01
 -1.815479E-01
 -1.815759E-01
 -1.816039E-01
 -1.816319E-01
 -1.816599E-01
 -1.816879E-01
 -1.817159E-01
 -1.816999E-01
 -1.816647E-01
 -1.816295E-01
 -1.815943E-01
 -1.815591E-01
 -1.815238E-01
 -1.814437E-01
 -1.813163E-01
 -1.811888E-01
 -1.810613E-01
 -1.809338E-01
 -1.808063E-01
 -1.806077E-01
 -1.803593E-01
 -1.801109E-01
 -1.798625E-01
 -1.796140E-01
 -1.793656E-01
 -1.789567E-01
 -1.785452E-01
 -1.781338E-01
 -1.777223E-01
 -1.773109E-01
 -1.766738E-01
 -1.759211E-01
 -1.751685E-01
 -1.744158E-01
 -1.736631E-01
 -1.725501E-01
 -1.712009E-01
 -1.698516E-01
 -1.685024E-01
 -1.671531E-01
 -1.651010E-01
 -1.628727E-01
 -1.606444E-01
 -1.584160E-01
 -1.559220E-01
 -1.525646E-01
 -1.492072E-01
 -1.458498E-01
 -1.424924E-01
 -1.381593E-01
 -1.337171E-01
 -1.292748E-01
 -1.248326E-01
 -1.199895E-01
 -1.150335E-01
 -1.100775E-01
 -1.051215E-01
 -1.002424E-01
 -9.537506E-02
 -9.050772E-02
 -8.573629E-02
 -8.151041E-02
 -7.728453E-02
 -7.305865E-02
 -6.953892E-02
 -6.645592E-02
 -6.337293E-02
 -6.069445E-02
 -5.915075E-02
 -5.760705E-02
 -5.616701E-02
 -5.599678E-02
 -5.582655E-02
 -5.569971E-02
 -5.644264E-02
 -5.718557E-02
 -5.801378E-02
 -5.925552E-02
 -6.049726E-02
 -6.180953E-02
 -6.321224E-02
 -6.461494E-02
 -6.593836E-02
 -6.724691E-02
 -6.845247E-02
 -6.948700E-02
 -7.050863E-02
 -7.115076E-02
 -7.179290E-02
 -7.207292E-02
 -7.226637E-02
 -7.218978E-02
 -7.199330E-02
 -7.159004E-02
 -7.109114E-02
 -7.041466E-02
 -6.968673E-02
 -6.879430E-02
 -6.786509E-02
 -6.683983E-02
 -6.575846E-02
 -6.463695E-02
 -6.345094E-02
 -6.223676E-02
 -6.099559E-02
 -5.972515E-02
 -5.843390E-02
 -5.712887E-02
 -5.581242E-02
 -5.448737E-02
 -5.315659E-02
 -5.182274E-02
 -5.048816E-02
 -4.915483E-02
 -4.782440E-02
 -4.649818E-02
 -4.517723E-02
 -4.386335E-02
 -1.821783E+00
 -1.628337E+00
  9.799871E-01
  9.799871E-01
  9.799871E-01
  9.799871E-01
  9.799872E-01
  9.799872E-01
  9.799872E-01
  9.799872E-01
  9.799872E-01
  9.799872E-01
  9.799872E-01
  9.799872E-01
  9.799872E-01
  9.799872E-01
  9.799872E-01
  9.799872E-01
  9.799872E-01
  9.799872E-01
  9.799872E-01
  9.799872E-01
  9.799873E-01
  9.799873E-01
  9.799873E-01
  9.799873E-01
  9.799873E-01
  9.799873E-01
  9.799873E-01
  9.799873E-01
  9.799873E-01
  9.799873E-01
  9.799873E-01
  9.799873E-01
  9.799873E-01
  9.799873E-01
  9.799873E-01
  9.799873E-01
  9.799873E-01
  9.799873E-01
  9.799873E-01
  9.799873E-01
  9.799873E-01
  9.799873E-01
  9.799873E-01
  9.799873E-01
  9.799873E-01
  9.799873E-01
  9.799873E-01
  9.799873E-01
  9.799873E-01
  9.799872E-01
  9.799872E-01
  9.799872E-01
  9.799872E-01
  9.799872E-01
  9.799872E-01
  9.799872E-01
  9.799871E-01
  9.799871E-01
  9.799871E-01
  9.799871E-01
  9.799870E-01
  9.799870E-01
  9.799870E-01
  9.799869E-01
  9.799869E-01
  9.799868E-01
  9.799868E-01
  9.799867E-01
  9.799866E-01
  9.799865E-01
  9.799864E-01
  9.799863E-01
  9.799862E-01
  9.799861E-01
  9.799860E-01
  9.799859E-01
  9.799857E-01
  9.799856E-01
  9.799854E-01
  9.799852E-01
  9.799850E-01
  9.799849E-01
  9.799847E-01
  9.799845E-01
  9.799844E-01
  9.799842E-01
  9.799840E-01
  9.799839E-01
  9.799837E-01
  9.799836E-01
  9.799835E-01
  9.799834E-01
  9.799833E-01
  9.799832E-01
  9.799831E-01
  9.799830E-01
  9.799830E-01
  9.799829E-01
  9.799829E-01
  9.799829E-01
  9.799828E-01
  9.799828E-01
  9.799828E-01
  9.799828E-01
  9.799829E-01
  9.799829E-01
  9.799829E-01
  9.799829E-01
  9.799829E-01
  9.799829E-01
  9.799830E-01
  9.799830E-01
  9.799830E-01
  9.799831E-01
  9.799831E-01
  9.799831E-01
  9.799831E-01
  9.799831E-01
  9.799831E-01
  9.799832E-01
  9.799832E-01
  9.799832E-01
  9.799832E-01
  9.799831E-01
  9.799831E-01
  9.799831E-01
  9.799831E-01
  9.799831E-01
  9.799831E-01
  9.799830E-01
  9.799830E-01
  9.799830E-01
  9.799830E-01
  9.799830E-01
  9.799829E-01
  9.799829E-01
  9.799829E-01
  9.799829E-01
  9.799828E-01
  9.799828E-01
  9.799828E-01
  9.799828E-01
  9.799828E-01
  9.799827E-01
  9.799827E-01
  9.799827E-01
  9.799827E-01
  9.799827E-01
  7.138383E-01
  4.030179E-06
  5.504215E+01
  5.504700E+01
  5.505186E+01
  5.505672E+01
  5.506158E+01
  5.506644E+01
  5.507130E+01
  5.507617E+01
  5.508103E+01
  5.514215E+01
  5.520466E+01
  5.526718E+01
  5.532969E+01
  5.539221E+01
  5.545472E+01
  5.551724E+01
  5.562142E+01
  5.580200E+01
  5.598259E+01
  5.616318E+01
  5.634377E+01
  5.652436E+01
  5.670495E+01
  5.689631E+01
  5.717385E+01
  5.745139E+01
  5.772894E+01
  5.800648E+01
  5.828403E+01
  5.856157E+01
  5.885100E+01
  5.917993E+01
  5.950886E+01
  5.983778E+01
  6.016671E+01
  6.049564E+01
  6.082456E+01
  6.118117E+01
  6.154989E+01
  6.191861E+01
  6.228734E+01
  6.265606E+01
  6.302478E+01
  6.341268E+01
  6.382083E+01
  6.422897E+01
  6.463711E+01
  6.504525E+01
  6.545339E+01
  6.588107E+01
  6.632242E+01
  6.676377E+01
  6.720512E+01
  6.764647E+01
  6.808782E+01
  6.855452E+01
  6.902163E+01
  6.948873E+01
  6.995582E+01
  7.042292E+01
  7.090687E+01
  7.139946E+01
  7.189203E+01
  7.238459E+01
  7.287714E+01
  7.339269E+01
  7.392330E+01
  7.445388E+01
  7.498444E+01
  7.551496E+01
  7.609123E+01
  7.667894E+01
  7.726659E+01
  7.785418E+01
  7.845845E+01
  7.911701E+01
  7.977549E+01
  8.043389E+01
  8.109221E+01
  8.182165E+01
  8.255896E+01
  8.329615E+01
  8.403324E+01
  8.482433E+01
  8.563054E+01
  8.643660E+01
  8.724253E+01
  8.807540E+01
  8.891224E+01
  8.974890E+01
  9.058324E+01
  9.140520E+01
  9.222693E+01
  9.304842E+01
  9.384166E+01
  9.461728E+01
  9.539260E+01
  9.615286E+01
  9.687138E+01
  9.758953E+01
  9.830458E+01
  9.898590E+01
  9.966679E+01
  1.003481E+02
  1.010459E+02
  1.017432E+02
  1.024529E+02
  1.032246E+02
  1.039959E+02
  1.048185E+02
  1.057069E+02
  1.065948E+02
  1.076054E+02
  1.086387E+02
  1.097330E+02
  1.109289E+02
  1.121302E+02
  1.134990E+02
  1.148675E+02
  1.163808E+02
  1.179286E+02
  1.196019E+02
  1.213309E+02
  1.231850E+02
  1.250970E+02
  1.271605E+02
  1.292680E+02
  1.315911E+02
  1.339885E+02
  1.365941E+02
  1.394104E+02
  1.423874E+02
  1.457927E+02
  1.495295E+02
  1.536377E+02
  1.583516E+02
  1.638194E+02
  1.700504E+02
  1.772198E+02
  1.855810E+02
  1.955569E+02
  2.078457E+02
  2.235956E+02
  2.468118E+02
  2.843779E+02
  3.213279E+02
  3.508368E+02
  4.768785E+02
 -1.773593E+01
  3.552630E-04
  6.841862E+03
  6.841049E+03
  6.840237E+03
  6.839424E+03
  6.838612E+03
  6.837799E+03
  6.836987E+03
  6.836174E+03
  6.835362E+03
  6.833047E+03
  6.830695E+03
  6.828342E+03
  6.825990E+03
  6.823638E+03
  6.821286E+03
  6.818934E+03
  6.816109E+03
  6.812417E+03
  6.808726E+03
  6.805034E+03
  6.801343E+03
  6.797651E+03
  6.793959E+03
  6.790114E+03
  6.785036E+03
  6.779958E+03
  6.774880E+03
  6.769803E+03
  6.764725E+03
  6.759647E+03
  6.754223E+03
  6.747647E+03
  6.741072E+03
  6.734497E+03
  6.727921E+03
  6.721346E+03
  6.714771E+03
  6.707097E+03
  6.698943E+03
  6.690789E+03
  6.682636E+03
  6.674482E+03
  6.666328E+03
  6.657367E+03
  6.647554E+03
  6.637741E+03
  6.627928E+03
  6.618115E+03
  6.608303E+03
  6.597436E+03
  6.585832E+03
  6.574228E+03
  6.562625E+03
  6.551021E+03
  6.539417E+03
  6.525874E+03
  6.512301E+03
  6.498728E+03
  6.485155E+03
  6.471582E+03
  6.456585E+03
  6.440857E+03
  6.425130E+03
  6.409402E+03
  6.393675E+03
  6.376535E+03
  6.358469E+03
  6.340403E+03
  6.322338E+03
  6.304272E+03
  6.284232E+03
  6.263696E+03
  6.243161E+03
  6.222626E+03
  6.201511E+03
  6.178513E+03
  6.155516E+03
  6.132520E+03
  6.109525E+03
  6.084400E+03
  6.059038E+03
  6.033678E+03
  6.008320E+03
  5.981199E+03
  5.953584E+03
  5.925970E+03
  5.898360E+03
  5.868962E+03
  5.839292E+03
  5.809625E+03
  5.779691E+03
  5.748231E+03
  5.716772E+03
  5.685316E+03
  5.652846E+03
  5.619747E+03
  5.586651E+03
  5.553128E+03
  5.518404E+03
  5.483681E+03
  5.448836E+03
  5.412474E+03
  5.376114E+03
  5.339674E+03
  5.301611E+03
  5.263550E+03
  5.225169E+03
  5.185227E+03
  5.145287E+03
  5.104430E+03
  5.062397E+03
  5.020365E+03
  4.976404E+03
  4.932082E+03
  4.886827E+03
  4.840022E+03
  4.793130E+03
  4.743657E+03
  4.694185E+03
  4.642425E+03
  4.590118E+03
  4.535741E+03
  4.480444E+03
  4.423013E+03
  4.364595E+03
  4.303692E+03
  4.242068E+03
  4.177323E+03
  4.111682E+03
  4.043591E+03
  3.973598E+03
  3.902207E+03
  3.827925E+03
  3.751952E+03
  3.674223E+03
  3.594076E+03
  3.511450E+03
  3.426552E+03
  3.339088E+03
  3.248932E+03
  3.156670E+03
  3.064249E+03
  2.975688E+03
  2.912901E+03
  2.917889E+03
  2.872025E+03
  2.712817E+03
  3.424156E+03
  8.143109E+02
 -6.690939E-06
 -3.286860E-01
 -3.271897E-01
 -3.256934E-01
 -3.241972E-01
 -3.227009E-01
 -3.212046E-01
 -3.197084E-01
 -3.182121E-01
 -3.167158E-01
 -3.126215E-01
 -3.084628E-01
 -3.043041E-01
 -3.001454E-01
 -2.959866E-01
 -2.918279E-01
 -2.876692E-01
 -2.825663E-01
 -2.757319E-01
 -2.688976E-01
 -2.620632E-01
 -2.552288E-01
 -2.483944E-01
 -2.415600E-01
 -2.342571E-01
 -2.232029E-01
 -2.121487E-01
 -2.010945E-01
 -1.900402E-01
 -1.789860E-01
 -1.679318E-01
 -1.553044E-01
 -1.374485E-01
 -1.195927E-01
 -1.017368E-01
 -8.388095E-02
 -6.602508E-02
 -4.816922E-02
 -2.286490E-02
  5.699651E-03
  3.426421E-02
  6.282877E-02
  9.139333E-02
  1.199579E-01
  1.552824E-01
  1.977391E-01
  2.401960E-01
  2.826528E-01
  3.251096E-01
  3.675665E-01
  4.451485E-01
  5.473333E-01
  6.495182E-01
  7.517032E-01
  8.538883E-01
  9.560735E-01
  1.360769E+00
  1.770228E+00
  2.179687E+00
  2.589146E+00
  2.998606E+00
  3.845858E+00
  4.917539E+00
  5.989219E+00
  7.060900E+00
  8.132581E+00
  9.743003E+00
  1.170684E+01
  1.367066E+01
  1.563449E+01
  1.759830E+01
  2.033573E+01
  2.326715E+01
  2.619855E+01
  2.912992E+01
  3.219948E+01
  3.571806E+01
  3.923658E+01
  4.275506E+01
  4.627348E+01
  4.933860E+01
  5.235295E+01
  5.536723E+01
  5.838145E+01
  6.034886E+01
  6.202139E+01
  6.369387E+01
  6.536631E+01
  6.582644E+01
  6.610067E+01
  6.637488E+01
  6.645048E+01
  6.539646E+01
  6.434245E+01
  6.328844E+01
  6.148245E+01
  5.921138E+01
  5.694033E+01
  5.447235E+01
  5.145190E+01
  4.843148E+01
  4.540619E+01
  4.232071E+01
  3.923528E+01
  3.616213E+01
  3.333397E+01
  3.050587E+01
  2.773289E+01
  2.522699E+01
  2.272116E+01
  2.036665E+01
  1.820610E+01
  1.604561E+01
  1.416983E+01
  1.234745E+01
  1.064227E+01
  9.131671E+00
  7.630117E+00
  6.393459E+00
  5.156826E+00
  4.101740E+00
  3.090068E+00
  2.207156E+00
  1.381414E+00
  6.690060E-01
  9.025552E-03
 -5.400347E-01
 -1.056956E+00
 -1.461175E+00
 -1.838804E+00
 -2.146219E+00
 -2.411050E+00
 -2.645384E+00
 -2.830422E+00
 -2.994132E+00
 -3.137026E+00
 -3.255933E+00
 -3.348044E+00
 -3.403033E+00
 -3.391668E+00
 -3.256183E+00
 -2.887098E+00
 -2.097605E+00
 -6.281510E-01
  1.749993E+00
  4.984888E+00
  8.456121E+00
  1.099928E+01
  5.629529E+02
  2.509027E+03
  1.577394E-02
