 Title= "ADflow Lift Distribution Data"
Variables = "eta" "CoordinateX" "CoordinateY" "CoordinateZ" "Lift" "Drag" "Moment" "Normalized Lift" "Normalized Drag" "Normalized Moment" "CL" "CD" "CM" "CLp" "CDp" "CMp" "CLv" "CDv" "CMv" "Elliptical" "thickness" "twist" "chord" "fx" "fy" "fz" 
Zone T= "LiftDist_01 allWalls: : z normal"
 I=          150
 DATAPACKING=BLOCK
  0.000000E+00
  6.711405E-03
  1.342281E-02
  2.013422E-02
  2.684563E-02
  3.355704E-02
  4.026845E-02
  4.697986E-02
  5.369127E-02
  6.040268E-02
  6.711409E-02
  7.382550E-02
  8.053691E-02
  8.724832E-02
  9.395973E-02
  1.006711E-01
  1.073825E-01
  1.140940E-01
  1.208054E-01
  1.275168E-01
  1.342282E-01
  1.409396E-01
  1.476510E-01
  1.543624E-01
  1.610738E-01
  1.677852E-01
  1.744966E-01
  1.812081E-01
  1.879195E-01
  1.946309E-01
  2.013423E-01
  2.080537E-01
  2.147651E-01
  2.214765E-01
  2.281879E-01
  2.348993E-01
  2.416107E-01
  2.483221E-01
  2.550336E-01
  2.617450E-01
  2.684564E-01
  2.751678E-01
  2.818792E-01
  2.885906E-01
  2.953020E-01
  3.020134E-01
  3.087248E-01
  3.154362E-01
  3.221476E-01
  3.288591E-01
  3.355705E-01
  3.422819E-01
  3.489933E-01
  3.557047E-01
  3.624161E-01
  3.691275E-01
  3.758389E-01
  3.825503E-01
  3.892617E-01
  3.959732E-01
  4.026846E-01
  4.093960E-01
  4.161074E-01
  4.228188E-01
  4.295302E-01
  4.362416E-01
  4.429530E-01
  4.496644E-01
  4.563758E-01
  4.630872E-01
  4.697987E-01
  4.765101E-01
  4.832215E-01
  4.899329E-01
  4.966443E-01
  5.033557E-01
  5.100671E-01
  5.167785E-01
  5.234899E-01
  5.302013E-01
  5.369128E-01
  5.436242E-01
  5.503356E-01
  5.570470E-01
  5.637584E-01
  5.704698E-01
  5.771812E-01
  5.838926E-01
  5.906040E-01
  5.973154E-01
  6.040268E-01
  6.107383E-01
  6.174497E-01
  6.241611E-01
  6.308725E-01
  6.375839E-01
  6.442953E-01
  6.510067E-01
  6.577181E-01
  6.644295E-01
  6.711409E-01
  6.778524E-01
  6.845638E-01
  6.912752E-01
  6.979866E-01
  7.046980E-01
  7.114094E-01
  7.181208E-01
  7.248322E-01
  7.315436E-01
  7.382550E-01
  7.449664E-01
  7.516779E-01
  7.583893E-01
  7.651007E-01
  7.718121E-01
  7.785235E-01
  7.852349E-01
  7.919463E-01
  7.986577E-01
  8.053691E-01
  8.120805E-01
  8.187919E-01
  8.255034E-01
  8.322148E-01
  8.389262E-01
  8.456376E-01
  8.523490E-01
  8.590604E-01
  8.657718E-01
  8.724832E-01
  8.791946E-01
  8.859060E-01
  8.926175E-01
  8.993289E-01
  9.060403E-01
  9.127517E-01
  9.194631E-01
  9.261745E-01
  9.328859E-01
  9.395973E-01
  9.463087E-01
  9.530201E-01
  9.597315E-01
  9.664430E-01
  9.731544E-01
  9.798658E-01
  9.865772E-01
  9.932886E-01
  1.000000E+00
  0.000000E+00
  0.000000E+00
  0.000000E+00
  0.000000E+00
  0.000000E+00
  0.000000E+00
  0.000000E+00
  0.000000E+00
  0.000000E+00
  0.000000E+00
  0.000000E+00
  0.000000E+00
  0.000000E+00
  0.000000E+00
  0.000000E+00
  0.000000E+00
  0.000000E+00
  0.000000E+00
  0.000000E+00
  0.000000E+00
  0.000000E+00
  0.000000E+00
  0.000000E+00
  0.000000E+00
  0.000000E+00
  0.000000E+00
  0.000000E+00
  0.000000E+00
  0.000000E+00
  0.000000E+00
  0.000000E+00
  0.000000E+00
  0.000000E+00
  0.000000E+00
  0.000000E+00
  0.000000E+00
  0.000000E+00
  0.000000E+00
  0.000000E+00
  0.000000E+00
  0.000000E+00
  0.000000E+00
  0.000000E+00
  0.000000E+00
  0.000000E+00
  0.000000E+00
  0.000000E+00
  0.000000E+00
  0.000000E+00
  0.000000E+00
  0.000000E+00
  0.000000E+00
  0.000000E+00
  0.000000E+00
  0.000000E+00
  0.000000E+00
  0.000000E+00
  0.000000E+00
  0.000000E+00
  0.000000E+00
  0.000000E+00
  0.000000E+00
  0.000000E+00
  0.000000E+00
  0.000000E+00
  0.000000E+00
  0.000000E+00
  0.000000E+00
  0.000000E+00
  0.000000E+00
  0.000000E+00
  0.000000E+00
  0.000000E+00
  0.000000E+00
  0.000000E+00
  0.000000E+00
  0.000000E+00
  0.000000E+00
  0.000000E+00
  0.000000E+00
  0.000000E+00
  0.000000E+00
  0.000000E+00
  0.000000E+00
  0.000000E+00
  0.000000E+00
  0.000000E+00
  0.000000E+00
  0.000000E+00
  0.000000E+00
  0.000000E+00
  0.000000E+00
  0.000000E+00
  0.000000E+00
  0.000000E+00
  0.000000E+00
  0.000000E+00
  0.000000E+00
  0.000000E+00
  0.000000E+00
  0.000000E+00
  0.000000E+00
  0.000000E+00
  0.000000E+00
  0.000000E+00
  0.000000E+00
  0.000000E+00
  0.000000E+00
  0.000000E+00
  0.000000E+00
  0.000000E+00
  0.000000E+00
  0.000000E+00
  0.000000E+00
  0.000000E+00
  0.000000E+00
  0.000000E+00
  0.000000E+00
  0.000000E+00
  0.000000E+00
  0.000000E+00
  0.000000E+00
  0.000000E+00
  0.000000E+00
  0.000000E+00
  0.000000E+00
  0.000000E+00
  0.000000E+00
  0.000000E+00
  0.000000E+00
  0.000000E+00
  0.000000E+00
  0.000000E+00
  0.000000E+00
  0.000000E+00
  0.000000E+00
  0.000000E+00
  0.000000E+00
  0.000000E+00
  0.000000E+00
  0.000000E+00
  0.000000E+00
  0.000000E+00
  0.000000E+00
  0.000000E+00
  0.000000E+00
  0.000000E+00
  0.000000E+00
  0.000000E+00
  0.000000E+00
  0.000000E+00
  0.000000E+00
  0.000000E+00
  0.000000E+00
  0.000000E+00
  0.000000E+00
  0.000000E+00
  0.000000E+00
  0.000000E+00
  0.000000E+00
  0.000000E+00
  0.000000E+00
  0.000000E+00
  0.000000E+00
  0.000000E+00
  0.000000E+00
  0.000000E+00
  0.000000E+00
  0.000000E+00
  0.000000E+00
  0.000000E+00
  0.000000E+00
  0.000000E+00
  0.000000E+00
  0.000000E+00
  0.000000E+00
  0.000000E+00
  0.000000E+00
  0.000000E+00
  0.000000E+00
  0.000000E+00
  0.000000E+00
  0.000000E+00
  0.000000E+00
  0.000000E+00
  0.000000E+00
  0.000000E+00
  0.000000E+00
  0.000000E+00
  0.000000E+00
  0.000000E+00
  0.000000E+00
  0.000000E+00
  0.000000E+00
  0.000000E+00
  0.000000E+00
  0.000000E+00
  0.000000E+00
  0.000000E+00
  0.000000E+00
  0.000000E+00
  0.000000E+00
  0.000000E+00
  0.000000E+00
  0.000000E+00
  0.000000E+00
  0.000000E+00
  0.000000E+00
  0.000000E+00
  0.000000E+00
  0.000000E+00
  0.000000E+00
  0.000000E+00
  0.000000E+00
  0.000000E+00
  0.000000E+00
  0.000000E+00
  0.000000E+00
  0.000000E+00
  0.000000E+00
  0.000000E+00
  0.000000E+00
  0.000000E+00
  0.000000E+00
  0.000000E+00
  0.000000E+00
  0.000000E+00
  0.000000E+00
  0.000000E+00
  0.000000E+00
  0.000000E+00
  0.000000E+00
  0.000000E+00
  0.000000E+00
  0.000000E+00
  0.000000E+00
  0.000000E+00
  0.000000E+00
  0.000000E+00
  0.000000E+00
  0.000000E+00
  0.000000E+00
  0.000000E+00
  0.000000E+00
  0.000000E+00
  0.000000E+00
  0.000000E+00
  0.000000E+00
  0.000000E+00
  0.000000E+00
  0.000000E+00
  0.000000E+00
  0.000000E+00
  0.000000E+00
  0.000000E+00
  0.000000E+00
  0.000000E+00
  0.000000E+00
  0.000000E+00
  0.000000E+00
  0.000000E+00
  0.000000E+00
  0.000000E+00
  0.000000E+00
  0.000000E+00
  0.000000E+00
  0.000000E+00
  0.000000E+00
  0.000000E+00
  0.000000E+00
  0.000000E+00
  0.000000E+00
  0.000000E+00
  0.000000E+00
  0.000000E+00
  0.000000E+00
  0.000000E+00
  0.000000E+00
  0.000000E+00
  0.000000E+00
  0.000000E+00
  0.000000E+00
  0.000000E+00
  0.000000E+00
  0.000000E+00
  0.000000E+00
  0.000000E+00
  0.000000E+00
  0.000000E+00
  0.000000E+00
  0.000000E+00
  0.000000E+00
  0.000000E+00
  0.000000E+00
  0.000000E+00
  0.000000E+00
  0.000000E+00
  0.000000E+00
  0.000000E+00
  0.000000E+00
  1.000000E-08
  1.695085E-02
  3.390169E-02
  5.085254E-02
  6.780338E-02
  8.475423E-02
  1.017051E-01
  1.186559E-01
  1.356068E-01
  1.525576E-01
  1.695085E-01
  1.864593E-01
  2.034101E-01
  2.203610E-01
  2.373118E-01
  2.542627E-01
  2.712135E-01
  2.881644E-01
  3.051152E-01
  3.220661E-01
  3.390169E-01
  3.559678E-01
  3.729186E-01
  3.898694E-01
  4.068203E-01
  4.237711E-01
  4.407220E-01
  4.576728E-01
  4.746237E-01
  4.915745E-01
  5.085254E-01
  5.254762E-01
  5.424271E-01
  5.593779E-01
  5.763287E-01
  5.932796E-01
  6.102304E-01
  6.271813E-01
  6.441321E-01
  6.610830E-01
  6.780338E-01
  6.949847E-01
  7.119355E-01
  7.288864E-01
  7.458372E-01
  7.627880E-01
  7.797389E-01
  7.966897E-01
  8.136406E-01
  8.305914E-01
  8.475423E-01
  8.644931E-01
  8.814440E-01
  8.983948E-01
  9.153457E-01
  9.322965E-01
  9.492473E-01
  9.661982E-01
  9.831490E-01
  1.000100E+00
  1.017051E+00
  1.034002E+00
  1.050952E+00
  1.067903E+00
  1.084854E+00
  1.101805E+00
  1.118756E+00
  1.135707E+00
  1.152657E+00
  1.169608E+00
  1.186559E+00
  1.203510E+00
  1.220461E+00
  1.237412E+00
  1.254363E+00
  1.271313E+00
  1.288264E+00
  1.305215E+00
  1.322166E+00
  1.339117E+00
  1.356068E+00
  1.373018E+00
  1.389969E+00
  1.406920E+00
  1.423871E+00
  1.440822E+00
  1.457773E+00
  1.474724E+00
  1.491674E+00
  1.508625E+00
  1.525576E+00
  1.542527E+00
  1.559478E+00
  1.576429E+00
  1.593379E+00
  1.610330E+00
  1.627281E+00
  1.644232E+00
  1.661183E+00
  1.678134E+00
  1.695085E+00
  1.712035E+00
  1.728986E+00
  1.745937E+00
  1.762888E+00
  1.779839E+00
  1.796790E+00
  1.813740E+00
  1.830691E+00
  1.847642E+00
  1.864593E+00
  1.881544E+00
  1.898495E+00
  1.915446E+00
  1.932396E+00
  1.949347E+00
  1.966298E+00
  1.983249E+00
  2.000200E+00
  2.017151E+00
  2.034101E+00
  2.051052E+00
  2.068003E+00
  2.084954E+00
  2.101905E+00
  2.118856E+00
  2.135807E+00
  2.152757E+00
  2.169708E+00
  2.186659E+00
  2.203610E+00
  2.220561E+00
  2.237512E+00
  2.254462E+00
  2.271413E+00
  2.288364E+00
  2.305315E+00
  2.322266E+00
  2.339217E+00
  2.356168E+00
  2.373118E+00
  2.390069E+00
  2.407020E+00
  2.423971E+00
  2.440922E+00
  2.457873E+00
  2.474823E+00
  2.491774E+00
  2.508725E+00
  2.525676E+00
  1.106438E+04
  1.106244E+04
  1.106050E+04
  1.105856E+04
  1.105662E+04
  1.105468E+04
  1.105274E+04
  1.105080E+04
  1.104886E+04
  1.104331E+04
  1.103768E+04
  1.103205E+04
  1.102642E+04
  1.102078E+04
  1.101515E+04
  1.100952E+04
  1.100275E+04
  1.099389E+04
  1.098503E+04
  1.097616E+04
  1.096730E+04
  1.095844E+04
  1.094958E+04
  1.094037E+04
  1.092828E+04
  1.091619E+04
  1.090410E+04
  1.089202E+04
  1.087993E+04
  1.086784E+04
  1.085497E+04
  1.083945E+04
  1.082394E+04
  1.080843E+04
  1.079291E+04
  1.077740E+04
  1.076189E+04
  1.074399E+04
  1.072503E+04
  1.070608E+04
  1.068713E+04
  1.066818E+04
  1.064922E+04
  1.062865E+04
  1.060637E+04
  1.058409E+04
  1.056181E+04
  1.053953E+04
  1.051726E+04
  1.049302E+04
  1.046741E+04
  1.044180E+04
  1.041620E+04
  1.039060E+04
  1.036499E+04
  1.033608E+04
  1.030711E+04
  1.027814E+04
  1.024918E+04
  1.022022E+04
  1.018911E+04
  1.015689E+04
  1.012468E+04
  1.009247E+04
  1.006026E+04
  1.002609E+04
  9.990630E+03
  9.955176E+03
  9.919726E+03
  9.884278E+03
  9.846063E+03
  9.807155E+03
  9.768249E+03
  9.729347E+03
  9.689595E+03
  9.647077E+03
  9.604562E+03
  9.562048E+03
  9.519536E+03
  9.473716E+03
  9.427528E+03
  9.381341E+03
  9.335155E+03
  9.286063E+03
  9.236153E+03
  9.186245E+03
  9.136338E+03
  9.083443E+03
  9.030092E+03
  8.976743E+03
  8.922961E+03
  8.866694E+03
  8.810434E+03
  8.754179E+03
  8.696272E+03
  8.637349E+03
  8.578440E+03
  8.518849E+03
  8.457333E+03
  8.395843E+03
  8.334196E+03
  8.270362E+03
  8.206566E+03
  8.142684E+03
  8.076355E+03
  8.010072E+03
  7.943258E+03
  7.873706E+03
  7.804198E+03
  7.732986E+03
  7.659574E+03
  7.586202E+03
  7.509243E+03
  7.431638E+03
  7.352415E+03
  7.270479E+03
  7.188425E+03
  7.102194E+03
  7.015981E+03
  6.926360E+03
  6.835936E+03
  6.742629E+03
  6.648051E+03
  6.550655E+03
  6.451963E+03
  6.350197E+03
  6.247548E+03
  6.141363E+03
  6.034244E+03
  5.924590E+03
  5.813101E+03
  5.700267E+03
  5.584731E+03
  5.467587E+03
  5.348739E+03
  5.227446E+03
  5.103523E+03
  4.977302E+03
  4.848970E+03
  4.719824E+03
  4.594178E+03
  4.482393E+03
  4.402199E+03
  4.388866E+03
  4.479544E+03
  4.442954E+03
  4.002598E+03
  4.498490E+03
  1.344523E+03
 -1.146959E-04
  6.315437E+02
  6.314345E+02
  6.313254E+02
  6.312163E+02
  6.311073E+02
  6.309982E+02
  6.308891E+02
  6.307801E+02
  6.306711E+02
  6.304703E+02
  6.302672E+02
  6.300642E+02
  6.298612E+02
  6.296581E+02
  6.294551E+02
  6.292521E+02
  6.290637E+02
  6.289020E+02
  6.287402E+02
  6.285785E+02
  6.284168E+02
  6.282550E+02
  6.280933E+02
  6.279296E+02
  6.277499E+02
  6.275701E+02
  6.273904E+02
  6.272107E+02
  6.270309E+02
  6.268512E+02
  6.266519E+02
  6.263877E+02
  6.261234E+02
  6.258592E+02
  6.255949E+02
  6.253306E+02
  6.250662E+02
  6.247384E+02
  6.243827E+02
  6.240269E+02
  6.236711E+02
  6.233152E+02
  6.229593E+02
  6.225444E+02
  6.220673E+02
  6.215901E+02
  6.211129E+02
  6.206355E+02
  6.201581E+02
  6.195422E+02
  6.188293E+02
  6.181163E+02
  6.174032E+02
  6.166901E+02
  6.159768E+02
  6.149146E+02
  6.138470E+02
  6.127792E+02
  6.117114E+02
  6.106435E+02
  6.093437E+02
  6.079249E+02
  6.065061E+02
  6.050873E+02
  6.036684E+02
  6.020865E+02
  6.003976E+02
  5.987087E+02
  5.970196E+02
  5.953305E+02
  5.935199E+02
  5.916787E+02
  5.898373E+02
  5.879957E+02
  5.861592E+02
  5.843396E+02
  5.825196E+02
  5.806993E+02
  5.788788E+02
  5.771044E+02
  5.753349E+02
  5.735650E+02
  5.717949E+02
  5.699049E+02
  5.679810E+02
  5.660567E+02
  5.641321E+02
  5.619003E+02
  5.596213E+02
  5.573421E+02
  5.549910E+02
  5.522316E+02
  5.494727E+02
  5.467145E+02
  5.435109E+02
  5.400339E+02
  5.365595E+02
  5.328591E+02
  5.285220E+02
  5.241914E+02
  5.198210E+02
  5.148902E+02
  5.099696E+02
  5.050478E+02
  4.999161E+02
  4.947955E+02
  4.896892E+02
  4.846111E+02
  4.795423E+02
  4.745835E+02
  4.697613E+02
  4.649456E+02
  4.604765E+02
  4.560747E+02
  4.518692E+02
  4.479854E+02
  4.441209E+02
  4.408109E+02
  4.374990E+02
  4.346800E+02
  4.319761E+02
  4.296799E+02
  4.275625E+02
  4.258037E+02
  4.242099E+02
  4.229985E+02
  4.218986E+02
  4.212848E+02
  4.208252E+02
  4.207879E+02
  4.211358E+02
  4.217804E+02
  4.231366E+02
  4.250130E+02
  4.274645E+02
  4.308082E+02
  4.352389E+02
  4.408269E+02
  4.479724E+02
  4.574095E+02
  4.706109E+02
  4.904148E+02
  5.214668E+02
  5.719437E+02
  6.498304E+02
  7.184404E+02
  7.313393E+02
  8.831567E+02
  2.128967E+02
  3.892362E-04
  1.803998E+03
  1.803420E+03
  1.802842E+03
  1.802264E+03
  1.801687E+03
  1.801109E+03
  1.800531E+03
  1.799954E+03
  1.799376E+03
  1.797998E+03
  1.796599E+03
  1.795201E+03
  1.793803E+03
  1.792404E+03
  1.791006E+03
  1.789608E+03
  1.788040E+03
  1.786162E+03
  1.784283E+03
  1.782405E+03
  1.780526E+03
  1.778648E+03
  1.776769E+03
  1.774818E+03
  1.772279E+03
  1.769740E+03
  1.767201E+03
  1.764662E+03
  1.762123E+03
  1.759584E+03
  1.756869E+03
  1.753565E+03
  1.750261E+03
  1.746957E+03
  1.743653E+03
  1.740349E+03
  1.737046E+03
  1.733239E+03
  1.729212E+03
  1.725185E+03
  1.721158E+03
  1.717131E+03
  1.713105E+03
  1.708777E+03
  1.704131E+03
  1.699486E+03
  1.694840E+03
  1.690195E+03
  1.685550E+03
  1.680620E+03
  1.675489E+03
  1.670359E+03
  1.665229E+03
  1.660099E+03
  1.654970E+03
  1.649528E+03
  1.644081E+03
  1.638635E+03
  1.633190E+03
  1.627745E+03
  1.622174E+03
  1.616540E+03
  1.610906E+03
  1.605274E+03
  1.599642E+03
  1.593862E+03
  1.587986E+03
  1.582110E+03
  1.576236E+03
  1.570362E+03
  1.564213E+03
  1.557994E+03
  1.551777E+03
  1.545560E+03
  1.539289E+03
  1.532843E+03
  1.526397E+03
  1.519952E+03
  1.513507E+03
  1.506923E+03
  1.500325E+03
  1.493726E+03
  1.487128E+03
  1.480281E+03
  1.473363E+03
  1.466446E+03
  1.459530E+03
  1.452401E+03
  1.445241E+03
  1.438081E+03
  1.430936E+03
  1.423866E+03
  1.416799E+03
  1.409733E+03
  1.402682E+03
  1.395642E+03
  1.388607E+03
  1.381471E+03
  1.374047E+03
  1.366634E+03
  1.359194E+03
  1.351304E+03
  1.343431E+03
  1.335548E+03
  1.327140E+03
  1.318754E+03
  1.310210E+03
  1.300828E+03
  1.291467E+03
  1.281471E+03
  1.270655E+03
  1.259856E+03
  1.247648E+03
  1.235186E+03
  1.222082E+03
  1.207901E+03
  1.193674E+03
  1.177801E+03
  1.161934E+03
  1.144827E+03
  1.127427E+03
  1.109170E+03
  1.090536E+03
  1.071286E+03
  1.051753E+03
  1.031798E+03
  1.011724E+03
  9.915131E+02
  9.713694E+02
  9.514470E+02
  9.319605E+02
  9.128181E+02
  8.947217E+02
  8.774342E+02
  8.610303E+02
  8.459874E+02
  8.325125E+02
  8.206663E+02
  8.110990E+02
  8.052330E+02
  8.063571E+02
  8.215690E+02
  8.627809E+02
  9.484498E+02
  1.092879E+03
  1.203288E+03
  1.135456E+03
  1.286660E+03
  2.071295E+02
 -8.387963E-11
  1.245048E+00
  1.244830E+00
  1.244611E+00
  1.244393E+00
  1.244175E+00
  1.243956E+00
  1.243738E+00
  1.243519E+00
  1.243301E+00
  1.242677E+00
  1.242043E+00
  1.241410E+00
  1.240776E+00
  1.240142E+00
  1.239508E+00
  1.238874E+00
  1.238112E+00
  1.237115E+00
  1.236118E+00
  1.235121E+00
  1.234124E+00
  1.233127E+00
  1.232130E+00
  1.231093E+00
  1.229733E+00
  1.228372E+00
  1.227012E+00
  1.225652E+00
  1.224292E+00
  1.222932E+00
  1.221483E+00
  1.219737E+00
  1.217992E+00
  1.216246E+00
  1.214500E+00
  1.212755E+00
  1.211010E+00
  1.208995E+00
  1.206862E+00
  1.204729E+00
  1.202596E+00
  1.200464E+00
  1.198331E+00
  1.196017E+00
  1.193509E+00
  1.191002E+00
  1.188495E+00
  1.185988E+00
  1.183481E+00
  1.180754E+00
  1.177872E+00
  1.174991E+00
  1.172110E+00
  1.169228E+00
  1.166348E+00
  1.163094E+00
  1.159834E+00
  1.156575E+00
  1.153316E+00
  1.150057E+00
  1.146556E+00
  1.142930E+00
  1.139305E+00
  1.135681E+00
  1.132056E+00
  1.128211E+00
  1.124221E+00
  1.120232E+00
  1.116243E+00
  1.112254E+00
  1.107954E+00
  1.103575E+00
  1.099197E+00
  1.094820E+00
  1.090347E+00
  1.085562E+00
  1.080778E+00
  1.075994E+00
  1.071210E+00
  1.066054E+00
  1.060857E+00
  1.055660E+00
  1.050462E+00
  1.044938E+00
  1.039322E+00
  1.033706E+00
  1.028090E+00
  1.022138E+00
  1.016134E+00
  1.010131E+00
  1.004079E+00
  9.977476E-01
  9.914167E-01
  9.850866E-01
  9.785704E-01
  9.719400E-01
  9.653110E-01
  9.586054E-01
  9.516832E-01
  9.447638E-01
  9.378269E-01
  9.306438E-01
  9.234650E-01
  9.162765E-01
  9.088127E-01
  9.013539E-01
  8.938355E-01
  8.860090E-01
  8.781875E-01
  8.701742E-01
  8.619133E-01
  8.536569E-01
  8.449969E-01
  8.362642E-01
  8.273494E-01
  8.181294E-01
  8.088960E-01
  7.991926E-01
  7.894914E-01
  7.794065E-01
  7.692312E-01
  7.587317E-01
  7.480890E-01
  7.371294E-01
  7.260237E-01
  7.145723E-01
  7.030215E-01
  6.910727E-01
  6.790189E-01
  6.666797E-01
  6.541341E-01
  6.414373E-01
  6.284363E-01
  6.152543E-01
  6.018807E-01
  5.882318E-01
  5.742871E-01
  5.600837E-01
  5.456429E-01
  5.311103E-01
  5.169717E-01
  5.043929E-01
  4.953687E-01
  4.938684E-01
  5.040722E-01
  4.999549E-01
  4.504027E-01
  5.062042E-01
  1.512959E-01
 -1.290645E-08
  1.127592E+00
  1.127397E+00
  1.127203E+00
  1.127008E+00
  1.126813E+00
  1.126618E+00
  1.126424E+00
  1.126229E+00
  1.126034E+00
  1.125676E+00
  1.125313E+00
  1.124951E+00
  1.124588E+00
  1.124226E+00
  1.123863E+00
  1.123501E+00
  1.123164E+00
  1.122876E+00
  1.122587E+00
  1.122298E+00
  1.122009E+00
  1.121721E+00
  1.121432E+00
  1.121139E+00
  1.120819E+00
  1.120498E+00
  1.120177E+00
  1.119856E+00
  1.119535E+00
  1.119214E+00
  1.118858E+00
  1.118386E+00
  1.117915E+00
  1.117443E+00
  1.116971E+00
  1.116499E+00
  1.116027E+00
  1.115442E+00
  1.114807E+00
  1.114171E+00
  1.113536E+00
  1.112901E+00
  1.112265E+00
  1.111525E+00
  1.110673E+00
  1.109821E+00
  1.108969E+00
  1.108116E+00
  1.107264E+00
  1.106164E+00
  1.104891E+00
  1.103618E+00
  1.102345E+00
  1.101072E+00
  1.099798E+00
  1.097902E+00
  1.095996E+00
  1.094089E+00
  1.092183E+00
  1.090276E+00
  1.087955E+00
  1.085422E+00
  1.082889E+00
  1.080356E+00
  1.077822E+00
  1.074998E+00
  1.071982E+00
  1.068967E+00
  1.065951E+00
  1.062935E+00
  1.059703E+00
  1.056415E+00
  1.053128E+00
  1.049839E+00
  1.046560E+00
  1.043312E+00
  1.040062E+00
  1.036812E+00
  1.033562E+00
  1.030393E+00
  1.027234E+00
  1.024074E+00
  1.020914E+00
  1.017539E+00
  1.014104E+00
  1.010668E+00
  1.007232E+00
  1.003247E+00
  9.991783E-01
  9.951089E-01
  9.909110E-01
  9.859842E-01
  9.810584E-01
  9.761337E-01
  9.704139E-01
  9.642058E-01
  9.580025E-01
  9.513955E-01
  9.436517E-01
  9.359198E-01
  9.281166E-01
  9.193129E-01
  9.105273E-01
  9.017397E-01
  8.925774E-01
  8.834346E-01
  8.743176E-01
  8.652508E-01
  8.562009E-01
  8.473472E-01
  8.387373E-01
  8.301391E-01
  8.221597E-01
  8.143005E-01
  8.067918E-01
  7.998575E-01
  7.929575E-01
  7.870476E-01
  7.811344E-01
  7.761012E-01
  7.712736E-01
  7.671737E-01
  7.633932E-01
  7.602530E-01
  7.574074E-01
  7.552445E-01
  7.532806E-01
  7.521847E-01
  7.513642E-01
  7.512976E-01
  7.519187E-01
  7.530696E-01
  7.554910E-01
  7.588413E-01
  7.632183E-01
  7.691883E-01
  7.770991E-01
  7.870762E-01
  7.998342E-01
  8.166837E-01
  8.402541E-01
  8.756132E-01
  9.310551E-01
  1.021179E+00
  1.160242E+00
  1.282742E+00
  1.305773E+00
  1.576836E+00
  3.801173E-01
  6.949633E-07
  1.242210E+00
  1.241812E+00
  1.241414E+00
  1.241017E+00
  1.240619E+00
  1.240221E+00
  1.239823E+00
  1.239425E+00
  1.239028E+00
  1.238079E+00
  1.237116E+00
  1.236153E+00
  1.235190E+00
  1.234227E+00
  1.233264E+00
  1.232302E+00
  1.231222E+00
  1.229928E+00
  1.228635E+00
  1.227341E+00
  1.226048E+00
  1.224754E+00
  1.223461E+00
  1.222117E+00
  1.220369E+00
  1.218620E+00
  1.216872E+00
  1.215124E+00
  1.213376E+00
  1.211628E+00
  1.209758E+00
  1.207483E+00
  1.205208E+00
  1.202933E+00
  1.200658E+00
  1.198383E+00
  1.196108E+00
  1.193487E+00
  1.190714E+00
  1.187941E+00
  1.185168E+00
  1.182395E+00
  1.179622E+00
  1.176642E+00
  1.173443E+00
  1.170244E+00
  1.167046E+00
  1.163847E+00
  1.160649E+00
  1.157254E+00
  1.153721E+00
  1.150188E+00
  1.146656E+00
  1.143123E+00
  1.139592E+00
  1.135844E+00
  1.132094E+00
  1.128343E+00
  1.124594E+00
  1.120844E+00
  1.117009E+00
  1.113129E+00
  1.109250E+00
  1.105371E+00
  1.101493E+00
  1.097513E+00
  1.093467E+00
  1.089421E+00
  1.085376E+00
  1.081332E+00
  1.077097E+00
  1.072815E+00
  1.068534E+00
  1.064253E+00
  1.059935E+00
  1.055496E+00
  1.051058E+00
  1.046620E+00
  1.042182E+00
  1.037649E+00
  1.033105E+00
  1.028561E+00
  1.024018E+00
  1.019303E+00
  1.014539E+00
  1.009776E+00
  1.005014E+00
  1.000105E+00
  9.951746E-01
  9.902448E-01
  9.853245E-01
  9.804564E-01
  9.755898E-01
  9.707247E-01
  9.658690E-01
  9.610213E-01
  9.561771E-01
  9.512635E-01
  9.461515E-01
  9.410470E-01
  9.359238E-01
  9.304907E-01
  9.250696E-01
  9.196415E-01
  9.138521E-01
  9.080771E-01
  9.021942E-01
  8.957338E-01
  8.892879E-01
  8.824051E-01
  8.749568E-01
  8.675212E-01
  8.591145E-01
  8.505333E-01
  8.415105E-01
  8.317456E-01
  8.219486E-01
  8.110188E-01
  8.000929E-01
  7.883136E-01
  7.763317E-01
  7.637608E-01
  7.509291E-01
  7.376738E-01
  7.242236E-01
  7.104832E-01
  6.966607E-01
  6.827435E-01
  6.688728E-01
  6.551545E-01
  6.417363E-01
  6.285550E-01
  6.160941E-01
  6.041902E-01
  5.928947E-01
  5.825363E-01
  5.732577E-01
  5.651005E-01
  5.585126E-01
  5.544733E-01
  5.552473E-01
  5.657221E-01
  5.941001E-01
  6.530906E-01
  7.525429E-01
  8.285688E-01
  7.818605E-01
  8.859776E-01
  1.426268E-01
 -5.775846E-14
  9.893267E-01
  9.891531E-01
  9.889795E-01
  9.888060E-01
  9.886324E-01
  9.884589E-01
  9.882853E-01
  9.881118E-01
  9.879383E-01
  9.874426E-01
  9.869390E-01
  9.864353E-01
  9.859317E-01
  9.854281E-01
  9.849245E-01
  9.844209E-01
  9.838155E-01
  9.830232E-01
  9.822309E-01
  9.814387E-01
  9.806464E-01
  9.798542E-01
  9.790620E-01
  9.782378E-01
  9.771570E-01
  9.760763E-01
  9.749956E-01
  9.739149E-01
  9.728342E-01
  9.717536E-01
  9.706021E-01
  9.692150E-01
  9.678279E-01
  9.664409E-01
  9.650540E-01
  9.636670E-01
  9.622802E-01
  9.606792E-01
  9.589845E-01
  9.572899E-01
  9.555953E-01
  9.539008E-01
  9.522064E-01
  9.503670E-01
  9.483747E-01
  9.463826E-01
  9.443905E-01
  9.423985E-01
  9.404067E-01
  9.382396E-01
  9.359498E-01
  9.336601E-01
  9.313706E-01
  9.290813E-01
  9.267921E-01
  9.242065E-01
  9.216163E-01
  9.190264E-01
  9.164367E-01
  9.138472E-01
  9.110650E-01
  9.081843E-01
  9.053037E-01
  9.024235E-01
  8.995435E-01
  8.964880E-01
  8.933175E-01
  8.901473E-01
  8.869773E-01
  8.838077E-01
  8.803905E-01
  8.769113E-01
  8.734325E-01
  8.699539E-01
  8.663993E-01
  8.625975E-01
  8.587959E-01
  8.549944E-01
  8.511932E-01
  8.470962E-01
  8.429662E-01
  8.388364E-01
  8.347067E-01
  8.303171E-01
  8.258544E-01
  8.213918E-01
  8.169295E-01
  8.121997E-01
  8.074292E-01
  8.026589E-01
  7.978498E-01
  7.928184E-01
  7.877875E-01
  7.827572E-01
  7.775788E-01
  7.723095E-01
  7.670413E-01
  7.617120E-01
  7.562101E-01
  7.507103E-01
  7.451964E-01
  7.394863E-01
  7.337795E-01
  7.280647E-01
  7.221308E-01
  7.162006E-01
  7.102230E-01
  7.040004E-01
  6.977817E-01
  6.914107E-01
  6.848433E-01
  6.782792E-01
  6.713952E-01
  6.644535E-01
  6.573675E-01
  6.500396E-01
  6.427013E-01
  6.349906E-01
  6.272817E-01
  6.192690E-01
  6.111846E-01
  6.028435E-01
  5.943888E-01
  5.856830E-01
  5.768614E-01
  5.677656E-01
  5.585908E-01
  5.491003E-01
  5.395262E-01
  5.297254E-01
  5.197605E-01
  5.096752E-01
  4.993481E-01
  4.888768E-01
  4.782529E-01
  4.674100E-01
  4.563314E-01
  4.450469E-01
  4.335732E-01
  4.220261E-01
  4.107912E-01
  4.007950E-01
  3.936230E-01
  3.924289E-01
  4.005341E-01
  3.972593E-01
  3.578820E-01
  4.022161E-01
  1.651265E-01
 -2.494767E-03
  5.646975E-02
  5.645999E-02
  5.645024E-02
  5.644048E-02
  5.643073E-02
  5.642098E-02
  5.641123E-02
  5.640148E-02
  5.639173E-02
  5.637377E-02
  5.635562E-02
  5.633746E-02
  5.631931E-02
  5.630116E-02
  5.628301E-02
  5.626486E-02
  5.624801E-02
  5.623355E-02
  5.621909E-02
  5.620463E-02
  5.619017E-02
  5.617571E-02
  5.616125E-02
  5.614661E-02
  5.613055E-02
  5.611448E-02
  5.609841E-02
  5.608234E-02
  5.606627E-02
  5.605020E-02
  5.603238E-02
  5.600876E-02
  5.598514E-02
  5.596152E-02
  5.593789E-02
  5.591426E-02
  5.589062E-02
  5.586131E-02
  5.582951E-02
  5.579770E-02
  5.576589E-02
  5.573407E-02
  5.570225E-02
  5.566516E-02
  5.562250E-02
  5.557984E-02
  5.553717E-02
  5.549449E-02
  5.545180E-02
  5.539673E-02
  5.533299E-02
  5.526924E-02
  5.520548E-02
  5.514171E-02
  5.507793E-02
  5.498296E-02
  5.488749E-02
  5.479202E-02
  5.469654E-02
  5.460105E-02
  5.448482E-02
  5.435796E-02
  5.423109E-02
  5.410422E-02
  5.397735E-02
  5.383589E-02
  5.368487E-02
  5.353385E-02
  5.338282E-02
  5.323178E-02
  5.306987E-02
  5.290523E-02
  5.274057E-02
  5.257590E-02
  5.241168E-02
  5.224897E-02
  5.208623E-02
  5.192347E-02
  5.176068E-02
  5.160202E-02
  5.144380E-02
  5.128555E-02
  5.112728E-02
  5.095828E-02
  5.078625E-02
  5.061419E-02
  5.044210E-02
  5.024254E-02
  5.003876E-02
  4.983496E-02
  4.962472E-02
  4.937797E-02
  4.913127E-02
  4.888462E-02
  4.859813E-02
  4.828718E-02
  4.797648E-02
  4.764554E-02
  4.725764E-02
  4.687033E-02
  4.647944E-02
  4.603841E-02
  4.559827E-02
  4.515802E-02
  4.469898E-02
  4.424091E-02
  4.378412E-02
  4.332984E-02
  4.287639E-02
  4.243279E-02
  4.200140E-02
  4.157059E-02
  4.117082E-02
  4.077707E-02
  4.040089E-02
  4.005352E-02
  3.970787E-02
  3.941187E-02
  3.911571E-02
  3.886368E-02
  3.862195E-02
  3.841672E-02
  3.822750E-02
  3.807039E-02
  3.792804E-02
  3.781993E-02
  3.772178E-02
  3.766714E-02
  3.762629E-02
  3.762320E-02
  3.765456E-02
  3.771245E-02
  3.783395E-02
  3.800196E-02
  3.822137E-02
  3.852054E-02
  3.891688E-02
  3.941666E-02
  4.005568E-02
  4.089957E-02
  4.207995E-02
  4.385064E-02
  4.662700E-02
  5.114014E-02
  5.810397E-02
  6.423813E-02
  6.539081E-02
  7.896424E-02
  2.614674E-02
  8.466336E-03
  1.613052E-01
  1.612536E-01
  1.612019E-01
  1.611502E-01
  1.610986E-01
  1.610469E-01
  1.609953E-01
  1.609436E-01
  1.608920E-01
  1.607687E-01
  1.606437E-01
  1.605187E-01
  1.603936E-01
  1.602686E-01
  1.601436E-01
  1.600186E-01
  1.598784E-01
  1.597104E-01
  1.595425E-01
  1.593745E-01
  1.592065E-01
  1.590386E-01
  1.588706E-01
  1.586961E-01
  1.584691E-01
  1.582421E-01
  1.580151E-01
  1.577881E-01
  1.575611E-01
  1.573341E-01
  1.570913E-01
  1.567959E-01
  1.565004E-01
  1.562050E-01
  1.559096E-01
  1.556142E-01
  1.553189E-01
  1.549785E-01
  1.546184E-01
  1.542583E-01
  1.538983E-01
  1.535382E-01
  1.531782E-01
  1.527912E-01
  1.523759E-01
  1.519605E-01
  1.515451E-01
  1.511298E-01
  1.507145E-01
  1.502736E-01
  1.498149E-01
  1.493561E-01
  1.488974E-01
  1.484388E-01
  1.479801E-01
  1.474935E-01
  1.470065E-01
  1.465195E-01
  1.460326E-01
  1.455458E-01
  1.450477E-01
  1.445438E-01
  1.440401E-01
  1.435364E-01
  1.430328E-01
  1.425160E-01
  1.419906E-01
  1.414652E-01
  1.409399E-01
  1.404147E-01
  1.398648E-01
  1.393088E-01
  1.387528E-01
  1.381969E-01
  1.376362E-01
  1.370598E-01
  1.364834E-01
  1.359071E-01
  1.353308E-01
  1.347422E-01
  1.341521E-01
  1.335621E-01
  1.329722E-01
  1.323599E-01
  1.317414E-01
  1.311229E-01
  1.305044E-01
  1.298670E-01
  1.292268E-01
  1.285866E-01
  1.279477E-01
  1.273155E-01
  1.266835E-01
  1.260517E-01
  1.254210E-01
  1.247914E-01
  1.241623E-01
  1.235241E-01
  1.228600E-01
  1.221969E-01
  1.215314E-01
  1.208255E-01
  1.201211E-01
  1.194158E-01
  1.186635E-01
  1.179131E-01
  1.171486E-01
  1.163091E-01
  1.154715E-01
  1.145771E-01
  1.136094E-01
  1.126432E-01
  1.115511E-01
  1.104364E-01
  1.092644E-01
  1.079961E-01
  1.067237E-01
  1.053044E-01
  1.038856E-01
  1.023562E-01
  1.008005E-01
  9.916845E-02
  9.750258E-02
  9.578183E-02
  9.403580E-02
  9.225217E-02
  9.045787E-02
  8.865135E-02
  8.685084E-02
  8.507014E-02
  8.332838E-02
  8.161735E-02
  7.999983E-02
  7.845459E-02
  7.698829E-02
  7.564362E-02
  7.443909E-02
  7.338012E-02
  7.252484E-02
  7.200043E-02
  7.210090E-02
  7.346092E-02
  7.714563E-02
  8.480529E-02
  9.771875E-02
  1.075899E-01
  1.015238E-01
  1.150420E-01
  2.543844E-02
 -1.824479E-09
  9.894575E-01
  9.892840E-01
  9.891105E-01
  9.889369E-01
  9.887634E-01
  9.885899E-01
  9.884165E-01
  9.882430E-01
  9.880695E-01
  9.875740E-01
  9.870705E-01
  9.865671E-01
  9.860636E-01
  9.855602E-01
  9.850567E-01
  9.845533E-01
  9.839481E-01
  9.831561E-01
  9.823641E-01
  9.815721E-01
  9.807802E-01
  9.799883E-01
  9.791963E-01
  9.783724E-01
  9.772921E-01
  9.762118E-01
  9.751315E-01
  9.740512E-01
  9.729710E-01
  9.718908E-01
  9.707398E-01
  9.693532E-01
  9.679668E-01
  9.665804E-01
  9.651940E-01
  9.638076E-01
  9.624213E-01
  9.608210E-01
  9.591270E-01
  9.574332E-01
  9.557393E-01
  9.540456E-01
  9.523519E-01
  9.505133E-01
  9.485219E-01
  9.465306E-01
  9.445394E-01
  9.425483E-01
  9.405573E-01
  9.383910E-01
  9.361021E-01
  9.338134E-01
  9.315249E-01
  9.292364E-01
  9.269482E-01
  9.243634E-01
  9.217742E-01
  9.191851E-01
  9.165963E-01
  9.140077E-01
  9.112264E-01
  9.083464E-01
  9.054668E-01
  9.025873E-01
  8.997082E-01
  8.966535E-01
  8.934838E-01
  8.903143E-01
  8.871452E-01
  8.839763E-01
  8.805598E-01
  8.770815E-01
  8.736034E-01
  8.701256E-01
  8.665718E-01
  8.627708E-01
  8.589700E-01
  8.551694E-01
  8.513689E-01
  8.472728E-01
  8.431438E-01
  8.390148E-01
  8.348861E-01
  8.304975E-01
  8.260358E-01
  8.215743E-01
  8.171129E-01
  8.123844E-01
  8.076151E-01
  8.028460E-01
  7.980381E-01
  7.930081E-01
  7.879786E-01
  7.829496E-01
  7.777727E-01
  7.725049E-01
  7.672381E-01
  7.619103E-01
  7.564101E-01
  7.509119E-01
  7.453996E-01
  7.396913E-01
  7.339861E-01
  7.282731E-01
  7.223410E-01
  7.164127E-01
  7.104368E-01
  7.042162E-01
  6.979994E-01
  6.916304E-01
  6.850650E-01
  6.785029E-01
  6.716211E-01
  6.646816E-01
  6.575978E-01
  6.502724E-01
  6.429364E-01
  6.352283E-01
  6.275220E-01
  6.195121E-01
  6.114306E-01
  6.030925E-01
  5.946410E-01
  5.859384E-01
  5.771202E-01
  5.680279E-01
  5.588567E-01
  5.493702E-01
  5.398002E-01
  5.300039E-01
  5.200441E-01
  5.099643E-01
  4.996441E-01
  4.891810E-01
  4.785668E-01
  4.677361E-01
  4.566737E-01
  4.454097E-01
  4.339620E-01
  4.224477E-01
  4.112533E-01
  4.013048E-01
  3.941838E-01
  3.930349E-01
  4.011617E-01
  3.978670E-01
  3.584491E-01
  4.024954E-01
  1.645354E-01
 -3.515976E-03
  5.027071E-02
  5.026137E-02
  5.025204E-02
  5.024271E-02
  5.023338E-02
  5.022405E-02
  5.021472E-02
  5.020539E-02
  5.019606E-02
  5.017887E-02
  5.016149E-02
  5.014411E-02
  5.012672E-02
  5.010934E-02
  5.009196E-02
  5.007459E-02
  5.005837E-02
  5.004427E-02
  5.003018E-02
  5.001609E-02
  5.000199E-02
  4.998790E-02
  4.997381E-02
  4.995949E-02
  4.994333E-02
  4.992718E-02
  4.991103E-02
  4.989487E-02
  4.987871E-02
  4.986256E-02
  4.984462E-02
  4.982078E-02
  4.979693E-02
  4.977309E-02
  4.974924E-02
  4.972538E-02
  4.970153E-02
  4.967200E-02
  4.964000E-02
  4.960799E-02
  4.957597E-02
  4.954395E-02
  4.951192E-02
  4.947465E-02
  4.943185E-02
  4.938904E-02
  4.934622E-02
  4.930339E-02
  4.926055E-02
  4.920536E-02
  4.914152E-02
  4.907766E-02
  4.901379E-02
  4.894991E-02
  4.888603E-02
  4.879095E-02
  4.869537E-02
  4.859978E-02
  4.850419E-02
  4.840858E-02
  4.829223E-02
  4.816522E-02
  4.803822E-02
  4.791121E-02
  4.778419E-02
  4.764258E-02
  4.749139E-02
  4.734019E-02
  4.718898E-02
  4.703777E-02
  4.687563E-02
  4.671074E-02
  4.654582E-02
  4.638090E-02
  4.621638E-02
  4.605321E-02
  4.589002E-02
  4.572680E-02
  4.556355E-02
  4.540411E-02
  4.524506E-02
  4.508599E-02
  4.492690E-02
  4.475674E-02
  4.458345E-02
  4.441014E-02
  4.423679E-02
  4.403560E-02
  4.383013E-02
  4.362463E-02
  4.341265E-02
  4.316386E-02
  4.291512E-02
  4.266642E-02
  4.237783E-02
  4.206473E-02
  4.175186E-02
  4.141884E-02
  4.102910E-02
  4.063992E-02
  4.024720E-02
  3.980500E-02
  3.936367E-02
  3.892224E-02
  3.846296E-02
  3.800461E-02
  3.754771E-02
  3.709428E-02
  3.664165E-02
  3.619935E-02
  3.576993E-02
  3.534104E-02
  3.494401E-02
  3.455314E-02
  3.418004E-02
  3.383611E-02
  3.349389E-02
  3.320145E-02
  3.290883E-02
  3.266016E-02
  3.242175E-02
  3.221950E-02
  3.203312E-02
  3.187845E-02
  3.173834E-02
  3.163197E-02
  3.153543E-02
  3.148158E-02
  3.144113E-02
  3.143732E-02
  3.146618E-02
  3.152014E-02
  3.163259E-02
  3.178634E-02
  3.198525E-02
  3.225236E-02
  3.259992E-02
  3.303216E-02
  3.357919E-02
  3.430012E-02
  3.532107E-02
  3.689598E-02
  3.945519E-02
  4.377270E-02
  5.064477E-02
  5.690349E-02
  5.843844E-02
  7.252136E-02
  1.986385E-02
  1.218407E-03
  1.617687E-01
  1.617169E-01
  1.616651E-01
  1.616133E-01
  1.615615E-01
  1.615097E-01
  1.614579E-01
  1.614061E-01
  1.613544E-01
  1.612309E-01
  1.611056E-01
  1.609803E-01
  1.608550E-01
  1.607298E-01
  1.606045E-01
  1.604792E-01
  1.603388E-01
  1.601706E-01
  1.600023E-01
  1.598340E-01
  1.596658E-01
  1.594975E-01
  1.593293E-01
  1.591545E-01
  1.589271E-01
  1.586998E-01
  1.584724E-01
  1.582451E-01
  1.580177E-01
  1.577904E-01
  1.575472E-01
  1.572513E-01
  1.569554E-01
  1.566596E-01
  1.563637E-01
  1.560679E-01
  1.557720E-01
  1.554311E-01
  1.550704E-01
  1.547097E-01
  1.543491E-01
  1.539884E-01
  1.536278E-01
  1.532401E-01
  1.528239E-01
  1.524077E-01
  1.519915E-01
  1.515754E-01
  1.511593E-01
  1.507174E-01
  1.502576E-01
  1.497978E-01
  1.493381E-01
  1.488783E-01
  1.484186E-01
  1.479307E-01
  1.474424E-01
  1.469541E-01
  1.464659E-01
  1.459778E-01
  1.454783E-01
  1.449730E-01
  1.444678E-01
  1.439626E-01
  1.434576E-01
  1.429392E-01
  1.424123E-01
  1.418854E-01
  1.413585E-01
  1.408318E-01
  1.402804E-01
  1.397229E-01
  1.391655E-01
  1.386082E-01
  1.380461E-01
  1.374685E-01
  1.368909E-01
  1.363134E-01
  1.357359E-01
  1.351462E-01
  1.345551E-01
  1.339641E-01
  1.333731E-01
  1.327597E-01
  1.321400E-01
  1.315204E-01
  1.309008E-01
  1.302617E-01
  1.296197E-01
  1.289778E-01
  1.283369E-01
  1.277020E-01
  1.270672E-01
  1.264326E-01
  1.257984E-01
  1.251646E-01
  1.245313E-01
  1.238885E-01
  1.232187E-01
  1.225498E-01
  1.218784E-01
  1.211654E-01
  1.204540E-01
  1.197415E-01
  1.189814E-01
  1.182231E-01
  1.174508E-01
  1.166032E-01
  1.157576E-01
  1.148553E-01
  1.138797E-01
  1.129058E-01
  1.118064E-01
  1.106844E-01
  1.095054E-01
  1.082307E-01
  1.069518E-01
  1.055269E-01
  1.041025E-01
  1.025683E-01
  1.010079E-01
  9.937196E-02
  9.770246E-02
  9.597876E-02
  9.423010E-02
  9.244459E-02
  9.064862E-02
  8.884131E-02
  8.704028E-02
  8.525974E-02
  8.351877E-02
  8.180898E-02
  8.019383E-02
  7.865179E-02
  7.718963E-02
  7.585060E-02
  7.465364E-02
  7.360417E-02
  7.276077E-02
  7.225104E-02
  7.237090E-02
  7.375138E-02
  7.745751E-02
  8.513557E-02
  9.805682E-02
  1.079166E-01
  1.018226E-01
  1.152265E-01
  2.538200E-02
 -3.432926E-09
 -1.308373E-04
 -1.308885E-04
 -1.309397E-04
 -1.309909E-04
 -1.310421E-04
 -1.310933E-04
 -1.311446E-04
 -1.311958E-04
 -1.312470E-04
 -1.314082E-04
 -1.315721E-04
 -1.317360E-04
 -1.318999E-04
 -1.320638E-04
 -1.322277E-04
 -1.323916E-04
 -1.325993E-04
 -1.328873E-04
 -1.331753E-04
 -1.334633E-04
 -1.337513E-04
 -1.340393E-04
 -1.343273E-04
 -1.346310E-04
 -1.350608E-04
 -1.354906E-04
 -1.359204E-04
 -1.363502E-04
 -1.367799E-04
 -1.372097E-04
 -1.376743E-04
 -1.382548E-04
 -1.388353E-04
 -1.394158E-04
 -1.399963E-04
 -1.405767E-04
 -1.411572E-04
 -1.418423E-04
 -1.425732E-04
 -1.433040E-04
 -1.440349E-04
 -1.447657E-04
 -1.454965E-04
 -1.462885E-04
 -1.471449E-04
 -1.480013E-04
 -1.488577E-04
 -1.497140E-04
 -1.505703E-04
 -1.514617E-04
 -1.523777E-04
 -1.532936E-04
 -1.542094E-04
 -1.551252E-04
 -1.560409E-04
 -1.569347E-04
 -1.578282E-04
 -1.587215E-04
 -1.596147E-04
 -1.605078E-04
 -1.613589E-04
 -1.621884E-04
 -1.630177E-04
 -1.638470E-04
 -1.646761E-04
 -1.654756E-04
 -1.662556E-04
 -1.670355E-04
 -1.678153E-04
 -1.685949E-04
 -1.693704E-04
 -1.701448E-04
 -1.709190E-04
 -1.716930E-04
 -1.724766E-04
 -1.732913E-04
 -1.741059E-04
 -1.749204E-04
 -1.757347E-04
 -1.766289E-04
 -1.775320E-04
 -1.784349E-04
 -1.793376E-04
 -1.803526E-04
 -1.813988E-04
 -1.824448E-04
 -1.834905E-04
 -1.846816E-04
 -1.858943E-04
 -1.871063E-04
 -1.883406E-04
 -1.897044E-04
 -1.910667E-04
 -1.924273E-04
 -1.938690E-04
 -1.953593E-04
 -1.968466E-04
 -1.983666E-04
 -1.999821E-04
 -2.015931E-04
 -2.032092E-04
 -2.049366E-04
 -2.066580E-04
 -2.083789E-04
 -2.102015E-04
 -2.120173E-04
 -2.138467E-04
 -2.157688E-04
 -2.176837E-04
 -2.196528E-04
 -2.216938E-04
 -2.237282E-04
 -2.258977E-04
 -2.280883E-04
 -2.303492E-04
 -2.327313E-04
 -2.351172E-04
 -2.377254E-04
 -2.403313E-04
 -2.431395E-04
 -2.459956E-04
 -2.490242E-04
 -2.521299E-04
 -2.554037E-04
 -2.587558E-04
 -2.623150E-04
 -2.659347E-04
 -2.698940E-04
 -2.739997E-04
 -2.785257E-04
 -2.836025E-04
 -2.891112E-04
 -2.960066E-04
 -3.041695E-04
 -3.138245E-04
 -3.261568E-04
 -3.423207E-04
 -3.627766E-04
 -3.887655E-04
 -4.216113E-04
 -4.621745E-04
 -5.097864E-04
 -5.608194E-04
 -6.060098E-04
 -6.275534E-04
 -6.077902E-04
 -5.670814E-04
 -2.792761E-04
  5.910822E-04
  1.021209E-03
  6.199044E-03
  6.198622E-03
  6.198199E-03
  6.197777E-03
  6.197354E-03
  6.196932E-03
  6.196509E-03
  6.196087E-03
  6.195665E-03
  6.194901E-03
  6.194130E-03
  6.193358E-03
  6.192586E-03
  6.191815E-03
  6.191043E-03
  6.190272E-03
  6.189643E-03
  6.189276E-03
  6.188909E-03
  6.188542E-03
  6.188175E-03
  6.187808E-03
  6.187442E-03
  6.187125E-03
  6.187211E-03
  6.187298E-03
  6.187384E-03
  6.187470E-03
  6.187557E-03
  6.187643E-03
  6.187761E-03
  6.187984E-03
  6.188207E-03
  6.188430E-03
  6.188653E-03
  6.188876E-03
  6.189099E-03
  6.189309E-03
  6.189513E-03
  6.189718E-03
  6.189923E-03
  6.190128E-03
  6.190333E-03
  6.190509E-03
  6.190656E-03
  6.190803E-03
  6.190950E-03
  6.191097E-03
  6.191245E-03
  6.191369E-03
  6.191475E-03
  6.191582E-03
  6.191690E-03
  6.191798E-03
  6.191907E-03
  6.192017E-03
  6.192129E-03
  6.192241E-03
  6.192353E-03
  6.192467E-03
  6.192596E-03
  6.192734E-03
  6.192873E-03
  6.193014E-03
  6.193155E-03
  6.193314E-03
  6.193486E-03
  6.193659E-03
  6.193834E-03
  6.194009E-03
  6.194245E-03
  6.194496E-03
  6.194749E-03
  6.195002E-03
  6.195304E-03
  6.195759E-03
  6.196214E-03
  6.196671E-03
  6.197128E-03
  6.197912E-03
  6.198734E-03
  6.199556E-03
  6.200380E-03
  6.201540E-03
  6.202796E-03
  6.204053E-03
  6.205311E-03
  6.206943E-03
  6.208633E-03
  6.210325E-03
  6.212070E-03
  6.214108E-03
  6.216149E-03
  6.218195E-03
  6.220303E-03
  6.222456E-03
  6.224619E-03
  6.226700E-03
  6.228545E-03
  6.230410E-03
  6.232238E-03
  6.233402E-03
  6.234598E-03
  6.235777E-03
  6.236017E-03
  6.236297E-03
  6.236408E-03
  6.235558E-03
  6.234748E-03
  6.233439E-03
  6.231478E-03
  6.229553E-03
  6.226808E-03
  6.223933E-03
  6.220854E-03
  6.217412E-03
  6.213988E-03
  6.210426E-03
  6.206881E-03
  6.203518E-03
  6.200205E-03
  6.197218E-03
  6.194377E-03
  6.191943E-03
  6.189698E-03
  6.187954E-03
  6.186355E-03
  6.185563E-03
  6.185160E-03
  6.185889E-03
  6.188384E-03
  6.192304E-03
  6.201363E-03
  6.215619E-03
  6.236120E-03
  6.268179E-03
  6.316956E-03
  6.384506E-03
  6.476496E-03
  6.599447E-03
  6.758881E-03
  6.954654E-03
  7.171810E-03
  7.367444E-03
  7.459199E-03
  7.334640E-03
  6.952376E-03
  6.442874E-03
  6.282893E-03
  7.247928E-03
 -4.634689E-04
 -4.633305E-04
 -4.631922E-04
 -4.630538E-04
 -4.629155E-04
 -4.627772E-04
 -4.626389E-04
 -4.625006E-04
 -4.623624E-04
 -4.621229E-04
 -4.618810E-04
 -4.616391E-04
 -4.613972E-04
 -4.611554E-04
 -4.609136E-04
 -4.606719E-04
 -4.604127E-04
 -4.601217E-04
 -4.598308E-04
 -4.595398E-04
 -4.592489E-04
 -4.589580E-04
 -4.586671E-04
 -4.583699E-04
 -4.580212E-04
 -4.576725E-04
 -4.573239E-04
 -4.569752E-04
 -4.566265E-04
 -4.562779E-04
 -4.559049E-04
 -4.554512E-04
 -4.549976E-04
 -4.545439E-04
 -4.540901E-04
 -4.536364E-04
 -4.531827E-04
 -4.526215E-04
 -4.520133E-04
 -4.514051E-04
 -4.507968E-04
 -4.501885E-04
 -4.495803E-04
 -4.488702E-04
 -4.480528E-04
 -4.472353E-04
 -4.464179E-04
 -4.456004E-04
 -4.447829E-04
 -4.438191E-04
 -4.427528E-04
 -4.416865E-04
 -4.406203E-04
 -4.395541E-04
 -4.384880E-04
 -4.371938E-04
 -4.358961E-04
 -4.345986E-04
 -4.333011E-04
 -4.320038E-04
 -4.305927E-04
 -4.291233E-04
 -4.276541E-04
 -4.261851E-04
 -4.247162E-04
 -4.232082E-04
 -4.216745E-04
 -4.201410E-04
 -4.186076E-04
 -4.170745E-04
 -4.156098E-04
 -4.141624E-04
 -4.127151E-04
 -4.112679E-04
 -4.098757E-04
 -4.086617E-04
 -4.074477E-04
 -4.062337E-04
 -4.050197E-04
 -4.039883E-04
 -4.029774E-04
 -4.019664E-04
 -4.009553E-04
 -3.998252E-04
 -3.986615E-04
 -3.974977E-04
 -3.963340E-04
 -3.946602E-04
 -3.929084E-04
 -3.911568E-04
 -3.892538E-04
 -3.864880E-04
 -3.837233E-04
 -3.809598E-04
 -3.773326E-04
 -3.731733E-04
 -3.690172E-04
 -3.644366E-04
 -3.586621E-04
 -3.528943E-04
 -3.470314E-04
 -3.399293E-04
 -3.328380E-04
 -3.257205E-04
 -3.178739E-04
 -3.100410E-04
 -3.021812E-04
 -2.941405E-04
 -2.861141E-04
 -2.781887E-04
 -2.703883E-04
 -2.626015E-04
 -2.552623E-04
 -2.480164E-04
 -2.410578E-04
 -2.345666E-04
 -2.281134E-04
 -2.225083E-04
 -2.169100E-04
 -2.120837E-04
 -2.074448E-04
 -2.035042E-04
 -1.998742E-04
 -1.969298E-04
 -1.943026E-04
 -1.924178E-04
 -1.907476E-04
 -1.899617E-04
 -1.894318E-04
 -1.896048E-04
 -1.903887E-04
 -1.916252E-04
 -1.939966E-04
 -1.972049E-04
 -2.013377E-04
 -2.069874E-04
 -2.145472E-04
 -2.240528E-04
 -2.359313E-04
 -2.506172E-04
 -2.700039E-04
 -2.904590E-04
 -3.118790E-04
 -3.302727E-04
 -3.380671E-04
 -3.266753E-04
 -2.987758E-04
 -1.844675E-04
  5.644697E-05
  1.608447E-09
  1.273240E+00
  1.273211E+00
  1.273125E+00
  1.272981E+00
  1.272781E+00
  1.272522E+00
  1.272207E+00
  1.271834E+00
  1.271403E+00
  1.270915E+00
  1.270369E+00
  1.269765E+00
  1.269104E+00
  1.268384E+00
  1.267607E+00
  1.266771E+00
  1.265877E+00
  1.264925E+00
  1.263915E+00
  1.262845E+00
  1.261717E+00
  1.260530E+00
  1.259284E+00
  1.257979E+00
  1.256614E+00
  1.255190E+00
  1.253705E+00
  1.252161E+00
  1.250556E+00
  1.248891E+00
  1.247165E+00
  1.245378E+00
  1.243529E+00
  1.241620E+00
  1.239648E+00
  1.237614E+00
  1.235518E+00
  1.233359E+00
  1.231136E+00
  1.228851E+00
  1.226501E+00
  1.224088E+00
  1.221610E+00
  1.219067E+00
  1.216458E+00
  1.213784E+00
  1.211044E+00
  1.208237E+00
  1.205362E+00
  1.202421E+00
  1.199411E+00
  1.196332E+00
  1.193185E+00
  1.189968E+00
  1.186680E+00
  1.183322E+00
  1.179892E+00
  1.176390E+00
  1.172816E+00
  1.169168E+00
  1.165446E+00
  1.161649E+00
  1.157776E+00
  1.153828E+00
  1.149802E+00
  1.145699E+00
  1.141516E+00
  1.137254E+00
  1.132912E+00
  1.128488E+00
  1.123982E+00
  1.119393E+00
  1.114719E+00
  1.109960E+00
  1.105114E+00
  1.100180E+00
  1.095157E+00
  1.090045E+00
  1.084841E+00
  1.079544E+00
  1.074153E+00
  1.068667E+00
  1.063083E+00
  1.057401E+00
  1.051619E+00
  1.045735E+00
  1.039748E+00
  1.033655E+00
  1.027455E+00
  1.021146E+00
  1.014726E+00
  1.008193E+00
  1.001543E+00
  9.947766E-01
  9.878894E-01
  9.808795E-01
  9.737441E-01
  9.664805E-01
  9.590857E-01
  9.515567E-01
  9.438904E-01
  9.360832E-01
  9.281318E-01
  9.200322E-01
  9.117806E-01
  9.033729E-01
  8.948045E-01
  8.860709E-01
  8.771671E-01
  8.680879E-01
  8.588277E-01
  8.493806E-01
  8.397402E-01
  8.299000E-01
  8.198525E-01
  8.095903E-01
  7.991048E-01
  7.883874E-01
  7.774283E-01
  7.662172E-01
  7.547428E-01
  7.429930E-01
  7.309546E-01
  7.186128E-01
  7.059520E-01
  6.929545E-01
  6.796012E-01
  6.658704E-01
  6.517385E-01
  6.371787E-01
  6.221609E-01
  6.066513E-01
  5.906109E-01
  5.739954E-01
  5.567532E-01
  5.388241E-01
  5.201372E-01
  5.006076E-01
  4.801325E-01
  4.585853E-01
  4.358068E-01
  4.115929E-01
  3.856731E-01
  3.576769E-01
  3.270715E-01
  2.930404E-01
  2.542116E-01
  2.079144E-01
  1.472658E-01
  0.000000E+00
  1.110396E-01
  1.110262E-01
  1.110127E-01
  1.109993E-01
  1.109858E-01
  1.109723E-01
  1.109589E-01
  1.109454E-01
  1.109320E-01
  1.109148E-01
  1.108975E-01
  1.108802E-01
  1.108630E-01
  1.108457E-01
  1.108284E-01
  1.108112E-01
  1.107923E-01
  1.107703E-01
  1.107484E-01
  1.107265E-01
  1.107046E-01
  1.106826E-01
  1.106607E-01
  1.106381E-01
  1.106104E-01
  1.105827E-01
  1.105550E-01
  1.105272E-01
  1.104995E-01
  1.104718E-01
  1.104423E-01
  1.104073E-01
  1.103722E-01
  1.103372E-01
  1.103021E-01
  1.102671E-01
  1.102320E-01
  1.101906E-01
  1.101464E-01
  1.101022E-01
  1.100579E-01
  1.100137E-01
  1.099695E-01
  1.099201E-01
  1.098653E-01
  1.098104E-01
  1.097555E-01
  1.097007E-01
  1.096458E-01
  1.095856E-01
  1.095215E-01
  1.094575E-01
  1.093935E-01
  1.093294E-01
  1.092654E-01
  1.091987E-01
  1.091320E-01
  1.090653E-01
  1.089986E-01
  1.089319E-01
  1.088736E-01
  1.088223E-01
  1.087711E-01
  1.087199E-01
  1.086687E-01
  1.086250E-01
  1.085862E-01
  1.085474E-01
  1.085086E-01
  1.084698E-01
  1.084473E-01
  1.084288E-01
  1.084103E-01
  1.083919E-01
  1.083799E-01
  1.083891E-01
  1.083982E-01
  1.084074E-01
  1.084166E-01
  1.084444E-01
  1.084744E-01
  1.085081E-01
  1.085438E-01
  1.085686E-01
  1.085905E-01
  1.086123E-01
  1.086342E-01
  1.086152E-01
  1.085899E-01
  1.085646E-01
  1.085278E-01
  1.084251E-01
  1.083223E-01
  1.082196E-01
  1.080521E-01
  1.078445E-01
  1.076387E-01
  1.074396E-01
  1.071610E-01
  1.068823E-01
  1.065972E-01
  1.062422E-01
  1.059449E-01
  1.056458E-01
  1.053127E-01
  1.050111E-01
  1.047542E-01
  1.045204E-01
  1.042866E-01
  1.041235E-01
  1.039671E-01
  1.038106E-01
  1.036952E-01
  1.036097E-01
  1.035294E-01
  1.034578E-01
  1.033867E-01
  1.033480E-01
  1.033238E-01
  1.033054E-01
  1.032884E-01
  1.032754E-01
  1.032640E-01
  1.032554E-01
  1.032480E-01
  1.032425E-01
  1.032375E-01
  1.032340E-01
  1.032307E-01
  1.032280E-01
  1.032253E-01
  1.032226E-01
  1.032198E-01
  1.032167E-01
  1.032133E-01
  1.032094E-01
  1.032048E-01
  1.031997E-01
  1.031977E-01
  1.031971E-01
  1.032013E-01
  1.031928E-01
  1.031872E-01
  1.031860E-01
  1.031847E-01
  1.031894E-01
  1.032698E-01
  1.034021E-01
  1.211815E-01
  2.269573E-02
 -1.326609E-01
 -1.328038E-01
 -1.329467E-01
 -1.330896E-01
 -1.332326E-01
 -1.333755E-01
 -1.335184E-01
 -1.336613E-01
 -1.338042E-01
 -1.335239E-01
 -1.332332E-01
 -1.329424E-01
 -1.326517E-01
 -1.323609E-01
 -1.320701E-01
 -1.317794E-01
 -1.313195E-01
 -1.305493E-01
 -1.297792E-01
 -1.290090E-01
 -1.282389E-01
 -1.274688E-01
 -1.266986E-01
 -1.258710E-01
 -1.245832E-01
 -1.232954E-01
 -1.220076E-01
 -1.207198E-01
 -1.194320E-01
 -1.181443E-01
 -1.167361E-01
 -1.149278E-01
 -1.131196E-01
 -1.113113E-01
 -1.095031E-01
 -1.076948E-01
 -1.058866E-01
 -1.037935E-01
 -1.015758E-01
 -9.935813E-02
 -9.714043E-02
 -9.492273E-02
 -9.270503E-02
 -9.049346E-02
 -8.828835E-02
 -8.608324E-02
 -8.387813E-02
 -8.167303E-02
 -7.946792E-02
 -7.789725E-02
 -7.677097E-02
 -7.564470E-02
 -7.451842E-02
 -7.339214E-02
 -7.226586E-02
 -7.340213E-02
 -7.457402E-02
 -7.574591E-02
 -7.691780E-02
 -7.808969E-02
 -8.060217E-02
 -8.380189E-02
 -8.700162E-02
 -9.020134E-02
 -9.340106E-02
 -9.724567E-02
 -1.015133E-01
 -1.057810E-01
 -1.100486E-01
 -1.143163E-01
 -1.183215E-01
 -1.222610E-01
 -1.262004E-01
 -1.301398E-01
 -1.336144E-01
 -1.355784E-01
 -1.375424E-01
 -1.395064E-01
 -1.414704E-01
 -1.413204E-01
 -1.409340E-01
 -1.405476E-01
 -1.401611E-01
 -1.399302E-01
 -1.397431E-01
 -1.395560E-01
 -1.393690E-01
 -1.417545E-01
 -1.445345E-01
 -1.473145E-01
 -1.509160E-01
 -1.591905E-01
 -1.674651E-01
 -1.757396E-01
 -1.888177E-01
 -2.048668E-01
 -2.209158E-01
 -2.394314E-01
 -2.648665E-01
 -2.903016E-01
 -3.162467E-01
 -3.484420E-01
 -3.806371E-01
 -4.129350E-01
 -4.472993E-01
 -4.816632E-01
 -5.157459E-01
 -5.484659E-01
 -5.811855E-01
 -6.119377E-01
 -6.401681E-01
 -6.683982E-01
 -6.912312E-01
 -7.130523E-01
 -7.320330E-01
 -7.462968E-01
 -7.602936E-01
 -7.664360E-01
 -7.725785E-01
 -7.720171E-01
 -7.698530E-01
 -7.619460E-01
 -7.514891E-01
 -7.356469E-01
 -7.173135E-01
 -6.934110E-01
 -6.678948E-01
 -6.362234E-01
 -6.029615E-01
 -5.654274E-01
 -5.249264E-01
 -4.822670E-01
 -4.355346E-01
 -3.866579E-01
 -3.356255E-01
 -2.818740E-01
 -2.257122E-01
 -1.676322E-01
 -1.076357E-01
 -4.576884E-02
  7.491709E-02
  1.402866E-01
  2.072649E-01
  2.757508E-01
  3.456432E-01
  4.168440E-01
  4.892587E-01
  5.629588E-01
 -2.135115E-01
  1.038568E-01
  9.799850E-01
  9.799850E-01
  9.799850E-01
  9.799850E-01
  9.799850E-01
  9.799850E-01
  9.799850E-01
  9.799850E-01
  9.799850E-01
  9.799850E-01
  9.799850E-01
  9.799850E-01
  9.799850E-01
  9.799850E-01
  9.799850E-01
  9.799850E-01
  9.799850E-01
  9.799849E-01
  9.799849E-01
  9.799849E-01
  9.799848E-01
  9.799848E-01
  9.799848E-01
  9.799847E-01
  9.799847E-01
  9.799846E-01
  9.799846E-01
  9.799846E-01
  9.799845E-01
  9.799845E-01
  9.799844E-01
  9.799843E-01
  9.799843E-01
  9.799842E-01
  9.799842E-01
  9.799841E-01
  9.799841E-01
  9.799840E-01
  9.799839E-01
  9.799839E-01
  9.799838E-01
  9.799837E-01
  9.799837E-01
  9.799836E-01
  9.799835E-01
  9.799835E-01
  9.799834E-01
  9.799834E-01
  9.799833E-01
  9.799833E-01
  9.799833E-01
  9.799832E-01
  9.799832E-01
  9.799832E-01
  9.799832E-01
  9.799832E-01
  9.799832E-01
  9.799832E-01
  9.799833E-01
  9.799833E-01
  9.799833E-01
  9.799834E-01
  9.799835E-01
  9.799836E-01
  9.799837E-01
  9.799838E-01
  9.799839E-01
  9.799840E-01
  9.799842E-01
  9.799843E-01
  9.799845E-01
  9.799846E-01
  9.799848E-01
  9.799849E-01
  9.799850E-01
  9.799851E-01
  9.799852E-01
  9.799853E-01
  9.799854E-01
  9.799854E-01
  9.799853E-01
  9.799853E-01
  9.799853E-01
  9.799853E-01
  9.799853E-01
  9.799853E-01
  9.799853E-01
  9.799854E-01
  9.799855E-01
  9.799856E-01
  9.799858E-01
  9.799862E-01
  9.799866E-01
  9.799870E-01
  9.799877E-01
  9.799886E-01
  9.799897E-01
  9.799909E-01
  9.799928E-01
  9.799950E-01
  9.799973E-01
  9.800005E-01
  9.800040E-01
  9.800078E-01
  9.800122E-01
  9.800170E-01
  9.800221E-01
  9.800273E-01
  9.800328E-01
  9.800383E-01
  9.800435E-01
  9.800491E-01
  9.800537E-01
  9.800583E-01
  9.800624E-01
  9.800655E-01
  9.800687E-01
  9.800701E-01
  9.800715E-01
  9.800713E-01
  9.800708E-01
  9.800690E-01
  9.800667E-01
  9.800632E-01
  9.800592E-01
  9.800541E-01
  9.800490E-01
  9.800428E-01
  9.800366E-01
  9.800301E-01
  9.800235E-01
  9.800171E-01
  9.800107E-01
  9.800047E-01
  9.799992E-01
  9.799942E-01
  9.799900E-01
  9.799866E-01
  9.799841E-01
  9.799827E-01
  9.799832E-01
  9.799853E-01
  9.799888E-01
  9.799937E-01
  9.800002E-01
  9.800083E-01
  9.800181E-01
  9.800297E-01
  7.134824E-01
  4.028558E-06
 -3.178176E+02
 -3.177602E+02
 -3.177027E+02
 -3.176453E+02
 -3.175878E+02
 -3.175304E+02
 -3.174729E+02
 -3.174154E+02
 -3.173580E+02
 -3.170835E+02
 -3.168037E+02
 -3.165239E+02
 -3.162441E+02
 -3.159643E+02
 -3.156844E+02
 -3.154046E+02
 -3.150128E+02
 -3.144155E+02
 -3.138182E+02
 -3.132209E+02
 -3.126236E+02
 -3.120264E+02
 -3.114292E+02
 -3.108033E+02
 -3.099477E+02
 -3.090921E+02
 -3.082366E+02
 -3.073812E+02
 -3.065258E+02
 -3.056704E+02
 -3.047666E+02
 -3.037020E+02
 -3.026374E+02
 -3.015729E+02
 -3.005085E+02
 -2.994441E+02
 -2.983798E+02
 -2.971738E+02
 -2.959059E+02
 -2.946381E+02
 -2.933704E+02
 -2.921029E+02
 -2.908355E+02
 -2.894880E+02
 -2.880562E+02
 -2.866245E+02
 -2.851930E+02
 -2.837618E+02
 -2.823307E+02
 -2.808698E+02
 -2.793881E+02
 -2.779067E+02
 -2.764255E+02
 -2.749445E+02
 -2.734639E+02
 -2.720470E+02
 -2.706313E+02
 -2.692159E+02
 -2.678008E+02
 -2.663860E+02
 -2.650179E+02
 -2.636739E+02
 -2.623301E+02
 -2.609867E+02
 -2.596435E+02
 -2.582948E+02
 -2.569426E+02
 -2.555908E+02
 -2.542392E+02
 -2.528881E+02
 -2.514210E+02
 -2.499252E+02
 -2.484297E+02
 -2.469348E+02
 -2.453620E+02
 -2.435357E+02
 -2.417099E+02
 -2.398846E+02
 -2.380597E+02
 -2.359058E+02
 -2.337153E+02
 -2.315253E+02
 -2.293357E+02
 -2.270168E+02
 -2.246617E+02
 -2.223071E+02
 -2.199529E+02
 -2.176490E+02
 -2.153531E+02
 -2.130576E+02
 -2.107967E+02
 -2.087299E+02
 -2.066630E+02
 -2.045961E+02
 -2.028314E+02
 -2.012523E+02
 -1.996716E+02
 -1.982578E+02
 -1.973137E+02
 -1.963651E+02
 -1.954429E+02
 -1.948918E+02
 -1.943339E+02
 -1.937697E+02
 -1.932052E+02
 -1.926335E+02
 -1.920022E+02
 -1.911085E+02
 -1.902092E+02
 -1.890545E+02
 -1.875754E+02
 -1.860932E+02
 -1.839587E+02
 -1.817018E+02
 -1.791109E+02
 -1.759672E+02
 -1.727942E+02
 -1.687112E+02
 -1.646317E+02
 -1.597693E+02
 -1.547235E+02
 -1.490249E+02
 -1.430392E+02
 -1.364550E+02
 -1.295955E+02
 -1.220919E+02
 -1.144017E+02
 -1.059244E+02
 -9.721358E+01
 -8.786497E+01
 -7.797560E+01
 -6.767550E+01
 -5.643514E+01
 -4.453870E+01
 -3.192364E+01
 -1.821029E+01
 -3.188772E+00
  1.318244E+01
  3.128615E+01
  5.174281E+01
  7.565023E+01
  1.049496E+02
  1.427518E+02
  1.941846E+02
  2.640241E+02
  3.355140E+02
  3.860574E+02
  4.948723E+02
  9.703246E+01
  3.976250E-04
  1.107783E+04
  1.107589E+04
  1.107395E+04
  1.107200E+04
  1.107006E+04
  1.106812E+04
  1.106618E+04
  1.106423E+04
  1.106229E+04
  1.105675E+04
  1.105112E+04
  1.104549E+04
  1.103986E+04
  1.103423E+04
  1.102860E+04
  1.102297E+04
  1.101621E+04
  1.100737E+04
  1.099853E+04
  1.098969E+04
  1.098084E+04
  1.097200E+04
  1.096316E+04
  1.095396E+04
  1.094190E+04
  1.092985E+04
  1.091779E+04
  1.090573E+04
  1.089367E+04
  1.088162E+04
  1.086877E+04
  1.085329E+04
  1.083781E+04
  1.082233E+04
  1.080685E+04
  1.079138E+04
  1.077590E+04
  1.075803E+04
  1.073912E+04
  1.072020E+04
  1.070129E+04
  1.068238E+04
  1.066346E+04
  1.064293E+04
  1.062069E+04
  1.059845E+04
  1.057621E+04
  1.055398E+04
  1.053174E+04
  1.050754E+04
  1.048196E+04
  1.045639E+04
  1.043082E+04
  1.040525E+04
  1.037968E+04
  1.035078E+04
  1.032182E+04
  1.029287E+04
  1.026393E+04
  1.023498E+04
  1.020387E+04
  1.017165E+04
  1.013943E+04
  1.010722E+04
  1.007501E+04
  1.004083E+04
  1.000536E+04
  9.969888E+03
  9.934423E+03
  9.898961E+03
  9.860730E+03
  9.821807E+03
  9.782887E+03
  9.743970E+03
  9.704207E+03
  9.661689E+03
  9.619174E+03
  9.576661E+03
  9.534149E+03
  9.488346E+03
  9.442175E+03
  9.396006E+03
  9.349839E+03
  9.300764E+03
  9.250873E+03
  9.200983E+03
  9.151095E+03
  9.098203E+03
  9.044852E+03
  8.991505E+03
  8.937718E+03
  8.881422E+03
  8.825132E+03
  8.768848E+03
  8.710879E+03
  8.651875E+03
  8.592884E+03
  8.533195E+03
  8.471534E+03
  8.409899E+03
  8.348104E+03
  8.284082E+03
  8.220100E+03
  8.156030E+03
  8.089506E+03
  8.023027E+03
  7.956021E+03
  7.886290E+03
  7.816603E+03
  7.745228E+03
  7.671673E+03
  7.598158E+03
  7.521099E+03
  7.443402E+03
  7.364110E+03
  7.282142E+03
  7.200058E+03
  7.113860E+03
  7.027681E+03
  6.938147E+03
  6.847823E+03
  6.754663E+03
  6.660250E+03
  6.563061E+03
  6.464595E+03
  6.363098E+03
  6.260732E+03
  6.154884E+03
  6.048120E+03
  5.938864E+03
  5.827814E+03
  5.715450E+03
  5.600454E+03
  5.483900E+03
  5.365698E+03
  5.245137E+03
  5.122047E+03
  4.996768E+03
  4.869519E+03
  4.741654E+03
  4.617599E+03
  4.507920E+03
  4.430677E+03
  4.421714E+03
  4.518726E+03
  4.488143E+03
  4.050507E+03
  4.557574E+03
  1.357811E+03
 -8.095870E-05
  9.296841E+00
  9.570963E+00
  9.845084E+00
  1.011920E+01
  1.039332E+01
  1.066743E+01
  1.094154E+01
  1.121565E+01
  1.148976E+01
  1.215134E+01
  1.282251E+01
  1.349368E+01
  1.416484E+01
  1.483600E+01
  1.550715E+01
  1.617829E+01
  1.693457E+01
  1.784700E+01
  1.875941E+01
  1.967182E+01
  2.058421E+01
  2.149660E+01
  2.240897E+01
  2.336123E+01
  2.463296E+01
  2.590466E+01
  2.717634E+01
  2.844801E+01
  2.971966E+01
  3.099129E+01
  3.238669E+01
  3.419345E+01
  3.600018E+01
  3.780688E+01
  3.961354E+01
  4.142017E+01
  4.322677E+01
  4.554905E+01
  4.809700E+01
  5.064489E+01
  5.319271E+01
  5.574047E+01
  5.828816E+01
  6.118924E+01
  6.446316E+01
  6.773695E+01
  7.101063E+01
  7.428419E+01
  7.755763E+01
  8.086852E+01
  8.420558E+01
  8.754247E+01
  9.087919E+01
  9.421575E+01
  9.755213E+01
  1.002100E+02
  1.028571E+02
  1.055040E+02
  1.081507E+02
  1.107973E+02
  1.127077E+02
  1.142406E+02
  1.157735E+02
  1.173062E+02
  1.188388E+02
  1.193440E+02
  1.191752E+02
  1.190065E+02
  1.188376E+02
  1.186687E+02
  1.166882E+02
  1.142534E+02
  1.118187E+02
  1.093840E+02
  1.066438E+02
  1.029107E+02
  9.917760E+01
  9.544461E+01
  9.171169E+01
  9.062053E+01
  8.982487E+01
  8.902919E+01
  8.823350E+01
  9.245940E+01
  9.809944E+01
  1.037392E+02
  1.093788E+02
  1.206325E+02
  1.327462E+02
  1.448588E+02
  1.578387E+02
  1.757556E+02
  1.936697E+02
  2.115810E+02
  2.322578E+02
  2.546415E+02
  2.770198E+02
  2.990781E+02
  3.202477E+02
  3.414098E+02
  3.619209E+02
  3.745378E+02
  3.871495E+02
  3.992785E+02
  4.018269E+02
  4.043746E+02
  4.055611E+02
  4.001507E+02
  3.947432E+02
  3.868640E+02
  3.758168E+02
  3.647748E+02
  3.506981E+02
  3.360573E+02
  3.206552E+02
  3.039849E+02
  2.872800E+02
  2.694016E+02
  2.515280E+02
  2.319481E+02
  2.119636E+02
  1.900375E+02
  1.672512E+02
  1.435167E+02
  1.193442E+02
  9.529559E+01
  7.128276E+01
  4.833222E+01
  2.581129E+01
  4.520725E+00
 -1.564283E+01
 -3.497182E+01
 -5.243699E+01
 -6.877265E+01
 -8.393374E+01
 -9.746961E+01
 -1.093702E+02
 -1.198085E+02
 -1.285836E+02
 -1.354010E+02
 -1.397736E+02
 -1.408748E+02
 -1.374724E+02
 -1.286814E+02
 -1.152904E+02
 -9.754909E+01
 -8.412140E+01
  7.713445E+02
  4.433293E+03
  2.713245E-02
