 Title= "ADflow Lift Distribution Data"
Variables = "eta" "CoordinateX" "CoordinateY" "CoordinateZ" "Lift" "Drag" "Moment" "Normalized Lift" "Normalized Drag" "Normalized Moment" "CL" "CD" "CM" "CLp" "CDp" "CMp" "CLv" "CDv" "CMv" "Elliptical" "thickness" "twist" "chord" "fx" "fy" "fz" 
Zone T= "LiftDist_01 allWalls: : z normal"
 I=          150
 DATAPACKING=BLOCK
  0.000000E+00
  6.711405E-03
  1.342281E-02
  2.013422E-02
  2.684563E-02
  3.355704E-02
  4.026845E-02
  4.697986E-02
  5.369127E-02
  6.040268E-02
  6.711409E-02
  7.382550E-02
  8.053691E-02
  8.724832E-02
  9.395973E-02
  1.006711E-01
  1.073825E-01
  1.140940E-01
  1.208054E-01
  1.275168E-01
  1.342282E-01
  1.409396E-01
  1.476510E-01
  1.543624E-01
  1.610738E-01
  1.677852E-01
  1.744966E-01
  1.812081E-01
  1.879195E-01
  1.946309E-01
  2.013423E-01
  2.080537E-01
  2.147651E-01
  2.214765E-01
  2.281879E-01
  2.348993E-01
  2.416107E-01
  2.483221E-01
  2.550336E-01
  2.617450E-01
  2.684564E-01
  2.751678E-01
  2.818792E-01
  2.885906E-01
  2.953020E-01
  3.020134E-01
  3.087248E-01
  3.154362E-01
  3.221476E-01
  3.288591E-01
  3.355705E-01
  3.422819E-01
  3.489933E-01
  3.557047E-01
  3.624161E-01
  3.691275E-01
  3.758389E-01
  3.825503E-01
  3.892617E-01
  3.959732E-01
  4.026846E-01
  4.093960E-01
  4.161074E-01
  4.228188E-01
  4.295302E-01
  4.362416E-01
  4.429530E-01
  4.496644E-01
  4.563758E-01
  4.630872E-01
  4.697987E-01
  4.765101E-01
  4.832215E-01
  4.899329E-01
  4.966443E-01
  5.033557E-01
  5.100671E-01
  5.167785E-01
  5.234899E-01
  5.302013E-01
  5.369128E-01
  5.436242E-01
  5.503356E-01
  5.570470E-01
  5.637584E-01
  5.704698E-01
  5.771812E-01
  5.838926E-01
  5.906040E-01
  5.973154E-01
  6.040268E-01
  6.107383E-01
  6.174497E-01
  6.241611E-01
  6.308725E-01
  6.375839E-01
  6.442953E-01
  6.510067E-01
  6.577181E-01
  6.644295E-01
  6.711409E-01
  6.778524E-01
  6.845638E-01
  6.912752E-01
  6.979866E-01
  7.046980E-01
  7.114094E-01
  7.181208E-01
  7.248322E-01
  7.315436E-01
  7.382550E-01
  7.449664E-01
  7.516779E-01
  7.583893E-01
  7.651007E-01
  7.718121E-01
  7.785235E-01
  7.852349E-01
  7.919463E-01
  7.986577E-01
  8.053691E-01
  8.120805E-01
  8.187919E-01
  8.255034E-01
  8.322148E-01
  8.389262E-01
  8.456376E-01
  8.523490E-01
  8.590604E-01
  8.657718E-01
  8.724832E-01
  8.791946E-01
  8.859060E-01
  8.926175E-01
  8.993289E-01
  9.060403E-01
  9.127517E-01
  9.194631E-01
  9.261745E-01
  9.328859E-01
  9.395973E-01
  9.463087E-01
  9.530201E-01
  9.597315E-01
  9.664430E-01
  9.731544E-01
  9.798658E-01
  9.865772E-01
  9.932886E-01
  1.000000E+00
  0.000000E+00
  0.000000E+00
  0.000000E+00
  0.000000E+00
  0.000000E+00
  0.000000E+00
  0.000000E+00
  0.000000E+00
  0.000000E+00
  0.000000E+00
  0.000000E+00
  0.000000E+00
  0.000000E+00
  0.000000E+00
  0.000000E+00
  0.000000E+00
  0.000000E+00
  0.000000E+00
  0.000000E+00
  0.000000E+00
  0.000000E+00
  0.000000E+00
  0.000000E+00
  0.000000E+00
  0.000000E+00
  0.000000E+00
  0.000000E+00
  0.000000E+00
  0.000000E+00
  0.000000E+00
  0.000000E+00
  0.000000E+00
  0.000000E+00
  0.000000E+00
  0.000000E+00
  0.000000E+00
  0.000000E+00
  0.000000E+00
  0.000000E+00
  0.000000E+00
  0.000000E+00
  0.000000E+00
  0.000000E+00
  0.000000E+00
  0.000000E+00
  0.000000E+00
  0.000000E+00
  0.000000E+00
  0.000000E+00
  0.000000E+00
  0.000000E+00
  0.000000E+00
  0.000000E+00
  0.000000E+00
  0.000000E+00
  0.000000E+00
  0.000000E+00
  0.000000E+00
  0.000000E+00
  0.000000E+00
  0.000000E+00
  0.000000E+00
  0.000000E+00
  0.000000E+00
  0.000000E+00
  0.000000E+00
  0.000000E+00
  0.000000E+00
  0.000000E+00
  0.000000E+00
  0.000000E+00
  0.000000E+00
  0.000000E+00
  0.000000E+00
  0.000000E+00
  0.000000E+00
  0.000000E+00
  0.000000E+00
  0.000000E+00
  0.000000E+00
  0.000000E+00
  0.000000E+00
  0.000000E+00
  0.000000E+00
  0.000000E+00
  0.000000E+00
  0.000000E+00
  0.000000E+00
  0.000000E+00
  0.000000E+00
  0.000000E+00
  0.000000E+00
  0.000000E+00
  0.000000E+00
  0.000000E+00
  0.000000E+00
  0.000000E+00
  0.000000E+00
  0.000000E+00
  0.000000E+00
  0.000000E+00
  0.000000E+00
  0.000000E+00
  0.000000E+00
  0.000000E+00
  0.000000E+00
  0.000000E+00
  0.000000E+00
  0.000000E+00
  0.000000E+00
  0.000000E+00
  0.000000E+00
  0.000000E+00
  0.000000E+00
  0.000000E+00
  0.000000E+00
  0.000000E+00
  0.000000E+00
  0.000000E+00
  0.000000E+00
  0.000000E+00
  0.000000E+00
  0.000000E+00
  0.000000E+00
  0.000000E+00
  0.000000E+00
  0.000000E+00
  0.000000E+00
  0.000000E+00
  0.000000E+00
  0.000000E+00
  0.000000E+00
  0.000000E+00
  0.000000E+00
  0.000000E+00
  0.000000E+00
  0.000000E+00
  0.000000E+00
  0.000000E+00
  0.000000E+00
  0.000000E+00
  0.000000E+00
  0.000000E+00
  0.000000E+00
  0.000000E+00
  0.000000E+00
  0.000000E+00
  0.000000E+00
  0.000000E+00
  0.000000E+00
  0.000000E+00
  0.000000E+00
  0.000000E+00
  0.000000E+00
  0.000000E+00
  0.000000E+00
  0.000000E+00
  0.000000E+00
  0.000000E+00
  0.000000E+00
  0.000000E+00
  0.000000E+00
  0.000000E+00
  0.000000E+00
  0.000000E+00
  0.000000E+00
  0.000000E+00
  0.000000E+00
  0.000000E+00
  0.000000E+00
  0.000000E+00
  0.000000E+00
  0.000000E+00
  0.000000E+00
  0.000000E+00
  0.000000E+00
  0.000000E+00
  0.000000E+00
  0.000000E+00
  0.000000E+00
  0.000000E+00
  0.000000E+00
  0.000000E+00
  0.000000E+00
  0.000000E+00
  0.000000E+00
  0.000000E+00
  0.000000E+00
  0.000000E+00
  0.000000E+00
  0.000000E+00
  0.000000E+00
  0.000000E+00
  0.000000E+00
  0.000000E+00
  0.000000E+00
  0.000000E+00
  0.000000E+00
  0.000000E+00
  0.000000E+00
  0.000000E+00
  0.000000E+00
  0.000000E+00
  0.000000E+00
  0.000000E+00
  0.000000E+00
  0.000000E+00
  0.000000E+00
  0.000000E+00
  0.000000E+00
  0.000000E+00
  0.000000E+00
  0.000000E+00
  0.000000E+00
  0.000000E+00
  0.000000E+00
  0.000000E+00
  0.000000E+00
  0.000000E+00
  0.000000E+00
  0.000000E+00
  0.000000E+00
  0.000000E+00
  0.000000E+00
  0.000000E+00
  0.000000E+00
  0.000000E+00
  0.000000E+00
  0.000000E+00
  0.000000E+00
  0.000000E+00
  0.000000E+00
  0.000000E+00
  0.000000E+00
  0.000000E+00
  0.000000E+00
  0.000000E+00
  0.000000E+00
  0.000000E+00
  0.000000E+00
  0.000000E+00
  0.000000E+00
  0.000000E+00
  0.000000E+00
  0.000000E+00
  0.000000E+00
  0.000000E+00
  0.000000E+00
  0.000000E+00
  0.000000E+00
  0.000000E+00
  0.000000E+00
  0.000000E+00
  0.000000E+00
  0.000000E+00
  0.000000E+00
  0.000000E+00
  0.000000E+00
  0.000000E+00
  0.000000E+00
  0.000000E+00
  0.000000E+00
  0.000000E+00
  0.000000E+00
  0.000000E+00
  0.000000E+00
  0.000000E+00
  0.000000E+00
  0.000000E+00
  0.000000E+00
  0.000000E+00
  0.000000E+00
  0.000000E+00
  0.000000E+00
  0.000000E+00
  0.000000E+00
  0.000000E+00
  0.000000E+00
  0.000000E+00
  0.000000E+00
  0.000000E+00
  0.000000E+00
  0.000000E+00
  0.000000E+00
  0.000000E+00
  0.000000E+00
  0.000000E+00
  0.000000E+00
  0.000000E+00
  0.000000E+00
  0.000000E+00
  0.000000E+00
  0.000000E+00
  0.000000E+00
  0.000000E+00
  0.000000E+00
  0.000000E+00
  0.000000E+00
  0.000000E+00
  0.000000E+00
  1.000000E-08
  1.695085E-02
  3.390169E-02
  5.085254E-02
  6.780338E-02
  8.475423E-02
  1.017051E-01
  1.186559E-01
  1.356068E-01
  1.525576E-01
  1.695085E-01
  1.864593E-01
  2.034101E-01
  2.203610E-01
  2.373118E-01
  2.542627E-01
  2.712135E-01
  2.881644E-01
  3.051152E-01
  3.220661E-01
  3.390169E-01
  3.559678E-01
  3.729186E-01
  3.898694E-01
  4.068203E-01
  4.237711E-01
  4.407220E-01
  4.576728E-01
  4.746237E-01
  4.915745E-01
  5.085254E-01
  5.254762E-01
  5.424271E-01
  5.593779E-01
  5.763287E-01
  5.932796E-01
  6.102304E-01
  6.271813E-01
  6.441321E-01
  6.610830E-01
  6.780338E-01
  6.949847E-01
  7.119355E-01
  7.288864E-01
  7.458372E-01
  7.627880E-01
  7.797389E-01
  7.966897E-01
  8.136406E-01
  8.305914E-01
  8.475423E-01
  8.644931E-01
  8.814440E-01
  8.983948E-01
  9.153457E-01
  9.322965E-01
  9.492473E-01
  9.661982E-01
  9.831490E-01
  1.000100E+00
  1.017051E+00
  1.034002E+00
  1.050952E+00
  1.067903E+00
  1.084854E+00
  1.101805E+00
  1.118756E+00
  1.135707E+00
  1.152657E+00
  1.169608E+00
  1.186559E+00
  1.203510E+00
  1.220461E+00
  1.237412E+00
  1.254363E+00
  1.271313E+00
  1.288264E+00
  1.305215E+00
  1.322166E+00
  1.339117E+00
  1.356068E+00
  1.373018E+00
  1.389969E+00
  1.406920E+00
  1.423871E+00
  1.440822E+00
  1.457773E+00
  1.474724E+00
  1.491674E+00
  1.508625E+00
  1.525576E+00
  1.542527E+00
  1.559478E+00
  1.576429E+00
  1.593379E+00
  1.610330E+00
  1.627281E+00
  1.644232E+00
  1.661183E+00
  1.678134E+00
  1.695085E+00
  1.712035E+00
  1.728986E+00
  1.745937E+00
  1.762888E+00
  1.779839E+00
  1.796790E+00
  1.813740E+00
  1.830691E+00
  1.847642E+00
  1.864593E+00
  1.881544E+00
  1.898495E+00
  1.915446E+00
  1.932396E+00
  1.949347E+00
  1.966298E+00
  1.983249E+00
  2.000200E+00
  2.017151E+00
  2.034101E+00
  2.051052E+00
  2.068003E+00
  2.084954E+00
  2.101905E+00
  2.118856E+00
  2.135807E+00
  2.152757E+00
  2.169708E+00
  2.186659E+00
  2.203610E+00
  2.220561E+00
  2.237512E+00
  2.254462E+00
  2.271413E+00
  2.288364E+00
  2.305315E+00
  2.322266E+00
  2.339217E+00
  2.356168E+00
  2.373118E+00
  2.390069E+00
  2.407020E+00
  2.423971E+00
  2.440922E+00
  2.457873E+00
  2.474823E+00
  2.491774E+00
  2.508725E+00
  2.525676E+00
  1.115223E+04
  1.114972E+04
  1.114722E+04
  1.114473E+04
  1.114224E+04
  1.113976E+04
  1.113729E+04
  1.113482E+04
  1.113236E+04
  1.112153E+04
  1.111049E+04
  1.109947E+04
  1.108845E+04
  1.107744E+04
  1.106644E+04
  1.105545E+04
  1.104138E+04
  1.102166E+04
  1.100195E+04
  1.098224E+04
  1.096254E+04
  1.094285E+04
  1.092317E+04
  1.090310E+04
  1.087986E+04
  1.085663E+04
  1.083341E+04
  1.081019E+04
  1.078698E+04
  1.076378E+04
  1.073994E+04
  1.071396E+04
  1.068799E+04
  1.066202E+04
  1.063606E+04
  1.061011E+04
  1.058417E+04
  1.055619E+04
  1.052731E+04
  1.049845E+04
  1.046959E+04
  1.044074E+04
  1.041190E+04
  1.038203E+04
  1.035106E+04
  1.032010E+04
  1.028916E+04
  1.025822E+04
  1.022728E+04
  1.019573E+04
  1.016374E+04
  1.013176E+04
  1.009978E+04
  1.006781E+04
  1.003585E+04
  1.000365E+04
  9.971450E+03
  9.939256E+03
  9.907066E+03
  9.874881E+03
  9.842971E+03
  9.811203E+03
  9.779438E+03
  9.747676E+03
  9.715917E+03
  9.684605E+03
  9.653586E+03
  9.622571E+03
  9.591559E+03
  9.560549E+03
  9.529919E+03
  9.499386E+03
  9.468858E+03
  9.438335E+03
  9.407750E+03
  9.376956E+03
  9.346169E+03
  9.315389E+03
  9.284615E+03
  9.252864E+03
  9.221012E+03
  9.189169E+03
  9.157336E+03
  9.124056E+03
  9.090379E+03
  9.056715E+03
  9.023063E+03
  8.986992E+03
  8.950563E+03
  8.914151E+03
  8.877181E+03
  8.836969E+03
  8.796777E+03
  8.756605E+03
  8.713547E+03
  8.668716E+03
  8.623911E+03
  8.577761E+03
  8.527797E+03
  8.477867E+03
  8.427567E+03
  8.372336E+03
  8.317149E+03
  8.261742E+03
  8.201114E+03
  8.140532E+03
  8.079046E+03
  8.013005E+03
  7.947005E+03
  7.878696E+03
  7.807411E+03
  7.736161E+03
  7.660653E+03
  7.584371E+03
  7.506330E+03
  7.425348E+03
  7.344246E+03
  7.258887E+03
  7.173552E+03
  7.084901E+03
  6.995475E+03
  6.903320E+03
  6.809967E+03
  6.713828E+03
  6.616414E+03
  6.515753E+03
  6.414169E+03
  6.308690E+03
  6.202179E+03
  6.092833E+03
  5.981427E+03
  5.868514E+03
  5.752560E+03
  5.634819E+03
  5.515199E+03
  5.392917E+03
  5.267882E+03
  5.140584E+03
  5.011429E+03
  4.882134E+03
  4.757757E+03
  4.649799E+03
  4.577381E+03
  4.576952E+03
  4.684317E+03
  4.654004E+03
  4.187077E+03
  4.646370E+03
  1.377223E+03
 -1.788091E-04
  6.038559E+02
  6.044095E+02
  6.049645E+02
  6.055209E+02
  6.060788E+02
  6.066381E+02
  6.071988E+02
  6.077610E+02
  6.083247E+02
  6.088259E+02
  6.093276E+02
  6.098312E+02
  6.103367E+02
  6.108443E+02
  6.113539E+02
  6.118655E+02
  6.120499E+02
  6.116323E+02
  6.112165E+02
  6.108024E+02
  6.103901E+02
  6.099795E+02
  6.095708E+02
  6.091351E+02
  6.084715E+02
  6.078098E+02
  6.071498E+02
  6.064917E+02
  6.058355E+02
  6.051810E+02
  6.045173E+02
  6.038187E+02
  6.031221E+02
  6.024273E+02
  6.017345E+02
  6.010435E+02
  6.003545E+02
  5.997205E+02
  5.991116E+02
  5.985046E+02
  5.978995E+02
  5.972962E+02
  5.966947E+02
  5.961992E+02
  5.958153E+02
  5.954329E+02
  5.950521E+02
  5.946728E+02
  5.942951E+02
  5.940354E+02
  5.938583E+02
  5.936821E+02
  5.935068E+02
  5.933324E+02
  5.931589E+02
  5.929872E+02
  5.928156E+02
  5.926441E+02
  5.924728E+02
  5.923016E+02
  5.920060E+02
  5.916462E+02
  5.912862E+02
  5.909259E+02
  5.905653E+02
  5.899978E+02
  5.892945E+02
  5.885911E+02
  5.878875E+02
  5.871839E+02
  5.860682E+02
  5.848497E+02
  5.836318E+02
  5.824144E+02
  5.810543E+02
  5.792298E+02
  5.774069E+02
  5.755857E+02
  5.737662E+02
  5.714854E+02
  5.691558E+02
  5.668290E+02
  5.645051E+02
  5.620093E+02
  5.594680E+02
  5.569303E+02
  5.543964E+02
  5.519468E+02
  5.495138E+02
  5.470847E+02
  5.447005E+02
  5.425522E+02
  5.404080E+02
  5.382678E+02
  5.362866E+02
  5.344052E+02
  5.325278E+02
  5.306944E+02
  5.289782E+02
  5.272658E+02
  5.255585E+02
  5.238723E+02
  5.221897E+02
  5.204985E+02
  5.185702E+02
  5.166450E+02
  5.146437E+02
  5.122619E+02
  5.098825E+02
  5.072968E+02
  5.044457E+02
  5.015964E+02
  4.984231E+02
  4.951899E+02
  4.918575E+02
  4.883588E+02
  4.848557E+02
  4.812146E+02
  4.775724E+02
  4.739509E+02
  4.703319E+02
  4.668499E+02
  4.634255E+02
  4.602186E+02
  4.571085E+02
  4.543206E+02
  4.516209E+02
  4.494278E+02
  4.474061E+02
  4.458783E+02
  4.448246E+02
  4.441302E+02
  4.443300E+02
  4.451667E+02
  4.467031E+02
  4.493214E+02
  4.532381E+02
  4.585232E+02
  4.656420E+02
  4.754391E+02
  4.895827E+02
  5.112367E+02
  5.455053E+02
  6.010031E+02
  6.854639E+02
  7.591602E+02
  7.703199E+02
  9.170111E+02
  2.271475E+02
  3.890791E-04
  1.704107E+03
  1.700235E+03
  1.696365E+03
  1.692498E+03
  1.688633E+03
  1.684771E+03
  1.680911E+03
  1.677053E+03
  1.673198E+03
  1.663175E+03
  1.653001E+03
  1.642928E+03
  1.632760E+03
  1.622594E+03
  1.612431E+03
  1.602271E+03
  1.591123E+03
  1.578161E+03
  1.565201E+03
  1.552244E+03
  1.539288E+03
  1.526335E+03
  1.513383E+03
  1.500303E+03
  1.486179E+03
  1.472057E+03
  1.457937E+03
  1.443820E+03
  1.429704E+03
  1.415590E+03
  1.401282E+03
  1.386326E+03
  1.371371E+03
  1.356419E+03
  1.341469E+03
  1.326521E+03
  1.311575E+03
  1.296292E+03
  1.280863E+03
  1.265437E+03
  1.250012E+03
  1.234590E+03
  1.219170E+03
  1.203920E+03
  1.188850E+03
  1.173782E+03
  1.158716E+03
  1.143652E+03
  1.128590E+03
  1.114419E+03
  1.100873E+03
  1.087328E+03
  1.073785E+03
  1.060243E+03
  1.046703E+03
  1.035793E+03
  1.024925E+03
  1.014058E+03
  1.003192E+03
  9.923260E+02
  9.837504E+02
  9.763487E+02
  9.689474E+02
  9.615464E+02
  9.541457E+02
  9.490718E+02
  9.455244E+02
  9.419773E+02
  9.384305E+02
  9.348840E+02
  9.345015E+02
  9.349131E+02
  9.353256E+02
  9.357389E+02
  9.370353E+02
  9.412006E+02
  9.453677E+02
  9.495368E+02
  9.537079E+02
  9.605833E+02
  9.677644E+02
  9.749490E+02
  9.821371E+02
  9.906615E+02
  9.995657E+02
  1.008475E+03
  1.017388E+03
  1.026623E+03
  1.035912E+03
  1.045207E+03
  1.054393E+03
  1.062943E+03
  1.071498E+03
  1.080059E+03
  1.087444E+03
  1.094104E+03
  1.100772E+03
  1.106693E+03
  1.110507E+03
  1.114332E+03
  1.117938E+03
  1.118718E+03
  1.119569E+03
  1.120305E+03
  1.118510E+03
  1.116729E+03
  1.114543E+03
  1.110334E+03
  1.106139E+03
  1.100965E+03
  1.094529E+03
  1.088105E+03
  1.080027E+03
  1.071646E+03
  1.062645E+03
  1.052608E+03
  1.042531E+03
  1.031061E+03
  1.019597E+03
  1.007144E+03
  9.944595E+02
  9.811324E+02
  9.675222E+02
  9.534687E+02
  9.392123E+02
  9.246495E+02
  9.100009E+02
  8.952722E+02
  8.806121E+02
  8.661699E+02
  8.521313E+02
  8.384101E+02
  8.256501E+02
  8.136341E+02
  8.024345E+02
  7.925051E+02
  7.840966E+02
  7.773576E+02
  7.730743E+02
  7.729154E+02
  7.806396E+02
  8.039750E+02
  8.556170E+02
  9.542836E+02
  1.112716E+03
  1.233062E+03
  1.161795E+03
  1.292656E+03
  2.059702E+02
 -1.456796E-10
  1.261103E+00
  1.260820E+00
  1.260537E+00
  1.260255E+00
  1.259974E+00
  1.259693E+00
  1.259413E+00
  1.259134E+00
  1.258856E+00
  1.257631E+00
  1.256384E+00
  1.255137E+00
  1.253891E+00
  1.252646E+00
  1.251402E+00
  1.250159E+00
  1.248568E+00
  1.246338E+00
  1.244109E+00
  1.241881E+00
  1.239654E+00
  1.237427E+00
  1.235201E+00
  1.232931E+00
  1.230303E+00
  1.227677E+00
  1.225050E+00
  1.222425E+00
  1.219801E+00
  1.217177E+00
  1.214481E+00
  1.211543E+00
  1.208606E+00
  1.205670E+00
  1.202735E+00
  1.199800E+00
  1.196867E+00
  1.193702E+00
  1.190437E+00
  1.187173E+00
  1.183910E+00
  1.180648E+00
  1.177386E+00
  1.174008E+00
  1.170506E+00
  1.167006E+00
  1.163506E+00
  1.160007E+00
  1.156510E+00
  1.152941E+00
  1.149324E+00
  1.145707E+00
  1.142092E+00
  1.138476E+00
  1.134862E+00
  1.131221E+00
  1.127580E+00
  1.123939E+00
  1.120299E+00
  1.116660E+00
  1.113051E+00
  1.109459E+00
  1.105867E+00
  1.102275E+00
  1.098684E+00
  1.095143E+00
  1.091635E+00
  1.088128E+00
  1.084621E+00
  1.081115E+00
  1.077651E+00
  1.074198E+00
  1.070746E+00
  1.067295E+00
  1.063836E+00
  1.060354E+00
  1.056872E+00
  1.053392E+00
  1.049912E+00
  1.046321E+00
  1.042720E+00
  1.039119E+00
  1.035519E+00
  1.031756E+00
  1.027948E+00
  1.024141E+00
  1.020335E+00
  1.016256E+00
  1.012137E+00
  1.008020E+00
  1.003839E+00
  9.992918E-01
  9.947468E-01
  9.902041E-01
  9.853350E-01
  9.802656E-01
  9.751990E-01
  9.699803E-01
  9.643302E-01
  9.586842E-01
  9.529962E-01
  9.467507E-01
  9.405100E-01
  9.342445E-01
  9.273888E-01
  9.205380E-01
  9.135851E-01
  9.061171E-01
  8.986538E-01
  8.909294E-01
  8.828684E-01
  8.748114E-01
  8.662730E-01
  8.576468E-01
  8.488219E-01
  8.396645E-01
  8.304933E-01
  8.208409E-01
  8.111911E-01
  8.011664E-01
  7.910541E-01
  7.806330E-01
  7.700766E-01
  7.592051E-01
  7.481896E-01
  7.368067E-01
  7.253194E-01
  7.133918E-01
  7.013475E-01
  6.889825E-01
  6.763847E-01
  6.636164E-01
  6.505042E-01
  6.371900E-01
  6.236632E-01
  6.098355E-01
  5.956965E-01
  5.813015E-01
  5.666965E-01
  5.520757E-01
  5.380110E-01
  5.258031E-01
  5.176140E-01
  5.175655E-01
  5.297064E-01
  5.262786E-01
  4.734781E-01
  5.254153E-01
  1.557375E-01
 -2.021988E-08
  1.082005E+00
  1.082996E+00
  1.083991E+00
  1.084988E+00
  1.085988E+00
  1.086990E+00
  1.087994E+00
  1.089002E+00
  1.090012E+00
  1.090910E+00
  1.091809E+00
  1.092711E+00
  1.093617E+00
  1.094527E+00
  1.095440E+00
  1.096356E+00
  1.096687E+00
  1.095938E+00
  1.095193E+00
  1.094451E+00
  1.093713E+00
  1.092977E+00
  1.092245E+00
  1.091464E+00
  1.090275E+00
  1.089089E+00
  1.087907E+00
  1.086727E+00
  1.085552E+00
  1.084379E+00
  1.083190E+00
  1.081938E+00
  1.080690E+00
  1.079445E+00
  1.078203E+00
  1.076965E+00
  1.075731E+00
  1.074595E+00
  1.073504E+00
  1.072416E+00
  1.071332E+00
  1.070251E+00
  1.069173E+00
  1.068285E+00
  1.067597E+00
  1.066912E+00
  1.066230E+00
  1.065550E+00
  1.064873E+00
  1.064408E+00
  1.064091E+00
  1.063775E+00
  1.063461E+00
  1.063148E+00
  1.062837E+00
  1.062530E+00
  1.062222E+00
  1.061915E+00
  1.061608E+00
  1.061301E+00
  1.060772E+00
  1.060127E+00
  1.059482E+00
  1.058836E+00
  1.058190E+00
  1.057173E+00
  1.055913E+00
  1.054653E+00
  1.053392E+00
  1.052131E+00
  1.050132E+00
  1.047949E+00
  1.045766E+00
  1.043585E+00
  1.041148E+00
  1.037879E+00
  1.034613E+00
  1.031349E+00
  1.028089E+00
  1.024002E+00
  1.019828E+00
  1.015659E+00
  1.011495E+00
  1.007023E+00
  1.002469E+00
  9.979221E-01
  9.933817E-01
  9.889925E-01
  9.846329E-01
  9.802805E-01
  9.760083E-01
  9.721590E-01
  9.683169E-01
  9.644821E-01
  9.609321E-01
  9.575610E-01
  9.541969E-01
  9.509119E-01
  9.478368E-01
  9.447685E-01
  9.417092E-01
  9.386879E-01
  9.356730E-01
  9.326427E-01
  9.291875E-01
  9.257379E-01
  9.221518E-01
  9.178840E-01
  9.136206E-01
  9.089875E-01
  9.038789E-01
  8.987733E-01
  8.930874E-01
  8.872941E-01
  8.813229E-01
  8.750539E-01
  8.687770E-01
  8.622527E-01
  8.557265E-01
  8.492373E-01
  8.427528E-01
  8.365137E-01
  8.303777E-01
  8.246316E-01
  8.190587E-01
  8.140633E-01
  8.092259E-01
  8.052963E-01
  8.016737E-01
  7.989362E-01
  7.970481E-01
  7.958038E-01
  7.961619E-01
  7.976612E-01
  8.004142E-01
  8.051056E-01
  8.121237E-01
  8.215937E-01
  8.343493E-01
  8.519040E-01
  8.772469E-01
  9.160470E-01
  9.774504E-01
  1.076893E+00
  1.228232E+00
  1.360283E+00
  1.380279E+00
  1.643124E+00
  4.070087E-01
  6.971620E-07
  1.495433E+00
  1.492035E+00
  1.488639E+00
  1.485245E+00
  1.481854E+00
  1.478464E+00
  1.475077E+00
  1.471692E+00
  1.468309E+00
  1.459513E+00
  1.450585E+00
  1.441745E+00
  1.432822E+00
  1.423901E+00
  1.414983E+00
  1.406067E+00
  1.396284E+00
  1.384910E+00
  1.373537E+00
  1.362166E+00
  1.350797E+00
  1.339429E+00
  1.328064E+00
  1.316585E+00
  1.304191E+00
  1.291798E+00
  1.279407E+00
  1.267018E+00
  1.254631E+00
  1.242246E+00
  1.229690E+00
  1.216565E+00
  1.203442E+00
  1.190321E+00
  1.177201E+00
  1.164083E+00
  1.150968E+00
  1.137556E+00
  1.124017E+00
  1.110479E+00
  1.096944E+00
  1.083410E+00
  1.069878E+00
  1.056495E+00
  1.043271E+00
  1.030048E+00
  1.016827E+00
  1.003608E+00
  9.903900E-01
  9.779545E-01
  9.660670E-01
  9.541809E-01
  9.422962E-01
  9.304127E-01
  9.185305E-01
  9.089563E-01
  8.994192E-01
  8.898828E-01
  8.803471E-01
  8.708120E-01
  8.632865E-01
  8.567912E-01
  8.502962E-01
  8.438014E-01
  8.373070E-01
  8.328544E-01
  8.297414E-01
  8.266287E-01
  8.235162E-01
  8.204040E-01
  8.200683E-01
  8.204295E-01
  8.207915E-01
  8.211541E-01
  8.222919E-01
  8.259470E-01
  8.296039E-01
  8.332625E-01
  8.369228E-01
  8.429563E-01
  8.492580E-01
  8.555628E-01
  8.618707E-01
  8.693513E-01
  8.771652E-01
  8.849832E-01
  8.928054E-01
  9.009096E-01
  9.090610E-01
  9.172171E-01
  9.252787E-01
  9.327813E-01
  9.402889E-01
  9.478016E-01
  9.542822E-01
  9.601272E-01
  9.659782E-01
  9.711739E-01
  9.745215E-01
  9.778775E-01
  9.810425E-01
  9.817271E-01
  9.824734E-01
  9.831192E-01
  9.815441E-01
  9.799814E-01
  9.780627E-01
  9.743694E-01
  9.706884E-01
  9.661474E-01
  9.604996E-01
  9.548625E-01
  9.477733E-01
  9.404187E-01
  9.325204E-01
  9.237123E-01
  9.148690E-01
  9.048035E-01
  8.947431E-01
  8.838157E-01
  8.726842E-01
  8.609891E-01
  8.490455E-01
  8.367129E-01
  8.242022E-01
  8.114227E-01
  7.985679E-01
  7.856428E-01
  7.727778E-01
  7.601042E-01
  7.477846E-01
  7.357436E-01
  7.245461E-01
  7.140016E-01
  7.041734E-01
  6.954599E-01
  6.880811E-01
  6.821672E-01
  6.784084E-01
  6.782690E-01
  6.850474E-01
  7.055252E-01
  7.508435E-01
  8.374280E-01
  9.764601E-01
  1.082069E+00
  1.019529E+00
  1.134366E+00
  1.807484E-01
 -1.278406E-13
  9.971798E-01
  9.969562E-01
  9.967332E-01
  9.965107E-01
  9.962888E-01
  9.960674E-01
  9.958466E-01
  9.956264E-01
  9.954068E-01
  9.944384E-01
  9.934521E-01
  9.924664E-01
  9.914812E-01
  9.904965E-01
  9.895125E-01
  9.885292E-01
  9.872707E-01
  9.855071E-01
  9.837440E-01
  9.819816E-01
  9.802197E-01
  9.784584E-01
  9.766976E-01
  9.749020E-01
  9.728233E-01
  9.707452E-01
  9.686677E-01
  9.665908E-01
  9.645144E-01
  9.624387E-01
  9.603057E-01
  9.579813E-01
  9.556576E-01
  9.533345E-01
  9.510120E-01
  9.486902E-01
  9.463689E-01
  9.438650E-01
  9.412814E-01
  9.386986E-01
  9.361164E-01
  9.335348E-01
  9.309539E-01
  9.282806E-01
  9.255099E-01
  9.227398E-01
  9.199703E-01
  9.172015E-01
  9.144334E-01
  9.116097E-01
  9.087473E-01
  9.058854E-01
  9.030240E-01
  9.001633E-01
  8.973030E-01
  8.944222E-01
  8.915414E-01
  8.886610E-01
  8.857809E-01
  8.829012E-01
  8.800467E-01
  8.772052E-01
  8.743640E-01
  8.715231E-01
  8.686824E-01
  8.658823E-01
  8.631089E-01
  8.603358E-01
  8.575630E-01
  8.547904E-01
  8.520528E-01
  8.493241E-01
  8.465958E-01
  8.438679E-01
  8.411348E-01
  8.383840E-01
  8.356337E-01
  8.328840E-01
  8.301347E-01
  8.272990E-01
  8.244543E-01
  8.216103E-01
  8.187670E-01
  8.157949E-01
  8.127872E-01
  8.097804E-01
  8.067746E-01
  8.035527E-01
  8.002987E-01
  7.970458E-01
  7.937429E-01
  7.901501E-01
  7.865588E-01
  7.829690E-01
  7.791209E-01
  7.751141E-01
  7.711094E-01
  7.669840E-01
  7.625174E-01
  7.580536E-01
  7.535564E-01
  7.486178E-01
  7.436827E-01
  7.387278E-01
  7.333059E-01
  7.278878E-01
  7.223888E-01
  7.164824E-01
  7.105796E-01
  7.044702E-01
  6.980948E-01
  6.917224E-01
  6.849695E-01
  6.781472E-01
  6.711678E-01
  6.639257E-01
  6.566726E-01
  6.490393E-01
  6.414081E-01
  6.334807E-01
  6.254841E-01
  6.172437E-01
  6.088964E-01
  6.003004E-01
  5.915906E-01
  5.825908E-01
  5.735085E-01
  5.640785E-01
  5.545563E-01
  5.447808E-01
  5.348212E-01
  5.247269E-01
  5.143607E-01
  5.038347E-01
  4.931404E-01
  4.822080E-01
  4.710293E-01
  4.596478E-01
  4.481000E-01
  4.365392E-01
  4.254174E-01
  4.157634E-01
  4.092867E-01
  4.092464E-01
  4.188438E-01
  4.161301E-01
  3.743771E-01
  4.154389E-01
  1.691424E-01
 -3.889289E-03
  5.399395E-02
  5.404348E-02
  5.409313E-02
  5.414292E-02
  5.419283E-02
  5.424286E-02
  5.429302E-02
  5.434331E-02
  5.439373E-02
  5.443856E-02
  5.448342E-02
  5.452846E-02
  5.457365E-02
  5.461903E-02
  5.466458E-02
  5.471030E-02
  5.472677E-02
  5.468941E-02
  5.465220E-02
  5.461514E-02
  5.457824E-02
  5.454149E-02
  5.450490E-02
  5.446590E-02
  5.440652E-02
  5.434729E-02
  5.428823E-02
  5.422932E-02
  5.417058E-02
  5.411200E-02
  5.405258E-02
  5.399004E-02
  5.392767E-02
  5.386546E-02
  5.380343E-02
  5.374156E-02
  5.367985E-02
  5.362307E-02
  5.356852E-02
  5.351414E-02
  5.345992E-02
  5.340586E-02
  5.335196E-02
  5.330754E-02
  5.327308E-02
  5.323876E-02
  5.320458E-02
  5.317053E-02
  5.313662E-02
  5.311327E-02
  5.309730E-02
  5.308141E-02
  5.306560E-02
  5.304986E-02
  5.303421E-02
  5.301874E-02
  5.300328E-02
  5.298784E-02
  5.297240E-02
  5.295698E-02
  5.293046E-02
  5.289822E-02
  5.286596E-02
  5.283368E-02
  5.280137E-02
  5.275060E-02
  5.268771E-02
  5.262481E-02
  5.256191E-02
  5.249899E-02
  5.239929E-02
  5.229043E-02
  5.218161E-02
  5.207284E-02
  5.195132E-02
  5.178834E-02
  5.162550E-02
  5.146281E-02
  5.130027E-02
  5.109654E-02
  5.088845E-02
  5.068060E-02
  5.047299E-02
  5.025005E-02
  5.002304E-02
  4.979634E-02
  4.956997E-02
  4.935115E-02
  4.913379E-02
  4.891678E-02
  4.870377E-02
  4.851184E-02
  4.832027E-02
  4.812904E-02
  4.795201E-02
  4.778389E-02
  4.761611E-02
  4.745226E-02
  4.729886E-02
  4.714579E-02
  4.699316E-02
  4.684238E-02
  4.669190E-02
  4.654064E-02
  4.636816E-02
  4.619595E-02
  4.601692E-02
  4.580387E-02
  4.559102E-02
  4.535973E-02
  4.510470E-02
  4.484983E-02
  4.456600E-02
  4.427680E-02
  4.397874E-02
  4.366583E-02
  4.335251E-02
  4.302687E-02
  4.270114E-02
  4.237727E-02
  4.205363E-02
  4.174226E-02
  4.143604E-02
  4.114932E-02
  4.087124E-02
  4.062201E-02
  4.038067E-02
  4.018466E-02
  4.000398E-02
  3.986749E-02
  3.977339E-02
  3.971142E-02
  3.972942E-02
  3.980437E-02
  3.994187E-02
  4.017610E-02
  4.052642E-02
  4.099907E-02
  4.163566E-02
  4.251170E-02
  4.377631E-02
  4.571240E-02
  4.877637E-02
  5.373846E-02
  6.129011E-02
  6.787906E-02
  6.887624E-02
  8.199134E-02
  2.789692E-02
  8.462884E-03
  1.523732E-01
  1.520271E-01
  1.516812E-01
  1.513355E-01
  1.509900E-01
  1.506447E-01
  1.502996E-01
  1.499547E-01
  1.496100E-01
  1.487138E-01
  1.478042E-01
  1.469035E-01
  1.459943E-01
  1.450853E-01
  1.441765E-01
  1.432680E-01
  1.422711E-01
  1.411121E-01
  1.399532E-01
  1.387945E-01
  1.376360E-01
  1.364776E-01
  1.353195E-01
  1.341498E-01
  1.328868E-01
  1.316239E-01
  1.303613E-01
  1.290988E-01
  1.278365E-01
  1.265744E-01
  1.252949E-01
  1.239574E-01
  1.226201E-01
  1.212829E-01
  1.199460E-01
  1.186092E-01
  1.172726E-01
  1.159059E-01
  1.145262E-01
  1.131466E-01
  1.117672E-01
  1.103880E-01
  1.090090E-01
  1.076452E-01
  1.062975E-01
  1.049500E-01
  1.036027E-01
  1.022556E-01
  1.009086E-01
  9.964128E-02
  9.842985E-02
  9.721857E-02
  9.600741E-02
  9.479639E-02
  9.358550E-02
  9.260983E-02
  9.163794E-02
  9.066611E-02
  8.969436E-02
  8.872268E-02
  8.795580E-02
  8.729391E-02
  8.663205E-02
  8.597022E-02
  8.530842E-02
  8.485473E-02
  8.453756E-02
  8.422041E-02
  8.390329E-02
  8.358619E-02
  8.355208E-02
  8.358901E-02
  8.362600E-02
  8.366306E-02
  8.377912E-02
  8.415177E-02
  8.452459E-02
  8.489759E-02
  8.527075E-02
  8.588580E-02
  8.652820E-02
  8.717090E-02
  8.781391E-02
  8.857646E-02
  8.937297E-02
  9.016990E-02
  9.096724E-02
  9.179335E-02
  9.262425E-02
  9.345561E-02
  9.427734E-02
  9.504211E-02
  9.580736E-02
  9.657311E-02
  9.723367E-02
  9.782945E-02
  9.842581E-02
  9.895537E-02
  9.929659E-02
  9.963863E-02
  9.996118E-02
  1.000309E-01
  1.001069E-01
  1.001726E-01
  1.000120E-01
  9.985262E-02
  9.965694E-02
  9.928045E-02
  9.890518E-02
  9.844228E-02
  9.786661E-02
  9.729201E-02
  9.656948E-02
  9.581990E-02
  9.501492E-02
  9.411727E-02
  9.321603E-02
  9.219030E-02
  9.116509E-02
  9.005158E-02
  8.891728E-02
  8.772559E-02
  8.650861E-02
  8.525206E-02
  8.397738E-02
  8.267536E-02
  8.136570E-02
  8.004892E-02
  7.873829E-02
  7.744718E-02
  7.619217E-02
  7.496554E-02
  7.382486E-02
  7.275071E-02
  7.174953E-02
  7.086189E-02
  7.011023E-02
  6.950780E-02
  6.912491E-02
  6.911073E-02
  6.980132E-02
  7.188770E-02
  7.650503E-02
  8.532690E-02
  9.949248E-02
  1.102522E-01
  1.038790E-01
  1.155783E-01
  2.529606E-02
 -3.168686E-09
  9.973153E-01
  9.970922E-01
  9.968696E-01
  9.966476E-01
  9.964262E-01
  9.962053E-01
  9.959850E-01
  9.957652E-01
  9.955460E-01
  9.945787E-01
  9.935935E-01
  9.926088E-01
  9.916246E-01
  9.906411E-01
  9.896581E-01
  9.886758E-01
  9.874183E-01
  9.856557E-01
  9.838937E-01
  9.821322E-01
  9.803713E-01
  9.786110E-01
  9.768513E-01
  9.750567E-01
  9.729788E-01
  9.709016E-01
  9.688249E-01
  9.667489E-01
  9.646734E-01
  9.625986E-01
  9.604665E-01
  9.581430E-01
  9.558202E-01
  9.534980E-01
  9.511765E-01
  9.488555E-01
  9.465352E-01
  9.440323E-01
  9.414499E-01
  9.388682E-01
  9.362871E-01
  9.337066E-01
  9.311268E-01
  9.284548E-01
  9.256854E-01
  9.229166E-01
  9.201485E-01
  9.173811E-01
  9.146143E-01
  9.117921E-01
  9.089312E-01
  9.060708E-01
  9.032111E-01
  9.003518E-01
  8.974931E-01
  8.946139E-01
  8.917347E-01
  8.888559E-01
  8.859775E-01
  8.830995E-01
  8.802466E-01
  8.774066E-01
  8.745670E-01
  8.717276E-01
  8.688885E-01
  8.660899E-01
  8.633179E-01
  8.605462E-01
  8.577748E-01
  8.550036E-01
  8.522671E-01
  8.495395E-01
  8.468123E-01
  8.440855E-01
  8.413534E-01
  8.386032E-01
  8.358536E-01
  8.331045E-01
  8.303560E-01
  8.275205E-01
  8.246761E-01
  8.218323E-01
  8.189893E-01
  8.160172E-01
  8.130095E-01
  8.100028E-01
  8.069970E-01
  8.037750E-01
  8.005209E-01
  7.972680E-01
  7.939652E-01
  7.903725E-01
  7.867814E-01
  7.831917E-01
  7.793441E-01
  7.753378E-01
  7.713336E-01
  7.672090E-01
  7.627434E-01
  7.582807E-01
  7.537847E-01
  7.488477E-01
  7.439143E-01
  7.389610E-01
  7.335412E-01
  7.281252E-01
  7.226283E-01
  7.167243E-01
  7.108238E-01
  7.047169E-01
  6.983440E-01
  6.919742E-01
  6.852238E-01
  6.784042E-01
  6.714274E-01
  6.641879E-01
  6.569375E-01
  6.493068E-01
  6.416783E-01
  6.337535E-01
  6.257596E-01
  6.175218E-01
  6.091772E-01
  6.005840E-01
  5.918770E-01
  5.828803E-01
  5.738011E-01
  5.643746E-01
  5.548559E-01
  5.450846E-01
  5.351298E-01
  5.250407E-01
  5.146815E-01
  5.041638E-01
  4.934796E-01
  4.825604E-01
  4.713989E-01
  4.600393E-01
  4.485191E-01
  4.369931E-01
  4.259141E-01
  4.163100E-01
  4.098862E-01
  4.098919E-01
  4.195105E-01
  4.167744E-01
  3.749758E-01
  4.157340E-01
  1.685252E-01
 -4.956200E-03
  4.782062E-02
  4.787138E-02
  4.792227E-02
  4.797328E-02
  4.802442E-02
  4.807568E-02
  4.812706E-02
  4.817857E-02
  4.823020E-02
  4.827735E-02
  4.832456E-02
  4.837193E-02
  4.841947E-02
  4.846719E-02
  4.851507E-02
  4.856313E-02
  4.858183E-02
  4.854650E-02
  4.851133E-02
  4.847630E-02
  4.844143E-02
  4.840672E-02
  4.837215E-02
  4.833515E-02
  4.827756E-02
  4.822012E-02
  4.816284E-02
  4.810572E-02
  4.804875E-02
  4.799195E-02
  4.793433E-02
  4.787363E-02
  4.781310E-02
  4.775274E-02
  4.769254E-02
  4.763250E-02
  4.757264E-02
  4.751776E-02
  4.746515E-02
  4.741271E-02
  4.736042E-02
  4.730830E-02
  4.725633E-02
  4.721382E-02
  4.718127E-02
  4.714885E-02
  4.711656E-02
  4.708441E-02
  4.705239E-02
  4.703075E-02
  4.701640E-02
  4.700211E-02
  4.698791E-02
  4.697377E-02
  4.695972E-02
  4.694529E-02
  4.693086E-02
  4.691644E-02
  4.690203E-02
  4.688763E-02
  4.686162E-02
  4.682963E-02
  4.679761E-02
  4.676557E-02
  4.673351E-02
  4.668244E-02
  4.661891E-02
  4.655538E-02
  4.649182E-02
  4.642826E-02
  4.632717E-02
  4.621672E-02
  4.610631E-02
  4.599595E-02
  4.587263E-02
  4.570711E-02
  4.554174E-02
  4.537652E-02
  4.521143E-02
  4.500443E-02
  4.479295E-02
  4.458173E-02
  4.437074E-02
  4.414403E-02
  4.391313E-02
  4.368254E-02
  4.345226E-02
  4.322946E-02
  4.300809E-02
  4.278707E-02
  4.257006E-02
  4.237435E-02
  4.217899E-02
  4.198396E-02
  4.180347E-02
  4.163209E-02
  4.146104E-02
  4.129415E-02
  4.113836E-02
  4.098288E-02
  4.082791E-02
  4.067577E-02
  4.052391E-02
  4.037128E-02
  4.019835E-02
  4.002566E-02
  3.984624E-02
  3.963343E-02
  3.942080E-02
  3.918994E-02
  3.893564E-02
  3.868146E-02
  3.839856E-02
  3.811033E-02
  3.781320E-02
  3.750122E-02
  3.718881E-02
  3.686383E-02
  3.653874E-02
  3.621521E-02
  3.589184E-02
  3.558043E-02
  3.527403E-02
  3.498680E-02
  3.470808E-02
  3.445783E-02
  3.421536E-02
  3.401753E-02
  3.383460E-02
  3.369467E-02
  3.359513E-02
  3.352613E-02
  3.353134E-02
  3.358783E-02
  3.370012E-02
  3.389679E-02
  3.419197E-02
  3.459002E-02
  3.512697E-02
  3.587207E-02
  3.696930E-02
  3.870177E-02
  4.154022E-02
  4.629807E-02
  5.375211E-02
  6.046702E-02
  6.185794E-02
  7.550018E-02
  2.157924E-02
  1.141428E-03
  1.528363E-01
  1.524894E-01
  1.521427E-01
  1.517962E-01
  1.514500E-01
  1.511039E-01
  1.507580E-01
  1.504124E-01
  1.500670E-01
  1.491697E-01
  1.482589E-01
  1.473586E-01
  1.464483E-01
  1.455382E-01
  1.446284E-01
  1.437187E-01
  1.427207E-01
  1.415603E-01
  1.404001E-01
  1.392400E-01
  1.380801E-01
  1.369205E-01
  1.357609E-01
  1.345899E-01
  1.333253E-01
  1.320609E-01
  1.307966E-01
  1.295326E-01
  1.282687E-01
  1.270050E-01
  1.257239E-01
  1.243846E-01
  1.230454E-01
  1.217065E-01
  1.203678E-01
  1.190292E-01
  1.176908E-01
  1.163222E-01
  1.149404E-01
  1.135589E-01
  1.121775E-01
  1.107963E-01
  1.094153E-01
  1.080495E-01
  1.066997E-01
  1.053501E-01
  1.040007E-01
  1.026515E-01
  1.013024E-01
  1.000330E-01
  9.881953E-02
  9.760619E-02
  9.639298E-02
  9.517991E-02
  9.396697E-02
  9.298950E-02
  9.201581E-02
  9.104219E-02
  9.006864E-02
  8.909517E-02
  8.832676E-02
  8.766348E-02
  8.700022E-02
  8.633700E-02
  8.567380E-02
  8.521901E-02
  8.490094E-02
  8.458290E-02
  8.426488E-02
  8.394689E-02
  8.391235E-02
  8.394895E-02
  8.398562E-02
  8.402236E-02
  8.413824E-02
  8.451116E-02
  8.488426E-02
  8.525753E-02
  8.563097E-02
  8.624669E-02
  8.688979E-02
  8.753321E-02
  8.817694E-02
  8.894018E-02
  8.973739E-02
  9.053502E-02
  9.133306E-02
  9.215940E-02
  9.299048E-02
  9.382202E-02
  9.464377E-02
  9.540770E-02
  9.617211E-02
  9.693702E-02
  9.759585E-02
  9.818934E-02
  9.878342E-02
  9.931024E-02
  9.964745E-02
  9.998547E-02
  1.003039E-01
  1.003666E-01
  1.004371E-01
  1.004973E-01
  1.003302E-01
  1.001643E-01
  9.996213E-02
  9.957871E-02
  9.919652E-02
  9.872669E-02
  9.814405E-02
  9.756250E-02
  9.683323E-02
  9.607697E-02
  9.526550E-02
  9.436165E-02
  9.345424E-02
  9.242293E-02
  9.139216E-02
  9.027366E-02
  8.913451E-02
  8.793855E-02
  8.671755E-02
  8.545757E-02
  8.417975E-02
  8.287528E-02
  8.156335E-02
  8.024518E-02
  7.893340E-02
  7.764185E-02
  7.638704E-02
  7.516107E-02
  7.402226E-02
  7.295085E-02
  7.195339E-02
  7.107108E-02
  7.032678E-02
  6.973376E-02
  6.936277E-02
  6.936503E-02
  7.007358E-02
  7.218058E-02
  7.681948E-02
  8.565971E-02
  9.983243E-02
  1.105793E-01
  1.041763E-01
  1.157586E-01
  2.522885E-02
 -4.875487E-09
 -1.354927E-04
 -1.359647E-04
 -1.364372E-04
 -1.369101E-04
 -1.373835E-04
 -1.378575E-04
 -1.383319E-04
 -1.388068E-04
 -1.392821E-04
 -1.403176E-04
 -1.413674E-04
 -1.424178E-04
 -1.434687E-04
 -1.445202E-04
 -1.455723E-04
 -1.466249E-04
 -1.476576E-04
 -1.486532E-04
 -1.496494E-04
 -1.506462E-04
 -1.516436E-04
 -1.526416E-04
 -1.536401E-04
 -1.546253E-04
 -1.554991E-04
 -1.563736E-04
 -1.572486E-04
 -1.581242E-04
 -1.590004E-04
 -1.598772E-04
 -1.607651E-04
 -1.616882E-04
 -1.626120E-04
 -1.635365E-04
 -1.644615E-04
 -1.653872E-04
 -1.663136E-04
 -1.673661E-04
 -1.684743E-04
 -1.695831E-04
 -1.706926E-04
 -1.718028E-04
 -1.729136E-04
 -1.741414E-04
 -1.754924E-04
 -1.768441E-04
 -1.781964E-04
 -1.795493E-04
 -1.809029E-04
 -1.823704E-04
 -1.839177E-04
 -1.854654E-04
 -1.870135E-04
 -1.885621E-04
 -1.901111E-04
 -1.917321E-04
 -1.933544E-04
 -1.949768E-04
 -1.965993E-04
 -1.982220E-04
 -1.998104E-04
 -2.013812E-04
 -2.029519E-04
 -2.045225E-04
 -2.060931E-04
 -2.075593E-04
 -2.089570E-04
 -2.103546E-04
 -2.117521E-04
 -2.131496E-04
 -2.143001E-04
 -2.153887E-04
 -2.164774E-04
 -2.175662E-04
 -2.185551E-04
 -2.192198E-04
 -2.198849E-04
 -2.205504E-04
 -2.212163E-04
 -2.215065E-04
 -2.217555E-04
 -2.220053E-04
 -2.222561E-04
 -2.223109E-04
 -2.223116E-04
 -2.223136E-04
 -2.223169E-04
 -2.222959E-04
 -2.222726E-04
 -2.222509E-04
 -2.222576E-04
 -2.224180E-04
 -2.225802E-04
 -2.227440E-04
 -2.231452E-04
 -2.236935E-04
 -2.242432E-04
 -2.249365E-04
 -2.260300E-04
 -2.271239E-04
 -2.282601E-04
 -2.299105E-04
 -2.315599E-04
 -2.332289E-04
 -2.353100E-04
 -2.373884E-04
 -2.395132E-04
 -2.418737E-04
 -2.442297E-04
 -2.466600E-04
 -2.491862E-04
 -2.517067E-04
 -2.543100E-04
 -2.569236E-04
 -2.595496E-04
 -2.621998E-04
 -2.648443E-04
 -2.674984E-04
 -2.701467E-04
 -2.728044E-04
 -2.754608E-04
 -2.781503E-04
 -2.808531E-04
 -2.836448E-04
 -2.864773E-04
 -2.894958E-04
 -2.925685E-04
 -2.960221E-04
 -2.996490E-04
 -3.037755E-04
 -3.085561E-04
 -3.138501E-04
 -3.207680E-04
 -3.291492E-04
 -3.392386E-04
 -3.523428E-04
 -3.696144E-04
 -3.914543E-04
 -4.191084E-04
 -4.538947E-04
 -4.966443E-04
 -5.465611E-04
 -5.994668E-04
 -6.455368E-04
 -6.667292E-04
 -6.443076E-04
 -5.987200E-04
 -2.950816E-04
  6.172238E-04
  1.066912E-03
  6.173330E-03
  6.172095E-03
  6.170863E-03
  6.169634E-03
  6.168407E-03
  6.167183E-03
  6.165962E-03
  6.164743E-03
  6.163527E-03
  6.161209E-03
  6.158865E-03
  6.156523E-03
  6.154182E-03
  6.151843E-03
  6.149506E-03
  6.147171E-03
  6.144942E-03
  6.142905E-03
  6.140870E-03
  6.138837E-03
  6.136805E-03
  6.134775E-03
  6.132747E-03
  6.130747E-03
  6.128960E-03
  6.127174E-03
  6.125391E-03
  6.123609E-03
  6.121829E-03
  6.120051E-03
  6.118258E-03
  6.116413E-03
  6.114569E-03
  6.112728E-03
  6.110889E-03
  6.109053E-03
  6.107218E-03
  6.105308E-03
  6.103368E-03
  6.101430E-03
  6.099494E-03
  6.097561E-03
  6.095631E-03
  6.093714E-03
  6.091813E-03
  6.089914E-03
  6.088019E-03
  6.086126E-03
  6.084237E-03
  6.082511E-03
  6.080901E-03
  6.079294E-03
  6.077689E-03
  6.076087E-03
  6.074489E-03
  6.073450E-03
  6.072422E-03
  6.071396E-03
  6.070372E-03
  6.069351E-03
  6.068841E-03
  6.068595E-03
  6.068350E-03
  6.068106E-03
  6.067864E-03
  6.068155E-03
  6.068797E-03
  6.069440E-03
  6.070083E-03
  6.070728E-03
  6.072123E-03
  6.073708E-03
  6.075294E-03
  6.076881E-03
  6.078691E-03
  6.081224E-03
  6.083758E-03
  6.086294E-03
  6.088832E-03
  6.092119E-03
  6.095492E-03
  6.098869E-03
  6.102248E-03
  6.106023E-03
  6.109911E-03
  6.113804E-03
  6.117701E-03
  6.121692E-03
  6.125702E-03
  6.129717E-03
  6.133701E-03
  6.137487E-03
  6.141279E-03
  6.145078E-03
  6.148541E-03
  6.151801E-03
  6.155071E-03
  6.158113E-03
  6.160502E-03
  6.162908E-03
  6.165250E-03
  6.166608E-03
  6.167991E-03
  6.169353E-03
  6.169808E-03
  6.170294E-03
  6.170677E-03
  6.170435E-03
  6.170224E-03
  6.169792E-03
  6.169065E-03
  6.168366E-03
  6.167433E-03
  6.166476E-03
  6.165536E-03
  6.164605E-03
  6.163704E-03
  6.163040E-03
  6.162397E-03
  6.162051E-03
  6.161791E-03
  6.161831E-03
  6.162015E-03
  6.162512E-03
  6.163162E-03
  6.164176E-03
  6.165303E-03
  6.167133E-03
  6.169377E-03
  6.172821E-03
  6.178255E-03
  6.185294E-03
  6.198079E-03
  6.216537E-03
  6.241753E-03
  6.279310E-03
  6.334447E-03
  6.409057E-03
  6.508698E-03
  6.639623E-03
  6.807004E-03
  7.010636E-03
  7.236153E-03
  7.440387E-03
  7.537997E-03
  7.412041E-03
  7.018299E-03
  6.491164E-03
  6.317681E-03
  7.321456E-03
 -4.631066E-04
 -4.623309E-04
 -4.615560E-04
 -4.607818E-04
 -4.600082E-04
 -4.592354E-04
 -4.584633E-04
 -4.576919E-04
 -4.569212E-04
 -4.558257E-04
 -4.547235E-04
 -4.551399E-04
 -4.540397E-04
 -4.529410E-04
 -4.518436E-04
 -4.507477E-04
 -4.495619E-04
 -4.482105E-04
 -4.468608E-04
 -4.455127E-04
 -4.441664E-04
 -4.428217E-04
 -4.414788E-04
 -4.401102E-04
 -4.385246E-04
 -4.369410E-04
 -4.353592E-04
 -4.337793E-04
 -4.322012E-04
 -4.306250E-04
 -4.289966E-04
 -4.271909E-04
 -4.253871E-04
 -4.235853E-04
 -4.217854E-04
 -4.199875E-04
 -4.181916E-04
 -4.162608E-04
 -4.142720E-04
 -4.122851E-04
 -4.103002E-04
 -4.083172E-04
 -4.063362E-04
 -4.042970E-04
 -4.021961E-04
 -4.000970E-04
 -3.979996E-04
 -3.959038E-04
 -3.938097E-04
 -3.917371E-04
 -3.896798E-04
 -3.876236E-04
 -3.855686E-04
 -3.835147E-04
 -3.814619E-04
 -3.796633E-04
 -3.778691E-04
 -3.760754E-04
 -3.742822E-04
 -3.724894E-04
 -3.709596E-04
 -3.695644E-04
 -3.681693E-04
 -3.667743E-04
 -3.653793E-04
 -3.642852E-04
 -3.633886E-04
 -3.624921E-04
 -3.615957E-04
 -3.606994E-04
 -3.602615E-04
 -3.599393E-04
 -3.596179E-04
 -3.592973E-04
 -3.591167E-04
 -3.593897E-04
 -3.596649E-04
 -3.599424E-04
 -3.602220E-04
 -3.608854E-04
 -3.615955E-04
 -3.623095E-04
 -3.630275E-04
 -3.637232E-04
 -3.644168E-04
 -3.651160E-04
 -3.658208E-04
 -3.660573E-04
 -3.662278E-04
 -3.664048E-04
 -3.664333E-04
 -3.655867E-04
 -3.647473E-04
 -3.639151E-04
 -3.621800E-04
 -3.598896E-04
 -3.576070E-04
 -3.548721E-04
 -3.508550E-04
 -3.468466E-04
 -3.427319E-04
 -3.357126E-04
 -3.302090E-04
 -3.246680E-04
 -3.181902E-04
 -3.117231E-04
 -3.051839E-04
 -2.982553E-04
 -2.913368E-04
 -2.844011E-04
 -2.774398E-04
 -2.704874E-04
 -2.637572E-04
 -2.570745E-04
 -2.505765E-04
 -2.443793E-04
 -2.382081E-04
 -2.326350E-04
 -2.270666E-04
 -2.220797E-04
 -2.172348E-04
 -2.129588E-04
 -2.089369E-04
 -2.055146E-04
 -2.023705E-04
 -1.999133E-04
 -1.976555E-04
 -1.962538E-04
 -1.951093E-04
 -1.946727E-04
 -1.948692E-04
 -1.955366E-04
 -1.973964E-04
 -2.001401E-04
 -2.038625E-04
 -2.091889E-04
 -2.165413E-04
 -2.259552E-04
 -2.378620E-04
 -2.543001E-04
 -2.722569E-04
 -2.928830E-04
 -3.144532E-04
 -3.328170E-04
 -3.399500E-04
 -3.270667E-04
 -2.972635E-04
 -1.802280E-04
  6.720675E-05
  1.706801E-09
  1.273240E+00
  1.273211E+00
  1.273125E+00
  1.272981E+00
  1.272781E+00
  1.272522E+00
  1.272207E+00
  1.271834E+00
  1.271403E+00
  1.270915E+00
  1.270369E+00
  1.269765E+00
  1.269104E+00
  1.268384E+00
  1.267607E+00
  1.266771E+00
  1.265877E+00
  1.264925E+00
  1.263915E+00
  1.262845E+00
  1.261717E+00
  1.260530E+00
  1.259284E+00
  1.257979E+00
  1.256614E+00
  1.255190E+00
  1.253705E+00
  1.252161E+00
  1.250556E+00
  1.248891E+00
  1.247165E+00
  1.245378E+00
  1.243529E+00
  1.241620E+00
  1.239648E+00
  1.237614E+00
  1.235518E+00
  1.233359E+00
  1.231136E+00
  1.228851E+00
  1.226501E+00
  1.224088E+00
  1.221610E+00
  1.219067E+00
  1.216458E+00
  1.213784E+00
  1.211044E+00
  1.208237E+00
  1.205362E+00
  1.202421E+00
  1.199411E+00
  1.196332E+00
  1.193185E+00
  1.189968E+00
  1.186680E+00
  1.183322E+00
  1.179892E+00
  1.176390E+00
  1.172816E+00
  1.169168E+00
  1.165446E+00
  1.161649E+00
  1.157776E+00
  1.153828E+00
  1.149802E+00
  1.145699E+00
  1.141516E+00
  1.137254E+00
  1.132912E+00
  1.128488E+00
  1.123982E+00
  1.119393E+00
  1.114719E+00
  1.109960E+00
  1.105114E+00
  1.100180E+00
  1.095157E+00
  1.090045E+00
  1.084841E+00
  1.079544E+00
  1.074153E+00
  1.068667E+00
  1.063083E+00
  1.057401E+00
  1.051619E+00
  1.045735E+00
  1.039748E+00
  1.033655E+00
  1.027455E+00
  1.021146E+00
  1.014726E+00
  1.008193E+00
  1.001543E+00
  9.947766E-01
  9.878894E-01
  9.808795E-01
  9.737441E-01
  9.664805E-01
  9.590857E-01
  9.515567E-01
  9.438904E-01
  9.360832E-01
  9.281318E-01
  9.200322E-01
  9.117806E-01
  9.033729E-01
  8.948045E-01
  8.860709E-01
  8.771671E-01
  8.680879E-01
  8.588277E-01
  8.493806E-01
  8.397402E-01
  8.299000E-01
  8.198525E-01
  8.095903E-01
  7.991048E-01
  7.883874E-01
  7.774283E-01
  7.662172E-01
  7.547428E-01
  7.429930E-01
  7.309546E-01
  7.186128E-01
  7.059520E-01
  6.929545E-01
  6.796012E-01
  6.658704E-01
  6.517385E-01
  6.371787E-01
  6.221609E-01
  6.066513E-01
  5.906109E-01
  5.739954E-01
  5.567532E-01
  5.388241E-01
  5.201372E-01
  5.006076E-01
  4.801325E-01
  4.585853E-01
  4.358068E-01
  4.115929E-01
  3.856731E-01
  3.576769E-01
  3.270715E-01
  2.930404E-01
  2.542116E-01
  2.079144E-01
  1.472658E-01
  0.000000E+00
  1.114453E-01
  1.114103E-01
  1.113753E-01
  1.113492E-01
  1.113319E-01
  1.113146E-01
  1.112972E-01
  1.112799E-01
  1.112625E-01
  1.112355E-01
  1.112097E-01
  1.114396E-01
  1.114147E-01
  1.113898E-01
  1.113648E-01
  1.113399E-01
  1.113105E-01
  1.112731E-01
  1.112357E-01
  1.111983E-01
  1.111608E-01
  1.111234E-01
  1.110859E-01
  1.110467E-01
  1.109938E-01
  1.109409E-01
  1.108879E-01
  1.108350E-01
  1.107820E-01
  1.107291E-01
  1.106716E-01
  1.105993E-01
  1.105270E-01
  1.104547E-01
  1.103824E-01
  1.103100E-01
  1.102377E-01
  1.101487E-01
  1.100524E-01
  1.099562E-01
  1.098599E-01
  1.097642E-01
  1.096917E-01
  1.096071E-01
  1.095100E-01
  1.094128E-01
  1.093156E-01
  1.092184E-01
  1.091212E-01
  1.090111E-01
  1.088922E-01
  1.087732E-01
  1.086541E-01
  1.085351E-01
  1.084161E-01
  1.082884E-01
  1.081606E-01
  1.080328E-01
  1.079050E-01
  1.077789E-01
  1.076571E-01
  1.075356E-01
  1.074142E-01
  1.072927E-01
  1.071712E-01
  1.070554E-01
  1.069434E-01
  1.068313E-01
  1.067192E-01
  1.066072E-01
  1.065109E-01
  1.064186E-01
  1.063262E-01
  1.062339E-01
  1.061487E-01
  1.060865E-01
  1.060242E-01
  1.059620E-01
  1.058998E-01
  1.058602E-01
  1.058232E-01
  1.057862E-01
  1.057513E-01
  1.057136E-01
  1.056738E-01
  1.056340E-01
  1.055941E-01
  1.055156E-01
  1.054310E-01
  1.053464E-01
  1.052502E-01
  1.050887E-01
  1.049272E-01
  1.047725E-01
  1.045748E-01
  1.043410E-01
  1.041071E-01
  1.038601E-01
  1.036069E-01
  1.033588E-01
  1.032879E-01
  1.034012E-01
  1.034793E-01
  1.035575E-01
  1.036533E-01
  1.037871E-01
  1.039182E-01
  1.040366E-01
  1.042161E-01
  1.043802E-01
  1.045211E-01
  1.046620E-01
  1.047571E-01
  1.048435E-01
  1.049066E-01
  1.049309E-01
  1.049531E-01
  1.049120E-01
  1.048709E-01
  1.047792E-01
  1.046753E-01
  1.045425E-01
  1.043968E-01
  1.042373E-01
  1.040714E-01
  1.039311E-01
  1.038157E-01
  1.037010E-01
  1.035876E-01
  1.035164E-01
  1.034574E-01
  1.034011E-01
  1.033516E-01
  1.033063E-01
  1.032653E-01
  1.032303E-01
  1.032200E-01
  1.032136E-01
  1.032082E-01
  1.031970E-01
  1.031936E-01
  1.031913E-01
  1.031901E-01
  1.031898E-01
  1.031905E-01
  1.031920E-01
  1.031942E-01
  1.032493E-01
  1.212302E-01
  2.269859E-02
 -1.706815E-01
 -1.576305E-01
 -1.445795E-01
 -1.315285E-01
 -1.184775E-01
 -1.054265E-01
 -9.237547E-02
 -7.932442E-02
 -6.627337E-02
 -5.276019E-02
 -3.923556E-02
  3.203589E-02
  4.555616E-02
  5.907643E-02
  7.259670E-02
  8.611696E-02
  9.981851E-02
  1.138526E-01
  1.278866E-01
  1.419206E-01
  1.559547E-01
  1.699887E-01
  1.840226E-01
  1.981167E-01
  2.126920E-01
  2.272673E-01
  2.418426E-01
  2.564179E-01
  2.709931E-01
  2.855683E-01
  3.002633E-01
  3.153570E-01
  3.304505E-01
  3.455441E-01
  3.606376E-01
  3.757310E-01
  3.908244E-01
  4.061603E-01
  4.216023E-01
  4.370443E-01
  4.524861E-01
  4.679280E-01
  4.833697E-01
  4.987139E-01
  5.139550E-01
  5.291961E-01
  5.444371E-01
  5.596780E-01
  5.749188E-01
  5.892786E-01
  6.030214E-01
  6.167641E-01
  6.305067E-01
  6.442492E-01
  6.579917E-01
  6.685375E-01
  6.790330E-01
  6.895284E-01
  7.000238E-01
  7.105191E-01
  7.180542E-01
  7.240717E-01
  7.300892E-01
  7.361067E-01
  7.421242E-01
  7.447455E-01
  7.451387E-01
  7.455320E-01
  7.459253E-01
  7.463185E-01
  7.414386E-01
  7.352362E-01
  7.290337E-01
  7.228313E-01
  7.149604E-01
  7.016683E-01
  6.883762E-01
  6.750839E-01
  6.617916E-01
  6.425061E-01
  6.225500E-01
  6.025937E-01
  5.826373E-01
  5.585540E-01
  5.333082E-01
  5.080622E-01
  4.828160E-01
  4.542045E-01
  4.250769E-01
  3.959490E-01
  3.664367E-01
  3.347394E-01
  3.030418E-01
  2.713441E-01
  2.388066E-01
  2.057496E-01
  1.726925E-01
  1.395746E-01
  1.062866E-01
  7.299846E-02
  3.978535E-02
 -4.966666E-02
 -8.195929E-02
 -1.141514E-01
 -1.443292E-01
 -1.745069E-01
 -2.041855E-01
 -2.314441E-01
 -2.587026E-01
 -2.844665E-01
 -3.083145E-01
 -3.321624E-01
 -3.529458E-01
 -3.731546E-01
 -3.919832E-01
 -4.085198E-01
 -4.249388E-01
 -4.379006E-01
 -4.508625E-01
 -4.608611E-01
 -4.701512E-01
 -4.759430E-01
 -4.801815E-01
 -4.802027E-01
 -4.782730E-01
 -4.712508E-01
 -4.627531E-01
 -4.479865E-01
 -4.314848E-01
 -4.102669E-01
 -3.855600E-01
 -3.583020E-01
 -3.260011E-01
 -2.909294E-01
 -2.530454E-01
 -2.115168E-01
 -1.666544E-01
 -1.190825E-01
 -6.875662E-02
  4.132816E-02
  9.707610E-02
  1.554209E-01
  2.162570E-01
  2.794668E-01
  3.449263E-01
  4.125094E-01
  4.820902E-01
  5.538169E-01
 -2.233330E-01
  1.966019E-01
  9.799867E-01
  9.799861E-01
  9.799855E-01
  9.799850E-01
  9.799845E-01
  9.799840E-01
  9.799837E-01
  9.799833E-01
  9.799830E-01
  9.799828E-01
  9.799826E-01
  9.799825E-01
  9.799827E-01
  9.799829E-01
  9.799832E-01
  9.799835E-01
  9.799839E-01
  9.799843E-01
  9.799848E-01
  9.799854E-01
  9.799860E-01
  9.799867E-01
  9.799874E-01
  9.799882E-01
  9.799891E-01
  9.799901E-01
  9.799911E-01
  9.799922E-01
  9.799933E-01
  9.799945E-01
  9.799958E-01
  9.799972E-01
  9.799987E-01
  9.800002E-01
  9.800018E-01
  9.800034E-01
  9.800052E-01
  9.800070E-01
  9.800089E-01
  9.800109E-01
  9.800129E-01
  9.800151E-01
  9.800173E-01
  9.800195E-01
  9.800218E-01
  9.800242E-01
  9.800266E-01
  9.800291E-01
  9.800317E-01
  9.800342E-01
  9.800367E-01
  9.800392E-01
  9.800417E-01
  9.800443E-01
  9.800470E-01
  9.800491E-01
  9.800512E-01
  9.800533E-01
  9.800555E-01
  9.800577E-01
  9.800593E-01
  9.800606E-01
  9.800619E-01
  9.800633E-01
  9.800646E-01
  9.800652E-01
  9.800653E-01
  9.800653E-01
  9.800654E-01
  9.800655E-01
  9.800644E-01
  9.800631E-01
  9.800617E-01
  9.800604E-01
  9.800587E-01
  9.800559E-01
  9.800531E-01
  9.800504E-01
  9.800478E-01
  9.800440E-01
  9.800402E-01
  9.800366E-01
  9.800330E-01
  9.800289E-01
  9.800248E-01
  9.800209E-01
  9.800172E-01
  9.800132E-01
  9.800093E-01
  9.800058E-01
  9.800024E-01
  9.799991E-01
  9.799961E-01
  9.799934E-01
  9.799909E-01
  9.799887E-01
  9.799868E-01
  9.799853E-01
  9.799841E-01
  9.799832E-01
  9.799826E-01
  9.799827E-01
  9.799834E-01
  9.799843E-01
  9.799855E-01
  9.799869E-01
  9.799886E-01
  9.799904E-01
  9.799924E-01
  9.799945E-01
  9.799966E-01
  9.799988E-01
  9.800010E-01
  9.800032E-01
  9.800053E-01
  9.800073E-01
  9.800093E-01
  9.800110E-01
  9.800127E-01
  9.800141E-01
  9.800154E-01
  9.800162E-01
  9.800168E-01
  9.800168E-01
  9.800165E-01
  9.800155E-01
  9.800143E-01
  9.800123E-01
  9.800102E-01
  9.800075E-01
  9.800046E-01
  9.800015E-01
  9.799982E-01
  9.799950E-01
  9.799919E-01
  9.799891E-01
  9.799865E-01
  9.799845E-01
  9.799831E-01
  9.799826E-01
  9.799838E-01
  9.799860E-01
  9.799894E-01
  9.799940E-01
  9.800001E-01
  9.800078E-01
  9.800171E-01
  9.800282E-01
  7.134829E-01
  4.028575E-06
 -4.037018E+02
 -4.029244E+02
 -4.021463E+02
 -4.013673E+02
 -4.005875E+02
 -3.998069E+02
 -3.990255E+02
 -3.982433E+02
 -3.974602E+02
 -3.959847E+02
 -3.944909E+02
 -3.929957E+02
 -3.914992E+02
 -3.900015E+02
 -3.885025E+02
 -3.870021E+02
 -3.855504E+02
 -3.841891E+02
 -3.828267E+02
 -3.814632E+02
 -3.800986E+02
 -3.787329E+02
 -3.773660E+02
 -3.759908E+02
 -3.745574E+02
 -3.731228E+02
 -3.716870E+02
 -3.702501E+02
 -3.688120E+02
 -3.673727E+02
 -3.658850E+02
 -3.642393E+02
 -3.625923E+02
 -3.609442E+02
 -3.592948E+02
 -3.576442E+02
 -3.559924E+02
 -3.541017E+02
 -3.521058E+02
 -3.501088E+02
 -3.481107E+02
 -3.461115E+02
 -3.441111E+02
 -3.419121E+02
 -3.395038E+02
 -3.370947E+02
 -3.346848E+02
 -3.322740E+02
 -3.298623E+02
 -3.272770E+02
 -3.245704E+02
 -3.218635E+02
 -3.191562E+02
 -3.164486E+02
 -3.137407E+02
 -3.110098E+02
 -3.082788E+02
 -3.055480E+02
 -3.028175E+02
 -3.000872E+02
 -2.975058E+02
 -2.950009E+02
 -2.924967E+02
 -2.899930E+02
 -2.874898E+02
 -2.852330E+02
 -2.831378E+02
 -2.810431E+02
 -2.789488E+02
 -2.768549E+02
 -2.752054E+02
 -2.736672E+02
 -2.721288E+02
 -2.705903E+02
 -2.691884E+02
 -2.682302E+02
 -2.672710E+02
 -2.663106E+02
 -2.653493E+02
 -2.647591E+02
 -2.642086E+02
 -2.636561E+02
 -2.631016E+02
 -2.625879E+02
 -2.620837E+02
 -2.615770E+02
 -2.610677E+02
 -2.602564E+02
 -2.593964E+02
 -2.585339E+02
 -2.575765E+02
 -2.560920E+02
 -2.546051E+02
 -2.531160E+02
 -2.512085E+02
 -2.490419E+02
 -2.468736E+02
 -2.445402E+02
 -2.417463E+02
 -2.389518E+02
 -2.361189E+02
 -2.328205E+02
 -2.295225E+02
 -2.262132E+02
 -2.226696E+02
 -2.191269E+02
 -2.155786E+02
 -2.119987E+02
 -2.084202E+02
 -2.048389E+02
 -2.012539E+02
 -1.976702E+02
 -1.940254E+02
 -1.903704E+02
 -1.866558E+02
 -1.828417E+02
 -1.790212E+02
 -1.749545E+02
 -1.708910E+02
 -1.665080E+02
 -1.620528E+02
 -1.572150E+02
 -1.522120E+02
 -1.467412E+02
 -1.410594E+02
 -1.347638E+02
 -1.282971E+02
 -1.209750E+02
 -1.133891E+02
 -1.050558E+02
 -9.606468E+01
 -8.657995E+01
 -7.593052E+01
 -6.448572E+01
 -5.217472E+01
 -3.854642E+01
 -2.337685E+01
 -6.640438E+00
  1.208954E+01
  3.349957E+01
  5.879517E+01
  9.009074E+01
  1.307466E+02
  1.860572E+02
  2.604980E+02
  3.366263E+02
  3.898227E+02
  4.945230E+02
  1.021002E+02
  4.036110E-04
  1.116127E+04
  1.115882E+04
  1.115638E+04
  1.115395E+04
  1.115152E+04
  1.114910E+04
  1.114669E+04
  1.114428E+04
  1.114188E+04
  1.113114E+04
  1.112020E+04
  1.110926E+04
  1.109833E+04
  1.108742E+04
  1.107650E+04
  1.106560E+04
  1.105160E+04
  1.103193E+04
  1.101226E+04
  1.099260E+04
  1.097294E+04
  1.095330E+04
  1.093366E+04
  1.091363E+04
  1.089042E+04
  1.086723E+04
  1.084404E+04
  1.082086E+04
  1.079768E+04
  1.077452E+04
  1.075071E+04
  1.072478E+04
  1.069885E+04
  1.067293E+04
  1.064701E+04
  1.062111E+04
  1.059521E+04
  1.056728E+04
  1.053847E+04
  1.050966E+04
  1.048087E+04
  1.045208E+04
  1.042331E+04
  1.039351E+04
  1.036263E+04
  1.033177E+04
  1.030091E+04
  1.027006E+04
  1.023922E+04
  1.020777E+04
  1.017590E+04
  1.014403E+04
  1.011217E+04
  1.008031E+04
  1.004847E+04
  1.001638E+04
  9.984299E+03
  9.952220E+03
  9.920146E+03
  9.888076E+03
  9.856269E+03
  9.824597E+03
  9.792929E+03
  9.761264E+03
  9.729603E+03
  9.698367E+03
  9.667411E+03
  9.636458E+03
  9.605509E+03
  9.574562E+03
  9.543956E+03
  9.513438E+03
  9.482924E+03
  9.452415E+03
  9.421832E+03
  9.390999E+03
  9.360173E+03
  9.329354E+03
  9.298541E+03
  9.266714E+03
  9.234782E+03
  9.202859E+03
  9.170946E+03
  9.137577E+03
  9.103808E+03
  9.070051E+03
  9.036308E+03
  9.000163E+03
  8.963664E+03
  8.927180E+03
  8.890146E+03
  8.849904E+03
  8.809683E+03
  8.769481E+03
  8.726419E+03
  8.681602E+03
  8.636810E+03
  8.590682E+03
  8.540766E+03
  8.490886E+03
  8.440636E+03
  8.385479E+03
  8.330364E+03
  8.275030E+03
  8.214476E+03
  8.153966E+03
  8.092550E+03
  8.026563E+03
  7.960617E+03
  7.892353E+03
  7.821101E+03
  7.749885E+03
  7.674398E+03
  7.598135E+03
  7.520111E+03
  7.439144E+03
  7.358056E+03
  7.272716E+03
  7.187400E+03
  7.098783E+03
  7.009396E+03
  6.917301E+03
  6.824019E+03
  6.727983E+03
  6.630686E+03
  6.530183E+03
  6.428768E+03
  6.323521E+03
  6.217261E+03
  6.108223E+03
  5.997175E+03
  5.884659E+03
  5.769195E+03
  5.652009E+03
  5.533013E+03
  5.411465E+03
  5.287293E+03
  5.160989E+03
  5.033001E+03
  4.905115E+03
  4.782519E+03
  4.676952E+03
  4.607917E+03
  4.612492E+03
  4.727032E+03
  4.703484E+03
  4.239463E+03
  4.710107E+03
  1.392090E+03
 -1.430155E-04
  1.078757E+02
  1.082495E+02
  1.086235E+02
  1.089975E+02
  1.093717E+02
  1.097460E+02
  1.101204E+02
  1.104949E+02
  1.108696E+02
  1.116171E+02
  1.123741E+02
  1.131312E+02
  1.138885E+02
  1.146459E+02
  1.154035E+02
  1.161612E+02
  1.169292E+02
  1.177161E+02
  1.185031E+02
  1.192902E+02
  1.200776E+02
  1.208650E+02
  1.216527E+02
  1.224591E+02
  1.234141E+02
  1.243693E+02
  1.253247E+02
  1.262803E+02
  1.272361E+02
  1.281921E+02
  1.291837E+02
  1.302933E+02
  1.314030E+02
  1.325130E+02
  1.336232E+02
  1.347336E+02
  1.358443E+02
  1.368837E+02
  1.378921E+02
  1.389007E+02
  1.399095E+02
  1.409185E+02
  1.419278E+02
  1.424786E+02
  1.425454E+02
  1.426124E+02
  1.426796E+02
  1.427468E+02
  1.428143E+02
  1.415733E+02
  1.394157E+02
  1.372582E+02
  1.351006E+02
  1.329430E+02
  1.307854E+02
  1.263210E+02
  1.218203E+02
  1.173195E+02
  1.128187E+02
  1.083178E+02
  1.026674E+02
  9.642796E+01
  9.018860E+01
  8.394935E+01
  7.771022E+01
  7.035557E+01
  6.226948E+01
  5.418385E+01
  4.609867E+01
  3.801396E+01
  2.845787E+01
  1.853349E+01
  8.609963E+00
 -1.312720E+00
 -1.128809E+01
 -2.143642E+01
 -3.158377E+01
 -4.173018E+01
 -5.187566E+01
 -5.806740E+01
 -6.381649E+01
 -6.956516E+01
 -7.531344E+01
 -7.477358E+01
 -7.246322E+01
 -7.015345E+01
 -6.784427E+01
 -5.833337E+01
 -4.771993E+01
 -3.710837E+01
 -2.531854E+01
 -6.818913E+00
  1.167702E+01
  3.016939E+01
  5.291678E+01
  7.829245E+01
  1.036624E+02
  1.295245E+02
  1.567763E+02
  1.840208E+02
  2.108790E+02
  2.330835E+02
  2.552813E+02
  2.771305E+02
  2.921096E+02
  3.070838E+02
  3.209854E+02
  3.297044E+02
  3.384199E+02
  3.449451E+02
  3.486641E+02
  3.523805E+02
  3.528932E+02
  3.528040E+02
  3.516505E+02
  3.487310E+02
  3.457232E+02
  3.401471E+02
  3.345710E+02
  3.244992E+02
  3.133550E+02
  2.967125E+02
  2.776328E+02
  2.546438E+02
  2.298501E+02
  2.029383E+02
  1.754163E+02
  1.472538E+02
  1.192247E+02
  9.168975E+01
  6.502052E+01
  3.901004E+01
  1.477454E+01
 -8.263955E+00
 -3.003675E+01
 -4.998327E+01
 -6.802842E+01
 -8.435052E+01
 -9.870334E+01
 -1.107432E+02
 -1.199296E+02
 -1.253837E+02
 -1.258486E+02
 -1.205018E+02
 -1.103671E+02
 -9.585288E+01
 -8.543171E+01
  8.117762E+02
  4.691687E+03
  2.897771E-02
