 Title= "ADflow Lift Distribution Data"
Variables = "eta" "CoordinateX" "CoordinateY" "CoordinateZ" "Lift" "Drag" "Moment" "Normalized Lift" "Normalized Drag" "Normalized Moment" "CL" "CD" "CM" "CLp" "CDp" "CMp" "CLv" "CDv" "CMv" "Elliptical" "thickness" "twist" "chord" "fx" "fy" "fz" 
Zone T= "LiftDist_01 allWalls: : z normal"
 I=          150
 DATAPACKING=BLOCK
  0.000000E+00
  6.711405E-03
  1.342281E-02
  2.013422E-02
  2.684563E-02
  3.355704E-02
  4.026845E-02
  4.697986E-02
  5.369127E-02
  6.040268E-02
  6.711409E-02
  7.382550E-02
  8.053691E-02
  8.724832E-02
  9.395973E-02
  1.006711E-01
  1.073825E-01
  1.140940E-01
  1.208054E-01
  1.275168E-01
  1.342282E-01
  1.409396E-01
  1.476510E-01
  1.543624E-01
  1.610738E-01
  1.677852E-01
  1.744966E-01
  1.812081E-01
  1.879195E-01
  1.946309E-01
  2.013423E-01
  2.080537E-01
  2.147651E-01
  2.214765E-01
  2.281879E-01
  2.348993E-01
  2.416107E-01
  2.483221E-01
  2.550336E-01
  2.617450E-01
  2.684564E-01
  2.751678E-01
  2.818792E-01
  2.885906E-01
  2.953020E-01
  3.020134E-01
  3.087248E-01
  3.154362E-01
  3.221476E-01
  3.288591E-01
  3.355705E-01
  3.422819E-01
  3.489933E-01
  3.557047E-01
  3.624161E-01
  3.691275E-01
  3.758389E-01
  3.825503E-01
  3.892617E-01
  3.959732E-01
  4.026846E-01
  4.093960E-01
  4.161074E-01
  4.228188E-01
  4.295302E-01
  4.362416E-01
  4.429530E-01
  4.496644E-01
  4.563758E-01
  4.630872E-01
  4.697987E-01
  4.765101E-01
  4.832215E-01
  4.899329E-01
  4.966443E-01
  5.033557E-01
  5.100671E-01
  5.167785E-01
  5.234899E-01
  5.302013E-01
  5.369128E-01
  5.436242E-01
  5.503356E-01
  5.570470E-01
  5.637584E-01
  5.704698E-01
  5.771812E-01
  5.838926E-01
  5.906040E-01
  5.973154E-01
  6.040268E-01
  6.107383E-01
  6.174497E-01
  6.241611E-01
  6.308725E-01
  6.375839E-01
  6.442953E-01
  6.510067E-01
  6.577181E-01
  6.644295E-01
  6.711409E-01
  6.778524E-01
  6.845638E-01
  6.912752E-01
  6.979866E-01
  7.046980E-01
  7.114094E-01
  7.181208E-01
  7.248322E-01
  7.315436E-01
  7.382550E-01
  7.449664E-01
  7.516779E-01
  7.583893E-01
  7.651007E-01
  7.718121E-01
  7.785235E-01
  7.852349E-01
  7.919463E-01
  7.986577E-01
  8.053691E-01
  8.120805E-01
  8.187919E-01
  8.255034E-01
  8.322148E-01
  8.389262E-01
  8.456376E-01
  8.523490E-01
  8.590604E-01
  8.657718E-01
  8.724832E-01
  8.791946E-01
  8.859060E-01
  8.926175E-01
  8.993289E-01
  9.060403E-01
  9.127517E-01
  9.194631E-01
  9.261745E-01
  9.328859E-01
  9.395973E-01
  9.463087E-01
  9.530201E-01
  9.597315E-01
  9.664430E-01
  9.731544E-01
  9.798658E-01
  9.865772E-01
  9.932886E-01
  1.000000E+00
  0.000000E+00
  0.000000E+00
  0.000000E+00
  0.000000E+00
  0.000000E+00
  0.000000E+00
  0.000000E+00
  0.000000E+00
  0.000000E+00
  0.000000E+00
  0.000000E+00
  0.000000E+00
  0.000000E+00
  0.000000E+00
  0.000000E+00
  0.000000E+00
  0.000000E+00
  0.000000E+00
  0.000000E+00
  0.000000E+00
  0.000000E+00
  0.000000E+00
  0.000000E+00
  0.000000E+00
  0.000000E+00
  0.000000E+00
  0.000000E+00
  0.000000E+00
  0.000000E+00
  0.000000E+00
  0.000000E+00
  0.000000E+00
  0.000000E+00
  0.000000E+00
  0.000000E+00
  0.000000E+00
  0.000000E+00
  0.000000E+00
  0.000000E+00
  0.000000E+00
  0.000000E+00
  0.000000E+00
  0.000000E+00
  0.000000E+00
  0.000000E+00
  0.000000E+00
  0.000000E+00
  0.000000E+00
  0.000000E+00
  0.000000E+00
  0.000000E+00
  0.000000E+00
  0.000000E+00
  0.000000E+00
  0.000000E+00
  0.000000E+00
  0.000000E+00
  0.000000E+00
  0.000000E+00
  0.000000E+00
  0.000000E+00
  0.000000E+00
  0.000000E+00
  0.000000E+00
  0.000000E+00
  0.000000E+00
  0.000000E+00
  0.000000E+00
  0.000000E+00
  0.000000E+00
  0.000000E+00
  0.000000E+00
  0.000000E+00
  0.000000E+00
  0.000000E+00
  0.000000E+00
  0.000000E+00
  0.000000E+00
  0.000000E+00
  0.000000E+00
  0.000000E+00
  0.000000E+00
  0.000000E+00
  0.000000E+00
  0.000000E+00
  0.000000E+00
  0.000000E+00
  0.000000E+00
  0.000000E+00
  0.000000E+00
  0.000000E+00
  0.000000E+00
  0.000000E+00
  0.000000E+00
  0.000000E+00
  0.000000E+00
  0.000000E+00
  0.000000E+00
  0.000000E+00
  0.000000E+00
  0.000000E+00
  0.000000E+00
  0.000000E+00
  0.000000E+00
  0.000000E+00
  0.000000E+00
  0.000000E+00
  0.000000E+00
  0.000000E+00
  0.000000E+00
  0.000000E+00
  0.000000E+00
  0.000000E+00
  0.000000E+00
  0.000000E+00
  0.000000E+00
  0.000000E+00
  0.000000E+00
  0.000000E+00
  0.000000E+00
  0.000000E+00
  0.000000E+00
  0.000000E+00
  0.000000E+00
  0.000000E+00
  0.000000E+00
  0.000000E+00
  0.000000E+00
  0.000000E+00
  0.000000E+00
  0.000000E+00
  0.000000E+00
  0.000000E+00
  0.000000E+00
  0.000000E+00
  0.000000E+00
  0.000000E+00
  0.000000E+00
  0.000000E+00
  0.000000E+00
  0.000000E+00
  0.000000E+00
  0.000000E+00
  0.000000E+00
  0.000000E+00
  0.000000E+00
  0.000000E+00
  0.000000E+00
  0.000000E+00
  0.000000E+00
  0.000000E+00
  0.000000E+00
  0.000000E+00
  0.000000E+00
  0.000000E+00
  0.000000E+00
  0.000000E+00
  0.000000E+00
  0.000000E+00
  0.000000E+00
  0.000000E+00
  0.000000E+00
  0.000000E+00
  0.000000E+00
  0.000000E+00
  0.000000E+00
  0.000000E+00
  0.000000E+00
  0.000000E+00
  0.000000E+00
  0.000000E+00
  0.000000E+00
  0.000000E+00
  0.000000E+00
  0.000000E+00
  0.000000E+00
  0.000000E+00
  0.000000E+00
  0.000000E+00
  0.000000E+00
  0.000000E+00
  0.000000E+00
  0.000000E+00
  0.000000E+00
  0.000000E+00
  0.000000E+00
  0.000000E+00
  0.000000E+00
  0.000000E+00
  0.000000E+00
  0.000000E+00
  0.000000E+00
  0.000000E+00
  0.000000E+00
  0.000000E+00
  0.000000E+00
  0.000000E+00
  0.000000E+00
  0.000000E+00
  0.000000E+00
  0.000000E+00
  0.000000E+00
  0.000000E+00
  0.000000E+00
  0.000000E+00
  0.000000E+00
  0.000000E+00
  0.000000E+00
  0.000000E+00
  0.000000E+00
  0.000000E+00
  0.000000E+00
  0.000000E+00
  0.000000E+00
  0.000000E+00
  0.000000E+00
  0.000000E+00
  0.000000E+00
  0.000000E+00
  0.000000E+00
  0.000000E+00
  0.000000E+00
  0.000000E+00
  0.000000E+00
  0.000000E+00
  0.000000E+00
  0.000000E+00
  0.000000E+00
  0.000000E+00
  0.000000E+00
  0.000000E+00
  0.000000E+00
  0.000000E+00
  0.000000E+00
  0.000000E+00
  0.000000E+00
  0.000000E+00
  0.000000E+00
  0.000000E+00
  0.000000E+00
  0.000000E+00
  0.000000E+00
  0.000000E+00
  0.000000E+00
  0.000000E+00
  0.000000E+00
  0.000000E+00
  0.000000E+00
  0.000000E+00
  0.000000E+00
  0.000000E+00
  0.000000E+00
  0.000000E+00
  0.000000E+00
  0.000000E+00
  0.000000E+00
  0.000000E+00
  0.000000E+00
  0.000000E+00
  0.000000E+00
  0.000000E+00
  0.000000E+00
  0.000000E+00
  0.000000E+00
  0.000000E+00
  0.000000E+00
  0.000000E+00
  0.000000E+00
  0.000000E+00
  0.000000E+00
  0.000000E+00
  0.000000E+00
  0.000000E+00
  0.000000E+00
  0.000000E+00
  0.000000E+00
  0.000000E+00
  0.000000E+00
  0.000000E+00
  0.000000E+00
  0.000000E+00
  0.000000E+00
  0.000000E+00
  0.000000E+00
  0.000000E+00
  0.000000E+00
  0.000000E+00
  0.000000E+00
  0.000000E+00
  0.000000E+00
  0.000000E+00
  0.000000E+00
  0.000000E+00
  0.000000E+00
  0.000000E+00
  0.000000E+00
  0.000000E+00
  0.000000E+00
  0.000000E+00
  0.000000E+00
  1.000000E-08
  1.695085E-02
  3.390169E-02
  5.085254E-02
  6.780338E-02
  8.475423E-02
  1.017051E-01
  1.186559E-01
  1.356068E-01
  1.525576E-01
  1.695085E-01
  1.864593E-01
  2.034101E-01
  2.203610E-01
  2.373118E-01
  2.542627E-01
  2.712135E-01
  2.881644E-01
  3.051152E-01
  3.220661E-01
  3.390169E-01
  3.559678E-01
  3.729186E-01
  3.898694E-01
  4.068203E-01
  4.237711E-01
  4.407220E-01
  4.576728E-01
  4.746237E-01
  4.915745E-01
  5.085254E-01
  5.254762E-01
  5.424271E-01
  5.593779E-01
  5.763287E-01
  5.932796E-01
  6.102304E-01
  6.271813E-01
  6.441321E-01
  6.610830E-01
  6.780338E-01
  6.949847E-01
  7.119355E-01
  7.288864E-01
  7.458372E-01
  7.627880E-01
  7.797389E-01
  7.966897E-01
  8.136406E-01
  8.305914E-01
  8.475423E-01
  8.644931E-01
  8.814440E-01
  8.983948E-01
  9.153457E-01
  9.322965E-01
  9.492473E-01
  9.661982E-01
  9.831490E-01
  1.000100E+00
  1.017051E+00
  1.034002E+00
  1.050952E+00
  1.067903E+00
  1.084854E+00
  1.101805E+00
  1.118756E+00
  1.135707E+00
  1.152657E+00
  1.169608E+00
  1.186559E+00
  1.203510E+00
  1.220461E+00
  1.237412E+00
  1.254363E+00
  1.271313E+00
  1.288264E+00
  1.305215E+00
  1.322166E+00
  1.339117E+00
  1.356068E+00
  1.373018E+00
  1.389969E+00
  1.406920E+00
  1.423871E+00
  1.440822E+00
  1.457773E+00
  1.474724E+00
  1.491674E+00
  1.508625E+00
  1.525576E+00
  1.542527E+00
  1.559478E+00
  1.576429E+00
  1.593379E+00
  1.610330E+00
  1.627281E+00
  1.644232E+00
  1.661183E+00
  1.678134E+00
  1.695085E+00
  1.712035E+00
  1.728986E+00
  1.745937E+00
  1.762888E+00
  1.779839E+00
  1.796790E+00
  1.813740E+00
  1.830691E+00
  1.847642E+00
  1.864593E+00
  1.881544E+00
  1.898495E+00
  1.915446E+00
  1.932396E+00
  1.949347E+00
  1.966298E+00
  1.983249E+00
  2.000200E+00
  2.017151E+00
  2.034101E+00
  2.051052E+00
  2.068003E+00
  2.084954E+00
  2.101905E+00
  2.118856E+00
  2.135807E+00
  2.152757E+00
  2.169708E+00
  2.186659E+00
  2.203610E+00
  2.220561E+00
  2.237512E+00
  2.254462E+00
  2.271413E+00
  2.288364E+00
  2.305315E+00
  2.322266E+00
  2.339217E+00
  2.356168E+00
  2.373118E+00
  2.390069E+00
  2.407020E+00
  2.423971E+00
  2.440922E+00
  2.457873E+00
  2.474823E+00
  2.491774E+00
  2.508725E+00
  2.525676E+00
  1.105296E+04
  1.105118E+04
  1.104941E+04
  1.104763E+04
  1.104586E+04
  1.104408E+04
  1.104231E+04
  1.104053E+04
  1.103876E+04
  1.103342E+04
  1.102800E+04
  1.102257E+04
  1.101715E+04
  1.101172E+04
  1.100630E+04
  1.100087E+04
  1.099429E+04
  1.098558E+04
  1.097687E+04
  1.096817E+04
  1.095946E+04
  1.095075E+04
  1.094204E+04
  1.093300E+04
  1.092128E+04
  1.090956E+04
  1.089785E+04
  1.088613E+04
  1.087441E+04
  1.086269E+04
  1.085023E+04
  1.083529E+04
  1.082036E+04
  1.080542E+04
  1.079048E+04
  1.077555E+04
  1.076061E+04
  1.074332E+04
  1.072501E+04
  1.070669E+04
  1.068838E+04
  1.067006E+04
  1.065175E+04
  1.063179E+04
  1.061008E+04
  1.058837E+04
  1.056666E+04
  1.054495E+04
  1.052325E+04
  1.049952E+04
  1.047437E+04
  1.044922E+04
  1.042407E+04
  1.039893E+04
  1.037378E+04
  1.034518E+04
  1.031653E+04
  1.028789E+04
  1.025924E+04
  1.023059E+04
  1.019965E+04
  1.016753E+04
  1.013542E+04
  1.010330E+04
  1.007119E+04
  1.003696E+04
  1.000135E+04
  9.965740E+03
  9.930133E+03
  9.894529E+03
  9.855988E+03
  9.816712E+03
  9.777440E+03
  9.738171E+03
  9.698008E+03
  9.654931E+03
  9.611858E+03
  9.568786E+03
  9.525718E+03
  9.479211E+03
  9.432322E+03
  9.385435E+03
  9.338550E+03
  9.288757E+03
  9.238148E+03
  9.187540E+03
  9.136935E+03
  9.083452E+03
  9.029529E+03
  8.975610E+03
  8.921283E+03
  8.864619E+03
  8.807960E+03
  8.751308E+03
  8.693124E+03
  8.634001E+03
  8.574890E+03
  8.515152E+03
  8.453639E+03
  8.392153E+03
  8.330525E+03
  8.266878E+03
  8.203272E+03
  8.139586E+03
  8.073568E+03
  8.007598E+03
  7.941105E+03
  7.871906E+03
  7.802754E+03
  7.731885E+03
  7.658799E+03
  7.585754E+03
  7.509054E+03
  7.431697E+03
  7.352680E+03
  7.270880E+03
  7.188959E+03
  7.102744E+03
  7.016548E+03
  6.926860E+03
  6.836348E+03
  6.742902E+03
  6.648159E+03
  6.550565E+03
  6.451659E+03
  6.349667E+03
  6.246789E+03
  6.140381E+03
  6.033044E+03
  5.923185E+03
  5.811505E+03
  5.698491E+03
  5.582793E+03
  5.465497E+03
  5.346510E+03
  5.225091E+03
  5.101064E+03
  4.974773E+03
  4.846425E+03
  4.717351E+03
  4.591920E+03
  4.480551E+03
  4.401025E+03
  4.388666E+03
  4.480605E+03
  4.444955E+03
  4.004322E+03
  4.499565E+03
  1.345870E+03
 -1.181778E-04
  6.261219E+02
  6.260925E+02
  6.260631E+02
  6.260337E+02
  6.260043E+02
  6.259750E+02
  6.259456E+02
  6.259163E+02
  6.258870E+02
  6.258150E+02
  6.257420E+02
  6.256690E+02
  6.255960E+02
  6.255230E+02
  6.254500E+02
  6.253771E+02
  6.253041E+02
  6.252312E+02
  6.251583E+02
  6.250854E+02
  6.250125E+02
  6.249396E+02
  6.248667E+02
  6.247920E+02
  6.247027E+02
  6.246135E+02
  6.245242E+02
  6.244349E+02
  6.243456E+02
  6.242564E+02
  6.241468E+02
  6.239696E+02
  6.237924E+02
  6.236152E+02
  6.234379E+02
  6.232607E+02
  6.230834E+02
  6.228317E+02
  6.225474E+02
  6.222630E+02
  6.219785E+02
  6.216941E+02
  6.214095E+02
  6.210660E+02
  6.206601E+02
  6.202542E+02
  6.198482E+02
  6.194420E+02
  6.190358E+02
  6.185186E+02
  6.179236E+02
  6.173285E+02
  6.167331E+02
  6.161377E+02
  6.155420E+02
  6.146894E+02
  6.138326E+02
  6.129756E+02
  6.121184E+02
  6.112610E+02
  6.102320E+02
  6.091150E+02
  6.079977E+02
  6.068803E+02
  6.057626E+02
  6.045051E+02
  6.031557E+02
  6.018061E+02
  6.004563E+02
  5.991062E+02
  5.976014E+02
  5.960575E+02
  5.945134E+02
  5.929689E+02
  5.913993E+02
  5.897486E+02
  5.880976E+02
  5.864463E+02
  5.847947E+02
  5.830328E+02
  5.812584E+02
  5.794837E+02
  5.777088E+02
  5.756990E+02
  5.736231E+02
  5.715470E+02
  5.694706E+02
  5.670121E+02
  5.644951E+02
  5.619781E+02
  5.593841E+02
  5.563520E+02
  5.533210E+02
  5.502910E+02
  5.468166E+02
  5.430698E+02
  5.393264E+02
  5.353630E+02
  5.307787E+02
  5.262022E+02
  5.215891E+02
  5.164433E+02
  5.113091E+02
  5.061767E+02
  5.008651E+02
  4.955659E+02
  4.902873E+02
  4.850613E+02
  4.798459E+02
  4.747528E+02
  4.698114E+02
  4.648774E+02
  4.603112E+02
  4.558168E+02
  4.515276E+02
  4.475745E+02
  4.436416E+02
  4.402819E+02
  4.369206E+02
  4.340674E+02
  4.313330E+02
  4.290180E+02
  4.268871E+02
  4.251214E+02
  4.235235E+02
  4.223118E+02
  4.212125E+02
  4.206022E+02
  4.201465E+02
  4.201144E+02
  4.204680E+02
  4.211187E+02
  4.224815E+02
  4.243645E+02
  4.268225E+02
  4.301730E+02
  4.346123E+02
  4.402130E+02
  4.473793E+02
  4.568520E+02
  4.701137E+02
  4.900151E+02
  5.212156E+02
  5.719076E+02
  6.500759E+02
  7.189171E+02
  7.318107E+02
  8.834313E+02
  2.136130E+02
  3.890732E-04
  1.805076E+03
  1.804471E+03
  1.803865E+03
  1.803259E+03
  1.802653E+03
  1.802047E+03
  1.801442E+03
  1.800836E+03
  1.800230E+03
  1.798722E+03
  1.797192E+03
  1.795661E+03
  1.794131E+03
  1.792601E+03
  1.791071E+03
  1.789540E+03
  1.787835E+03
  1.785809E+03
  1.783783E+03
  1.781757E+03
  1.779731E+03
  1.777705E+03
  1.775679E+03
  1.773595E+03
  1.771039E+03
  1.768484E+03
  1.765929E+03
  1.763373E+03
  1.760818E+03
  1.758263E+03
  1.755559E+03
  1.752362E+03
  1.749165E+03
  1.745967E+03
  1.742770E+03
  1.739573E+03
  1.736376E+03
  1.732712E+03
  1.728844E+03
  1.724977E+03
  1.721109E+03
  1.717241E+03
  1.713373E+03
  1.709183E+03
  1.704652E+03
  1.700122E+03
  1.695591E+03
  1.691061E+03
  1.686530E+03
  1.681595E+03
  1.676376E+03
  1.671158E+03
  1.665940E+03
  1.660722E+03
  1.655504E+03
  1.649625E+03
  1.643737E+03
  1.637848E+03
  1.631961E+03
  1.626073E+03
  1.619816E+03
  1.613371E+03
  1.606926E+03
  1.600482E+03
  1.594038E+03
  1.587291E+03
  1.580345E+03
  1.573400E+03
  1.566456E+03
  1.559512E+03
  1.552216E+03
  1.544832E+03
  1.537449E+03
  1.530066E+03
  1.522648E+03
  1.515114E+03
  1.507580E+03
  1.500047E+03
  1.492514E+03
  1.485034E+03
  1.477560E+03
  1.470087E+03
  1.462614E+03
  1.455111E+03
  1.447601E+03
  1.440091E+03
  1.432582E+03
  1.425123E+03
  1.417672E+03
  1.410222E+03
  1.402831E+03
  1.395772E+03
  1.388716E+03
  1.381662E+03
  1.374797E+03
  1.368053E+03
  1.361313E+03
  1.354538E+03
  1.347656E+03
  1.340785E+03
  1.333900E+03
  1.326737E+03
  1.319592E+03
  1.312442E+03
  1.304869E+03
  1.297317E+03
  1.289613E+03
  1.281091E+03
  1.272592E+03
  1.263439E+03
  1.253441E+03
  1.243462E+03
  1.231997E+03
  1.220265E+03
  1.207846E+03
  1.194275E+03
  1.180653E+03
  1.165258E+03
  1.149870E+03
  1.133144E+03
  1.116101E+03
  1.098136E+03
  1.079762E+03
  1.060727E+03
  1.041387E+03
  1.021597E+03
  1.001679E+03
  9.816078E+02
  9.616027E+02
  9.418166E+02
  9.224689E+02
  9.034671E+02
  8.855186E+02
  8.683839E+02
  8.521382E+02
  8.372623E+02
  8.239694E+02
  8.123272E+02
  8.030006E+02
  7.974348E+02
  7.989516E+02
  8.146871E+02
  8.565880E+02
  9.431315E+02
  1.088583E+03
  1.199945E+03
  1.132560E+03
  1.283283E+03
  2.071591E+02
 -8.714100E-11
  1.243786E+00
  1.243586E+00
  1.243387E+00
  1.243187E+00
  1.242987E+00
  1.242787E+00
  1.242587E+00
  1.242388E+00
  1.242188E+00
  1.241587E+00
  1.240977E+00
  1.240367E+00
  1.239756E+00
  1.239146E+00
  1.238535E+00
  1.237925E+00
  1.237184E+00
  1.236204E+00
  1.235224E+00
  1.234244E+00
  1.233264E+00
  1.232285E+00
  1.231305E+00
  1.230287E+00
  1.228969E+00
  1.227650E+00
  1.226331E+00
  1.225013E+00
  1.223694E+00
  1.222375E+00
  1.220973E+00
  1.219292E+00
  1.217611E+00
  1.215931E+00
  1.214250E+00
  1.212569E+00
  1.210888E+00
  1.208943E+00
  1.206882E+00
  1.204821E+00
  1.202760E+00
  1.200699E+00
  1.198638E+00
  1.196392E+00
  1.193949E+00
  1.191506E+00
  1.189063E+00
  1.186621E+00
  1.184178E+00
  1.181508E+00
  1.178677E+00
  1.175848E+00
  1.173018E+00
  1.170188E+00
  1.167359E+00
  1.164140E+00
  1.160916E+00
  1.157693E+00
  1.154469E+00
  1.151246E+00
  1.147764E+00
  1.144149E+00
  1.140535E+00
  1.136921E+00
  1.133308E+00
  1.129456E+00
  1.125449E+00
  1.121442E+00
  1.117435E+00
  1.113428E+00
  1.109091E+00
  1.104672E+00
  1.100252E+00
  1.095833E+00
  1.091314E+00
  1.086466E+00
  1.081619E+00
  1.076773E+00
  1.071926E+00
  1.066693E+00
  1.061416E+00
  1.056140E+00
  1.050864E+00
  1.045261E+00
  1.039566E+00
  1.033871E+00
  1.028177E+00
  1.022158E+00
  1.016090E+00
  1.010023E+00
  1.003909E+00
  9.975328E-01
  9.911571E-01
  9.847820E-01
  9.782346E-01
  9.715815E-01
  9.649298E-01
  9.582075E-01
  9.512855E-01
  9.443664E-01
  9.374314E-01
  9.302693E-01
  9.231117E-01
  9.159452E-01
  9.085162E-01
  9.010925E-01
  8.936102E-01
  8.858232E-01
  8.780416E-01
  8.700667E-01
  8.618423E-01
  8.536226E-01
  8.449916E-01
  8.362866E-01
  8.273948E-01
  8.181899E-01
  8.089714E-01
  7.992696E-01
  7.895700E-01
  7.794774E-01
  7.692922E-01
  7.587767E-01
  7.481153E-01
  7.371331E-01
  7.260032E-01
  7.145261E-01
  7.029493E-01
  6.909752E-01
  6.788967E-01
  6.665342E-01
  6.539669E-01
  6.412494E-01
  6.282300E-01
  6.150308E-01
  6.016411E-01
  5.879779E-01
  5.740212E-01
  5.598097E-01
  5.453667E-01
  5.308421E-01
  5.167274E-01
  5.041950E-01
  4.952460E-01
  4.938553E-01
  5.042011E-01
  5.001895E-01
  4.506052E-01
  5.063347E-01
  1.514504E-01
 -1.329851E-08
  1.117911E+00
  1.117859E+00
  1.117806E+00
  1.117754E+00
  1.117701E+00
  1.117649E+00
  1.117597E+00
  1.117544E+00
  1.117492E+00
  1.117363E+00
  1.117233E+00
  1.117103E+00
  1.116972E+00
  1.116842E+00
  1.116712E+00
  1.116581E+00
  1.116451E+00
  1.116321E+00
  1.116191E+00
  1.116061E+00
  1.115930E+00
  1.115800E+00
  1.115670E+00
  1.115537E+00
  1.115377E+00
  1.115218E+00
  1.115059E+00
  1.114899E+00
  1.114740E+00
  1.114580E+00
  1.114385E+00
  1.114068E+00
  1.113752E+00
  1.113436E+00
  1.113119E+00
  1.112803E+00
  1.112486E+00
  1.112037E+00
  1.111529E+00
  1.111021E+00
  1.110513E+00
  1.110006E+00
  1.109498E+00
  1.108884E+00
  1.108160E+00
  1.107435E+00
  1.106710E+00
  1.105985E+00
  1.105259E+00
  1.104336E+00
  1.103274E+00
  1.102211E+00
  1.101148E+00
  1.100085E+00
  1.099021E+00
  1.097499E+00
  1.095969E+00
  1.094439E+00
  1.092909E+00
  1.091378E+00
  1.089541E+00
  1.087546E+00
  1.085551E+00
  1.083556E+00
  1.081561E+00
  1.079316E+00
  1.076906E+00
  1.074497E+00
  1.072087E+00
  1.069676E+00
  1.066989E+00
  1.064233E+00
  1.061476E+00
  1.058718E+00
  1.055916E+00
  1.052969E+00
  1.050021E+00
  1.047072E+00
  1.044124E+00
  1.040978E+00
  1.037810E+00
  1.034641E+00
  1.031472E+00
  1.027884E+00
  1.024177E+00
  1.020470E+00
  1.016763E+00
  1.012374E+00
  1.007879E+00
  1.003386E+00
  9.987540E-01
  9.933404E-01
  9.879287E-01
  9.825188E-01
  9.763154E-01
  9.696256E-01
  9.629420E-01
  9.558656E-01
  9.476804E-01
  9.395093E-01
  9.312729E-01
  9.220852E-01
  9.129184E-01
  9.037548E-01
  8.942711E-01
  8.848097E-01
  8.753850E-01
  8.660542E-01
  8.567424E-01
  8.476488E-01
  8.388262E-01
  8.300168E-01
  8.218641E-01
  8.138395E-01
  8.061813E-01
  7.991233E-01
  7.921013E-01
  7.861028E-01
  7.801012E-01
  7.750070E-01
  7.701249E-01
  7.659916E-01
  7.621869E-01
  7.590342E-01
  7.561814E-01
  7.540179E-01
  7.520551E-01
  7.509654E-01
  7.501519E-01
  7.500945E-01
  7.507258E-01
  7.518877E-01
  7.543208E-01
  7.576829E-01
  7.620716E-01
  7.680538E-01
  7.759800E-01
  7.859797E-01
  7.987748E-01
  8.156878E-01
  8.393659E-01
  8.748990E-01
  9.306061E-01
  1.021114E+00
  1.160680E+00
  1.283593E+00
  1.306614E+00
  1.577325E+00
  3.813959E-01
  6.946720E-07
  1.250828E+00
  1.250408E+00
  1.249989E+00
  1.249569E+00
  1.249149E+00
  1.248729E+00
  1.248309E+00
  1.247890E+00
  1.247470E+00
  1.246425E+00
  1.245365E+00
  1.244304E+00
  1.243244E+00
  1.242183E+00
  1.241123E+00
  1.240063E+00
  1.238881E+00
  1.237477E+00
  1.236073E+00
  1.234669E+00
  1.233265E+00
  1.231861E+00
  1.230458E+00
  1.229013E+00
  1.227242E+00
  1.225472E+00
  1.223701E+00
  1.221930E+00
  1.220159E+00
  1.218389E+00
  1.216515E+00
  1.214300E+00
  1.212084E+00
  1.209869E+00
  1.207653E+00
  1.205438E+00
  1.203222E+00
  1.200683E+00
  1.198003E+00
  1.195323E+00
  1.192643E+00
  1.189963E+00
  1.187283E+00
  1.184379E+00
  1.181239E+00
  1.178100E+00
  1.174960E+00
  1.171821E+00
  1.168682E+00
  1.165262E+00
  1.161646E+00
  1.158029E+00
  1.154413E+00
  1.150798E+00
  1.147182E+00
  1.143108E+00
  1.139028E+00
  1.134947E+00
  1.130867E+00
  1.126788E+00
  1.122452E+00
  1.117986E+00
  1.113520E+00
  1.109054E+00
  1.104589E+00
  1.099914E+00
  1.095101E+00
  1.090288E+00
  1.085476E+00
  1.080665E+00
  1.075609E+00
  1.070492E+00
  1.065376E+00
  1.060260E+00
  1.055120E+00
  1.049899E+00
  1.044678E+00
  1.039458E+00
  1.034238E+00
  1.029055E+00
  1.023876E+00
  1.018697E+00
  1.013519E+00
  1.008320E+00
  1.003115E+00
  9.979115E-01
  9.927080E-01
  9.875391E-01
  9.823760E-01
  9.772137E-01
  9.720923E-01
  9.672009E-01
  9.623111E-01
  9.574229E-01
  9.526659E-01
  9.479924E-01
  9.433225E-01
  9.386276E-01
  9.338584E-01
  9.290971E-01
  9.243267E-01
  9.193630E-01
  9.144115E-01
  9.094570E-01
  9.042090E-01
  8.989760E-01
  8.936378E-01
  8.877327E-01
  8.818427E-01
  8.755002E-01
  8.685722E-01
  8.616574E-01
  8.537127E-01
  8.455829E-01
  8.369773E-01
  8.275732E-01
  8.181338E-01
  8.074662E-01
  7.968026E-01
  7.852126E-01
  7.734025E-01
  7.609534E-01
  7.482212E-01
  7.350309E-01
  7.216296E-01
  7.079160E-01
  6.941137E-01
  6.802054E-01
  6.663429E-01
  6.526321E-01
  6.392251E-01
  6.260578E-01
  6.136204E-01
  6.017469E-01
  5.904894E-01
  5.801811E-01
  5.709698E-01
  5.629024E-01
  5.564395E-01
  5.525827E-01
  5.536338E-01
  5.645377E-01
  5.935729E-01
  6.535433E-01
  7.543338E-01
  8.315021E-01
  7.848075E-01
  8.892515E-01
  1.435510E-01
 -6.038438E-14
  9.883032E-01
  9.881445E-01
  9.879858E-01
  9.878270E-01
  9.876683E-01
  9.875096E-01
  9.873509E-01
  9.871922E-01
  9.870335E-01
  9.865564E-01
  9.860714E-01
  9.855864E-01
  9.851014E-01
  9.846164E-01
  9.841315E-01
  9.836465E-01
  9.830580E-01
  9.822794E-01
  9.815008E-01
  9.807223E-01
  9.799437E-01
  9.791652E-01
  9.783866E-01
  9.775782E-01
  9.765305E-01
  9.754828E-01
  9.744351E-01
  9.733874E-01
  9.723397E-01
  9.712921E-01
  9.701778E-01
  9.688423E-01
  9.675068E-01
  9.661714E-01
  9.648359E-01
  9.635005E-01
  9.621651E-01
  9.606195E-01
  9.589819E-01
  9.573443E-01
  9.557068E-01
  9.540693E-01
  9.524319E-01
  9.506467E-01
  9.487057E-01
  9.467648E-01
  9.448239E-01
  9.428831E-01
  9.409423E-01
  9.388204E-01
  9.365717E-01
  9.343231E-01
  9.320747E-01
  9.298263E-01
  9.275781E-01
  9.250210E-01
  9.224592E-01
  9.198976E-01
  9.173362E-01
  9.147749E-01
  9.120082E-01
  9.091362E-01
  9.062645E-01
  9.033930E-01
  9.005218E-01
  8.974614E-01
  8.942769E-01
  8.910928E-01
  8.879090E-01
  8.847255E-01
  8.812793E-01
  8.777674E-01
  8.742559E-01
  8.707446E-01
  8.671534E-01
  8.633017E-01
  8.594503E-01
  8.555990E-01
  8.517480E-01
  8.475897E-01
  8.433971E-01
  8.392047E-01
  8.350124E-01
  8.305602E-01
  8.260349E-01
  8.215098E-01
  8.169849E-01
  8.122026E-01
  8.073811E-01
  8.025599E-01
  7.977021E-01
  7.926352E-01
  7.875689E-01
  7.825031E-01
  7.773002E-01
  7.720132E-01
  7.667272E-01
  7.613849E-01
  7.558836E-01
  7.503845E-01
  7.448724E-01
  7.391794E-01
  7.334896E-01
  7.277925E-01
  7.218865E-01
  7.159845E-01
  7.100356E-01
  7.038446E-01
  6.976576E-01
  6.913171E-01
  6.847786E-01
  6.782436E-01
  6.713826E-01
  6.644628E-01
  6.573950E-01
  6.500791E-01
  6.427525E-01
  6.350430E-01
  6.273354E-01
  6.193165E-01
  6.112243E-01
  6.028704E-01
  5.944010E-01
  5.856773E-01
  5.768365E-01
  5.677203E-01
  5.585249E-01
  5.490144E-01
  5.394206E-01
  5.296014E-01
  5.196193E-01
  5.095177E-01
  4.991760E-01
  4.886910E-01
  4.780544E-01
  4.672001E-01
  4.561121E-01
  4.448211E-01
  4.333458E-01
  4.218051E-01
  4.105891E-01
  4.006300E-01
  3.935177E-01
  3.924106E-01
  4.006285E-01
  3.974376E-01
  3.580356E-01
  4.023117E-01
  1.652921E-01
 -2.570499E-03
  5.598484E-02
  5.598222E-02
  5.597959E-02
  5.597696E-02
  5.597434E-02
  5.597172E-02
  5.596910E-02
  5.596648E-02
  5.596386E-02
  5.595743E-02
  5.595090E-02
  5.594437E-02
  5.593785E-02
  5.593133E-02
  5.592481E-02
  5.591829E-02
  5.591177E-02
  5.590525E-02
  5.589873E-02
  5.589222E-02
  5.588571E-02
  5.587919E-02
  5.587268E-02
  5.586600E-02
  5.585803E-02
  5.585005E-02
  5.584207E-02
  5.583409E-02
  5.582612E-02
  5.581814E-02
  5.580834E-02
  5.579251E-02
  5.577667E-02
  5.576083E-02
  5.574499E-02
  5.572914E-02
  5.571330E-02
  5.569080E-02
  5.566538E-02
  5.563995E-02
  5.561452E-02
  5.558909E-02
  5.556366E-02
  5.553294E-02
  5.549666E-02
  5.546037E-02
  5.542407E-02
  5.538776E-02
  5.535144E-02
  5.530520E-02
  5.525200E-02
  5.519879E-02
  5.514556E-02
  5.509232E-02
  5.503906E-02
  5.496283E-02
  5.488622E-02
  5.480959E-02
  5.473294E-02
  5.465628E-02
  5.456427E-02
  5.446439E-02
  5.436450E-02
  5.426458E-02
  5.416464E-02
  5.405220E-02
  5.393155E-02
  5.381087E-02
  5.369017E-02
  5.356946E-02
  5.343490E-02
  5.329685E-02
  5.315878E-02
  5.302069E-02
  5.288034E-02
  5.273274E-02
  5.258512E-02
  5.243747E-02
  5.228979E-02
  5.213225E-02
  5.197359E-02
  5.181490E-02
  5.165620E-02
  5.147650E-02
  5.129088E-02
  5.110524E-02
  5.091958E-02
  5.069975E-02
  5.047469E-02
  5.024963E-02
  5.001768E-02
  4.974655E-02
  4.947552E-02
  4.920458E-02
  4.889389E-02
  4.855883E-02
  4.822409E-02
  4.786965E-02
  4.745966E-02
  4.705037E-02
  4.663780E-02
  4.617755E-02
  4.571833E-02
  4.525926E-02
  4.478413E-02
  4.431011E-02
  4.383791E-02
  4.337041E-02
  4.290384E-02
  4.244821E-02
  4.200617E-02
  4.156477E-02
  4.115631E-02
  4.075426E-02
  4.037059E-02
  4.001700E-02
  3.966523E-02
  3.936479E-02
  3.906419E-02
  3.880909E-02
  3.856462E-02
  3.835771E-02
  3.816727E-02
  3.800953E-02
  3.786682E-02
  3.775867E-02
  3.766058E-02
  3.760624E-02
  3.756573E-02
  3.756310E-02
  3.759496E-02
  3.765338E-02
  3.777546E-02
  3.794405E-02
  3.816404E-02
  3.846380E-02
  3.886090E-02
  3.936181E-02
  4.000267E-02
  4.084973E-02
  4.203548E-02
  4.381488E-02
  4.660450E-02
  5.113686E-02
  5.812585E-02
  6.428067E-02
  6.543287E-02
  7.898869E-02
  2.623473E-02
  8.462779E-03
  1.614014E-01
  1.613472E-01
  1.612930E-01
  1.612389E-01
  1.611847E-01
  1.611305E-01
  1.610764E-01
  1.610222E-01
  1.609681E-01
  1.608333E-01
  1.606964E-01
  1.605596E-01
  1.604228E-01
  1.602860E-01
  1.601491E-01
  1.600123E-01
  1.598599E-01
  1.596787E-01
  1.594976E-01
  1.593164E-01
  1.591353E-01
  1.589541E-01
  1.587730E-01
  1.585866E-01
  1.583581E-01
  1.581297E-01
  1.579012E-01
  1.576727E-01
  1.574443E-01
  1.572158E-01
  1.569741E-01
  1.566882E-01
  1.564023E-01
  1.561165E-01
  1.558306E-01
  1.555447E-01
  1.552589E-01
  1.549313E-01
  1.545855E-01
  1.542396E-01
  1.538938E-01
  1.535480E-01
  1.532022E-01
  1.528275E-01
  1.524224E-01
  1.520173E-01
  1.516122E-01
  1.512071E-01
  1.508021E-01
  1.503608E-01
  1.498942E-01
  1.494276E-01
  1.489610E-01
  1.484944E-01
  1.480279E-01
  1.475022E-01
  1.469757E-01
  1.464492E-01
  1.459228E-01
  1.453963E-01
  1.448369E-01
  1.442606E-01
  1.436843E-01
  1.431081E-01
  1.425319E-01
  1.419286E-01
  1.413075E-01
  1.406865E-01
  1.400656E-01
  1.394448E-01
  1.387924E-01
  1.381321E-01
  1.374719E-01
  1.368118E-01
  1.361486E-01
  1.354749E-01
  1.348012E-01
  1.341276E-01
  1.334541E-01
  1.327852E-01
  1.321170E-01
  1.314487E-01
  1.307805E-01
  1.301097E-01
  1.294382E-01
  1.287667E-01
  1.280952E-01
  1.274282E-01
  1.267620E-01
  1.260959E-01
  1.254350E-01
  1.248038E-01
  1.241728E-01
  1.235421E-01
  1.229282E-01
  1.223251E-01
  1.217224E-01
  1.211164E-01
  1.205009E-01
  1.198863E-01
  1.192705E-01
  1.186296E-01
  1.179903E-01
  1.173506E-01
  1.166729E-01
  1.159972E-01
  1.153078E-01
  1.145452E-01
  1.137846E-01
  1.129656E-01
  1.120710E-01
  1.111782E-01
  1.101525E-01
  1.091030E-01
  1.079922E-01
  1.067784E-01
  1.055601E-01
  1.041836E-01
  1.028075E-01
  1.013121E-01
  9.978836E-02
  9.818228E-02
  9.653972E-02
  9.483817E-02
  9.310942E-02
  9.134045E-02
  8.956004E-02
  8.776602E-02
  8.597788E-02
  8.420932E-02
  8.247995E-02
  8.078147E-02
  7.917714E-02
  7.764553E-02
  7.619334E-02
  7.486357E-02
  7.367529E-02
  7.263453E-02
  7.180075E-02
  7.130316E-02
  7.143871E-02
  7.284553E-02
  7.659183E-02
  8.432968E-02
  9.733448E-02
  1.072909E-01
  1.012648E-01
  1.147399E-01
  2.544211E-02
 -1.895415E-09
  9.884323E-01
  9.882736E-01
  9.881149E-01
  9.879563E-01
  9.877976E-01
  9.876390E-01
  9.874803E-01
  9.873217E-01
  9.871631E-01
  9.866861E-01
  9.862013E-01
  9.857165E-01
  9.852317E-01
  9.847469E-01
  9.842621E-01
  9.837773E-01
  9.831889E-01
  9.824106E-01
  9.816324E-01
  9.808541E-01
  9.800758E-01
  9.792975E-01
  9.785193E-01
  9.777112E-01
  9.766638E-01
  9.756165E-01
  9.745692E-01
  9.735219E-01
  9.724746E-01
  9.714273E-01
  9.703135E-01
  9.689784E-01
  9.676434E-01
  9.663085E-01
  9.649735E-01
  9.636386E-01
  9.623037E-01
  9.607587E-01
  9.591217E-01
  9.574848E-01
  9.558479E-01
  9.542111E-01
  9.525743E-01
  9.507898E-01
  9.488496E-01
  9.469094E-01
  9.449693E-01
  9.430292E-01
  9.410893E-01
  9.389682E-01
  9.367205E-01
  9.344728E-01
  9.322252E-01
  9.299778E-01
  9.277305E-01
  9.251744E-01
  9.226137E-01
  9.200531E-01
  9.174927E-01
  9.149325E-01
  9.121668E-01
  9.092959E-01
  9.064253E-01
  9.035550E-01
  9.006849E-01
  8.976256E-01
  8.944424E-01
  8.912594E-01
  8.880767E-01
  8.848944E-01
  8.814493E-01
  8.779386E-01
  8.744283E-01
  8.709182E-01
  8.673281E-01
  8.634775E-01
  8.596272E-01
  8.557771E-01
  8.519273E-01
  8.477700E-01
  8.435785E-01
  8.393871E-01
  8.351960E-01
  8.307449E-01
  8.262207E-01
  8.216967E-01
  8.171729E-01
  8.123918E-01
  8.075714E-01
  8.027513E-01
  7.978947E-01
  7.928292E-01
  7.877641E-01
  7.826996E-01
  7.774980E-01
  7.722123E-01
  7.669277E-01
  7.615868E-01
  7.560869E-01
  7.505892E-01
  7.450787E-01
  7.393871E-01
  7.336990E-01
  7.280034E-01
  7.220991E-01
  7.161987E-01
  7.102514E-01
  7.040622E-01
  6.978770E-01
  6.915383E-01
  6.850017E-01
  6.784686E-01
  6.716096E-01
  6.646919E-01
  6.576262E-01
  6.503126E-01
  6.429882E-01
  6.352813E-01
  6.275762E-01
  6.195601E-01
  6.114707E-01
  6.031198E-01
  5.946534E-01
  5.859330E-01
  5.770956E-01
  5.679830E-01
  5.587912E-01
  5.492846E-01
  5.396950E-01
  5.298804E-01
  5.199034E-01
  5.098072E-01
  4.994725E-01
  4.889958E-01
  4.783689E-01
  4.675269E-01
  4.564552E-01
  4.451847E-01
  4.337354E-01
  4.222276E-01
  4.110521E-01
  4.011406E-01
  3.940791E-01
  3.930168E-01
  4.012559E-01
  3.980447E-01
  3.586015E-01
  4.025895E-01
  1.646989E-01
 -3.590852E-03
  4.978357E-02
  4.978139E-02
  4.977922E-02
  4.977705E-02
  4.977488E-02
  4.977271E-02
  4.977054E-02
  4.976837E-02
  4.976621E-02
  4.976061E-02
  4.975494E-02
  4.974927E-02
  4.974360E-02
  4.973792E-02
  4.973226E-02
  4.972659E-02
  4.972079E-02
  4.971474E-02
  4.970869E-02
  4.970265E-02
  4.969660E-02
  4.969056E-02
  4.968451E-02
  4.967826E-02
  4.967031E-02
  4.966237E-02
  4.965443E-02
  4.964648E-02
  4.963854E-02
  4.963059E-02
  4.962080E-02
  4.960488E-02
  4.958895E-02
  4.957302E-02
  4.955709E-02
  4.954116E-02
  4.952523E-02
  4.950266E-02
  4.947717E-02
  4.945169E-02
  4.942620E-02
  4.940070E-02
  4.937520E-02
  4.934446E-02
  4.930818E-02
  4.927189E-02
  4.923559E-02
  4.919928E-02
  4.916296E-02
  4.911676E-02
  4.906364E-02
  4.901049E-02
  4.895734E-02
  4.890417E-02
  4.885098E-02
  4.877488E-02
  4.869839E-02
  4.862189E-02
  4.854537E-02
  4.846883E-02
  4.837696E-02
  4.827723E-02
  4.817747E-02
  4.807770E-02
  4.797791E-02
  4.786559E-02
  4.774504E-02
  4.762448E-02
  4.750389E-02
  4.738328E-02
  4.724874E-02
  4.711068E-02
  4.697259E-02
  4.683448E-02
  4.669404E-02
  4.654613E-02
  4.639819E-02
  4.625022E-02
  4.610223E-02
  4.594392E-02
  4.578444E-02
  4.562494E-02
  4.546542E-02
  4.528446E-02
  4.509746E-02
  4.491043E-02
  4.472339E-02
  4.450170E-02
  4.427470E-02
  4.404770E-02
  4.381375E-02
  4.354024E-02
  4.326683E-02
  4.299350E-02
  4.268032E-02
  4.234269E-02
  4.200537E-02
  4.164843E-02
  4.123615E-02
  4.082454E-02
  4.040969E-02
  3.994783E-02
  3.948696E-02
  3.902626E-02
  3.855048E-02
  3.807576E-02
  3.760305E-02
  3.713606E-02
  3.666996E-02
  3.621534E-02
  3.577500E-02
  3.533527E-02
  3.492937E-02
  3.453003E-02
  3.414929E-02
  3.379906E-02
  3.345062E-02
  3.315370E-02
  3.285661E-02
  3.260488E-02
  3.236373E-02
  3.215983E-02
  3.197226E-02
  3.181699E-02
  3.167656E-02
  3.157018E-02
  3.147370E-02
  3.142015E-02
  3.138003E-02
  3.137662E-02
  3.140589E-02
  3.146027E-02
  3.157311E-02
  3.172720E-02
  3.192642E-02
  3.219381E-02
  3.254182E-02
  3.297488E-02
  3.352351E-02
  3.424742E-02
  3.527361E-02
  3.685713E-02
  3.942944E-02
  4.376597E-02
  5.066312E-02
  5.694275E-02
  5.847803E-02
  7.254467E-02
  1.994914E-02
  1.212730E-03
  1.618618E-01
  1.618075E-01
  1.617532E-01
  1.616989E-01
  1.616446E-01
  1.615903E-01
  1.615361E-01
  1.614818E-01
  1.614275E-01
  1.612925E-01
  1.611555E-01
  1.610185E-01
  1.608815E-01
  1.607445E-01
  1.606075E-01
  1.604705E-01
  1.603178E-01
  1.601364E-01
  1.599551E-01
  1.597738E-01
  1.595924E-01
  1.594111E-01
  1.592297E-01
  1.590431E-01
  1.588144E-01
  1.585857E-01
  1.583570E-01
  1.581283E-01
  1.578996E-01
  1.576709E-01
  1.574289E-01
  1.571428E-01
  1.568566E-01
  1.565705E-01
  1.562843E-01
  1.559981E-01
  1.557120E-01
  1.553840E-01
  1.550378E-01
  1.546916E-01
  1.543454E-01
  1.539991E-01
  1.536529E-01
  1.532778E-01
  1.528721E-01
  1.524664E-01
  1.520607E-01
  1.516550E-01
  1.512494E-01
  1.508073E-01
  1.503399E-01
  1.498724E-01
  1.494050E-01
  1.489375E-01
  1.484701E-01
  1.479433E-01
  1.474156E-01
  1.468879E-01
  1.463603E-01
  1.458327E-01
  1.452718E-01
  1.446940E-01
  1.441163E-01
  1.435386E-01
  1.429610E-01
  1.423562E-01
  1.417335E-01
  1.411109E-01
  1.404884E-01
  1.398659E-01
  1.392119E-01
  1.385501E-01
  1.378883E-01
  1.372266E-01
  1.365618E-01
  1.358868E-01
  1.352118E-01
  1.345368E-01
  1.338619E-01
  1.331919E-01
  1.325225E-01
  1.318532E-01
  1.311839E-01
  1.305118E-01
  1.298390E-01
  1.291662E-01
  1.284935E-01
  1.278248E-01
  1.271567E-01
  1.264888E-01
  1.258259E-01
  1.251919E-01
  1.245581E-01
  1.239245E-01
  1.233069E-01
  1.226996E-01
  1.220927E-01
  1.214821E-01
  1.208607E-01
  1.202403E-01
  1.196186E-01
  1.189706E-01
  1.183242E-01
  1.176773E-01
  1.169918E-01
  1.163081E-01
  1.156108E-01
  1.148402E-01
  1.140715E-01
  1.132445E-01
  1.123421E-01
  1.114414E-01
  1.104084E-01
  1.093516E-01
  1.082338E-01
  1.070135E-01
  1.057887E-01
  1.044065E-01
  1.030248E-01
  1.015245E-01
  9.999610E-02
  9.838605E-02
  9.673983E-02
  9.503530E-02
  9.330390E-02
  9.153301E-02
  8.975090E-02
  8.795606E-02
  8.616737E-02
  8.439895E-02
  8.267033E-02
  8.097306E-02
  7.937108E-02
  7.784264E-02
  7.639455E-02
  7.507040E-02
  7.388963E-02
  7.285834E-02
  7.203637E-02
  7.155339E-02
  7.170823E-02
  7.313536E-02
  7.690289E-02
  8.465890E-02
  9.767120E-02
  1.076159E-01
  1.015617E-01
  1.149228E-01
  2.538450E-02
 -3.507644E-09
 -1.290548E-04
 -1.291162E-04
 -1.291775E-04
 -1.292389E-04
 -1.293002E-04
 -1.293616E-04
 -1.294229E-04
 -1.294843E-04
 -1.295457E-04
 -1.297200E-04
 -1.298972E-04
 -1.300743E-04
 -1.302515E-04
 -1.304286E-04
 -1.306058E-04
 -1.307830E-04
 -1.309945E-04
 -1.312690E-04
 -1.315436E-04
 -1.318181E-04
 -1.320927E-04
 -1.323672E-04
 -1.326418E-04
 -1.329281E-04
 -1.333087E-04
 -1.336892E-04
 -1.340698E-04
 -1.344504E-04
 -1.348310E-04
 -1.352116E-04
 -1.356198E-04
 -1.361201E-04
 -1.366203E-04
 -1.371205E-04
 -1.376208E-04
 -1.381210E-04
 -1.386212E-04
 -1.392134E-04
 -1.398457E-04
 -1.404781E-04
 -1.411104E-04
 -1.417428E-04
 -1.423751E-04
 -1.430769E-04
 -1.438521E-04
 -1.446272E-04
 -1.454023E-04
 -1.461774E-04
 -1.469524E-04
 -1.478109E-04
 -1.487276E-04
 -1.496444E-04
 -1.505610E-04
 -1.514776E-04
 -1.523942E-04
 -1.534274E-04
 -1.544623E-04
 -1.554970E-04
 -1.565317E-04
 -1.575662E-04
 -1.586545E-04
 -1.597703E-04
 -1.608858E-04
 -1.620012E-04
 -1.631164E-04
 -1.642583E-04
 -1.654176E-04
 -1.665767E-04
 -1.677355E-04
 -1.688941E-04
 -1.700568E-04
 -1.712203E-04
 -1.723835E-04
 -1.735465E-04
 -1.747009E-04
 -1.758275E-04
 -1.769539E-04
 -1.780802E-04
 -1.792062E-04
 -1.802961E-04
 -1.813817E-04
 -1.824672E-04
 -1.835526E-04
 -1.846516E-04
 -1.857541E-04
 -1.868564E-04
 -1.879584E-04
 -1.891251E-04
 -1.903010E-04
 -1.914761E-04
 -1.926643E-04
 -1.939297E-04
 -1.951934E-04
 -1.964555E-04
 -1.977749E-04
 -1.991281E-04
 -2.004785E-04
 -2.018558E-04
 -2.033131E-04
 -2.047660E-04
 -2.062234E-04
 -2.077836E-04
 -2.093381E-04
 -2.108922E-04
 -2.125482E-04
 -2.141975E-04
 -2.158618E-04
 -2.176246E-04
 -2.193804E-04
 -2.211962E-04
 -2.230912E-04
 -2.249797E-04
 -2.270187E-04
 -2.290816E-04
 -2.312236E-04
 -2.335012E-04
 -2.357835E-04
 -2.383143E-04
 -2.408426E-04
 -2.435962E-04
 -2.464031E-04
 -2.494002E-04
 -2.524821E-04
 -2.557452E-04
 -2.590928E-04
 -2.626576E-04
 -2.662860E-04
 -2.702632E-04
 -2.743892E-04
 -2.789419E-04
 -2.840505E-04
 -2.895952E-04
 -2.965364E-04
 -3.047519E-04
 -3.144660E-04
 -3.268633E-04
 -3.430898E-04
 -3.635998E-04
 -3.896276E-04
 -4.224873E-04
 -4.630253E-04
 -5.105479E-04
 -5.613740E-04
 -6.062371E-04
 -6.273633E-04
 -6.071082E-04
 -5.659059E-04
 -2.777909E-04
  5.931943E-04
  1.020352E-03
  6.201275E-03
  6.200822E-03
  6.200370E-03
  6.199917E-03
  6.199465E-03
  6.199012E-03
  6.198560E-03
  6.198107E-03
  6.197655E-03
  6.196812E-03
  6.195960E-03
  6.195107E-03
  6.194254E-03
  6.193402E-03
  6.192550E-03
  6.191697E-03
  6.190980E-03
  6.190511E-03
  6.190042E-03
  6.189573E-03
  6.189104E-03
  6.188635E-03
  6.188166E-03
  6.187746E-03
  6.187712E-03
  6.187678E-03
  6.187644E-03
  6.187611E-03
  6.187577E-03
  6.187543E-03
  6.187538E-03
  6.187626E-03
  6.187715E-03
  6.187803E-03
  6.187892E-03
  6.187980E-03
  6.188069E-03
  6.188140E-03
  6.188202E-03
  6.188265E-03
  6.188329E-03
  6.188392E-03
  6.188455E-03
  6.188486E-03
  6.188485E-03
  6.188483E-03
  6.188482E-03
  6.188480E-03
  6.188479E-03
  6.188436E-03
  6.188364E-03
  6.188293E-03
  6.188221E-03
  6.188151E-03
  6.188080E-03
  6.187953E-03
  6.187826E-03
  6.187699E-03
  6.187573E-03
  6.187448E-03
  6.187310E-03
  6.187165E-03
  6.187021E-03
  6.186879E-03
  6.186738E-03
  6.186614E-03
  6.186502E-03
  6.186391E-03
  6.186282E-03
  6.186174E-03
  6.186163E-03
  6.186177E-03
  6.186192E-03
  6.186209E-03
  6.186297E-03
  6.186612E-03
  6.186927E-03
  6.187244E-03
  6.187562E-03
  6.188327E-03
  6.189143E-03
  6.189960E-03
  6.190778E-03
  6.192037E-03
  6.193421E-03
  6.194806E-03
  6.196193E-03
  6.198053E-03
  6.199988E-03
  6.201924E-03
  6.203928E-03
  6.206307E-03
  6.208691E-03
  6.211079E-03
  6.213574E-03
  6.216141E-03
  6.218718E-03
  6.221223E-03
  6.223517E-03
  6.225832E-03
  6.228110E-03
  6.229724E-03
  6.231370E-03
  6.232998E-03
  6.233651E-03
  6.234343E-03
  6.234856E-03
  6.234348E-03
  6.233881E-03
  6.232878E-03
  6.231172E-03
  6.229503E-03
  6.226939E-03
  6.224232E-03
  6.221293E-03
  6.217943E-03
  6.214610E-03
  6.211083E-03
  6.207572E-03
  6.204210E-03
  6.200892E-03
  6.197882E-03
  6.195011E-03
  6.192543E-03
  6.190263E-03
  6.188493E-03
  6.186872E-03
  6.186084E-03
  6.185698E-03
  6.186478E-03
  6.189064E-03
  6.193105E-03
  6.202357E-03
  6.216847E-03
  6.237620E-03
  6.269990E-03
  6.319082E-03
  6.386924E-03
  6.479164E-03
  6.602308E-03
  6.761873E-03
  6.957751E-03
  7.175061E-03
  7.370890E-03
  7.462734E-03
  7.337925E-03
  6.954844E-03
  6.444018E-03
  6.285594E-03
  7.250049E-03
 -4.604049E-04
 -4.602847E-04
 -4.601644E-04
 -4.600442E-04
 -4.599240E-04
 -4.598038E-04
 -4.596836E-04
 -4.595634E-04
 -4.594433E-04
 -4.592573E-04
 -4.590697E-04
 -4.588821E-04
 -4.586946E-04
 -4.585071E-04
 -4.583196E-04
 -4.581322E-04
 -4.579383E-04
 -4.577327E-04
 -4.575271E-04
 -4.573215E-04
 -4.571160E-04
 -4.569104E-04
 -4.567049E-04
 -4.564968E-04
 -4.562683E-04
 -4.560398E-04
 -4.558113E-04
 -4.555827E-04
 -4.553542E-04
 -4.551257E-04
 -4.548825E-04
 -4.545902E-04
 -4.542980E-04
 -4.540057E-04
 -4.537134E-04
 -4.534211E-04
 -4.531288E-04
 -4.527582E-04
 -4.523534E-04
 -4.519486E-04
 -4.515437E-04
 -4.511388E-04
 -4.507339E-04
 -4.502396E-04
 -4.496511E-04
 -4.490626E-04
 -4.484740E-04
 -4.478854E-04
 -4.472968E-04
 -4.465471E-04
 -4.456847E-04
 -4.448222E-04
 -4.439598E-04
 -4.430974E-04
 -4.422351E-04
 -4.410554E-04
 -4.398708E-04
 -4.386864E-04
 -4.375021E-04
 -4.363179E-04
 -4.349522E-04
 -4.334934E-04
 -4.320349E-04
 -4.305766E-04
 -4.291186E-04
 -4.275688E-04
 -4.259589E-04
 -4.243493E-04
 -4.227399E-04
 -4.211308E-04
 -4.195460E-04
 -4.179674E-04
 -4.163890E-04
 -4.148108E-04
 -4.132850E-04
 -4.119286E-04
 -4.105724E-04
 -4.092161E-04
 -4.078598E-04
 -4.067066E-04
 -4.055759E-04
 -4.044452E-04
 -4.033143E-04
 -4.020825E-04
 -4.008223E-04
 -3.995620E-04
 -3.983016E-04
 -3.965477E-04
 -3.947183E-04
 -3.928891E-04
 -3.909105E-04
 -3.880824E-04
 -3.852552E-04
 -3.824290E-04
 -3.787456E-04
 -3.745340E-04
 -3.703253E-04
 -3.656934E-04
 -3.598710E-04
 -3.540554E-04
 -3.481446E-04
 -3.409972E-04
 -3.338606E-04
 -3.266978E-04
 -3.188079E-04
 -3.109317E-04
 -3.030290E-04
 -2.949462E-04
 -2.868779E-04
 -2.789109E-04
 -2.710692E-04
 -2.632413E-04
 -2.558613E-04
 -2.485749E-04
 -2.415761E-04
 -2.350455E-04
 -2.285529E-04
 -2.229105E-04
 -2.172749E-04
 -2.124138E-04
 -2.077409E-04
 -2.037682E-04
 -2.001072E-04
 -1.971327E-04
 -1.944759E-04
 -1.925619E-04
 -1.908626E-04
 -1.900474E-04
 -1.894881E-04
 -1.896316E-04
 -1.903860E-04
 -1.915928E-04
 -1.939340E-04
 -1.971112E-04
 -2.012116E-04
 -2.068265E-04
 -2.143462E-04
 -2.238044E-04
 -2.356240E-04
 -2.502334E-04
 -2.695175E-04
 -2.898300E-04
 -3.110649E-04
 -3.292203E-04
 -3.367253E-04
 -3.250434E-04
 -2.969105E-04
 -1.828253E-04
  5.760623E-05
  1.612230E-09
  1.273240E+00
  1.273211E+00
  1.273125E+00
  1.272981E+00
  1.272781E+00
  1.272522E+00
  1.272207E+00
  1.271834E+00
  1.271403E+00
  1.270915E+00
  1.270369E+00
  1.269765E+00
  1.269104E+00
  1.268384E+00
  1.267607E+00
  1.266771E+00
  1.265877E+00
  1.264925E+00
  1.263915E+00
  1.262845E+00
  1.261717E+00
  1.260530E+00
  1.259284E+00
  1.257979E+00
  1.256614E+00
  1.255190E+00
  1.253705E+00
  1.252161E+00
  1.250556E+00
  1.248891E+00
  1.247165E+00
  1.245378E+00
  1.243529E+00
  1.241620E+00
  1.239648E+00
  1.237614E+00
  1.235518E+00
  1.233359E+00
  1.231136E+00
  1.228851E+00
  1.226501E+00
  1.224088E+00
  1.221610E+00
  1.219067E+00
  1.216458E+00
  1.213784E+00
  1.211044E+00
  1.208237E+00
  1.205362E+00
  1.202421E+00
  1.199411E+00
  1.196332E+00
  1.193185E+00
  1.189968E+00
  1.186680E+00
  1.183322E+00
  1.179892E+00
  1.176390E+00
  1.172816E+00
  1.169168E+00
  1.165446E+00
  1.161649E+00
  1.157776E+00
  1.153828E+00
  1.149802E+00
  1.145699E+00
  1.141516E+00
  1.137254E+00
  1.132912E+00
  1.128488E+00
  1.123982E+00
  1.119393E+00
  1.114719E+00
  1.109960E+00
  1.105114E+00
  1.100180E+00
  1.095157E+00
  1.090045E+00
  1.084841E+00
  1.079544E+00
  1.074153E+00
  1.068667E+00
  1.063083E+00
  1.057401E+00
  1.051619E+00
  1.045735E+00
  1.039748E+00
  1.033655E+00
  1.027455E+00
  1.021146E+00
  1.014726E+00
  1.008193E+00
  1.001543E+00
  9.947766E-01
  9.878894E-01
  9.808795E-01
  9.737441E-01
  9.664805E-01
  9.590857E-01
  9.515567E-01
  9.438904E-01
  9.360832E-01
  9.281318E-01
  9.200322E-01
  9.117806E-01
  9.033729E-01
  8.948045E-01
  8.860709E-01
  8.771671E-01
  8.680879E-01
  8.588277E-01
  8.493806E-01
  8.397402E-01
  8.299000E-01
  8.198525E-01
  8.095903E-01
  7.991048E-01
  7.883874E-01
  7.774283E-01
  7.662172E-01
  7.547428E-01
  7.429930E-01
  7.309546E-01
  7.186128E-01
  7.059520E-01
  6.929545E-01
  6.796012E-01
  6.658704E-01
  6.517385E-01
  6.371787E-01
  6.221609E-01
  6.066513E-01
  5.906109E-01
  5.739954E-01
  5.567532E-01
  5.388241E-01
  5.201372E-01
  5.006076E-01
  4.801325E-01
  4.585853E-01
  4.358068E-01
  4.115929E-01
  3.856731E-01
  3.576769E-01
  3.270715E-01
  2.930404E-01
  2.542116E-01
  2.079144E-01
  1.472658E-01
  0.000000E+00
  1.106536E-01
  1.106476E-01
  1.106415E-01
  1.106354E-01
  1.106294E-01
  1.106233E-01
  1.106173E-01
  1.106112E-01
  1.106051E-01
  1.105986E-01
  1.105921E-01
  1.105856E-01
  1.105791E-01
  1.105725E-01
  1.105660E-01
  1.105595E-01
  1.105526E-01
  1.105451E-01
  1.105376E-01
  1.105301E-01
  1.105226E-01
  1.105150E-01
  1.105075E-01
  1.104998E-01
  1.104904E-01
  1.104809E-01
  1.104715E-01
  1.104621E-01
  1.104526E-01
  1.104432E-01
  1.104329E-01
  1.104200E-01
  1.104070E-01
  1.103940E-01
  1.103811E-01
  1.103681E-01
  1.103552E-01
  1.103377E-01
  1.103183E-01
  1.102989E-01
  1.102794E-01
  1.102600E-01
  1.102406E-01
  1.102155E-01
  1.101845E-01
  1.101535E-01
  1.101225E-01
  1.100914E-01
  1.100604E-01
  1.100182E-01
  1.099682E-01
  1.099182E-01
  1.098682E-01
  1.098182E-01
  1.097682E-01
  1.096960E-01
  1.096234E-01
  1.095509E-01
  1.094784E-01
  1.094058E-01
  1.093236E-01
  1.092363E-01
  1.091491E-01
  1.090619E-01
  1.089747E-01
  1.088881E-01
  1.088128E-01
  1.087374E-01
  1.086621E-01
  1.085867E-01
  1.085266E-01
  1.084702E-01
  1.084139E-01
  1.083576E-01
  1.083103E-01
  1.082926E-01
  1.082749E-01
  1.082571E-01
  1.082394E-01
  1.082568E-01
  1.082782E-01
  1.082996E-01
  1.083210E-01
  1.083415E-01
  1.083617E-01
  1.083818E-01
  1.084020E-01
  1.083883E-01
  1.083782E-01
  1.083681E-01
  1.083469E-01
  1.082634E-01
  1.081798E-01
  1.080962E-01
  1.079477E-01
  1.077588E-01
  1.075700E-01
  1.073594E-01
  1.070960E-01
  1.068324E-01
  1.065621E-01
  1.062094E-01
  1.059123E-01
  1.056241E-01
  1.052988E-01
  1.049950E-01
  1.047394E-01
  1.044942E-01
  1.042675E-01
  1.041067E-01
  1.039555E-01
  1.038042E-01
  1.036921E-01
  1.036100E-01
  1.035327E-01
  1.034637E-01
  1.033950E-01
  1.033562E-01
  1.033330E-01
  1.033151E-01
  1.032985E-01
  1.032855E-01
  1.032741E-01
  1.032651E-01
  1.032573E-01
  1.032513E-01
  1.032457E-01
  1.032415E-01
  1.032374E-01
  1.032339E-01
  1.032304E-01
  1.032269E-01
  1.032233E-01
  1.032195E-01
  1.032153E-01
  1.032106E-01
  1.032054E-01
  1.031995E-01
  1.031935E-01
  1.031935E-01
  1.031994E-01
  1.031905E-01
  1.031863E-01
  1.031863E-01
  1.031864E-01
  1.031864E-01
  1.032408E-01
  1.033580E-01
  1.212128E-01
  2.269700E-02
 -1.771958E-01
 -1.764045E-01
 -1.756131E-01
 -1.748218E-01
 -1.740304E-01
 -1.732390E-01
 -1.724477E-01
 -1.716563E-01
 -1.708650E-01
 -1.697464E-01
 -1.686197E-01
 -1.674931E-01
 -1.663664E-01
 -1.652398E-01
 -1.641131E-01
 -1.629864E-01
 -1.617252E-01
 -1.602171E-01
 -1.587091E-01
 -1.572010E-01
 -1.556930E-01
 -1.541849E-01
 -1.526768E-01
 -1.511210E-01
 -1.491827E-01
 -1.472443E-01
 -1.453060E-01
 -1.433677E-01
 -1.414294E-01
 -1.394910E-01
 -1.374444E-01
 -1.350381E-01
 -1.326317E-01
 -1.302254E-01
 -1.278191E-01
 -1.254127E-01
 -1.230064E-01
 -1.202875E-01
 -1.174318E-01
 -1.145762E-01
 -1.117205E-01
 -1.088649E-01
 -1.060092E-01
 -1.030336E-01
 -9.993153E-02
 -9.682943E-02
 -9.372734E-02
 -9.062524E-02
 -8.752315E-02
 -8.465036E-02
 -8.193818E-02
 -7.922601E-02
 -7.651383E-02
 -7.380165E-02
 -7.108948E-02
 -6.956769E-02
 -6.806464E-02
 -6.656159E-02
 -6.505854E-02
 -6.355549E-02
 -6.277965E-02
 -6.237662E-02
 -6.197358E-02
 -6.157054E-02
 -6.116750E-02
 -6.111623E-02
 -6.129571E-02
 -6.147520E-02
 -6.165468E-02
 -6.183417E-02
 -6.187706E-02
 -6.188569E-02
 -6.189433E-02
 -6.190296E-02
 -6.166232E-02
 -6.061174E-02
 -5.956115E-02
 -5.851057E-02
 -5.745998E-02
 -5.556149E-02
 -5.356814E-02
 -5.157479E-02
 -4.958145E-02
 -4.874353E-02
 -4.823104E-02
 -4.771856E-02
 -4.720608E-02
 -5.020051E-02
 -5.373269E-02
 -5.726486E-02
 -6.175089E-02
 -7.166265E-02
 -8.157440E-02
 -9.148615E-02
 -1.066371E-01
 -1.250283E-01
 -1.434195E-01
 -1.644165E-01
 -1.927235E-01
 -2.210304E-01
 -2.498690E-01
 -2.852226E-01
 -3.205759E-01
 -3.560334E-01
 -3.935815E-01
 -4.311294E-01
 -4.683642E-01
 -5.040824E-01
 -5.398002E-01
 -5.734019E-01
 -6.042909E-01
 -6.351796E-01
 -6.603012E-01
 -6.843417E-01
 -7.053553E-01
 -7.213431E-01
 -7.370466E-01
 -7.443943E-01
 -7.517420E-01
 -7.519829E-01
 -7.505247E-01
 -7.430742E-01
 -7.329630E-01
 -7.173216E-01
 -6.991220E-01
 -6.752729E-01
 -6.497868E-01
 -6.181175E-01
 -5.848614E-01
 -5.473484E-01
 -5.068995E-01
 -4.643160E-01
 -4.177259E-01
 -3.690377E-01
 -3.182426E-01
 -2.647992E-01
 -2.090182E-01
 -1.513821E-01
 -9.189708E-02
 -3.061251E-02
  8.944546E-02
  1.540885E-01
  2.202665E-01
  2.878792E-01
  3.568271E-01
  4.270141E-01
  4.983481E-01
  5.708940E-01
 -2.009001E-01
  1.424818E-01
  9.799871E-01
  9.799870E-01
  9.799870E-01
  9.799869E-01
  9.799869E-01
  9.799869E-01
  9.799868E-01
  9.799868E-01
  9.799867E-01
  9.799867E-01
  9.799866E-01
  9.799866E-01
  9.799865E-01
  9.799865E-01
  9.799864E-01
  9.799863E-01
  9.799863E-01
  9.799862E-01
  9.799861E-01
  9.799861E-01
  9.799860E-01
  9.799859E-01
  9.799859E-01
  9.799858E-01
  9.799857E-01
  9.799856E-01
  9.799855E-01
  9.799854E-01
  9.799854E-01
  9.799853E-01
  9.799852E-01
  9.799851E-01
  9.799850E-01
  9.799849E-01
  9.799848E-01
  9.799847E-01
  9.799846E-01
  9.799845E-01
  9.799844E-01
  9.799843E-01
  9.799842E-01
  9.799841E-01
  9.799841E-01
  9.799840E-01
  9.799839E-01
  9.799838E-01
  9.799837E-01
  9.799836E-01
  9.799835E-01
  9.799834E-01
  9.799834E-01
  9.799833E-01
  9.799833E-01
  9.799832E-01
  9.799831E-01
  9.799831E-01
  9.799831E-01
  9.799830E-01
  9.799830E-01
  9.799830E-01
  9.799830E-01
  9.799830E-01
  9.799830E-01
  9.799829E-01
  9.799829E-01
  9.799829E-01
  9.799829E-01
  9.799829E-01
  9.799829E-01
  9.799829E-01
  9.799829E-01
  9.799829E-01
  9.799829E-01
  9.799829E-01
  9.799829E-01
  9.799829E-01
  9.799829E-01
  9.799829E-01
  9.799829E-01
  9.799828E-01
  9.799828E-01
  9.799828E-01
  9.799827E-01
  9.799827E-01
  9.799827E-01
  9.799827E-01
  9.799827E-01
  9.799828E-01
  9.799828E-01
  9.799829E-01
  9.799829E-01
  9.799831E-01
  9.799834E-01
  9.799836E-01
  9.799841E-01
  9.799847E-01
  9.799854E-01
  9.799864E-01
  9.799879E-01
  9.799897E-01
  9.799917E-01
  9.799945E-01
  9.799977E-01
  9.800013E-01
  9.800055E-01
  9.800101E-01
  9.800151E-01
  9.800203E-01
  9.800259E-01
  9.800315E-01
  9.800369E-01
  9.800426E-01
  9.800475E-01
  9.800523E-01
  9.800566E-01
  9.800600E-01
  9.800635E-01
  9.800651E-01
  9.800667E-01
  9.800668E-01
  9.800665E-01
  9.800648E-01
  9.800626E-01
  9.800592E-01
  9.800553E-01
  9.800504E-01
  9.800454E-01
  9.800394E-01
  9.800334E-01
  9.800271E-01
  9.800207E-01
  9.800146E-01
  9.800084E-01
  9.800027E-01
  9.799975E-01
  9.799928E-01
  9.799889E-01
  9.799858E-01
  9.799836E-01
  9.799825E-01
  9.799836E-01
  9.799859E-01
  9.799896E-01
  9.799947E-01
  9.800014E-01
  9.800096E-01
  9.800194E-01
  9.800310E-01
  7.134819E-01
  4.028564E-06
 -3.212886E+02
 -3.211660E+02
 -3.210435E+02
 -3.209209E+02
 -3.207984E+02
 -3.206758E+02
 -3.205532E+02
 -3.204306E+02
 -3.203080E+02
 -3.199234E+02
 -3.195323E+02
 -3.191412E+02
 -3.187501E+02
 -3.183590E+02
 -3.179679E+02
 -3.175767E+02
 -3.170865E+02
 -3.164146E+02
 -3.157426E+02
 -3.150706E+02
 -3.143987E+02
 -3.137267E+02
 -3.130547E+02
 -3.123560E+02
 -3.114429E+02
 -3.105299E+02
 -3.096168E+02
 -3.087038E+02
 -3.077908E+02
 -3.068778E+02
 -3.059213E+02
 -3.048206E+02
 -3.037199E+02
 -3.026193E+02
 -3.015187E+02
 -3.004181E+02
 -2.993176E+02
 -2.980903E+02
 -2.968074E+02
 -2.955247E+02
 -2.942421E+02
 -2.929595E+02
 -2.916770E+02
 -2.903120E+02
 -2.888601E+02
 -2.874084E+02
 -2.859568E+02
 -2.845053E+02
 -2.830540E+02
 -2.815401E+02
 -2.799825E+02
 -2.784251E+02
 -2.768679E+02
 -2.753111E+02
 -2.737545E+02
 -2.721586E+02
 -2.705624E+02
 -2.689666E+02
 -2.673711E+02
 -2.657761E+02
 -2.641554E+02
 -2.625219E+02
 -2.608888E+02
 -2.592562E+02
 -2.576240E+02
 -2.559502E+02
 -2.542494E+02
 -2.525491E+02
 -2.508493E+02
 -2.491500E+02
 -2.473537E+02
 -2.455336E+02
 -2.437140E+02
 -2.418949E+02
 -2.400245E+02
 -2.379858E+02
 -2.359476E+02
 -2.339099E+02
 -2.318727E+02
 -2.296516E+02
 -2.274101E+02
 -2.251691E+02
 -2.229284E+02
 -2.206731E+02
 -2.184139E+02
 -2.161551E+02
 -2.138967E+02
 -2.117729E+02
 -2.096700E+02
 -2.075672E+02
 -2.055063E+02
 -2.036820E+02
 -2.018572E+02
 -2.000318E+02
 -1.985183E+02
 -1.971959E+02
 -1.958711E+02
 -1.947119E+02
 -1.940197E+02
 -1.933218E+02
 -1.926483E+02
 -1.923330E+02
 -1.920095E+02
 -1.916774E+02
 -1.913245E+02
 -1.909633E+02
 -1.905369E+02
 -1.898267E+02
 -1.891099E+02
 -1.881245E+02
 -1.867984E+02
 -1.854683E+02
 -1.834594E+02
 -1.813226E+02
 -1.788395E+02
 -1.757836E+02
 -1.726972E+02
 -1.686725E+02
 -1.646511E+02
 -1.598247E+02
 -1.548096E+02
 -1.491257E+02
 -1.431476E+02
 -1.365618E+02
 -1.296965E+02
 -1.221827E+02
 -1.144810E+02
 -1.059904E+02
 -9.726623E+01
 -8.790441E+01
 -7.800255E+01
 -6.769054E+01
 -5.643972E+01
 -4.453386E+01
 -3.191041E+01
 -1.818991E+01
 -3.161570E+00
  1.321756E+01
  3.133243E+01
  5.180722E+01
  7.574572E+01
  1.050972E+02
  1.429836E+02
  1.945466E+02
  2.645672E+02
  3.362045E+02
  3.867286E+02
  4.954466E+02
  9.774784E+01
  3.977534E-04
  1.106602E+04
  1.106425E+04
  1.106247E+04
  1.106070E+04
  1.105893E+04
  1.105716E+04
  1.105539E+04
  1.105362E+04
  1.105185E+04
  1.104652E+04
  1.104111E+04
  1.103570E+04
  1.103029E+04
  1.102488E+04
  1.101947E+04
  1.101406E+04
  1.100749E+04
  1.099881E+04
  1.099013E+04
  1.098144E+04
  1.097276E+04
  1.096408E+04
  1.095540E+04
  1.094638E+04
  1.093470E+04
  1.092302E+04
  1.091133E+04
  1.089965E+04
  1.088797E+04
  1.087629E+04
  1.086386E+04
  1.084896E+04
  1.083407E+04
  1.081917E+04
  1.080427E+04
  1.078937E+04
  1.077448E+04
  1.075723E+04
  1.073896E+04
  1.072069E+04
  1.070242E+04
  1.068415E+04
  1.066587E+04
  1.064595E+04
  1.062429E+04
  1.060262E+04
  1.058096E+04
  1.055930E+04
  1.053764E+04
  1.051395E+04
  1.048884E+04
  1.046374E+04
  1.043863E+04
  1.041353E+04
  1.038842E+04
  1.035986E+04
  1.033124E+04
  1.030262E+04
  1.027400E+04
  1.024539E+04
  1.021447E+04
  1.018238E+04
  1.015028E+04
  1.011819E+04
  1.008610E+04
  1.005189E+04
  1.001629E+04
  9.980699E+03
  9.945107E+03
  9.909518E+03
  9.870990E+03
  9.831726E+03
  9.792465E+03
  9.753208E+03
  9.713058E+03
  9.669998E+03
  9.626941E+03
  9.583886E+03
  9.540834E+03
  9.494348E+03
  9.447478E+03
  9.400611E+03
  9.353746E+03
  9.303964E+03
  9.253362E+03
  9.202763E+03
  9.152165E+03
  9.098667E+03
  9.044727E+03
  8.990791E+03
  8.936440E+03
  8.879724E+03
  8.823014E+03
  8.766311E+03
  8.708043E+03
  8.648815E+03
  8.589601E+03
  8.529743E+03
  8.468064E+03
  8.406411E+03
  8.344614E+03
  8.280761E+03
  8.216948E+03
  8.153057E+03
  8.086827E+03
  8.020644E+03
  7.953944E+03
  7.884552E+03
  7.815207E+03
  7.744162E+03
  7.670921E+03
  7.597721E+03
  7.520913E+03
  7.443454E+03
  7.364360E+03
  7.282522E+03
  7.200564E+03
  7.114378E+03
  7.028210E+03
  6.938606E+03
  6.848192E+03
  6.754890E+03
  6.660312E+03
  6.562925E+03
  6.464244E+03
  6.362522E+03
  6.259927E+03
  6.153857E+03
  6.046874E+03
  5.937415E+03
  5.826174E+03
  5.713629E+03
  5.598472E+03
  5.481767E+03
  5.363425E+03
  5.242737E+03
  5.119545E+03
  4.994194E+03
  4.866929E+03
  4.739138E+03
  4.615300E+03
  4.506041E+03
  4.429474E+03
  4.421495E+03
  4.519781E+03
  4.490149E+03
  4.052232E+03
  4.558626E+03
  1.359207E+03
 -8.447606E-05
  1.108528E+01
  1.120314E+01
  1.132099E+01
  1.143885E+01
  1.155671E+01
  1.167456E+01
  1.179241E+01
  1.191027E+01
  1.202812E+01
  1.233409E+01
  1.264473E+01
  1.295536E+01
  1.326599E+01
  1.357662E+01
  1.388725E+01
  1.419787E+01
  1.456907E+01
  1.505138E+01
  1.553368E+01
  1.601598E+01
  1.649827E+01
  1.698056E+01
  1.746285E+01
  1.797703E+01
  1.874657E+01
  1.951611E+01
  2.028564E+01
  2.105516E+01
  2.182468E+01
  2.259419E+01
  2.347700E+01
  2.473636E+01
  2.599571E+01
  2.725505E+01
  2.851438E+01
  2.977369E+01
  3.103299E+01
  3.286217E+01
  3.494077E+01
  3.701934E+01
  3.909788E+01
  4.117640E+01
  4.325488E+01
  4.589880E+01
  4.913926E+01
  5.237965E+01
  5.561997E+01
  5.886021E+01
  6.210039E+01
  6.589933E+01
  7.008954E+01
  7.427960E+01
  7.846951E+01
  8.265926E+01
  8.684887E+01
  9.100773E+01
  9.516589E+01
  9.932381E+01
  1.034815E+02
  1.076390E+02
  1.110689E+02
  1.141259E+02
  1.171825E+02
  1.202390E+02
  1.232952E+02
  1.251413E+02
  1.261937E+02
  1.272459E+02
  1.282979E+02
  1.293498E+02
  1.281586E+02
  1.264048E+02
  1.246511E+02
  1.228974E+02
  1.206909E+02
  1.170133E+02
  1.133357E+02
  1.096582E+02
  1.059807E+02
  1.046178E+02
  1.035137E+02
  1.024096E+02
  1.013055E+02
  1.051610E+02
  1.104132E+02
  1.156651E+02
  1.209168E+02
  1.317506E+02
  1.434396E+02
  1.551275E+02
  1.676761E+02
  1.851244E+02
  2.025700E+02
  2.200129E+02
  2.401837E+02
  2.620384E+02
  2.838878E+02
  3.054061E+02
  3.260041E+02
  3.465949E+02
  3.665369E+02
  3.786086E+02
  3.906756E+02
  4.022643E+02
  4.043589E+02
  4.064530E+02
  4.072083E+02
  4.014748E+02
  3.957444E+02
  3.876075E+02
  3.763861E+02
  3.651700E+02
  3.510397E+02
  3.363681E+02
  3.209804E+02
  3.043996E+02
  2.877870E+02
  2.700763E+02
  2.523705E+02
  2.329390E+02
  2.130982E+02
  1.912368E+02
  1.684800E+02
  1.447027E+02
  1.204542E+02
  9.627745E+01
  7.212151E+01
  4.899320E+01
  2.628987E+01
  4.806431E+00
 -1.554954E+01
 -3.507016E+01
 -5.271803E+01
 -6.922837E+01
 -8.455544E+01
 -9.824400E+01
 -1.102833E+02
 -1.208481E+02
 -1.297370E+02
 -1.366560E+02
 -1.411218E+02
 -1.423192E+02
 -1.390416E+02
 -1.304474E+02
 -1.173650E+02
 -9.990639E+01
 -8.644680E+01
  7.708665E+02
  4.447407E+03
  2.722650E-02
