 Title= "ADflow Lift Distribution Data"
Variables = "eta" "CoordinateX" "CoordinateY" "CoordinateZ" "Lift" "Drag" "Moment" "Normalized Lift" "Normalized Drag" "Normalized Moment" "CL" "CD" "CM" "CLp" "CDp" "CMp" "CLv" "CDv" "CMv" "Elliptical" "thickness" "twist" "chord" "fx" "fy" "fz" 
Zone T= "LiftDist_01 allWalls: : z normal"
 I=          150
 DATAPACKING=BLOCK
  0.000000E+00
  6.711405E-03
  1.342281E-02
  2.013422E-02
  2.684563E-02
  3.355704E-02
  4.026845E-02
  4.697986E-02
  5.369127E-02
  6.040268E-02
  6.711409E-02
  7.382550E-02
  8.053691E-02
  8.724832E-02
  9.395973E-02
  1.006711E-01
  1.073825E-01
  1.140940E-01
  1.208054E-01
  1.275168E-01
  1.342282E-01
  1.409396E-01
  1.476510E-01
  1.543624E-01
  1.610738E-01
  1.677852E-01
  1.744966E-01
  1.812081E-01
  1.879195E-01
  1.946309E-01
  2.013423E-01
  2.080537E-01
  2.147651E-01
  2.214765E-01
  2.281879E-01
  2.348993E-01
  2.416107E-01
  2.483221E-01
  2.550336E-01
  2.617450E-01
  2.684564E-01
  2.751678E-01
  2.818792E-01
  2.885906E-01
  2.953020E-01
  3.020134E-01
  3.087248E-01
  3.154362E-01
  3.221476E-01
  3.288591E-01
  3.355705E-01
  3.422819E-01
  3.489933E-01
  3.557047E-01
  3.624161E-01
  3.691275E-01
  3.758389E-01
  3.825503E-01
  3.892617E-01
  3.959732E-01
  4.026846E-01
  4.093960E-01
  4.161074E-01
  4.228188E-01
  4.295302E-01
  4.362416E-01
  4.429530E-01
  4.496644E-01
  4.563758E-01
  4.630872E-01
  4.697987E-01
  4.765101E-01
  4.832215E-01
  4.899329E-01
  4.966443E-01
  5.033557E-01
  5.100671E-01
  5.167785E-01
  5.234899E-01
  5.302013E-01
  5.369128E-01
  5.436242E-01
  5.503356E-01
  5.570470E-01
  5.637584E-01
  5.704698E-01
  5.771812E-01
  5.838926E-01
  5.906040E-01
  5.973154E-01
  6.040268E-01
  6.107383E-01
  6.174497E-01
  6.241611E-01
  6.308725E-01
  6.375839E-01
  6.442953E-01
  6.510067E-01
  6.577181E-01
  6.644295E-01
  6.711409E-01
  6.778524E-01
  6.845638E-01
  6.912752E-01
  6.979866E-01
  7.046980E-01
  7.114094E-01
  7.181208E-01
  7.248322E-01
  7.315436E-01
  7.382550E-01
  7.449664E-01
  7.516779E-01
  7.583893E-01
  7.651007E-01
  7.718121E-01
  7.785235E-01
  7.852349E-01
  7.919463E-01
  7.986577E-01
  8.053691E-01
  8.120805E-01
  8.187919E-01
  8.255034E-01
  8.322148E-01
  8.389262E-01
  8.456376E-01
  8.523490E-01
  8.590604E-01
  8.657718E-01
  8.724832E-01
  8.791946E-01
  8.859060E-01
  8.926175E-01
  8.993289E-01
  9.060403E-01
  9.127517E-01
  9.194631E-01
  9.261745E-01
  9.328859E-01
  9.395973E-01
  9.463087E-01
  9.530201E-01
  9.597315E-01
  9.664430E-01
  9.731544E-01
  9.798658E-01
  9.865772E-01
  9.932886E-01
  1.000000E+00
  0.000000E+00
  0.000000E+00
  0.000000E+00
  0.000000E+00
  0.000000E+00
  0.000000E+00
  0.000000E+00
  0.000000E+00
  0.000000E+00
  0.000000E+00
  0.000000E+00
  0.000000E+00
  0.000000E+00
  0.000000E+00
  0.000000E+00
  0.000000E+00
  0.000000E+00
  0.000000E+00
  0.000000E+00
  0.000000E+00
  0.000000E+00
  0.000000E+00
  0.000000E+00
  0.000000E+00
  0.000000E+00
  0.000000E+00
  0.000000E+00
  0.000000E+00
  0.000000E+00
  0.000000E+00
  0.000000E+00
  0.000000E+00
  0.000000E+00
  0.000000E+00
  0.000000E+00
  0.000000E+00
  0.000000E+00
  0.000000E+00
  0.000000E+00
  0.000000E+00
  0.000000E+00
  0.000000E+00
  0.000000E+00
  0.000000E+00
  0.000000E+00
  0.000000E+00
  0.000000E+00
  0.000000E+00
  0.000000E+00
  0.000000E+00
  0.000000E+00
  0.000000E+00
  0.000000E+00
  0.000000E+00
  0.000000E+00
  0.000000E+00
  0.000000E+00
  0.000000E+00
  0.000000E+00
  0.000000E+00
  0.000000E+00
  0.000000E+00
  0.000000E+00
  0.000000E+00
  0.000000E+00
  0.000000E+00
  0.000000E+00
  0.000000E+00
  0.000000E+00
  0.000000E+00
  0.000000E+00
  0.000000E+00
  0.000000E+00
  0.000000E+00
  0.000000E+00
  0.000000E+00
  0.000000E+00
  0.000000E+00
  0.000000E+00
  0.000000E+00
  0.000000E+00
  0.000000E+00
  0.000000E+00
  0.000000E+00
  0.000000E+00
  0.000000E+00
  0.000000E+00
  0.000000E+00
  0.000000E+00
  0.000000E+00
  0.000000E+00
  0.000000E+00
  0.000000E+00
  0.000000E+00
  0.000000E+00
  0.000000E+00
  0.000000E+00
  0.000000E+00
  0.000000E+00
  0.000000E+00
  0.000000E+00
  0.000000E+00
  0.000000E+00
  0.000000E+00
  0.000000E+00
  0.000000E+00
  0.000000E+00
  0.000000E+00
  0.000000E+00
  0.000000E+00
  0.000000E+00
  0.000000E+00
  0.000000E+00
  0.000000E+00
  0.000000E+00
  0.000000E+00
  0.000000E+00
  0.000000E+00
  0.000000E+00
  0.000000E+00
  0.000000E+00
  0.000000E+00
  0.000000E+00
  0.000000E+00
  0.000000E+00
  0.000000E+00
  0.000000E+00
  0.000000E+00
  0.000000E+00
  0.000000E+00
  0.000000E+00
  0.000000E+00
  0.000000E+00
  0.000000E+00
  0.000000E+00
  0.000000E+00
  0.000000E+00
  0.000000E+00
  0.000000E+00
  0.000000E+00
  0.000000E+00
  0.000000E+00
  0.000000E+00
  0.000000E+00
  0.000000E+00
  0.000000E+00
  0.000000E+00
  0.000000E+00
  0.000000E+00
  0.000000E+00
  0.000000E+00
  0.000000E+00
  0.000000E+00
  0.000000E+00
  0.000000E+00
  0.000000E+00
  0.000000E+00
  0.000000E+00
  0.000000E+00
  0.000000E+00
  0.000000E+00
  0.000000E+00
  0.000000E+00
  0.000000E+00
  0.000000E+00
  0.000000E+00
  0.000000E+00
  0.000000E+00
  0.000000E+00
  0.000000E+00
  0.000000E+00
  0.000000E+00
  0.000000E+00
  0.000000E+00
  0.000000E+00
  0.000000E+00
  0.000000E+00
  0.000000E+00
  0.000000E+00
  0.000000E+00
  0.000000E+00
  0.000000E+00
  0.000000E+00
  0.000000E+00
  0.000000E+00
  0.000000E+00
  0.000000E+00
  0.000000E+00
  0.000000E+00
  0.000000E+00
  0.000000E+00
  0.000000E+00
  0.000000E+00
  0.000000E+00
  0.000000E+00
  0.000000E+00
  0.000000E+00
  0.000000E+00
  0.000000E+00
  0.000000E+00
  0.000000E+00
  0.000000E+00
  0.000000E+00
  0.000000E+00
  0.000000E+00
  0.000000E+00
  0.000000E+00
  0.000000E+00
  0.000000E+00
  0.000000E+00
  0.000000E+00
  0.000000E+00
  0.000000E+00
  0.000000E+00
  0.000000E+00
  0.000000E+00
  0.000000E+00
  0.000000E+00
  0.000000E+00
  0.000000E+00
  0.000000E+00
  0.000000E+00
  0.000000E+00
  0.000000E+00
  0.000000E+00
  0.000000E+00
  0.000000E+00
  0.000000E+00
  0.000000E+00
  0.000000E+00
  0.000000E+00
  0.000000E+00
  0.000000E+00
  0.000000E+00
  0.000000E+00
  0.000000E+00
  0.000000E+00
  0.000000E+00
  0.000000E+00
  0.000000E+00
  0.000000E+00
  0.000000E+00
  0.000000E+00
  0.000000E+00
  0.000000E+00
  0.000000E+00
  0.000000E+00
  0.000000E+00
  0.000000E+00
  0.000000E+00
  0.000000E+00
  0.000000E+00
  0.000000E+00
  0.000000E+00
  0.000000E+00
  0.000000E+00
  0.000000E+00
  0.000000E+00
  0.000000E+00
  0.000000E+00
  0.000000E+00
  0.000000E+00
  0.000000E+00
  0.000000E+00
  0.000000E+00
  0.000000E+00
  0.000000E+00
  0.000000E+00
  0.000000E+00
  0.000000E+00
  0.000000E+00
  0.000000E+00
  0.000000E+00
  0.000000E+00
  0.000000E+00
  0.000000E+00
  0.000000E+00
  0.000000E+00
  0.000000E+00
  0.000000E+00
  0.000000E+00
  0.000000E+00
  0.000000E+00
  0.000000E+00
  0.000000E+00
  0.000000E+00
  0.000000E+00
  0.000000E+00
  0.000000E+00
  0.000000E+00
  0.000000E+00
  0.000000E+00
  0.000000E+00
  0.000000E+00
  0.000000E+00
  0.000000E+00
  0.000000E+00
  0.000000E+00
  0.000000E+00
  0.000000E+00
  1.000000E-08
  1.695085E-02
  3.390169E-02
  5.085254E-02
  6.780338E-02
  8.475423E-02
  1.017051E-01
  1.186559E-01
  1.356068E-01
  1.525576E-01
  1.695085E-01
  1.864593E-01
  2.034101E-01
  2.203610E-01
  2.373118E-01
  2.542627E-01
  2.712135E-01
  2.881644E-01
  3.051152E-01
  3.220661E-01
  3.390169E-01
  3.559678E-01
  3.729186E-01
  3.898694E-01
  4.068203E-01
  4.237711E-01
  4.407220E-01
  4.576728E-01
  4.746237E-01
  4.915745E-01
  5.085254E-01
  5.254762E-01
  5.424271E-01
  5.593779E-01
  5.763287E-01
  5.932796E-01
  6.102304E-01
  6.271813E-01
  6.441321E-01
  6.610830E-01
  6.780338E-01
  6.949847E-01
  7.119355E-01
  7.288864E-01
  7.458372E-01
  7.627880E-01
  7.797389E-01
  7.966897E-01
  8.136406E-01
  8.305914E-01
  8.475423E-01
  8.644931E-01
  8.814440E-01
  8.983948E-01
  9.153457E-01
  9.322965E-01
  9.492473E-01
  9.661982E-01
  9.831490E-01
  1.000100E+00
  1.017051E+00
  1.034002E+00
  1.050952E+00
  1.067903E+00
  1.084854E+00
  1.101805E+00
  1.118756E+00
  1.135707E+00
  1.152657E+00
  1.169608E+00
  1.186559E+00
  1.203510E+00
  1.220461E+00
  1.237412E+00
  1.254363E+00
  1.271313E+00
  1.288264E+00
  1.305215E+00
  1.322166E+00
  1.339117E+00
  1.356068E+00
  1.373018E+00
  1.389969E+00
  1.406920E+00
  1.423871E+00
  1.440822E+00
  1.457773E+00
  1.474724E+00
  1.491674E+00
  1.508625E+00
  1.525576E+00
  1.542527E+00
  1.559478E+00
  1.576429E+00
  1.593379E+00
  1.610330E+00
  1.627281E+00
  1.644232E+00
  1.661183E+00
  1.678134E+00
  1.695085E+00
  1.712035E+00
  1.728986E+00
  1.745937E+00
  1.762888E+00
  1.779839E+00
  1.796790E+00
  1.813740E+00
  1.830691E+00
  1.847642E+00
  1.864593E+00
  1.881544E+00
  1.898495E+00
  1.915446E+00
  1.932396E+00
  1.949347E+00
  1.966298E+00
  1.983249E+00
  2.000200E+00
  2.017151E+00
  2.034101E+00
  2.051052E+00
  2.068003E+00
  2.084954E+00
  2.101905E+00
  2.118856E+00
  2.135807E+00
  2.152757E+00
  2.169708E+00
  2.186659E+00
  2.203610E+00
  2.220561E+00
  2.237512E+00
  2.254462E+00
  2.271413E+00
  2.288364E+00
  2.305315E+00
  2.322266E+00
  2.339217E+00
  2.356168E+00
  2.373118E+00
  2.390069E+00
  2.407020E+00
  2.423971E+00
  2.440922E+00
  2.457873E+00
  2.474823E+00
  2.491774E+00
  2.508725E+00
  2.525676E+00
  1.106465E+04
  1.106277E+04
  1.106089E+04
  1.105901E+04
  1.105713E+04
  1.105525E+04
  1.105337E+04
  1.105149E+04
  1.104961E+04
  1.104405E+04
  1.103840E+04
  1.103276E+04
  1.102711E+04
  1.102146E+04
  1.101581E+04
  1.101017E+04
  1.100333E+04
  1.099431E+04
  1.098529E+04
  1.097626E+04
  1.096724E+04
  1.095822E+04
  1.094920E+04
  1.093983E+04
  1.092765E+04
  1.091547E+04
  1.090329E+04
  1.089111E+04
  1.087893E+04
  1.086675E+04
  1.085380E+04
  1.083829E+04
  1.082278E+04
  1.080727E+04
  1.079177E+04
  1.077626E+04
  1.076075E+04
  1.074288E+04
  1.072398E+04
  1.070507E+04
  1.068617E+04
  1.066727E+04
  1.064837E+04
  1.062786E+04
  1.060565E+04
  1.058344E+04
  1.056123E+04
  1.053902E+04
  1.051681E+04
  1.049266E+04
  1.046715E+04
  1.044164E+04
  1.041613E+04
  1.039062E+04
  1.036512E+04
  1.033633E+04
  1.030749E+04
  1.027866E+04
  1.024983E+04
  1.022100E+04
  1.019001E+04
  1.015792E+04
  1.012583E+04
  1.009374E+04
  1.006166E+04
  1.002758E+04
  9.992201E+03
  9.956822E+03
  9.921447E+03
  9.886074E+03
  9.847871E+03
  9.808960E+03
  9.770052E+03
  9.731147E+03
  9.691366E+03
  9.648734E+03
  9.606104E+03
  9.563476E+03
  9.520850E+03
  9.474813E+03
  9.428396E+03
  9.381981E+03
  9.335566E+03
  9.286203E+03
  9.236010E+03
  9.185818E+03
  9.135628E+03
  9.082465E+03
  9.028848E+03
  8.975234E+03
  8.921193E+03
  8.864718E+03
  8.808248E+03
  8.751784E+03
  8.693714E+03
  8.634658E+03
  8.575614E+03
  8.515914E+03
  8.454358E+03
  8.392828E+03
  8.331150E+03
  8.267394E+03
  8.203677E+03
  8.139877E+03
  8.073736E+03
  8.007639E+03
  7.941024E+03
  7.871726E+03
  7.802472E+03
  7.731525E+03
  7.658393E+03
  7.585301E+03
  7.508617E+03
  7.431285E+03
  7.352324E+03
  7.270631E+03
  7.188818E+03
  7.102779E+03
  7.016760E+03
  6.927285E+03
  6.836996E+03
  6.743787E+03
  6.649289E+03
  6.551946E+03
  6.453293E+03
  6.351550E+03
  6.248920E+03
  6.142743E+03
  6.035632E+03
  5.925982E+03
  5.814498E+03
  5.701670E+03
  5.586140E+03
  5.469004E+03
  5.350166E+03
  5.228884E+03
  5.104968E+03
  4.978746E+03
  4.850398E+03
  4.721211E+03
  4.595489E+03
  4.483586E+03
  4.403228E+03
  4.389684E+03
  4.480059E+03
  4.443025E+03
  4.002590E+03
  4.499275E+03
  1.342716E+03
 -1.190818E-04
  6.302302E+02
  6.301658E+02
  6.301015E+02
  6.300371E+02
  6.299727E+02
  6.299084E+02
  6.298440E+02
  6.297797E+02
  6.297154E+02
  6.295749E+02
  6.294327E+02
  6.292904E+02
  6.291481E+02
  6.290059E+02
  6.288636E+02
  6.287214E+02
  6.285794E+02
  6.284380E+02
  6.282965E+02
  6.281551E+02
  6.280137E+02
  6.278722E+02
  6.277308E+02
  6.275864E+02
  6.274187E+02
  6.272510E+02
  6.270832E+02
  6.269155E+02
  6.267477E+02
  6.265799E+02
  6.263911E+02
  6.261323E+02
  6.258734E+02
  6.256145E+02
  6.253556E+02
  6.250967E+02
  6.248377E+02
  6.245070E+02
  6.241447E+02
  6.237824E+02
  6.234200E+02
  6.230576E+02
  6.226951E+02
  6.222700E+02
  6.217790E+02
  6.212878E+02
  6.207965E+02
  6.203052E+02
  6.198137E+02
  6.191907E+02
  6.184754E+02
  6.177600E+02
  6.170445E+02
  6.163288E+02
  6.156130E+02
  6.145824E+02
  6.135466E+02
  6.125107E+02
  6.114747E+02
  6.104386E+02
  6.091961E+02
  6.078476E+02
  6.064990E+02
  6.051504E+02
  6.038016E+02
  6.023050E+02
  6.007113E+02
  5.991175E+02
  5.975235E+02
  5.959294E+02
  5.942185E+02
  5.924782E+02
  5.907375E+02
  5.889966E+02
  5.872568E+02
  5.855210E+02
  5.837849E+02
  5.820484E+02
  5.803117E+02
  5.785890E+02
  5.768678E+02
  5.751462E+02
  5.734244E+02
  5.715507E+02
  5.696340E+02
  5.677170E+02
  5.657998E+02
  5.635420E+02
  5.612320E+02
  5.589218E+02
  5.565345E+02
  5.537093E+02
  5.508849E+02
  5.480612E+02
  5.447708E+02
  5.411939E+02
  5.376200E+02
  5.338125E+02
  5.293468E+02
  5.248883E+02
  5.203896E+02
  5.153217E+02
  5.102647E+02
  5.052078E+02
  4.999529E+02
  4.947097E+02
  4.894857E+02
  4.843104E+02
  4.791451E+02
  4.741032E+02
  4.692148E+02
  4.643334E+02
  4.598245E+02
  4.553881E+02
  4.511588E+02
  4.472691E+02
  4.433996E+02
  4.401085E+02
  4.368155E+02
  4.340300E+02
  4.313631E+02
  4.291116E+02
  4.270424E+02
  4.253363E+02
  4.237974E+02
  4.226432E+02
  4.216013E+02
  4.210455E+02
  4.206436E+02
  4.206622E+02
  4.210637E+02
  4.217603E+02
  4.231634E+02
  4.250836E+02
  4.275751E+02
  4.309531E+02
  4.354112E+02
  4.410191E+02
  4.481751E+02
  4.576102E+02
  4.707932E+02
  4.905574E+02
  5.215400E+02
  5.719015E+02
  6.495956E+02
  7.179525E+02
  7.307364E+02
  8.824825E+02
  2.120338E+02
  3.888809E-04
  1.807275E+03
  1.806644E+03
  1.806013E+03
  1.805382E+03
  1.804751E+03
  1.804120E+03
  1.803489E+03
  1.802858E+03
  1.802228E+03
  1.800679E+03
  1.799109E+03
  1.797538E+03
  1.795967E+03
  1.794396E+03
  1.792825E+03
  1.791254E+03
  1.789501E+03
  1.787411E+03
  1.785322E+03
  1.783232E+03
  1.781143E+03
  1.779053E+03
  1.776964E+03
  1.774808E+03
  1.772118E+03
  1.769429E+03
  1.766739E+03
  1.764050E+03
  1.761360E+03
  1.758671E+03
  1.755821E+03
  1.752438E+03
  1.749056E+03
  1.745673E+03
  1.742291E+03
  1.738908E+03
  1.735526E+03
  1.731677E+03
  1.727623E+03
  1.723570E+03
  1.719517E+03
  1.715464E+03
  1.711411E+03
  1.707069E+03
  1.702422E+03
  1.697775E+03
  1.693128E+03
  1.688482E+03
  1.683836E+03
  1.678893E+03
  1.673741E+03
  1.668590E+03
  1.663440E+03
  1.658290E+03
  1.653140E+03
  1.647613E+03
  1.642080E+03
  1.636548E+03
  1.631017E+03
  1.625486E+03
  1.619772E+03
  1.613966E+03
  1.608160E+03
  1.602355E+03
  1.596551E+03
  1.590554E+03
  1.584432E+03
  1.578311E+03
  1.572190E+03
  1.566071E+03
  1.559647E+03
  1.553147E+03
  1.546648E+03
  1.540150E+03
  1.533603E+03
  1.526892E+03
  1.520181E+03
  1.513471E+03
  1.506762E+03
  1.499966E+03
  1.493161E+03
  1.486356E+03
  1.479552E+03
  1.472560E+03
  1.465516E+03
  1.458472E+03
  1.451429E+03
  1.444256E+03
  1.437064E+03
  1.429873E+03
  1.422712E+03
  1.415721E+03
  1.408732E+03
  1.401744E+03
  1.394837E+03
  1.387982E+03
  1.381132E+03
  1.374205E+03
  1.367054E+03
  1.359915E+03
  1.352754E+03
  1.345207E+03
  1.337679E+03
  1.330142E+03
  1.322126E+03
  1.314132E+03
  1.305983E+03
  1.297009E+03
  1.288056E+03
  1.278463E+03
  1.268042E+03
  1.257639E+03
  1.245798E+03
  1.233698E+03
  1.220941E+03
  1.207077E+03
  1.193165E+03
  1.177561E+03
  1.161962E+03
  1.145084E+03
  1.127903E+03
  1.109833E+03
  1.091368E+03
  1.072256E+03
  1.052847E+03
  1.032986E+03
  1.012998E+03
  9.928422E+02
  9.727475E+02
  9.528560E+02
  9.333897E+02
  9.142596E+02
  8.961632E+02
  8.788704E+02
  8.624559E+02
  8.473959E+02
  8.338968E+02
  8.220179E+02
  8.124059E+02
  8.064775E+02
  8.075159E+02
  8.226141E+02
  8.636815E+02
  9.491639E+02
  1.093333E+03
  1.203433E+03
  1.135539E+03
  1.287066E+03
  2.061854E+02
 -8.799204E-11
  1.245081E+00
  1.244869E+00
  1.244658E+00
  1.244446E+00
  1.244235E+00
  1.244023E+00
  1.243812E+00
  1.243600E+00
  1.243388E+00
  1.242763E+00
  1.242128E+00
  1.241492E+00
  1.240857E+00
  1.240221E+00
  1.239586E+00
  1.238950E+00
  1.238181E+00
  1.237166E+00
  1.236150E+00
  1.235135E+00
  1.234120E+00
  1.233105E+00
  1.232090E+00
  1.231036E+00
  1.229665E+00
  1.228294E+00
  1.226924E+00
  1.225553E+00
  1.224183E+00
  1.222812E+00
  1.221355E+00
  1.219610E+00
  1.217865E+00
  1.216119E+00
  1.214374E+00
  1.212629E+00
  1.210884E+00
  1.208873E+00
  1.206746E+00
  1.204619E+00
  1.202492E+00
  1.200365E+00
  1.198238E+00
  1.195930E+00
  1.193431E+00
  1.190932E+00
  1.188432E+00
  1.185933E+00
  1.183434E+00
  1.180717E+00
  1.177846E+00
  1.174975E+00
  1.172105E+00
  1.169234E+00
  1.166364E+00
  1.163125E+00
  1.159880E+00
  1.156635E+00
  1.153391E+00
  1.150147E+00
  1.146660E+00
  1.143048E+00
  1.139438E+00
  1.135827E+00
  1.132217E+00
  1.128382E+00
  1.124401E+00
  1.120420E+00
  1.116439E+00
  1.112459E+00
  1.108160E+00
  1.103781E+00
  1.099403E+00
  1.095025E+00
  1.090549E+00
  1.085751E+00
  1.080954E+00
  1.076157E+00
  1.071361E+00
  1.066180E+00
  1.060957E+00
  1.055734E+00
  1.050511E+00
  1.044956E+00
  1.039308E+00
  1.033660E+00
  1.028012E+00
  1.022030E+00
  1.015997E+00
  1.009964E+00
  1.003883E+00
  9.975276E-01
  9.911732E-01
  9.848194E-01
  9.782849E-01
  9.716394E-01
  9.649953E-01
  9.582774E-01
  9.513507E-01
  9.444268E-01
  9.374863E-01
  9.303120E-01
  9.231420E-01
  9.159628E-01
  9.085201E-01
  9.010824E-01
  8.935863E-01
  8.857883E-01
  8.779954E-01
  8.700119E-01
  8.617825E-01
  8.535575E-01
  8.449284E-01
  8.362265E-01
  8.273412E-01
  8.181484E-01
  8.089421E-01
  7.992604E-01
  7.895809E-01
  7.795125E-01
  7.693524E-01
  7.588638E-01
  7.482301E-01
  7.372763E-01
  7.261752E-01
  7.147263E-01
  7.031774E-01
  6.912296E-01
  6.791767E-01
  6.668380E-01
  6.542929E-01
  6.415966E-01
  6.285963E-01
  6.154152E-01
  6.020427E-01
  5.883950E-01
  5.744510E-01
  5.602476E-01
  5.458049E-01
  5.312677E-01
  5.171205E-01
  5.045282E-01
  4.954858E-01
  4.939617E-01
  5.041313E-01
  4.999641E-01
  4.504028E-01
  5.062937E-01
  1.510930E-01
 -1.340002E-08
  1.125233E+00
  1.125118E+00
  1.125003E+00
  1.124888E+00
  1.124773E+00
  1.124659E+00
  1.124544E+00
  1.124429E+00
  1.124314E+00
  1.124063E+00
  1.123809E+00
  1.123555E+00
  1.123301E+00
  1.123047E+00
  1.122793E+00
  1.122539E+00
  1.122286E+00
  1.122033E+00
  1.121781E+00
  1.121528E+00
  1.121276E+00
  1.121023E+00
  1.120771E+00
  1.120513E+00
  1.120213E+00
  1.119914E+00
  1.119614E+00
  1.119315E+00
  1.119015E+00
  1.118716E+00
  1.118379E+00
  1.117917E+00
  1.117454E+00
  1.116992E+00
  1.116530E+00
  1.116068E+00
  1.115605E+00
  1.115015E+00
  1.114368E+00
  1.113721E+00
  1.113074E+00
  1.112427E+00
  1.111780E+00
  1.111021E+00
  1.110144E+00
  1.109267E+00
  1.108390E+00
  1.107513E+00
  1.106635E+00
  1.105523E+00
  1.104246E+00
  1.102969E+00
  1.101691E+00
  1.100413E+00
  1.099135E+00
  1.097295E+00
  1.095446E+00
  1.093596E+00
  1.091747E+00
  1.089897E+00
  1.087678E+00
  1.085271E+00
  1.082863E+00
  1.080455E+00
  1.078047E+00
  1.075375E+00
  1.072529E+00
  1.069684E+00
  1.066838E+00
  1.063991E+00
  1.060937E+00
  1.057829E+00
  1.054722E+00
  1.051613E+00
  1.048507E+00
  1.045408E+00
  1.042308E+00
  1.039208E+00
  1.036107E+00
  1.033031E+00
  1.029958E+00
  1.026885E+00
  1.023810E+00
  1.020465E+00
  1.017043E+00
  1.013620E+00
  1.010197E+00
  1.006166E+00
  1.002042E+00
  9.979168E-01
  9.936544E-01
  9.886104E-01
  9.835675E-01
  9.785260E-01
  9.726512E-01
  9.662650E-01
  9.598840E-01
  9.530858E-01
  9.451128E-01
  9.371524E-01
  9.291202E-01
  9.200719E-01
  9.110429E-01
  9.020141E-01
  8.926319E-01
  8.832706E-01
  8.739435E-01
  8.647033E-01
  8.554810E-01
  8.464791E-01
  8.377511E-01
  8.290357E-01
  8.209854E-01
  8.130645E-01
  8.055134E-01
  7.985686E-01
  7.916599E-01
  7.857838E-01
  7.799043E-01
  7.749310E-01
  7.701695E-01
  7.661496E-01
  7.624552E-01
  7.594091E-01
  7.566615E-01
  7.546007E-01
  7.527404E-01
  7.517481E-01
  7.510306E-01
  7.510638E-01
  7.517805E-01
  7.530243E-01
  7.555295E-01
  7.589579E-01
  7.634063E-01
  7.694375E-01
  7.773970E-01
  7.874097E-01
  8.001862E-01
  8.170318E-01
  8.405692E-01
  8.758569E-01
  9.311742E-01
  1.021091E+00
  1.159809E+00
  1.281855E+00
  1.304680E+00
  1.575613E+00
  3.785719E-01
  6.943204E-07
  1.246090E+00
  1.245655E+00
  1.245220E+00
  1.244784E+00
  1.244349E+00
  1.243914E+00
  1.243479E+00
  1.243045E+00
  1.242610E+00
  1.241542E+00
  1.240459E+00
  1.239376E+00
  1.238293E+00
  1.237210E+00
  1.236127E+00
  1.235044E+00
  1.233835E+00
  1.232394E+00
  1.230953E+00
  1.229513E+00
  1.228072E+00
  1.226631E+00
  1.225191E+00
  1.223704E+00
  1.221850E+00
  1.219995E+00
  1.218141E+00
  1.216286E+00
  1.214432E+00
  1.212578E+00
  1.210613E+00
  1.208281E+00
  1.205948E+00
  1.203616E+00
  1.201284E+00
  1.198952E+00
  1.196620E+00
  1.193966E+00
  1.191171E+00
  1.188376E+00
  1.185582E+00
  1.182787E+00
  1.179993E+00
  1.176999E+00
  1.173795E+00
  1.170591E+00
  1.167387E+00
  1.164184E+00
  1.160980E+00
  1.157572E+00
  1.154020E+00
  1.150469E+00
  1.146917E+00
  1.143367E+00
  1.139816E+00
  1.136005E+00
  1.132190E+00
  1.128376E+00
  1.124562E+00
  1.120749E+00
  1.116809E+00
  1.112806E+00
  1.108803E+00
  1.104800E+00
  1.100798E+00
  1.096664E+00
  1.092443E+00
  1.088222E+00
  1.084002E+00
  1.079783E+00
  1.075354E+00
  1.070872E+00
  1.066391E+00
  1.061911E+00
  1.057397E+00
  1.052769E+00
  1.048143E+00
  1.043516E+00
  1.038890E+00
  1.034205E+00
  1.029513E+00
  1.024821E+00
  1.020129E+00
  1.015309E+00
  1.010452E+00
  1.005595E+00
  1.000739E+00
  9.957933E-01
  9.908346E-01
  9.858765E-01
  9.809393E-01
  9.761189E-01
  9.712998E-01
  9.664822E-01
  9.617196E-01
  9.569934E-01
  9.522705E-01
  9.474941E-01
  9.425641E-01
  9.376415E-01
  9.327038E-01
  9.275008E-01
  9.223099E-01
  9.171135E-01
  9.115867E-01
  9.060745E-01
  9.004562E-01
  8.942687E-01
  8.880958E-01
  8.814815E-01
  8.742961E-01
  8.671236E-01
  8.589593E-01
  8.506170E-01
  8.418207E-01
  8.322619E-01
  8.226700E-01
  8.119109E-01
  8.011558E-01
  7.895190E-01
  7.776728E-01
  7.652133E-01
  7.524820E-01
  7.393049E-01
  7.259224E-01
  7.122289E-01
  6.984470E-01
  6.845502E-01
  6.706952E-01
  6.569803E-01
  6.435585E-01
  6.303686E-01
  6.178914E-01
  6.059683E-01
  5.946507E-01
  5.842670E-01
  5.749597E-01
  5.667693E-01
  5.601419E-01
  5.560544E-01
  5.567704E-01
  5.671804E-01
  5.954958E-01
  6.544346E-01
  7.538369E-01
  8.297492E-01
  7.829375E-01
  8.874132E-01
  1.421618E-01
 -6.066922E-14
  9.893498E-01
  9.891817E-01
  9.890136E-01
  9.888455E-01
  9.886774E-01
  9.885093E-01
  9.883413E-01
  9.881732E-01
  9.880052E-01
  9.875083E-01
  9.870034E-01
  9.864984E-01
  9.859935E-01
  9.854886E-01
  9.849836E-01
  9.844787E-01
  9.838674E-01
  9.830608E-01
  9.822542E-01
  9.814476E-01
  9.806410E-01
  9.798345E-01
  9.790279E-01
  9.781900E-01
  9.771010E-01
  9.760120E-01
  9.749230E-01
  9.738340E-01
  9.727451E-01
  9.716562E-01
  9.704984E-01
  9.691116E-01
  9.677248E-01
  9.663381E-01
  9.649514E-01
  9.635648E-01
  9.621782E-01
  9.605804E-01
  9.588903E-01
  9.572002E-01
  9.555102E-01
  9.538202E-01
  9.521304E-01
  9.502964E-01
  9.483103E-01
  9.463244E-01
  9.443386E-01
  9.423529E-01
  9.403672E-01
  9.382078E-01
  9.359266E-01
  9.336456E-01
  9.313647E-01
  9.290840E-01
  9.268035E-01
  9.242294E-01
  9.216509E-01
  9.190726E-01
  9.164945E-01
  9.139166E-01
  9.111458E-01
  9.082763E-01
  9.054070E-01
  9.025380E-01
  8.996692E-01
  8.966222E-01
  8.934585E-01
  8.902950E-01
  8.871318E-01
  8.839688E-01
  8.805528E-01
  8.770735E-01
  8.735944E-01
  8.701156E-01
  8.665585E-01
  8.627465E-01
  8.589347E-01
  8.551231E-01
  8.513116E-01
  8.471953E-01
  8.430449E-01
  8.388946E-01
  8.347445E-01
  8.303306E-01
  8.258426E-01
  8.213547E-01
  8.168669E-01
  8.121132E-01
  8.073190E-01
  8.025250E-01
  7.976928E-01
  7.926428E-01
  7.875932E-01
  7.825441E-01
  7.773512E-01
  7.720701E-01
  7.667899E-01
  7.614508E-01
  7.559455E-01
  7.504422E-01
  7.449255E-01
  7.392224E-01
  7.335225E-01
  7.278151E-01
  7.218979E-01
  7.159844E-01
  7.100244E-01
  7.038244E-01
  6.976283E-01
  6.912809E-01
  6.847382E-01
  6.781990E-01
  6.713394E-01
  6.644220E-01
  6.573593E-01
  6.500529E-01
  6.427360E-01
  6.350425E-01
  6.273507E-01
  6.193511E-01
  6.112788E-01
  6.029463E-01
  5.944989E-01
  5.857978E-01
  5.769798E-01
  5.678861E-01
  5.587130E-01
  5.492233E-01
  5.396499E-01
  5.298496E-01
  5.198852E-01
  5.098004E-01
  4.994740E-01
  4.890035E-01
  4.783805E-01
  4.675385E-01
  4.564606E-01
  4.451760E-01
  4.337009E-01
  4.221501E-01
  4.109084E-01
  4.009016E-01
  3.937150E-01
  3.925020E-01
  4.005802E-01
  3.972656E-01
  3.578812E-01
  4.022862E-01
  1.649047E-01
 -2.590163E-03
  5.635229E-02
  5.634653E-02
  5.634077E-02
  5.633502E-02
  5.632926E-02
  5.632351E-02
  5.631776E-02
  5.631201E-02
  5.630626E-02
  5.629370E-02
  5.628098E-02
  5.626826E-02
  5.625554E-02
  5.624283E-02
  5.623011E-02
  5.621739E-02
  5.620470E-02
  5.619206E-02
  5.617941E-02
  5.616677E-02
  5.615412E-02
  5.614148E-02
  5.612884E-02
  5.611593E-02
  5.610094E-02
  5.608594E-02
  5.607095E-02
  5.605595E-02
  5.604095E-02
  5.602596E-02
  5.600907E-02
  5.598594E-02
  5.596279E-02
  5.593965E-02
  5.591650E-02
  5.589335E-02
  5.587020E-02
  5.584063E-02
  5.580824E-02
  5.577585E-02
  5.574345E-02
  5.571105E-02
  5.567864E-02
  5.564063E-02
  5.559673E-02
  5.555281E-02
  5.550889E-02
  5.546496E-02
  5.542102E-02
  5.536531E-02
  5.530136E-02
  5.523739E-02
  5.517341E-02
  5.510942E-02
  5.504542E-02
  5.495326E-02
  5.486065E-02
  5.476803E-02
  5.467539E-02
  5.458274E-02
  5.447164E-02
  5.435106E-02
  5.423048E-02
  5.410988E-02
  5.398928E-02
  5.385545E-02
  5.371295E-02
  5.357043E-02
  5.342790E-02
  5.328536E-02
  5.313238E-02
  5.297676E-02
  5.282111E-02
  5.266544E-02
  5.250987E-02
  5.235467E-02
  5.219943E-02
  5.204416E-02
  5.188886E-02
  5.173483E-02
  5.158093E-02
  5.142700E-02
  5.127304E-02
  5.110550E-02
  5.093412E-02
  5.076271E-02
  5.059128E-02
  5.038940E-02
  5.018284E-02
  4.997627E-02
  4.976280E-02
  4.951017E-02
  4.925760E-02
  4.900510E-02
  4.871086E-02
  4.839099E-02
  4.807138E-02
  4.773087E-02
  4.733149E-02
  4.693273E-02
  4.653036E-02
  4.607708E-02
  4.562475E-02
  4.517241E-02
  4.470235E-02
  4.423332E-02
  4.376600E-02
  4.330302E-02
  4.284093E-02
  4.238989E-02
  4.195257E-02
  4.151588E-02
  4.111254E-02
  4.071568E-02
  4.033737E-02
  3.998946E-02
  3.964336E-02
  3.934905E-02
  3.905456E-02
  3.880552E-02
  3.856710E-02
  3.836587E-02
  3.818096E-02
  3.802856E-02
  3.789113E-02
  3.778813E-02
  3.769517E-02
  3.764572E-02
  3.761003E-02
  3.761195E-02
  3.764810E-02
  3.771063E-02
  3.783634E-02
  3.800826E-02
  3.823126E-02
  3.853349E-02
  3.893228E-02
  3.943385E-02
  4.007381E-02
  4.091751E-02
  4.209625E-02
  4.386339E-02
  4.663355E-02
  5.113637E-02
  5.808297E-02
  6.419451E-02
  6.533691E-02
  7.890396E-02
  2.604077E-02
  8.458592E-03
  1.615982E-01
  1.615418E-01
  1.614854E-01
  1.614290E-01
  1.613725E-01
  1.613161E-01
  1.612597E-01
  1.612033E-01
  1.611469E-01
  1.610085E-01
  1.608680E-01
  1.607276E-01
  1.605871E-01
  1.604467E-01
  1.603062E-01
  1.601658E-01
  1.600090E-01
  1.598222E-01
  1.596353E-01
  1.594485E-01
  1.592617E-01
  1.590749E-01
  1.588881E-01
  1.586953E-01
  1.584548E-01
  1.582143E-01
  1.579738E-01
  1.577334E-01
  1.574929E-01
  1.572524E-01
  1.569976E-01
  1.566952E-01
  1.563927E-01
  1.560903E-01
  1.557878E-01
  1.554854E-01
  1.551830E-01
  1.548388E-01
  1.544764E-01
  1.541140E-01
  1.537516E-01
  1.533892E-01
  1.530268E-01
  1.526385E-01
  1.522230E-01
  1.518076E-01
  1.513921E-01
  1.509766E-01
  1.505612E-01
  1.501192E-01
  1.496586E-01
  1.491980E-01
  1.487375E-01
  1.482770E-01
  1.478165E-01
  1.473223E-01
  1.468276E-01
  1.463330E-01
  1.458384E-01
  1.453438E-01
  1.448329E-01
  1.443137E-01
  1.437946E-01
  1.432755E-01
  1.427565E-01
  1.422203E-01
  1.416729E-01
  1.411256E-01
  1.405783E-01
  1.400311E-01
  1.394567E-01
  1.388755E-01
  1.382944E-01
  1.377134E-01
  1.371279E-01
  1.365278E-01
  1.359278E-01
  1.353278E-01
  1.347279E-01
  1.341202E-01
  1.335118E-01
  1.329033E-01
  1.322949E-01
  1.316697E-01
  1.310399E-01
  1.304100E-01
  1.297802E-01
  1.291389E-01
  1.284958E-01
  1.278528E-01
  1.272125E-01
  1.265873E-01
  1.259623E-01
  1.253375E-01
  1.247198E-01
  1.241068E-01
  1.234942E-01
  1.228746E-01
  1.222350E-01
  1.215964E-01
  1.209558E-01
  1.202806E-01
  1.196070E-01
  1.189327E-01
  1.182154E-01
  1.175000E-01
  1.167708E-01
  1.159678E-01
  1.151666E-01
  1.143082E-01
  1.133758E-01
  1.124450E-01
  1.113858E-01
  1.103034E-01
  1.091623E-01
  1.079224E-01
  1.066782E-01
  1.052829E-01
  1.038881E-01
  1.023791E-01
  1.008430E-01
  9.922755E-02
  9.757688E-02
  9.586851E-02
  9.413354E-02
  9.235832E-02
  9.057164E-02
  8.877012E-02
  8.697401E-02
  8.519608E-02
  8.345613E-02
  8.174622E-02
  8.012870E-02
  7.858299E-02
  7.711574E-02
  7.576955E-02
  7.456287E-02
  7.350097E-02
  7.264169E-02
  7.211171E-02
  7.220451E-02
  7.355437E-02
  7.722616E-02
  8.486914E-02
  9.775931E-02
  1.076029E-01
  1.015313E-01
  1.150783E-01
  2.532250E-02
 -1.913925E-09
  9.894798E-01
  9.893118E-01
  9.891438E-01
  9.889757E-01
  9.888077E-01
  9.886397E-01
  9.884717E-01
  9.883037E-01
  9.881357E-01
  9.876391E-01
  9.871343E-01
  9.866296E-01
  9.861249E-01
  9.856201E-01
  9.851154E-01
  9.846107E-01
  9.839996E-01
  9.831933E-01
  9.823870E-01
  9.815807E-01
  9.807745E-01
  9.799682E-01
  9.791620E-01
  9.783245E-01
  9.772359E-01
  9.761473E-01
  9.750587E-01
  9.739702E-01
  9.728817E-01
  9.717933E-01
  9.706359E-01
  9.692497E-01
  9.678636E-01
  9.664774E-01
  9.650913E-01
  9.637053E-01
  9.623193E-01
  9.607222E-01
  9.590328E-01
  9.573434E-01
  9.556541E-01
  9.539649E-01
  9.522758E-01
  9.504425E-01
  9.484574E-01
  9.464723E-01
  9.444874E-01
  9.425025E-01
  9.405177E-01
  9.383592E-01
  9.360790E-01
  9.337989E-01
  9.315190E-01
  9.292393E-01
  9.269597E-01
  9.243865E-01
  9.218090E-01
  9.192317E-01
  9.166546E-01
  9.140777E-01
  9.113078E-01
  9.084392E-01
  9.055709E-01
  9.027029E-01
  8.998351E-01
  8.967890E-01
  8.936262E-01
  8.904636E-01
  8.873013E-01
  8.841393E-01
  8.807242E-01
  8.772458E-01
  8.737676E-01
  8.702897E-01
  8.667335E-01
  8.629224E-01
  8.591115E-01
  8.553007E-01
  8.514902E-01
  8.473747E-01
  8.432252E-01
  8.390759E-01
  8.349266E-01
  8.305137E-01
  8.260267E-01
  8.215398E-01
  8.170530E-01
  8.123004E-01
  8.075072E-01
  8.027143E-01
  7.978833E-01
  7.928344E-01
  7.877861E-01
  7.827382E-01
  7.775466E-01
  7.722668E-01
  7.669880E-01
  7.616503E-01
  7.561464E-01
  7.506445E-01
  7.451293E-01
  7.394278E-01
  7.337295E-01
  7.280237E-01
  7.221082E-01
  7.161964E-01
  7.102381E-01
  7.040399E-01
  6.978456E-01
  6.915000E-01
  6.849593E-01
  6.784221E-01
  6.715646E-01
  6.646493E-01
  6.575888E-01
  6.502848E-01
  6.429702E-01
  6.352793E-01
  6.275902E-01
  6.195933E-01
  6.115239E-01
  6.031945E-01
  5.947501E-01
  5.860523E-01
  5.772377E-01
  5.681476E-01
  5.589781E-01
  5.494925E-01
  5.399232E-01
  5.301275E-01
  5.201682E-01
  5.100889E-01
  4.997694E-01
  4.893071E-01
  4.786938E-01
  4.678642E-01
  4.568025E-01
  4.455384E-01
  4.340893E-01
  4.225714E-01
  4.113702E-01
  4.014111E-01
  3.942756E-01
  3.931078E-01
  4.012076E-01
  3.978734E-01
  3.584486E-01
  4.025658E-01
  1.643145E-01
 -3.610257E-03
  5.015262E-02
  5.014731E-02
  5.014199E-02
  5.013668E-02
  5.013137E-02
  5.012606E-02
  5.012075E-02
  5.011544E-02
  5.011013E-02
  5.009838E-02
  5.008647E-02
  5.007456E-02
  5.006265E-02
  5.005074E-02
  5.003883E-02
  5.002692E-02
  5.001490E-02
  5.000265E-02
  4.999041E-02
  4.997816E-02
  4.996592E-02
  4.995367E-02
  4.994143E-02
  4.992887E-02
  4.991383E-02
  4.989878E-02
  4.988373E-02
  4.986868E-02
  4.985362E-02
  4.983857E-02
  4.982160E-02
  4.979827E-02
  4.977494E-02
  4.975160E-02
  4.972826E-02
  4.970492E-02
  4.968157E-02
  4.965182E-02
  4.961925E-02
  4.958668E-02
  4.955411E-02
  4.952153E-02
  4.948894E-02
  4.945079E-02
  4.940677E-02
  4.936274E-02
  4.931870E-02
  4.927465E-02
  4.923059E-02
  4.917479E-02
  4.911078E-02
  4.904675E-02
  4.898271E-02
  4.891865E-02
  4.885458E-02
  4.876239E-02
  4.866973E-02
  4.857707E-02
  4.848440E-02
  4.839171E-02
  4.828056E-02
  4.815995E-02
  4.803933E-02
  4.791869E-02
  4.779804E-02
  4.766417E-02
  4.752161E-02
  4.737904E-02
  4.723645E-02
  4.709385E-02
  4.694074E-02
  4.678499E-02
  4.662920E-02
  4.647340E-02
  4.631763E-02
  4.616206E-02
  4.600645E-02
  4.585082E-02
  4.569515E-02
  4.554038E-02
  4.538570E-02
  4.523098E-02
  4.507625E-02
  4.490754E-02
  4.473489E-02
  4.456222E-02
  4.438952E-02
  4.418595E-02
  4.397763E-02
  4.376930E-02
  4.355402E-02
  4.329923E-02
  4.304451E-02
  4.278984E-02
  4.249334E-02
  4.217115E-02
  4.184922E-02
  4.150645E-02
  4.110503E-02
  4.070421E-02
  4.029982E-02
  3.984516E-02
  3.939142E-02
  3.893770E-02
  3.846719E-02
  3.799768E-02
  3.753005E-02
  3.706775E-02
  3.660630E-02
  3.615640E-02
  3.572092E-02
  3.528602E-02
  3.488533E-02
  3.449127E-02
  3.411598E-02
  3.377148E-02
  3.342877E-02
  3.313803E-02
  3.284711E-02
  3.260146E-02
  3.236640E-02
  3.216821E-02
  3.198621E-02
  3.183631E-02
  3.170120E-02
  3.160003E-02
  3.150876E-02
  3.146019E-02
  3.142499E-02
  3.142627E-02
  3.146002E-02
  3.151872E-02
  3.163544E-02
  3.179317E-02
  3.199572E-02
  3.226593E-02
  3.261595E-02
  3.304996E-02
  3.359789E-02
  3.431860E-02
  3.533791E-02
  3.690934E-02
  3.946255E-02
  4.377010E-02
  5.062539E-02
  5.686186E-02
  5.838657E-02
  7.246280E-02
  1.976027E-02
  1.209244E-03
  1.620617E-01
  1.620052E-01
  1.619486E-01
  1.618920E-01
  1.618355E-01
  1.617789E-01
  1.617224E-01
  1.616658E-01
  1.616093E-01
  1.614706E-01
  1.613299E-01
  1.611892E-01
  1.610485E-01
  1.609078E-01
  1.607672E-01
  1.606265E-01
  1.604694E-01
  1.602823E-01
  1.600952E-01
  1.599081E-01
  1.597210E-01
  1.595338E-01
  1.593467E-01
  1.591537E-01
  1.589128E-01
  1.586720E-01
  1.584312E-01
  1.581904E-01
  1.579496E-01
  1.577087E-01
  1.574536E-01
  1.571507E-01
  1.568478E-01
  1.565449E-01
  1.562420E-01
  1.559391E-01
  1.556363E-01
  1.552916E-01
  1.549285E-01
  1.545655E-01
  1.542025E-01
  1.538395E-01
  1.534765E-01
  1.530876E-01
  1.526713E-01
  1.522550E-01
  1.518387E-01
  1.514224E-01
  1.510062E-01
  1.505632E-01
  1.501016E-01
  1.496399E-01
  1.491783E-01
  1.487168E-01
  1.482552E-01
  1.477597E-01
  1.472636E-01
  1.467677E-01
  1.462717E-01
  1.457759E-01
  1.452635E-01
  1.447428E-01
  1.442221E-01
  1.437016E-01
  1.431810E-01
  1.426433E-01
  1.420943E-01
  1.415453E-01
  1.409965E-01
  1.404477E-01
  1.398718E-01
  1.392891E-01
  1.387065E-01
  1.381240E-01
  1.375371E-01
  1.369358E-01
  1.363346E-01
  1.357334E-01
  1.351322E-01
  1.345236E-01
  1.339142E-01
  1.333048E-01
  1.326954E-01
  1.320692E-01
  1.314382E-01
  1.308073E-01
  1.301764E-01
  1.295335E-01
  1.288888E-01
  1.282441E-01
  1.276020E-01
  1.269741E-01
  1.263465E-01
  1.257190E-01
  1.250977E-01
  1.244806E-01
  1.238639E-01
  1.232398E-01
  1.225944E-01
  1.219501E-01
  1.213036E-01
  1.206214E-01
  1.199406E-01
  1.192592E-01
  1.185340E-01
  1.178107E-01
  1.170736E-01
  1.162625E-01
  1.154533E-01
  1.145869E-01
  1.136466E-01
  1.127080E-01
  1.116414E-01
  1.105517E-01
  1.094036E-01
  1.081572E-01
  1.069065E-01
  1.055055E-01
  1.041051E-01
  1.025913E-01
  1.010506E-01
  9.943112E-02
  9.777682E-02
  9.606550E-02
  9.432790E-02
  9.255079E-02
  9.076243E-02
  8.896014E-02
  8.716349E-02
  8.538573E-02
  8.364656E-02
  8.193787E-02
  8.032273E-02
  7.878021E-02
  7.731709E-02
  7.597653E-02
  7.477739E-02
  7.372499E-02
  7.287756E-02
  7.236224E-02
  7.247439E-02
  7.384466E-02
  7.753782E-02
  8.519915E-02
  9.809709E-02
  1.079293E-01
  1.018299E-01
  1.152625E-01
  2.526585E-02
 -3.527145E-09
 -1.300327E-04
 -1.301013E-04
 -1.301700E-04
 -1.302387E-04
 -1.303074E-04
 -1.303762E-04
 -1.304449E-04
 -1.305136E-04
 -1.305823E-04
 -1.307780E-04
 -1.309768E-04
 -1.311756E-04
 -1.313744E-04
 -1.315732E-04
 -1.317720E-04
 -1.319709E-04
 -1.322104E-04
 -1.325245E-04
 -1.328386E-04
 -1.331528E-04
 -1.334669E-04
 -1.337810E-04
 -1.340951E-04
 -1.344235E-04
 -1.348656E-04
 -1.353078E-04
 -1.357499E-04
 -1.361921E-04
 -1.366342E-04
 -1.370763E-04
 -1.375512E-04
 -1.381347E-04
 -1.387183E-04
 -1.393018E-04
 -1.398853E-04
 -1.404688E-04
 -1.410523E-04
 -1.417381E-04
 -1.424686E-04
 -1.431991E-04
 -1.439295E-04
 -1.446599E-04
 -1.453903E-04
 -1.461861E-04
 -1.470508E-04
 -1.479154E-04
 -1.487800E-04
 -1.496445E-04
 -1.505090E-04
 -1.514257E-04
 -1.523789E-04
 -1.533321E-04
 -1.542852E-04
 -1.552381E-04
 -1.561910E-04
 -1.571670E-04
 -1.581432E-04
 -1.591193E-04
 -1.600952E-04
 -1.610710E-04
 -1.620323E-04
 -1.629862E-04
 -1.639399E-04
 -1.648934E-04
 -1.658467E-04
 -1.667813E-04
 -1.677035E-04
 -1.686255E-04
 -1.695474E-04
 -1.704690E-04
 -1.713732E-04
 -1.722730E-04
 -1.731725E-04
 -1.740719E-04
 -1.749684E-04
 -1.758563E-04
 -1.767441E-04
 -1.776317E-04
 -1.785191E-04
 -1.794219E-04
 -1.803263E-04
 -1.812306E-04
 -1.821349E-04
 -1.830998E-04
 -1.840816E-04
 -1.850632E-04
 -1.860447E-04
 -1.871300E-04
 -1.882308E-04
 -1.893310E-04
 -1.904491E-04
 -1.916709E-04
 -1.928914E-04
 -1.941104E-04
 -1.954019E-04
 -1.967365E-04
 -1.980684E-04
 -1.994334E-04
 -2.008948E-04
 -2.023518E-04
 -2.038147E-04
 -2.053995E-04
 -2.069782E-04
 -2.085572E-04
 -2.102552E-04
 -2.119461E-04
 -2.136542E-04
 -2.154736E-04
 -2.172855E-04
 -2.191618E-04
 -2.211233E-04
 -2.230779E-04
 -2.251871E-04
 -2.273209E-04
 -2.295332E-04
 -2.318805E-04
 -2.342322E-04
 -2.368259E-04
 -2.394172E-04
 -2.422250E-04
 -2.450840E-04
 -2.481251E-04
 -2.512474E-04
 -2.545440E-04
 -2.579217E-04
 -2.615106E-04
 -2.651610E-04
 -2.691540E-04
 -2.732941E-04
 -2.778562E-04
 -2.829697E-04
 -2.885157E-04
 -2.954482E-04
 -3.036461E-04
 -3.133345E-04
 -3.256980E-04
 -3.418939E-04
 -3.623816E-04
 -3.883998E-04
 -4.212686E-04
 -4.618457E-04
 -5.094692E-04
 -5.605361E-04
 -6.057868E-04
 -6.274290E-04
 -6.078393E-04
 -5.673595E-04
 -2.795844E-04
  5.901031E-04
  1.020095E-03
  6.199664E-03
  6.199222E-03
  6.198779E-03
  6.198337E-03
  6.197895E-03
  6.197453E-03
  6.197011E-03
  6.196569E-03
  6.196127E-03
  6.195327E-03
  6.194517E-03
  6.193708E-03
  6.192899E-03
  6.192089E-03
  6.191280E-03
  6.190471E-03
  6.189806E-03
  6.189406E-03
  6.189006E-03
  6.188605E-03
  6.188205E-03
  6.187805E-03
  6.187405E-03
  6.187056E-03
  6.187110E-03
  6.187165E-03
  6.187220E-03
  6.187274E-03
  6.187329E-03
  6.187384E-03
  6.187471E-03
  6.187664E-03
  6.187857E-03
  6.188050E-03
  6.188243E-03
  6.188436E-03
  6.188629E-03
  6.188810E-03
  6.188987E-03
  6.189164E-03
  6.189341E-03
  6.189518E-03
  6.189696E-03
  6.189844E-03
  6.189961E-03
  6.190078E-03
  6.190196E-03
  6.190314E-03
  6.190432E-03
  6.190517E-03
  6.190580E-03
  6.190643E-03
  6.190707E-03
  6.190772E-03
  6.190837E-03
  6.190875E-03
  6.190914E-03
  6.190954E-03
  6.190995E-03
  6.191036E-03
  6.191075E-03
  6.191113E-03
  6.191152E-03
  6.191192E-03
  6.191233E-03
  6.191283E-03
  6.191338E-03
  6.191395E-03
  6.191453E-03
  6.191512E-03
  6.191632E-03
  6.191769E-03
  6.191907E-03
  6.192046E-03
  6.192239E-03
  6.192606E-03
  6.192973E-03
  6.193341E-03
  6.193710E-03
  6.194450E-03
  6.195231E-03
  6.196013E-03
  6.196796E-03
  6.197957E-03
  6.199226E-03
  6.200495E-03
  6.201765E-03
  6.203454E-03
  6.205208E-03
  6.206964E-03
  6.208781E-03
  6.210937E-03
  6.213096E-03
  6.215259E-03
  6.217515E-03
  6.219834E-03
  6.222162E-03
  6.224417E-03
  6.226459E-03
  6.228520E-03
  6.230546E-03
  6.231919E-03
  6.233324E-03
  6.234712E-03
  6.235155E-03
  6.235637E-03
  6.235948E-03
  6.235273E-03
  6.234639E-03
  6.233487E-03
  6.231657E-03
  6.229865E-03
  6.227208E-03
  6.224413E-03
  6.221396E-03
  6.217985E-03
  6.214591E-03
  6.211017E-03
  6.207460E-03
  6.204060E-03
  6.200706E-03
  6.197662E-03
  6.194758E-03
  6.192250E-03
  6.189927E-03
  6.188098E-03
  6.186412E-03
  6.185529E-03
  6.185035E-03
  6.185674E-03
  6.188081E-03
  6.191916E-03
  6.200899E-03
  6.215091E-03
  6.235539E-03
  6.267565E-03
  6.316333E-03
  6.383895E-03
  6.475917E-03
  6.598904E-03
  6.758346E-03
  6.954050E-03
  7.170993E-03
  7.366267E-03
  7.457575E-03
  7.332642E-03
  6.950334E-03
  6.441161E-03
  6.280502E-03
  7.249348E-03
 -4.635293E-04
 -4.633846E-04
 -4.632399E-04
 -4.630952E-04
 -4.629505E-04
 -4.628058E-04
 -4.626612E-04
 -4.625165E-04
 -4.623719E-04
 -4.621318E-04
 -4.618894E-04
 -4.616471E-04
 -4.614047E-04
 -4.611624E-04
 -4.609202E-04
 -4.606780E-04
 -4.604193E-04
 -4.601305E-04
 -4.598416E-04
 -4.595528E-04
 -4.592641E-04
 -4.589753E-04
 -4.586866E-04
 -4.583918E-04
 -4.580477E-04
 -4.577036E-04
 -4.573596E-04
 -4.570155E-04
 -4.566714E-04
 -4.563274E-04
 -4.559599E-04
 -4.555145E-04
 -4.550692E-04
 -4.546238E-04
 -4.541784E-04
 -4.537330E-04
 -4.532876E-04
 -4.527367E-04
 -4.521397E-04
 -4.515427E-04
 -4.509456E-04
 -4.503486E-04
 -4.497515E-04
 -4.490514E-04
 -4.482427E-04
 -4.474340E-04
 -4.466253E-04
 -4.458166E-04
 -4.450080E-04
 -4.440444E-04
 -4.429725E-04
 -4.419006E-04
 -4.408288E-04
 -4.397571E-04
 -4.386854E-04
 -4.373602E-04
 -4.360313E-04
 -4.347024E-04
 -4.333738E-04
 -4.320453E-04
 -4.305896E-04
 -4.290690E-04
 -4.275485E-04
 -4.260283E-04
 -4.245084E-04
 -4.229463E-04
 -4.213566E-04
 -4.197672E-04
 -4.181780E-04
 -4.165891E-04
 -4.150819E-04
 -4.135953E-04
 -4.121090E-04
 -4.106228E-04
 -4.092010E-04
 -4.079882E-04
 -4.067753E-04
 -4.055625E-04
 -4.043497E-04
 -4.033646E-04
 -4.024048E-04
 -4.014448E-04
 -4.004848E-04
 -3.994314E-04
 -3.983516E-04
 -3.972717E-04
 -3.961916E-04
 -3.946116E-04
 -3.929550E-04
 -3.912985E-04
 -3.894892E-04
 -3.868103E-04
 -3.841323E-04
 -3.814553E-04
 -3.778986E-04
 -3.738000E-04
 -3.697041E-04
 -3.651736E-04
 -3.594208E-04
 -3.536746E-04
 -3.478302E-04
 -3.407141E-04
 -3.336087E-04
 -3.264758E-04
 -3.185917E-04
 -3.107212E-04
 -3.028218E-04
 -2.947315E-04
 -2.866557E-04
 -2.786796E-04
 -2.708270E-04
 -2.629881E-04
 -2.556000E-04
 -2.483060E-04
 -2.413025E-04
 -2.347720E-04
 -2.282799E-04
 -2.226472E-04
 -2.170213E-04
 -2.121771E-04
 -2.075228E-04
 -2.035725E-04
 -1.999355E-04
 -1.969871E-04
 -1.943571E-04
 -1.924706E-04
 -1.907990E-04
 -1.900111E-04
 -1.894787E-04
 -1.896481E-04
 -1.904274E-04
 -1.916585E-04
 -1.940227E-04
 -1.972227E-04
 -2.013459E-04
 -2.069838E-04
 -2.145284E-04
 -2.240153E-04
 -2.358706E-04
 -2.505273E-04
 -2.698780E-04
 -2.902883E-04
 -3.116566E-04
 -3.300064E-04
 -3.377851E-04
 -3.264172E-04
 -2.985810E-04
 -1.842070E-04
  5.665603E-05
  1.613220E-09
  1.273240E+00
  1.273211E+00
  1.273125E+00
  1.272981E+00
  1.272781E+00
  1.272522E+00
  1.272207E+00
  1.271834E+00
  1.271403E+00
  1.270915E+00
  1.270369E+00
  1.269765E+00
  1.269104E+00
  1.268384E+00
  1.267607E+00
  1.266771E+00
  1.265877E+00
  1.264925E+00
  1.263915E+00
  1.262845E+00
  1.261717E+00
  1.260530E+00
  1.259284E+00
  1.257979E+00
  1.256614E+00
  1.255190E+00
  1.253705E+00
  1.252161E+00
  1.250556E+00
  1.248891E+00
  1.247165E+00
  1.245378E+00
  1.243529E+00
  1.241620E+00
  1.239648E+00
  1.237614E+00
  1.235518E+00
  1.233359E+00
  1.231136E+00
  1.228851E+00
  1.226501E+00
  1.224088E+00
  1.221610E+00
  1.219067E+00
  1.216458E+00
  1.213784E+00
  1.211044E+00
  1.208237E+00
  1.205362E+00
  1.202421E+00
  1.199411E+00
  1.196332E+00
  1.193185E+00
  1.189968E+00
  1.186680E+00
  1.183322E+00
  1.179892E+00
  1.176390E+00
  1.172816E+00
  1.169168E+00
  1.165446E+00
  1.161649E+00
  1.157776E+00
  1.153828E+00
  1.149802E+00
  1.145699E+00
  1.141516E+00
  1.137254E+00
  1.132912E+00
  1.128488E+00
  1.123982E+00
  1.119393E+00
  1.114719E+00
  1.109960E+00
  1.105114E+00
  1.100180E+00
  1.095157E+00
  1.090045E+00
  1.084841E+00
  1.079544E+00
  1.074153E+00
  1.068667E+00
  1.063083E+00
  1.057401E+00
  1.051619E+00
  1.045735E+00
  1.039748E+00
  1.033655E+00
  1.027455E+00
  1.021146E+00
  1.014726E+00
  1.008193E+00
  1.001543E+00
  9.947766E-01
  9.878894E-01
  9.808795E-01
  9.737441E-01
  9.664805E-01
  9.590857E-01
  9.515567E-01
  9.438904E-01
  9.360832E-01
  9.281318E-01
  9.200322E-01
  9.117806E-01
  9.033729E-01
  8.948045E-01
  8.860709E-01
  8.771671E-01
  8.680879E-01
  8.588277E-01
  8.493806E-01
  8.397402E-01
  8.299000E-01
  8.198525E-01
  8.095903E-01
  7.991048E-01
  7.883874E-01
  7.774283E-01
  7.662172E-01
  7.547428E-01
  7.429930E-01
  7.309546E-01
  7.186128E-01
  7.059520E-01
  6.929545E-01
  6.796012E-01
  6.658704E-01
  6.517385E-01
  6.371787E-01
  6.221609E-01
  6.066513E-01
  5.906109E-01
  5.739954E-01
  5.567532E-01
  5.388241E-01
  5.201372E-01
  5.006076E-01
  4.801325E-01
  4.585853E-01
  4.358068E-01
  4.115929E-01
  3.856731E-01
  3.576769E-01
  3.270715E-01
  2.930404E-01
  2.542116E-01
  2.079144E-01
  1.472658E-01
  0.000000E+00
  1.109997E-01
  1.109878E-01
  1.109759E-01
  1.109639E-01
  1.109520E-01
  1.109401E-01
  1.109281E-01
  1.109162E-01
  1.109043E-01
  1.108888E-01
  1.108733E-01
  1.108578E-01
  1.108423E-01
  1.108267E-01
  1.108112E-01
  1.107957E-01
  1.107786E-01
  1.107585E-01
  1.107385E-01
  1.107184E-01
  1.106983E-01
  1.106783E-01
  1.106582E-01
  1.106375E-01
  1.106116E-01
  1.105857E-01
  1.105598E-01
  1.105338E-01
  1.105079E-01
  1.104820E-01
  1.104543E-01
  1.104206E-01
  1.103869E-01
  1.103533E-01
  1.103196E-01
  1.102859E-01
  1.102523E-01
  1.102114E-01
  1.101674E-01
  1.101234E-01
  1.100793E-01
  1.100353E-01
  1.099913E-01
  1.099408E-01
  1.098835E-01
  1.098261E-01
  1.097688E-01
  1.097115E-01
  1.096541E-01
  1.095884E-01
  1.095167E-01
  1.094450E-01
  1.093733E-01
  1.093017E-01
  1.092300E-01
  1.091489E-01
  1.090676E-01
  1.089864E-01
  1.089051E-01
  1.088238E-01
  1.087435E-01
  1.086729E-01
  1.086022E-01
  1.085315E-01
  1.084608E-01
  1.083969E-01
  1.083374E-01
  1.082779E-01
  1.082184E-01
  1.081590E-01
  1.081188E-01
  1.080834E-01
  1.080481E-01
  1.080128E-01
  1.079862E-01
  1.079882E-01
  1.079901E-01
  1.079920E-01
  1.079940E-01
  1.080259E-01
  1.080618E-01
  1.081018E-01
  1.081418E-01
  1.081783E-01
  1.082138E-01
  1.082494E-01
  1.082849E-01
  1.082850E-01
  1.082796E-01
  1.082743E-01
  1.082578E-01
  1.081783E-01
  1.080987E-01
  1.080191E-01
  1.078751E-01
  1.076913E-01
  1.075075E-01
  1.073213E-01
  1.070640E-01
  1.068067E-01
  1.065427E-01
  1.061979E-01
  1.059178E-01
  1.056366E-01
  1.053185E-01
  1.050233E-01
  1.047740E-01
  1.045487E-01
  1.043241E-01
  1.041584E-01
  1.040074E-01
  1.038563E-01
  1.037312E-01
  1.036479E-01
  1.035690E-01
  1.034975E-01
  1.034265E-01
  1.033721E-01
  1.033469E-01
  1.033265E-01
  1.033073E-01
  1.032915E-01
  1.032772E-01
  1.032654E-01
  1.032547E-01
  1.032460E-01
  1.032378E-01
  1.032312E-01
  1.032248E-01
  1.032192E-01
  1.032140E-01
  1.032089E-01
  1.032041E-01
  1.032030E-01
  1.032021E-01
  1.032015E-01
  1.032010E-01
  1.032006E-01
  1.032004E-01
  1.032002E-01
  1.031930E-01
  1.031927E-01
  1.031924E-01
  1.031922E-01
  1.031918E-01
  1.031914E-01
  1.032099E-01
  1.033281E-01
  1.212850E-01
  2.269717E-02
 -1.438610E-01
 -1.433546E-01
 -1.428482E-01
 -1.423418E-01
 -1.418354E-01
 -1.413291E-01
 -1.408227E-01
 -1.403163E-01
 -1.398099E-01
 -1.389660E-01
 -1.381138E-01
 -1.372616E-01
 -1.364094E-01
 -1.355571E-01
 -1.347049E-01
 -1.338527E-01
 -1.328663E-01
 -1.316337E-01
 -1.304011E-01
 -1.291686E-01
 -1.279360E-01
 -1.267034E-01
 -1.254708E-01
 -1.241930E-01
 -1.225530E-01
 -1.209130E-01
 -1.192730E-01
 -1.176330E-01
 -1.159930E-01
 -1.143530E-01
 -1.126197E-01
 -1.105764E-01
 -1.085330E-01
 -1.064897E-01
 -1.044463E-01
 -1.024030E-01
 -1.003597E-01
 -9.810571E-02
 -9.575954E-02
 -9.341338E-02
 -9.106721E-02
 -8.872104E-02
 -8.637488E-02
 -8.405583E-02
 -8.176540E-02
 -7.947497E-02
 -7.718454E-02
 -7.489411E-02
 -7.260367E-02
 -7.086577E-02
 -6.951486E-02
 -6.816396E-02
 -6.681305E-02
 -6.546215E-02
 -6.411124E-02
 -6.466152E-02
 -6.524172E-02
 -6.582193E-02
 -6.640213E-02
 -6.698234E-02
 -6.867602E-02
 -7.094052E-02
 -7.320502E-02
 -7.546952E-02
 -7.773401E-02
 -8.051722E-02
 -8.364069E-02
 -8.676417E-02
 -8.988764E-02
 -9.301112E-02
 -9.586639E-02
 -9.865441E-02
 -1.014424E-01
 -1.042304E-01
 -1.066093E-01
 -1.076586E-01
 -1.087080E-01
 -1.097573E-01
 -1.108066E-01
 -1.101139E-01
 -1.092264E-01
 -1.083388E-01
 -1.074512E-01
 -1.070501E-01
 -1.067860E-01
 -1.065219E-01
 -1.062578E-01
 -1.089223E-01
 -1.120357E-01
 -1.151492E-01
 -1.191434E-01
 -1.281474E-01
 -1.371513E-01
 -1.461553E-01
 -1.601980E-01
 -1.773572E-01
 -1.945163E-01
 -2.142351E-01
 -2.411347E-01
 -2.680342E-01
 -2.954607E-01
 -3.293455E-01
 -3.632300E-01
 -3.972199E-01
 -4.333263E-01
 -4.694323E-01
 -5.052418E-01
 -5.396149E-01
 -5.739876E-01
 -6.063080E-01
 -6.359978E-01
 -6.656873E-01
 -6.897584E-01
 -7.127761E-01
 -7.328392E-01
 -7.479963E-01
 -7.628756E-01
 -7.695894E-01
 -7.763032E-01
 -7.760592E-01
 -7.741518E-01
 -7.663343E-01
 -7.558928E-01
 -7.399565E-01
 -7.214783E-01
 -6.973546E-01
 -6.715951E-01
 -6.396280E-01
 -6.060628E-01
 -5.682075E-01
 -5.273836E-01
 -4.844010E-01
 -4.373556E-01
 -3.881775E-01
 -3.368563E-01
 -2.828370E-01
 -2.264313E-01
 -1.681291E-01
 -1.079347E-01
 -4.589593E-02
  7.496492E-02
  1.404525E-01
  2.075195E-01
  2.760646E-01
  3.459870E-01
  4.171890E-01
  4.895769E-01
  5.632190E-01
 -2.121333E-01
  1.535843E-01
  9.799855E-01
  9.799854E-01
  9.799854E-01
  9.799854E-01
  9.799854E-01
  9.799854E-01
  9.799853E-01
  9.799853E-01
  9.799853E-01
  9.799853E-01
  9.799852E-01
  9.799852E-01
  9.799852E-01
  9.799851E-01
  9.799851E-01
  9.799851E-01
  9.799850E-01
  9.799850E-01
  9.799849E-01
  9.799849E-01
  9.799848E-01
  9.799848E-01
  9.799847E-01
  9.799847E-01
  9.799846E-01
  9.799846E-01
  9.799845E-01
  9.799844E-01
  9.799844E-01
  9.799843E-01
  9.799843E-01
  9.799842E-01
  9.799841E-01
  9.799841E-01
  9.799840E-01
  9.799839E-01
  9.799839E-01
  9.799838E-01
  9.799837E-01
  9.799837E-01
  9.799836E-01
  9.799836E-01
  9.799835E-01
  9.799834E-01
  9.799834E-01
  9.799833E-01
  9.799833E-01
  9.799832E-01
  9.799832E-01
  9.799831E-01
  9.799831E-01
  9.799831E-01
  9.799830E-01
  9.799830E-01
  9.799830E-01
  9.799830E-01
  9.799830E-01
  9.799830E-01
  9.799830E-01
  9.799830E-01
  9.799831E-01
  9.799831E-01
  9.799832E-01
  9.799832E-01
  9.799833E-01
  9.799833E-01
  9.799834E-01
  9.799835E-01
  9.799836E-01
  9.799837E-01
  9.799837E-01
  9.799838E-01
  9.799839E-01
  9.799840E-01
  9.799841E-01
  9.799841E-01
  9.799841E-01
  9.799842E-01
  9.799842E-01
  9.799842E-01
  9.799842E-01
  9.799841E-01
  9.799841E-01
  9.799841E-01
  9.799841E-01
  9.799841E-01
  9.799841E-01
  9.799841E-01
  9.799843E-01
  9.799844E-01
  9.799845E-01
  9.799848E-01
  9.799852E-01
  9.799856E-01
  9.799862E-01
  9.799871E-01
  9.799880E-01
  9.799892E-01
  9.799911E-01
  9.799931E-01
  9.799954E-01
  9.799986E-01
  9.800021E-01
  9.800059E-01
  9.800104E-01
  9.800153E-01
  9.800205E-01
  9.800258E-01
  9.800316E-01
  9.800372E-01
  9.800428E-01
  9.800485E-01
  9.800534E-01
  9.800582E-01
  9.800625E-01
  9.800659E-01
  9.800693E-01
  9.800708E-01
  9.800723E-01
  9.800723E-01
  9.800718E-01
  9.800700E-01
  9.800677E-01
  9.800641E-01
  9.800601E-01
  9.800550E-01
  9.800497E-01
  9.800434E-01
  9.800372E-01
  9.800306E-01
  9.800239E-01
  9.800174E-01
  9.800109E-01
  9.800049E-01
  9.799993E-01
  9.799943E-01
  9.799900E-01
  9.799866E-01
  9.799841E-01
  9.799827E-01
  9.799832E-01
  9.799853E-01
  9.799888E-01
  9.799938E-01
  9.800002E-01
  9.800084E-01
  9.800182E-01
  9.800297E-01
  7.134824E-01
  4.028566E-06
 -3.183604E+02
 -3.182638E+02
 -3.181671E+02
 -3.180705E+02
 -3.179738E+02
 -3.178772E+02
 -3.177805E+02
 -3.176838E+02
 -3.175871E+02
 -3.172518E+02
 -3.169106E+02
 -3.165693E+02
 -3.162281E+02
 -3.158868E+02
 -3.155456E+02
 -3.152043E+02
 -3.147610E+02
 -3.141304E+02
 -3.134998E+02
 -3.128692E+02
 -3.122386E+02
 -3.116080E+02
 -3.109775E+02
 -3.103199E+02
 -3.094453E+02
 -3.085707E+02
 -3.076962E+02
 -3.068218E+02
 -3.059473E+02
 -3.050729E+02
 -3.041536E+02
 -3.030850E+02
 -3.020164E+02
 -3.009479E+02
 -2.998795E+02
 -2.988112E+02
 -2.977429E+02
 -2.965442E+02
 -2.952885E+02
 -2.940329E+02
 -2.927775E+02
 -2.915222E+02
 -2.902670E+02
 -2.889362E+02
 -2.875259E+02
 -2.861157E+02
 -2.847057E+02
 -2.832960E+02
 -2.818864E+02
 -2.804417E+02
 -2.789724E+02
 -2.775035E+02
 -2.760348E+02
 -2.745664E+02
 -2.730983E+02
 -2.716631E+02
 -2.702288E+02
 -2.687949E+02
 -2.673612E+02
 -2.659279E+02
 -2.645158E+02
 -2.631147E+02
 -2.617140E+02
 -2.603137E+02
 -2.589137E+02
 -2.574906E+02
 -2.560524E+02
 -2.546147E+02
 -2.531774E+02
 -2.517405E+02
 -2.501779E+02
 -2.485841E+02
 -2.469908E+02
 -2.453980E+02
 -2.437293E+02
 -2.418127E+02
 -2.398966E+02
 -2.379810E+02
 -2.360660E+02
 -2.338451E+02
 -2.315903E+02
 -2.293359E+02
 -2.270819E+02
 -2.247271E+02
 -2.223441E+02
 -2.199615E+02
 -2.175793E+02
 -2.152821E+02
 -2.129983E+02
 -2.107147E+02
 -2.084716E+02
 -2.064565E+02
 -2.044411E+02
 -2.024255E+02
 -2.007374E+02
 -1.992506E+02
 -1.977618E+02
 -1.964496E+02
 -1.956345E+02
 -1.948144E+02
 -1.940218E+02
 -1.936185E+02
 -1.932077E+02
 -1.927898E+02
 -1.923688E+02
 -1.919400E+02
 -1.914477E+02
 -1.906775E+02
 -1.899011E+02
 -1.888569E+02
 -1.874729E+02
 -1.860854E+02
 -1.840195E+02
 -1.818260E+02
 -1.792868E+02
 -1.761756E+02
 -1.730340E+02
 -1.689548E+02
 -1.648792E+02
 -1.600023E+02
 -1.549376E+02
 -1.492094E+02
 -1.431892E+02
 -1.365639E+02
 -1.296602E+02
 -1.221088E+02
 -1.143696E+02
 -1.058428E+02
 -9.708279E+01
 -8.768667E+01
 -7.775222E+01
 -6.740875E+01
 -5.613033E+01
 -4.419934E+01
 -3.155359E+01
 -1.781554E+01
 -2.776169E+00
  1.360611E+01
  3.171254E+01
  5.216154E+01
  7.604838E+01
  1.053105E+02
  1.430520E+02
  1.943873E+02
  2.640676E+02
  3.353413E+02
  3.857458E+02
  4.944579E+02
  9.642386E+01
  3.976404E-04
  1.107801E+04
  1.107613E+04
  1.107425E+04
  1.107237E+04
  1.107049E+04
  1.106861E+04
  1.106674E+04
  1.106486E+04
  1.106298E+04
  1.105743E+04
  1.105179E+04
  1.104615E+04
  1.104051E+04
  1.103487E+04
  1.102924E+04
  1.102360E+04
  1.101677E+04
  1.100777E+04
  1.099877E+04
  1.098977E+04
  1.098077E+04
  1.097177E+04
  1.096277E+04
  1.095342E+04
  1.094127E+04
  1.092912E+04
  1.091697E+04
  1.090482E+04
  1.089268E+04
  1.088053E+04
  1.086761E+04
  1.085213E+04
  1.083666E+04
  1.082118E+04
  1.080571E+04
  1.079024E+04
  1.077476E+04
  1.075693E+04
  1.073807E+04
  1.071920E+04
  1.070034E+04
  1.068148E+04
  1.066261E+04
  1.064214E+04
  1.061997E+04
  1.059780E+04
  1.057563E+04
  1.055346E+04
  1.053129E+04
  1.050717E+04
  1.048169E+04
  1.045622E+04
  1.043074E+04
  1.040526E+04
  1.037979E+04
  1.035102E+04
  1.032220E+04
  1.029338E+04
  1.026457E+04
  1.023575E+04
  1.020477E+04
  1.017268E+04
  1.014060E+04
  1.010851E+04
  1.007643E+04
  1.004236E+04
  1.000697E+04
  9.971581E+03
  9.936198E+03
  9.900819E+03
  9.862610E+03
  9.823692E+03
  9.784778E+03
  9.745866E+03
  9.706083E+03
  9.663459E+03
  9.620836E+03
  9.578216E+03
  9.535598E+03
  9.489582E+03
  9.443188E+03
  9.396795E+03
  9.350404E+03
  9.301061E+03
  9.250887E+03
  9.200716E+03
  9.150546E+03
  9.097384E+03
  9.043766E+03
  8.990151E+03
  8.936104E+03
  8.879594E+03
  8.823090E+03
  8.766591E+03
  8.708452E+03
  8.649307E+03
  8.590173E+03
  8.530366E+03
  8.468655E+03
  8.406968E+03
  8.345131E+03
  8.281176E+03
  8.217259E+03
  8.153261E+03
  8.086913E+03
  8.020610E+03
  7.953792E+03
  7.884305E+03
  7.814863E+03
  7.743745E+03
  7.670463E+03
  7.597221E+03
  7.520432E+03
  7.443005E+03
  7.363971E+03
  7.282244E+03
  7.200400E+03
  7.114395E+03
  7.028410E+03
  6.939025E+03
  6.848838E+03
  6.755778E+03
  6.661449E+03
  6.564317E+03
  6.465894E+03
  6.364425E+03
  6.262081E+03
  6.156246E+03
  6.049493E+03
  5.940247E+03
  5.829205E+03
  5.716850E+03
  5.601864E+03
  5.485321E+03
  5.367132E+03
  5.246583E+03
  5.123502E+03
  4.998222E+03
  4.870957E+03
  4.743050E+03
  4.618916E+03
  4.509112E+03
  4.431699E+03
  4.422512E+03
  4.519200E+03
  4.488148E+03
  4.050420E+03
  4.558263E+03
  1.355931E+03
 -8.538730E-05
  1.219136E+01
  1.242616E+01
  1.266096E+01
  1.289576E+01
  1.313055E+01
  1.336535E+01
  1.360014E+01
  1.383493E+01
  1.406972E+01
  1.464181E+01
  1.522226E+01
  1.580270E+01
  1.638314E+01
  1.696358E+01
  1.754400E+01
  1.812443E+01
  1.878400E+01
  1.958872E+01
  2.039344E+01
  2.119815E+01
  2.200285E+01
  2.280754E+01
  2.361222E+01
  2.445503E+01
  2.560313E+01
  2.675122E+01
  2.789929E+01
  2.904735E+01
  3.019539E+01
  3.134342E+01
  3.261379E+01
  3.429079E+01
  3.596776E+01
  3.764470E+01
  3.932161E+01
  4.099850E+01
  4.267535E+01
  4.488874E+01
  4.733693E+01
  4.978506E+01
  5.223313E+01
  5.468114E+01
  5.712909E+01
  5.999210E+01
  6.329300E+01
  6.659377E+01
  6.989442E+01
  7.319495E+01
  7.649536E+01
  7.996815E+01
  8.356160E+01
  8.715485E+01
  9.074790E+01
  9.434076E+01
  9.793342E+01
  1.009484E+02
  1.039540E+02
  1.069594E+02
  1.099646E+02
  1.129696E+02
  1.151364E+02
  1.168733E+02
  1.186101E+02
  1.203468E+02
  1.220832E+02
  1.226137E+02
  1.223531E+02
  1.220925E+02
  1.218318E+02
  1.215711E+02
  1.191915E+02
  1.162807E+02
  1.133699E+02
  1.104592E+02
  1.071710E+02
  1.026558E+02
  9.814069E+01
  9.362569E+01
  8.911078E+01
  8.731541E+01
  8.582425E+01
  8.433307E+01
  8.284189E+01
  8.669899E+01
  9.206233E+01
  9.742550E+01
  1.027885E+02
  1.141547E+02
  1.264405E+02
  1.387255E+02
  1.519413E+02
  1.704546E+02
  1.889653E+02
  2.074734E+02
  2.289712E+02
  2.523146E+02
  2.756525E+02
  2.986862E+02
  3.208750E+02
  3.430560E+02
  3.645592E+02
  3.778437E+02
  3.911228E+02
  4.038967E+02
  4.066480E+02
  4.093986E+02
  4.107218E+02
  4.051288E+02
  3.995389E+02
  3.913513E+02
  3.798346E+02
  3.683233E+02
  3.536156E+02
  3.383139E+02
  3.222092E+02
  3.047669E+02
  2.872897E+02
  2.686130E+02
  2.499416E+02
  2.296941E+02
  2.090733E+02
  1.867338E+02
  1.636331E+02
  1.397802E+02
  1.155799E+02
  9.165591E+01
  6.781183E+01
  4.514998E+01
  2.293971E+01
  2.014665E+00
 -1.776160E+01
 -3.668838E+01
 -5.373985E+01
 -6.966377E+01
 -8.441684E+01
 -9.755587E+01
 -1.090763E+02
 -1.191516E+02
 -1.275839E+02
 -1.340816E+02
 -1.381592E+02
 -1.389887E+02
 -1.353334E+02
 -1.262947E+02
 -1.126471E+02
 -9.476624E+01
 -8.144088E+01
  7.742371E+02
  4.429652E+03
  2.722947E-02
