 Title= "ADflow Lift Distribution Data"
Variables = "eta" "CoordinateX" "CoordinateY" "CoordinateZ" "Lift" "Drag" "Moment" "Normalized Lift" "Normalized Drag" "Normalized Moment" "CL" "CD" "CM" "CLp" "CDp" "CMp" "CLv" "CDv" "CMv" "Elliptical" "thickness" "twist" "chord" "fx" "fy" "fz" 
Zone T= "LiftDist_01 allWalls: : z normal"
 I=          150
 DATAPACKING=BLOCK
  0.000000E+00
  6.711405E-03
  1.342281E-02
  2.013422E-02
  2.684563E-02
  3.355704E-02
  4.026845E-02
  4.697986E-02
  5.369127E-02
  6.040268E-02
  6.711409E-02
  7.382550E-02
  8.053691E-02
  8.724832E-02
  9.395973E-02
  1.006711E-01
  1.073825E-01
  1.140940E-01
  1.208054E-01
  1.275168E-01
  1.342282E-01
  1.409396E-01
  1.476510E-01
  1.543624E-01
  1.610738E-01
  1.677852E-01
  1.744966E-01
  1.812081E-01
  1.879195E-01
  1.946309E-01
  2.013423E-01
  2.080537E-01
  2.147651E-01
  2.214765E-01
  2.281879E-01
  2.348993E-01
  2.416107E-01
  2.483221E-01
  2.550336E-01
  2.617450E-01
  2.684564E-01
  2.751678E-01
  2.818792E-01
  2.885906E-01
  2.953020E-01
  3.020134E-01
  3.087248E-01
  3.154362E-01
  3.221476E-01
  3.288591E-01
  3.355705E-01
  3.422819E-01
  3.489933E-01
  3.557047E-01
  3.624161E-01
  3.691275E-01
  3.758389E-01
  3.825503E-01
  3.892617E-01
  3.959732E-01
  4.026846E-01
  4.093960E-01
  4.161074E-01
  4.228188E-01
  4.295302E-01
  4.362416E-01
  4.429530E-01
  4.496644E-01
  4.563758E-01
  4.630872E-01
  4.697987E-01
  4.765101E-01
  4.832215E-01
  4.899329E-01
  4.966443E-01
  5.033557E-01
  5.100671E-01
  5.167785E-01
  5.234899E-01
  5.302013E-01
  5.369128E-01
  5.436242E-01
  5.503356E-01
  5.570470E-01
  5.637584E-01
  5.704698E-01
  5.771812E-01
  5.838926E-01
  5.906040E-01
  5.973154E-01
  6.040268E-01
  6.107383E-01
  6.174497E-01
  6.241611E-01
  6.308725E-01
  6.375839E-01
  6.442953E-01
  6.510067E-01
  6.577181E-01
  6.644295E-01
  6.711409E-01
  6.778524E-01
  6.845638E-01
  6.912752E-01
  6.979866E-01
  7.046980E-01
  7.114094E-01
  7.181208E-01
  7.248322E-01
  7.315436E-01
  7.382550E-01
  7.449664E-01
  7.516779E-01
  7.583893E-01
  7.651007E-01
  7.718121E-01
  7.785235E-01
  7.852349E-01
  7.919463E-01
  7.986577E-01
  8.053691E-01
  8.120805E-01
  8.187919E-01
  8.255034E-01
  8.322148E-01
  8.389262E-01
  8.456376E-01
  8.523490E-01
  8.590604E-01
  8.657718E-01
  8.724832E-01
  8.791946E-01
  8.859060E-01
  8.926175E-01
  8.993289E-01
  9.060403E-01
  9.127517E-01
  9.194631E-01
  9.261745E-01
  9.328859E-01
  9.395973E-01
  9.463087E-01
  9.530201E-01
  9.597315E-01
  9.664430E-01
  9.731544E-01
  9.798658E-01
  9.865772E-01
  9.932886E-01
  1.000000E+00
  0.000000E+00
  0.000000E+00
  0.000000E+00
  0.000000E+00
  0.000000E+00
  0.000000E+00
  0.000000E+00
  0.000000E+00
  0.000000E+00
  0.000000E+00
  0.000000E+00
  0.000000E+00
  0.000000E+00
  0.000000E+00
  0.000000E+00
  0.000000E+00
  0.000000E+00
  0.000000E+00
  0.000000E+00
  0.000000E+00
  0.000000E+00
  0.000000E+00
  0.000000E+00
  0.000000E+00
  0.000000E+00
  0.000000E+00
  0.000000E+00
  0.000000E+00
  0.000000E+00
  0.000000E+00
  0.000000E+00
  0.000000E+00
  0.000000E+00
  0.000000E+00
  0.000000E+00
  0.000000E+00
  0.000000E+00
  0.000000E+00
  0.000000E+00
  0.000000E+00
  0.000000E+00
  0.000000E+00
  0.000000E+00
  0.000000E+00
  0.000000E+00
  0.000000E+00
  0.000000E+00
  0.000000E+00
  0.000000E+00
  0.000000E+00
  0.000000E+00
  0.000000E+00
  0.000000E+00
  0.000000E+00
  0.000000E+00
  0.000000E+00
  0.000000E+00
  0.000000E+00
  0.000000E+00
  0.000000E+00
  0.000000E+00
  0.000000E+00
  0.000000E+00
  0.000000E+00
  0.000000E+00
  0.000000E+00
  0.000000E+00
  0.000000E+00
  0.000000E+00
  0.000000E+00
  0.000000E+00
  0.000000E+00
  0.000000E+00
  0.000000E+00
  0.000000E+00
  0.000000E+00
  0.000000E+00
  0.000000E+00
  0.000000E+00
  0.000000E+00
  0.000000E+00
  0.000000E+00
  0.000000E+00
  0.000000E+00
  0.000000E+00
  0.000000E+00
  0.000000E+00
  0.000000E+00
  0.000000E+00
  0.000000E+00
  0.000000E+00
  0.000000E+00
  0.000000E+00
  0.000000E+00
  0.000000E+00
  0.000000E+00
  0.000000E+00
  0.000000E+00
  0.000000E+00
  0.000000E+00
  0.000000E+00
  0.000000E+00
  0.000000E+00
  0.000000E+00
  0.000000E+00
  0.000000E+00
  0.000000E+00
  0.000000E+00
  0.000000E+00
  0.000000E+00
  0.000000E+00
  0.000000E+00
  0.000000E+00
  0.000000E+00
  0.000000E+00
  0.000000E+00
  0.000000E+00
  0.000000E+00
  0.000000E+00
  0.000000E+00
  0.000000E+00
  0.000000E+00
  0.000000E+00
  0.000000E+00
  0.000000E+00
  0.000000E+00
  0.000000E+00
  0.000000E+00
  0.000000E+00
  0.000000E+00
  0.000000E+00
  0.000000E+00
  0.000000E+00
  0.000000E+00
  0.000000E+00
  0.000000E+00
  0.000000E+00
  0.000000E+00
  0.000000E+00
  0.000000E+00
  0.000000E+00
  0.000000E+00
  0.000000E+00
  0.000000E+00
  0.000000E+00
  0.000000E+00
  0.000000E+00
  0.000000E+00
  0.000000E+00
  0.000000E+00
  0.000000E+00
  0.000000E+00
  0.000000E+00
  0.000000E+00
  0.000000E+00
  0.000000E+00
  0.000000E+00
  0.000000E+00
  0.000000E+00
  0.000000E+00
  0.000000E+00
  0.000000E+00
  0.000000E+00
  0.000000E+00
  0.000000E+00
  0.000000E+00
  0.000000E+00
  0.000000E+00
  0.000000E+00
  0.000000E+00
  0.000000E+00
  0.000000E+00
  0.000000E+00
  0.000000E+00
  0.000000E+00
  0.000000E+00
  0.000000E+00
  0.000000E+00
  0.000000E+00
  0.000000E+00
  0.000000E+00
  0.000000E+00
  0.000000E+00
  0.000000E+00
  0.000000E+00
  0.000000E+00
  0.000000E+00
  0.000000E+00
  0.000000E+00
  0.000000E+00
  0.000000E+00
  0.000000E+00
  0.000000E+00
  0.000000E+00
  0.000000E+00
  0.000000E+00
  0.000000E+00
  0.000000E+00
  0.000000E+00
  0.000000E+00
  0.000000E+00
  0.000000E+00
  0.000000E+00
  0.000000E+00
  0.000000E+00
  0.000000E+00
  0.000000E+00
  0.000000E+00
  0.000000E+00
  0.000000E+00
  0.000000E+00
  0.000000E+00
  0.000000E+00
  0.000000E+00
  0.000000E+00
  0.000000E+00
  0.000000E+00
  0.000000E+00
  0.000000E+00
  0.000000E+00
  0.000000E+00
  0.000000E+00
  0.000000E+00
  0.000000E+00
  0.000000E+00
  0.000000E+00
  0.000000E+00
  0.000000E+00
  0.000000E+00
  0.000000E+00
  0.000000E+00
  0.000000E+00
  0.000000E+00
  0.000000E+00
  0.000000E+00
  0.000000E+00
  0.000000E+00
  0.000000E+00
  0.000000E+00
  0.000000E+00
  0.000000E+00
  0.000000E+00
  0.000000E+00
  0.000000E+00
  0.000000E+00
  0.000000E+00
  0.000000E+00
  0.000000E+00
  0.000000E+00
  0.000000E+00
  0.000000E+00
  0.000000E+00
  0.000000E+00
  0.000000E+00
  0.000000E+00
  0.000000E+00
  0.000000E+00
  0.000000E+00
  0.000000E+00
  0.000000E+00
  0.000000E+00
  0.000000E+00
  0.000000E+00
  0.000000E+00
  0.000000E+00
  0.000000E+00
  0.000000E+00
  0.000000E+00
  0.000000E+00
  0.000000E+00
  0.000000E+00
  0.000000E+00
  0.000000E+00
  0.000000E+00
  0.000000E+00
  0.000000E+00
  0.000000E+00
  0.000000E+00
  0.000000E+00
  0.000000E+00
  0.000000E+00
  0.000000E+00
  0.000000E+00
  0.000000E+00
  0.000000E+00
  0.000000E+00
  0.000000E+00
  0.000000E+00
  0.000000E+00
  0.000000E+00
  0.000000E+00
  0.000000E+00
  0.000000E+00
  0.000000E+00
  0.000000E+00
  0.000000E+00
  0.000000E+00
  0.000000E+00
  0.000000E+00
  0.000000E+00
  1.000000E-08
  1.695085E-02
  3.390169E-02
  5.085254E-02
  6.780338E-02
  8.475423E-02
  1.017051E-01
  1.186559E-01
  1.356068E-01
  1.525576E-01
  1.695085E-01
  1.864593E-01
  2.034101E-01
  2.203610E-01
  2.373118E-01
  2.542627E-01
  2.712135E-01
  2.881644E-01
  3.051152E-01
  3.220661E-01
  3.390169E-01
  3.559678E-01
  3.729186E-01
  3.898694E-01
  4.068203E-01
  4.237711E-01
  4.407220E-01
  4.576728E-01
  4.746237E-01
  4.915745E-01
  5.085254E-01
  5.254762E-01
  5.424271E-01
  5.593779E-01
  5.763287E-01
  5.932796E-01
  6.102304E-01
  6.271813E-01
  6.441321E-01
  6.610830E-01
  6.780338E-01
  6.949847E-01
  7.119355E-01
  7.288864E-01
  7.458372E-01
  7.627880E-01
  7.797389E-01
  7.966897E-01
  8.136406E-01
  8.305914E-01
  8.475423E-01
  8.644931E-01
  8.814440E-01
  8.983948E-01
  9.153457E-01
  9.322965E-01
  9.492473E-01
  9.661982E-01
  9.831490E-01
  1.000100E+00
  1.017051E+00
  1.034002E+00
  1.050952E+00
  1.067903E+00
  1.084854E+00
  1.101805E+00
  1.118756E+00
  1.135707E+00
  1.152657E+00
  1.169608E+00
  1.186559E+00
  1.203510E+00
  1.220461E+00
  1.237412E+00
  1.254363E+00
  1.271313E+00
  1.288264E+00
  1.305215E+00
  1.322166E+00
  1.339117E+00
  1.356068E+00
  1.373018E+00
  1.389969E+00
  1.406920E+00
  1.423871E+00
  1.440822E+00
  1.457773E+00
  1.474724E+00
  1.491674E+00
  1.508625E+00
  1.525576E+00
  1.542527E+00
  1.559478E+00
  1.576429E+00
  1.593379E+00
  1.610330E+00
  1.627281E+00
  1.644232E+00
  1.661183E+00
  1.678134E+00
  1.695085E+00
  1.712035E+00
  1.728986E+00
  1.745937E+00
  1.762888E+00
  1.779839E+00
  1.796790E+00
  1.813740E+00
  1.830691E+00
  1.847642E+00
  1.864593E+00
  1.881544E+00
  1.898495E+00
  1.915446E+00
  1.932396E+00
  1.949347E+00
  1.966298E+00
  1.983249E+00
  2.000200E+00
  2.017151E+00
  2.034101E+00
  2.051052E+00
  2.068003E+00
  2.084954E+00
  2.101905E+00
  2.118856E+00
  2.135807E+00
  2.152757E+00
  2.169708E+00
  2.186659E+00
  2.203610E+00
  2.220561E+00
  2.237512E+00
  2.254462E+00
  2.271413E+00
  2.288364E+00
  2.305315E+00
  2.322266E+00
  2.339217E+00
  2.356168E+00
  2.373118E+00
  2.390069E+00
  2.407020E+00
  2.423971E+00
  2.440922E+00
  2.457873E+00
  2.474823E+00
  2.491774E+00
  2.508725E+00
  2.525676E+00
  5.918968E+03
  5.918345E+03
  5.917721E+03
  5.917097E+03
  5.916474E+03
  5.915850E+03
  5.915226E+03
  5.914603E+03
  5.913979E+03
  5.912170E+03
  5.910332E+03
  5.908494E+03
  5.906656E+03
  5.904818E+03
  5.902980E+03
  5.901142E+03
  5.898929E+03
  5.896027E+03
  5.893125E+03
  5.890223E+03
  5.887320E+03
  5.884418E+03
  5.881516E+03
  5.878498E+03
  5.874550E+03
  5.870601E+03
  5.866653E+03
  5.862705E+03
  5.858757E+03
  5.854808E+03
  5.850605E+03
  5.845556E+03
  5.840507E+03
  5.835459E+03
  5.830410E+03
  5.825361E+03
  5.820312E+03
  5.814469E+03
  5.808278E+03
  5.802088E+03
  5.795897E+03
  5.789707E+03
  5.783517E+03
  5.776759E+03
  5.769402E+03
  5.762046E+03
  5.754690E+03
  5.747333E+03
  5.739977E+03
  5.731916E+03
  5.723361E+03
  5.714807E+03
  5.706253E+03
  5.697698E+03
  5.689144E+03
  5.679369E+03
  5.669574E+03
  5.659779E+03
  5.649984E+03
  5.640190E+03
  5.629544E+03
  5.618461E+03
  5.607379E+03
  5.596296E+03
  5.585214E+03
  5.573322E+03
  5.560899E+03
  5.548477E+03
  5.536054E+03
  5.523632E+03
  5.510090E+03
  5.496269E+03
  5.482447E+03
  5.468626E+03
  5.454460E+03
  5.439174E+03
  5.423888E+03
  5.408602E+03
  5.393316E+03
  5.376648E+03
  5.359826E+03
  5.343005E+03
  5.326183E+03
  5.308103E+03
  5.289668E+03
  5.271233E+03
  5.252798E+03
  5.232894E+03
  5.212763E+03
  5.192633E+03
  5.172236E+03
  5.150323E+03
  5.128410E+03
  5.106496E+03
  5.083424E+03
  5.059634E+03
  5.035845E+03
  5.011536E+03
  4.985773E+03
  4.960009E+03
  4.934089E+03
  4.906248E+03
  4.878408E+03
  4.850464E+03
  4.820438E+03
  4.790413E+03
  4.759996E+03
  4.727674E+03
  4.695352E+03
  4.661973E+03
  4.627237E+03
  4.592502E+03
  4.555632E+03
  4.518361E+03
  4.480090E+03
  4.440159E+03
  4.400136E+03
  4.357412E+03
  4.314689E+03
  4.269604E+03
  4.223955E+03
  4.176187E+03
  4.127479E+03
  4.076594E+03
  4.024701E+03
  3.970259E+03
  3.915079E+03
  3.856671E+03
  3.797330E+03
  3.735433E+03
  3.671538E+03
  3.606173E+03
  3.537767E+03
  3.467598E+03
  3.395608E+03
  3.321145E+03
  3.244197E+03
  3.164980E+03
  3.083170E+03
  2.998500E+03
  2.911101E+03
  2.821764E+03
  2.732421E+03
  2.661649E+03
  2.648763E+03
  2.595994E+03
  2.471292E+03
  3.156725E+03
  6.977385E+02
  2.866903E-05
  2.523125E+02
  2.522977E+02
  2.522828E+02
  2.522679E+02
  2.522530E+02
  2.522381E+02
  2.522233E+02
  2.522084E+02
  2.521935E+02
  2.521870E+02
  2.521808E+02
  2.521746E+02
  2.521683E+02
  2.521621E+02
  2.521558E+02
  2.521496E+02
  2.521668E+02
  2.522271E+02
  2.522874E+02
  2.523477E+02
  2.524080E+02
  2.524683E+02
  2.525286E+02
  2.525949E+02
  2.527089E+02
  2.528229E+02
  2.529370E+02
  2.530510E+02
  2.531651E+02
  2.532791E+02
  2.533962E+02
  2.535237E+02
  2.536512E+02
  2.537786E+02
  2.539061E+02
  2.540335E+02
  2.541610E+02
  2.542940E+02
  2.544293E+02
  2.545647E+02
  2.547000E+02
  2.548354E+02
  2.549707E+02
  2.551134E+02
  2.552638E+02
  2.554142E+02
  2.555645E+02
  2.557149E+02
  2.558653E+02
  2.560245E+02
  2.561899E+02
  2.563553E+02
  2.565206E+02
  2.566860E+02
  2.568513E+02
  2.570280E+02
  2.572049E+02
  2.573817E+02
  2.575586E+02
  2.577354E+02
  2.579183E+02
  2.581043E+02
  2.582902E+02
  2.584762E+02
  2.586622E+02
  2.588525E+02
  2.590456E+02
  2.592387E+02
  2.594319E+02
  2.596250E+02
  2.598218E+02
  2.600196E+02
  2.602174E+02
  2.604152E+02
  2.606133E+02
  2.608128E+02
  2.610123E+02
  2.612118E+02
  2.614113E+02
  2.616095E+02
  2.618076E+02
  2.620056E+02
  2.622037E+02
  2.623981E+02
  2.625915E+02
  2.627850E+02
  2.629784E+02
  2.631650E+02
  2.633505E+02
  2.635360E+02
  2.637198E+02
  2.638941E+02
  2.640685E+02
  2.642428E+02
  2.644082E+02
  2.645681E+02
  2.647280E+02
  2.648833E+02
  2.650258E+02
  2.651683E+02
  2.653093E+02
  2.654318E+02
  2.655542E+02
  2.656756E+02
  2.657759E+02
  2.658762E+02
  2.659725E+02
  2.660491E+02
  2.661258E+02
  2.661919E+02
  2.662443E+02
  2.662968E+02
  2.663291E+02
  2.663577E+02
  2.663778E+02
  2.663840E+02
  2.663896E+02
  2.663764E+02
  2.663631E+02
  2.663381E+02
  2.663103E+02
  2.662774E+02
  2.662422E+02
  2.662099E+02
  2.661789E+02
  2.661655E+02
  2.661572E+02
  2.662000E+02
  2.662693E+02
  2.664157E+02
  2.666670E+02
  2.670007E+02
  2.675942E+02
  2.684169E+02
  2.695037E+02
  2.710464E+02
  2.731858E+02
  2.759389E+02
  2.794480E+02
  2.839159E+02
  2.896800E+02
  2.972621E+02
  3.074754E+02
  3.244700E+02
  3.563803E+02
  3.858188E+02
  4.085075E+02
  5.632411E+02
 -1.357098E+01
  3.498119E-04
  1.380415E+03
  1.380344E+03
  1.380274E+03
  1.380203E+03
  1.380133E+03
  1.380062E+03
  1.379992E+03
  1.379921E+03
  1.379850E+03
  1.379682E+03
  1.379512E+03
  1.379342E+03
  1.379171E+03
  1.379001E+03
  1.378830E+03
  1.378660E+03
  1.378476E+03
  1.378270E+03
  1.378063E+03
  1.377856E+03
  1.377649E+03
  1.377443E+03
  1.377236E+03
  1.377024E+03
  1.376768E+03
  1.376513E+03
  1.376257E+03
  1.376001E+03
  1.375746E+03
  1.375490E+03
  1.375215E+03
  1.374873E+03
  1.374532E+03
  1.374190E+03
  1.373849E+03
  1.373507E+03
  1.373166E+03
  1.372755E+03
  1.372314E+03
  1.371873E+03
  1.371432E+03
  1.370992E+03
  1.370551E+03
  1.370060E+03
  1.369518E+03
  1.368975E+03
  1.368433E+03
  1.367890E+03
  1.367348E+03
  1.366741E+03
  1.366090E+03
  1.365438E+03
  1.364787E+03
  1.364136E+03
  1.363484E+03
  1.362715E+03
  1.361944E+03
  1.361173E+03
  1.360402E+03
  1.359631E+03
  1.358773E+03
  1.357871E+03
  1.356969E+03
  1.356066E+03
  1.355164E+03
  1.354175E+03
  1.353130E+03
  1.352084E+03
  1.351038E+03
  1.349992E+03
  1.348820E+03
  1.347615E+03
  1.346411E+03
  1.345207E+03
  1.343961E+03
  1.342581E+03
  1.341201E+03
  1.339821E+03
  1.338441E+03
  1.336885E+03
  1.335310E+03
  1.333735E+03
  1.332159E+03
  1.330415E+03
  1.328622E+03
  1.326830E+03
  1.325038E+03
  1.323036E+03
  1.321003E+03
  1.318969E+03
  1.316896E+03
  1.314594E+03
  1.312293E+03
  1.309992E+03
  1.307507E+03
  1.304909E+03
  1.302311E+03
  1.299627E+03
  1.296701E+03
  1.293775E+03
  1.290822E+03
  1.287535E+03
  1.284247E+03
  1.280941E+03
  1.277257E+03
  1.273572E+03
  1.269813E+03
  1.265694E+03
  1.261574E+03
  1.257247E+03
  1.252653E+03
  1.248058E+03
  1.243029E+03
  1.237918E+03
  1.232597E+03
  1.226926E+03
  1.221235E+03
  1.214959E+03
  1.208683E+03
  1.201881E+03
  1.194954E+03
  1.187546E+03
  1.179924E+03
  1.171804E+03
  1.163452E+03
  1.154520E+03
  1.145420E+03
  1.135608E+03
  1.125602E+03
  1.115072E+03
  1.104179E+03
  1.093026E+03
  1.081425E+03
  1.069633E+03
  1.057661E+03
  1.045506E+03
  1.033216E+03
  1.020784E+03
  1.008152E+03
  9.953072E+02
  9.825062E+02
  9.705923E+02
  9.614722E+02
  9.661429E+02
  1.007890E+03
  1.039873E+03
  1.023514E+03
  1.365916E+03
  1.669076E+02
  2.065724E-11
  1.177353E+00
  1.177228E+00
  1.177104E+00
  1.176980E+00
  1.176856E+00
  1.176732E+00
  1.176608E+00
  1.176484E+00
  1.176360E+00
  1.176000E+00
  1.175635E+00
  1.175269E+00
  1.174904E+00
  1.174538E+00
  1.174172E+00
  1.173807E+00
  1.173366E+00
  1.172789E+00
  1.172212E+00
  1.171635E+00
  1.171057E+00
  1.170480E+00
  1.169903E+00
  1.169302E+00
  1.168517E+00
  1.167732E+00
  1.166946E+00
  1.166161E+00
  1.165376E+00
  1.164590E+00
  1.163754E+00
  1.162750E+00
  1.161746E+00
  1.160741E+00
  1.159737E+00
  1.158733E+00
  1.157729E+00
  1.156566E+00
  1.155335E+00
  1.154104E+00
  1.152872E+00
  1.151641E+00
  1.150410E+00
  1.149065E+00
  1.147602E+00
  1.146139E+00
  1.144676E+00
  1.143212E+00
  1.141749E+00
  1.140146E+00
  1.138444E+00
  1.136742E+00
  1.135041E+00
  1.133339E+00
  1.131638E+00
  1.129693E+00
  1.127745E+00
  1.125797E+00
  1.123848E+00
  1.121900E+00
  1.119783E+00
  1.117578E+00
  1.115374E+00
  1.113169E+00
  1.110965E+00
  1.108599E+00
  1.106128E+00
  1.103657E+00
  1.101186E+00
  1.098715E+00
  1.096022E+00
  1.093273E+00
  1.090523E+00
  1.087774E+00
  1.084956E+00
  1.081916E+00
  1.078875E+00
  1.075835E+00
  1.072794E+00
  1.069479E+00
  1.066133E+00
  1.062787E+00
  1.059441E+00
  1.055844E+00
  1.052177E+00
  1.048510E+00
  1.044843E+00
  1.040884E+00
  1.036880E+00
  1.032876E+00
  1.028819E+00
  1.024460E+00
  1.020101E+00
  1.015742E+00
  1.011153E+00
  1.006421E+00
  1.001689E+00
  9.968537E-01
  9.917290E-01
  9.866043E-01
  9.814484E-01
  9.759106E-01
  9.703728E-01
  9.648143E-01
  9.588420E-01
  9.528697E-01
  9.468192E-01
  9.403900E-01
  9.339608E-01
  9.273213E-01
  9.204120E-01
  9.135027E-01
  9.061688E-01
  8.987553E-01
  8.911428E-01
  8.831999E-01
  8.752388E-01
  8.667406E-01
  8.582424E-01
  8.492746E-01
  8.401944E-01
  8.306928E-01
  8.210042E-01
  8.108825E-01
  8.005605E-01
  7.897314E-01
  7.787553E-01
  7.671373E-01
  7.553336E-01
  7.430216E-01
  7.303121E-01
  7.173104E-01
  7.037035E-01
  6.897460E-01
  6.754264E-01
  6.606148E-01
  6.453089E-01
  6.295519E-01
  6.132788E-01
  5.964370E-01
  5.790523E-01
  5.612821E-01
  5.435107E-01
  5.294334E-01
  5.268702E-01
  5.163738E-01
  4.915690E-01
  6.279097E-01
  1.387884E-01
  5.702607E-09
  9.590174E-01
  9.589609E-01
  9.589043E-01
  9.588477E-01
  9.587912E-01
  9.587346E-01
  9.586781E-01
  9.586215E-01
  9.585650E-01
  9.585405E-01
  9.585167E-01
  9.584930E-01
  9.584693E-01
  9.584455E-01
  9.584218E-01
  9.583981E-01
  9.584636E-01
  9.586928E-01
  9.589219E-01
  9.591511E-01
  9.593803E-01
  9.596095E-01
  9.598386E-01
  9.600905E-01
  9.605239E-01
  9.609574E-01
  9.613909E-01
  9.618243E-01
  9.622578E-01
  9.626912E-01
  9.631365E-01
  9.636210E-01
  9.641054E-01
  9.645899E-01
  9.650744E-01
  9.655588E-01
  9.660433E-01
  9.665486E-01
  9.670631E-01
  9.675775E-01
  9.680920E-01
  9.686064E-01
  9.691209E-01
  9.696632E-01
  9.702348E-01
  9.708064E-01
  9.713780E-01
  9.719496E-01
  9.725213E-01
  9.731264E-01
  9.737549E-01
  9.743834E-01
  9.750120E-01
  9.756405E-01
  9.762690E-01
  9.769406E-01
  9.776128E-01
  9.782850E-01
  9.789572E-01
  9.796294E-01
  9.803245E-01
  9.810313E-01
  9.817382E-01
  9.824450E-01
  9.831519E-01
  9.838751E-01
  9.846092E-01
  9.853433E-01
  9.860773E-01
  9.868114E-01
  9.875596E-01
  9.883113E-01
  9.890631E-01
  9.898148E-01
  9.905681E-01
  9.913263E-01
  9.920845E-01
  9.928428E-01
  9.936010E-01
  9.943544E-01
  9.951072E-01
  9.958600E-01
  9.966128E-01
  9.973518E-01
  9.980870E-01
  9.988222E-01
  9.995574E-01
  1.000266E+00
  1.000972E+00
  1.001677E+00
  1.002376E+00
  1.003038E+00
  1.003701E+00
  1.004363E+00
  1.004992E+00
  1.005600E+00
  1.006207E+00
  1.006798E+00
  1.007339E+00
  1.007881E+00
  1.008417E+00
  1.008882E+00
  1.009348E+00
  1.009809E+00
  1.010191E+00
  1.010572E+00
  1.010938E+00
  1.011229E+00
  1.011520E+00
  1.011772E+00
  1.011971E+00
  1.012170E+00
  1.012293E+00
  1.012402E+00
  1.012478E+00
  1.012502E+00
  1.012523E+00
  1.012473E+00
  1.012423E+00
  1.012327E+00
  1.012222E+00
  1.012097E+00
  1.011963E+00
  1.011840E+00
  1.011722E+00
  1.011671E+00
  1.011640E+00
  1.011803E+00
  1.012066E+00
  1.012622E+00
  1.013577E+00
  1.014846E+00
  1.017102E+00
  1.020229E+00
  1.024360E+00
  1.030223E+00
  1.038355E+00
  1.048819E+00
  1.062157E+00
  1.079139E+00
  1.101048E+00
  1.129867E+00
  1.168687E+00
  1.233281E+00
  1.354570E+00
  1.466463E+00
  1.552700E+00
  2.140829E+00
 -5.158206E-02
  1.329604E-06
  1.078924E+00
  1.078869E+00
  1.078814E+00
  1.078759E+00
  1.078703E+00
  1.078648E+00
  1.078593E+00
  1.078538E+00
  1.078483E+00
  1.078352E+00
  1.078218E+00
  1.078085E+00
  1.077952E+00
  1.077819E+00
  1.077685E+00
  1.077552E+00
  1.077409E+00
  1.077247E+00
  1.077086E+00
  1.076924E+00
  1.076763E+00
  1.076601E+00
  1.076439E+00
  1.076273E+00
  1.076074E+00
  1.075874E+00
  1.075674E+00
  1.075475E+00
  1.075275E+00
  1.075075E+00
  1.074860E+00
  1.074593E+00
  1.074326E+00
  1.074059E+00
  1.073792E+00
  1.073525E+00
  1.073258E+00
  1.072937E+00
  1.072593E+00
  1.072248E+00
  1.071903E+00
  1.071559E+00
  1.071214E+00
  1.070831E+00
  1.070407E+00
  1.069983E+00
  1.069559E+00
  1.069135E+00
  1.068711E+00
  1.068237E+00
  1.067728E+00
  1.067218E+00
  1.066709E+00
  1.066200E+00
  1.065691E+00
  1.065090E+00
  1.064487E+00
  1.063885E+00
  1.063282E+00
  1.062679E+00
  1.062009E+00
  1.061304E+00
  1.060599E+00
  1.059893E+00
  1.059188E+00
  1.058415E+00
  1.057598E+00
  1.056781E+00
  1.055963E+00
  1.055146E+00
  1.054229E+00
  1.053288E+00
  1.052347E+00
  1.051405E+00
  1.050432E+00
  1.049353E+00
  1.048275E+00
  1.047196E+00
  1.046117E+00
  1.044901E+00
  1.043670E+00
  1.042439E+00
  1.041208E+00
  1.039844E+00
  1.038443E+00
  1.037042E+00
  1.035642E+00
  1.034077E+00
  1.032488E+00
  1.030899E+00
  1.029278E+00
  1.027479E+00
  1.025680E+00
  1.023882E+00
  1.021940E+00
  1.019909E+00
  1.017879E+00
  1.015781E+00
  1.013494E+00
  1.011207E+00
  1.008899E+00
  1.006329E+00
  1.003760E+00
  1.001176E+00
  9.982962E-01
  9.954165E-01
  9.924785E-01
  9.892588E-01
  9.860390E-01
  9.826566E-01
  9.790658E-01
  9.754749E-01
  9.715441E-01
  9.675495E-01
  9.633904E-01
  9.589580E-01
  9.545101E-01
  9.496046E-01
  9.446991E-01
  9.393830E-01
  9.339687E-01
  9.281787E-01
  9.222218E-01
  9.158748E-01
  9.093474E-01
  9.023662E-01
  8.952535E-01
  8.875845E-01
  8.797641E-01
  8.715332E-01
  8.630198E-01
  8.543028E-01
  8.452356E-01
  8.360189E-01
  8.266614E-01
  8.171614E-01
  8.075557E-01
  7.978390E-01
  7.879659E-01
  7.779262E-01
  7.679210E-01
  7.586091E-01
  7.514809E-01
  7.551315E-01
  7.877610E-01
  8.127585E-01
  7.999722E-01
  1.067591E+00
  1.304540E-01
  1.614558E-14
  5.292453E-01
  5.291895E-01
  5.291338E-01
  5.290780E-01
  5.290222E-01
  5.289665E-01
  5.289107E-01
  5.288549E-01
  5.287992E-01
  5.286375E-01
  5.284731E-01
  5.283088E-01
  5.281444E-01
  5.279801E-01
  5.278157E-01
  5.276514E-01
  5.274535E-01
  5.271940E-01
  5.269345E-01
  5.266750E-01
  5.264155E-01
  5.261560E-01
  5.258965E-01
  5.256266E-01
  5.252736E-01
  5.249205E-01
  5.245675E-01
  5.242145E-01
  5.238614E-01
  5.235084E-01
  5.231326E-01
  5.226812E-01
  5.222297E-01
  5.217782E-01
  5.213268E-01
  5.208753E-01
  5.204239E-01
  5.199014E-01
  5.193479E-01
  5.187944E-01
  5.182409E-01
  5.176874E-01
  5.171339E-01
  5.165296E-01
  5.158718E-01
  5.152141E-01
  5.145563E-01
  5.138985E-01
  5.132407E-01
  5.125200E-01
  5.117551E-01
  5.109902E-01
  5.102253E-01
  5.094604E-01
  5.086955E-01
  5.078214E-01
  5.069456E-01
  5.060698E-01
  5.051941E-01
  5.043183E-01
  5.033663E-01
  5.023754E-01
  5.013845E-01
  5.003935E-01
  4.994026E-01
  4.983393E-01
  4.972285E-01
  4.961177E-01
  4.950070E-01
  4.938962E-01
  4.926854E-01
  4.914496E-01
  4.902137E-01
  4.889779E-01
  4.877112E-01
  4.863444E-01
  4.849776E-01
  4.836108E-01
  4.822440E-01
  4.807537E-01
  4.792495E-01
  4.777454E-01
  4.762413E-01
  4.746246E-01
  4.729763E-01
  4.713280E-01
  4.696796E-01
  4.678998E-01
  4.660999E-01
  4.642999E-01
  4.624762E-01
  4.605168E-01
  4.585574E-01
  4.565980E-01
  4.545350E-01
  4.524078E-01
  4.502807E-01
  4.481072E-01
  4.458035E-01
  4.434998E-01
  4.411822E-01
  4.386928E-01
  4.362034E-01
  4.337048E-01
  4.310201E-01
  4.283354E-01
  4.256156E-01
  4.227255E-01
  4.198355E-01
  4.168508E-01
  4.137450E-01
  4.106391E-01
  4.073424E-01
  4.040098E-01
  4.005878E-01
  3.970174E-01
  3.934387E-01
  3.896185E-01
  3.857984E-01
  3.817672E-01
  3.776855E-01
  3.734143E-01
  3.690590E-01
  3.645091E-01
  3.598692E-01
  3.550012E-01
  3.500673E-01
  3.448447E-01
  3.395387E-01
  3.340042E-01
  3.282910E-01
  3.224464E-01
  3.163298E-01
  3.100557E-01
  3.036187E-01
  2.969606E-01
  2.900803E-01
  2.829971E-01
  2.756820E-01
  2.681112E-01
  2.602964E-01
  2.523084E-01
  2.443198E-01
  2.379917E-01
  2.368395E-01
  2.321211E-01
  2.209708E-01
  2.822589E-01
  8.562833E-02
  6.229057E-04
  2.256056E-02
  2.255923E-02
  2.255790E-02
  2.255657E-02
  2.255523E-02
  2.255390E-02
  2.255257E-02
  2.255124E-02
  2.254991E-02
  2.254934E-02
  2.254878E-02
  2.254822E-02
  2.254766E-02
  2.254710E-02
  2.254655E-02
  2.254599E-02
  2.254753E-02
  2.255292E-02
  2.255831E-02
  2.256370E-02
  2.256909E-02
  2.257448E-02
  2.257988E-02
  2.258580E-02
  2.259600E-02
  2.260619E-02
  2.261639E-02
  2.262659E-02
  2.263678E-02
  2.264698E-02
  2.265746E-02
  2.266885E-02
  2.268025E-02
  2.269165E-02
  2.270304E-02
  2.271444E-02
  2.272584E-02
  2.273773E-02
  2.274983E-02
  2.276193E-02
  2.277403E-02
  2.278614E-02
  2.279824E-02
  2.281099E-02
  2.282444E-02
  2.283789E-02
  2.285134E-02
  2.286478E-02
  2.287823E-02
  2.289246E-02
  2.290725E-02
  2.292204E-02
  2.293682E-02
  2.295161E-02
  2.296639E-02
  2.298219E-02
  2.299801E-02
  2.301382E-02
  2.302963E-02
  2.304545E-02
  2.306180E-02
  2.307843E-02
  2.309505E-02
  2.311168E-02
  2.312831E-02
  2.314533E-02
  2.316259E-02
  2.317986E-02
  2.319713E-02
  2.321440E-02
  2.323200E-02
  2.324969E-02
  2.326737E-02
  2.328505E-02
  2.330277E-02
  2.332061E-02
  2.333845E-02
  2.335629E-02
  2.337412E-02
  2.339185E-02
  2.340956E-02
  2.342727E-02
  2.344497E-02
  2.346236E-02
  2.347966E-02
  2.349695E-02
  2.351424E-02
  2.353093E-02
  2.354752E-02
  2.356410E-02
  2.358054E-02
  2.359613E-02
  2.361171E-02
  2.362730E-02
  2.364209E-02
  2.365639E-02
  2.367068E-02
  2.368457E-02
  2.369731E-02
  2.371006E-02
  2.372266E-02
  2.373361E-02
  2.374456E-02
  2.375542E-02
  2.376439E-02
  2.377336E-02
  2.378196E-02
  2.378882E-02
  2.379567E-02
  2.380158E-02
  2.380627E-02
  2.381096E-02
  2.381385E-02
  2.381640E-02
  2.381821E-02
  2.381876E-02
  2.381926E-02
  2.381807E-02
  2.381689E-02
  2.381466E-02
  2.381217E-02
  2.380923E-02
  2.380608E-02
  2.380319E-02
  2.380042E-02
  2.379922E-02
  2.379848E-02
  2.380231E-02
  2.380850E-02
  2.382159E-02
  2.384406E-02
  2.387390E-02
  2.392697E-02
  2.400053E-02
  2.409771E-02
  2.423565E-02
  2.442694E-02
  2.467311E-02
  2.498688E-02
  2.538637E-02
  2.590177E-02
  2.657972E-02
  2.749295E-02
  2.901252E-02
  3.186579E-02
  3.449803E-02
  3.652675E-02
  5.036227E-02
 -1.665466E-03
  7.600531E-03
  1.234300E-01
  1.234236E-01
  1.234173E-01
  1.234110E-01
  1.234047E-01
  1.233984E-01
  1.233921E-01
  1.233858E-01
  1.233795E-01
  1.233645E-01
  1.233492E-01
  1.233340E-01
  1.233188E-01
  1.233035E-01
  1.232883E-01
  1.232730E-01
  1.232566E-01
  1.232382E-01
  1.232197E-01
  1.232012E-01
  1.231827E-01
  1.231642E-01
  1.231457E-01
  1.231267E-01
  1.231039E-01
  1.230810E-01
  1.230582E-01
  1.230353E-01
  1.230125E-01
  1.229896E-01
  1.229650E-01
  1.229345E-01
  1.229039E-01
  1.228734E-01
  1.228429E-01
  1.228123E-01
  1.227818E-01
  1.227451E-01
  1.227056E-01
  1.226662E-01
  1.226268E-01
  1.225874E-01
  1.225480E-01
  1.225041E-01
  1.224556E-01
  1.224071E-01
  1.223586E-01
  1.223101E-01
  1.222616E-01
  1.222073E-01
  1.221491E-01
  1.220908E-01
  1.220326E-01
  1.219744E-01
  1.219161E-01
  1.218473E-01
  1.217784E-01
  1.217094E-01
  1.216405E-01
  1.215716E-01
  1.214949E-01
  1.214142E-01
  1.213335E-01
  1.212529E-01
  1.211722E-01
  1.210838E-01
  1.209902E-01
  1.208967E-01
  1.208032E-01
  1.207097E-01
  1.206049E-01
  1.204972E-01
  1.203895E-01
  1.202818E-01
  1.201704E-01
  1.200470E-01
  1.199236E-01
  1.198002E-01
  1.196768E-01
  1.195378E-01
  1.193969E-01
  1.192560E-01
  1.191152E-01
  1.189592E-01
  1.187989E-01
  1.186387E-01
  1.184784E-01
  1.182995E-01
  1.181176E-01
  1.179358E-01
  1.177504E-01
  1.175446E-01
  1.173389E-01
  1.171331E-01
  1.169109E-01
  1.166786E-01
  1.164463E-01
  1.162063E-01
  1.159447E-01
  1.156831E-01
  1.154190E-01
  1.151251E-01
  1.148311E-01
  1.145355E-01
  1.142061E-01
  1.138766E-01
  1.135405E-01
  1.131722E-01
  1.128038E-01
  1.124169E-01
  1.120061E-01
  1.115953E-01
  1.111456E-01
  1.106886E-01
  1.102128E-01
  1.097057E-01
  1.091969E-01
  1.086357E-01
  1.080745E-01
  1.074663E-01
  1.068469E-01
  1.061846E-01
  1.055031E-01
  1.047770E-01
  1.040302E-01
  1.032316E-01
  1.024179E-01
  1.015405E-01
  1.006459E-01
  9.970426E-02
  9.873031E-02
  9.773308E-02
  9.669579E-02
  9.564138E-02
  9.457088E-02
  9.348407E-02
  9.238516E-02
  9.127356E-02
  9.014408E-02
  8.899552E-02
  8.785092E-02
  8.678563E-02
  8.597015E-02
  8.638778E-02
  9.012063E-02
  9.298037E-02
  9.151760E-02
  1.221335E-01
  2.048334E-02
  4.488298E-10
  5.292338E-01
  5.291780E-01
  5.291223E-01
  5.290665E-01
  5.290108E-01
  5.289550E-01
  5.288993E-01
  5.288436E-01
  5.287878E-01
  5.286262E-01
  5.284619E-01
  5.282976E-01
  5.281333E-01
  5.279691E-01
  5.278048E-01
  5.276405E-01
  5.274427E-01
  5.271833E-01
  5.269239E-01
  5.266646E-01
  5.264052E-01
  5.261458E-01
  5.258865E-01
  5.256167E-01
  5.252639E-01
  5.249110E-01
  5.245581E-01
  5.242053E-01
  5.238524E-01
  5.234996E-01
  5.231240E-01
  5.226728E-01
  5.222216E-01
  5.217703E-01
  5.213191E-01
  5.208679E-01
  5.204167E-01
  5.198945E-01
  5.193413E-01
  5.187881E-01
  5.182348E-01
  5.176816E-01
  5.171284E-01
  5.165244E-01
  5.158670E-01
  5.152095E-01
  5.145521E-01
  5.138947E-01
  5.132372E-01
  5.125168E-01
  5.117523E-01
  5.109878E-01
  5.102233E-01
  5.094588E-01
  5.086942E-01
  5.078206E-01
  5.069452E-01
  5.060698E-01
  5.051945E-01
  5.043191E-01
  5.033676E-01
  5.023771E-01
  5.013867E-01
  5.003962E-01
  4.994057E-01
  4.983429E-01
  4.972326E-01
  4.961224E-01
  4.950121E-01
  4.939019E-01
  4.926916E-01
  4.914563E-01
  4.902210E-01
  4.889857E-01
  4.877196E-01
  4.863534E-01
  4.849872E-01
  4.836210E-01
  4.822548E-01
  4.807651E-01
  4.792617E-01
  4.777582E-01
  4.762547E-01
  4.746387E-01
  4.729911E-01
  4.713434E-01
  4.696957E-01
  4.679167E-01
  4.661175E-01
  4.643182E-01
  4.624952E-01
  4.605366E-01
  4.585779E-01
  4.566193E-01
  4.545571E-01
  4.524307E-01
  4.503044E-01
  4.481317E-01
  4.458289E-01
  4.435260E-01
  4.412092E-01
  4.387207E-01
  4.362322E-01
  4.337344E-01
  4.310506E-01
  4.283668E-01
  4.256479E-01
  4.227588E-01
  4.198696E-01
  4.168859E-01
  4.137810E-01
  4.106761E-01
  4.073803E-01
  4.040487E-01
  4.006277E-01
  3.970582E-01
  3.934805E-01
  3.896613E-01
  3.858422E-01
  3.818120E-01
  3.777313E-01
  3.734611E-01
  3.691068E-01
  3.645578E-01
  3.599188E-01
  3.550517E-01
  3.501186E-01
  3.448968E-01
  3.395915E-01
  3.340575E-01
  3.283450E-01
  3.225011E-01
  3.163854E-01
  3.101125E-01
  3.036773E-01
  2.970219E-01
  2.901458E-01
  2.830685E-01
  2.757613E-01
  2.682006E-01
  2.603983E-01
  2.524245E-01
  2.444508E-01
  2.381352E-01
  2.369869E-01
  2.322595E-01
  2.211000E-01
  2.822300E-01
  8.502708E-02
  1.037111E-05
  1.641829E-02
  1.641733E-02
  1.641637E-02
  1.641540E-02
  1.641444E-02
  1.641347E-02
  1.641251E-02
  1.641154E-02
  1.641058E-02
  1.641069E-02
  1.641083E-02
  1.641097E-02
  1.641111E-02
  1.641125E-02
  1.641139E-02
  1.641153E-02
  1.641364E-02
  1.641937E-02
  1.642510E-02
  1.643083E-02
  1.643656E-02
  1.644228E-02
  1.644801E-02
  1.645423E-02
  1.646437E-02
  1.647452E-02
  1.648466E-02
  1.649480E-02
  1.650495E-02
  1.651509E-02
  1.652550E-02
  1.653679E-02
  1.654808E-02
  1.655937E-02
  1.657067E-02
  1.658196E-02
  1.659325E-02
  1.660512E-02
  1.661724E-02
  1.662936E-02
  1.664149E-02
  1.665361E-02
  1.666573E-02
  1.667860E-02
  1.669224E-02
  1.670589E-02
  1.671953E-02
  1.673318E-02
  1.674683E-02
  1.676136E-02
  1.677651E-02
  1.679167E-02
  1.680683E-02
  1.682198E-02
  1.683714E-02
  1.685344E-02
  1.686976E-02
  1.688608E-02
  1.690240E-02
  1.691873E-02
  1.693565E-02
  1.695289E-02
  1.697012E-02
  1.698736E-02
  1.700460E-02
  1.702226E-02
  1.704021E-02
  1.705816E-02
  1.707611E-02
  1.709406E-02
  1.711238E-02
  1.713080E-02
  1.714922E-02
  1.716764E-02
  1.718611E-02
  1.720474E-02
  1.722336E-02
  1.724198E-02
  1.726061E-02
  1.727916E-02
  1.729771E-02
  1.731626E-02
  1.733481E-02
  1.735308E-02
  1.737127E-02
  1.738946E-02
  1.740766E-02
  1.742529E-02
  1.744284E-02
  1.746039E-02
  1.747780E-02
  1.749441E-02
  1.751103E-02
  1.752765E-02
  1.754352E-02
  1.755892E-02
  1.757433E-02
  1.758935E-02
  1.760328E-02
  1.761722E-02
  1.763102E-02
  1.764325E-02
  1.765548E-02
  1.766762E-02
  1.767796E-02
  1.768830E-02
  1.769830E-02
  1.770661E-02
  1.771493E-02
  1.772233E-02
  1.772857E-02
  1.773481E-02
  1.773932E-02
  1.774351E-02
  1.774698E-02
  1.774927E-02
  1.775151E-02
  1.775219E-02
  1.775287E-02
  1.775263E-02
  1.775218E-02
  1.775146E-02
  1.775063E-02
  1.775035E-02
  1.775032E-02
  1.775234E-02
  1.775496E-02
  1.776289E-02
  1.777338E-02
  1.779130E-02
  1.781875E-02
  1.785361E-02
  1.791089E-02
  1.798704E-02
  1.808467E-02
  1.821840E-02
  1.839784E-02
  1.862327E-02
  1.890469E-02
  1.925724E-02
  1.970875E-02
  2.030618E-02
  2.112938E-02
  2.256996E-02
  2.539486E-02
  2.810673E-02
  3.035176E-02
  4.448908E-02
 -7.817992E-03
  8.092264E-04
  1.237428E-01
  1.237365E-01
  1.237302E-01
  1.237238E-01
  1.237175E-01
  1.237112E-01
  1.237048E-01
  1.236985E-01
  1.236922E-01
  1.236771E-01
  1.236618E-01
  1.236465E-01
  1.236312E-01
  1.236160E-01
  1.236007E-01
  1.235854E-01
  1.235689E-01
  1.235504E-01
  1.235319E-01
  1.235133E-01
  1.234948E-01
  1.234763E-01
  1.234577E-01
  1.234387E-01
  1.234158E-01
  1.233930E-01
  1.233701E-01
  1.233472E-01
  1.233243E-01
  1.233014E-01
  1.232767E-01
  1.232462E-01
  1.232156E-01
  1.231850E-01
  1.231544E-01
  1.231238E-01
  1.230932E-01
  1.230565E-01
  1.230170E-01
  1.229775E-01
  1.229380E-01
  1.228985E-01
  1.228590E-01
  1.228151E-01
  1.227665E-01
  1.227179E-01
  1.226693E-01
  1.226207E-01
  1.225721E-01
  1.225178E-01
  1.224595E-01
  1.224011E-01
  1.223428E-01
  1.222844E-01
  1.222261E-01
  1.221572E-01
  1.220881E-01
  1.220190E-01
  1.219499E-01
  1.218809E-01
  1.218040E-01
  1.217232E-01
  1.216424E-01
  1.215616E-01
  1.214808E-01
  1.213922E-01
  1.212986E-01
  1.212049E-01
  1.211112E-01
  1.210175E-01
  1.209125E-01
  1.208047E-01
  1.206968E-01
  1.205890E-01
  1.204774E-01
  1.203538E-01
  1.202302E-01
  1.201066E-01
  1.199831E-01
  1.198438E-01
  1.197027E-01
  1.195616E-01
  1.194206E-01
  1.192644E-01
  1.191039E-01
  1.189434E-01
  1.187829E-01
  1.186037E-01
  1.184216E-01
  1.182396E-01
  1.180539E-01
  1.178479E-01
  1.176418E-01
  1.174358E-01
  1.172134E-01
  1.169808E-01
  1.167482E-01
  1.165079E-01
  1.162460E-01
  1.159841E-01
  1.157197E-01
  1.154254E-01
  1.151312E-01
  1.148352E-01
  1.145054E-01
  1.141756E-01
  1.138391E-01
  1.134704E-01
  1.131017E-01
  1.127144E-01
  1.123032E-01
  1.118920E-01
  1.114419E-01
  1.109844E-01
  1.105082E-01
  1.100007E-01
  1.094914E-01
  1.089297E-01
  1.083680E-01
  1.077593E-01
  1.071394E-01
  1.064765E-01
  1.057944E-01
  1.050677E-01
  1.043203E-01
  1.035209E-01
  1.027064E-01
  1.018282E-01
  1.009326E-01
  9.998999E-02
  9.901502E-02
  9.801675E-02
  9.697853E-02
  9.592341E-02
  9.485247E-02
  9.376581E-02
  9.266800E-02
  9.155854E-02
  9.043252E-02
  8.928902E-02
  8.815120E-02
  8.709430E-02
  8.628799E-02
  8.671342E-02
  9.044800E-02
  9.329776E-02
  9.181489E-02
  1.223313E-01
  2.042051E-02
 -8.585122E-12
  1.152561E-05
  1.150397E-05
  1.148233E-05
  1.146068E-05
  1.143904E-05
  1.141740E-05
  1.139575E-05
  1.137411E-05
  1.135246E-05
  1.128396E-05
  1.121429E-05
  1.114462E-05
  1.107496E-05
  1.100529E-05
  1.093562E-05
  1.086595E-05
  1.077729E-05
  1.065379E-05
  1.053029E-05
  1.040680E-05
  1.028330E-05
  1.015980E-05
  1.003630E-05
  9.906380E-06
  9.725047E-06
  9.543714E-06
  9.362380E-06
  9.181047E-06
  8.999713E-06
  8.818380E-06
  8.624092E-06
  8.386751E-06
  8.149411E-06
  7.912070E-06
  7.674729E-06
  7.437388E-06
  7.200048E-06
  6.927599E-06
  6.639785E-06
  6.351970E-06
  6.064155E-06
  5.776340E-06
  5.488525E-06
  5.178504E-06
  4.845054E-06
  4.511605E-06
  4.178155E-06
  3.844705E-06
  3.511255E-06
  3.152280E-06
  2.775428E-06
  2.398575E-06
  2.021722E-06
  1.644869E-06
  1.268017E-06
  8.486244E-07
  4.285625E-07
  8.500554E-09
 -4.115614E-07
 -8.316233E-07
 -1.280730E-06
 -1.744727E-06
 -2.208723E-06
 -2.672720E-06
 -3.136716E-06
 -3.627747E-06
 -4.136513E-06
 -4.645279E-06
 -5.154045E-06
 -5.662811E-06
 -6.207676E-06
 -6.761594E-06
 -7.315512E-06
 -7.869430E-06
 -8.433895E-06
 -9.032633E-06
 -9.631370E-06
 -1.023011E-05
 -1.082884E-05
 -1.146701E-05
 -1.210959E-05
 -1.275217E-05
 -1.339475E-05
 -1.407040E-05
 -1.475535E-05
 -1.544031E-05
 -1.612526E-05
 -1.684540E-05
 -1.757094E-05
 -1.829648E-05
 -1.902778E-05
 -1.979189E-05
 -2.055600E-05
 -2.132011E-05
 -2.210671E-05
 -2.290722E-05
 -2.370772E-05
 -2.451720E-05
 -2.535182E-05
 -2.618645E-05
 -2.702346E-05
 -2.788973E-05
 -2.875601E-05
 -2.962364E-05
 -3.051855E-05
 -3.141346E-05
 -3.231254E-05
 -3.323184E-05
 -3.415114E-05
 -3.507942E-05
 -3.601919E-05
 -3.695896E-05
 -3.791567E-05
 -3.887556E-05
 -3.984331E-05
 -4.082410E-05
 -4.180544E-05
 -4.280283E-05
 -4.380022E-05
 -4.480077E-05
 -4.580207E-05
 -4.678998E-05
 -4.777196E-05
 -4.871711E-05
 -4.964524E-05
 -5.050128E-05
 -5.133643E-05
 -5.205814E-05
 -5.275235E-05
 -5.337353E-05
 -5.400428E-05
 -5.465419E-05
 -5.555127E-05
 -5.682538E-05
 -5.858296E-05
 -6.132809E-05
 -6.556675E-05
 -7.142418E-05
 -7.926170E-05
 -8.937933E-05
 -1.018307E-04
 -1.161639E-04
 -1.310518E-04
 -1.434883E-04
 -1.474092E-04
 -1.383578E-04
 -1.291187E-04
  2.895773E-05
  6.012525E-04
  6.125346E-04
  6.142262E-03
  6.141896E-03
  6.141530E-03
  6.141165E-03
  6.140799E-03
  6.140433E-03
  6.140067E-03
  6.139701E-03
  6.139336E-03
  6.138646E-03
  6.137948E-03
  6.137250E-03
  6.136552E-03
  6.135854E-03
  6.135156E-03
  6.134458E-03
  6.133888E-03
  6.133550E-03
  6.133213E-03
  6.132875E-03
  6.132537E-03
  6.132200E-03
  6.131862E-03
  6.131568E-03
  6.131622E-03
  6.131676E-03
  6.131730E-03
  6.131784E-03
  6.131837E-03
  6.131891E-03
  6.131957E-03
  6.132062E-03
  6.132168E-03
  6.132273E-03
  6.132378E-03
  6.132484E-03
  6.132589E-03
  6.132607E-03
  6.132587E-03
  6.132567E-03
  6.132547E-03
  6.132526E-03
  6.132506E-03
  6.132399E-03
  6.132200E-03
  6.132001E-03
  6.131803E-03
  6.131604E-03
  6.131405E-03
  6.131106E-03
  6.130736E-03
  6.130366E-03
  6.129996E-03
  6.129626E-03
  6.129256E-03
  6.128751E-03
  6.128243E-03
  6.127736E-03
  6.127228E-03
  6.126721E-03
  6.126147E-03
  6.125538E-03
  6.124930E-03
  6.124322E-03
  6.123714E-03
  6.123063E-03
  6.122383E-03
  6.121703E-03
  6.121023E-03
  6.120342E-03
  6.119618E-03
  6.118882E-03
  6.118146E-03
  6.117410E-03
  6.116662E-03
  6.115876E-03
  6.115089E-03
  6.114303E-03
  6.113516E-03
  6.112682E-03
  6.111843E-03
  6.111004E-03
  6.110165E-03
  6.109280E-03
  6.108383E-03
  6.107487E-03
  6.106590E-03
  6.105637E-03
  6.104677E-03
  6.103716E-03
  6.102744E-03
  6.101713E-03
  6.100681E-03
  6.099650E-03
  6.098570E-03
  6.097462E-03
  6.096353E-03
  6.095222E-03
  6.094031E-03
  6.092839E-03
  6.091641E-03
  6.090361E-03
  6.089081E-03
  6.087796E-03
  6.086425E-03
  6.085054E-03
  6.083667E-03
  6.082206E-03
  6.080745E-03
  6.079246E-03
  6.077699E-03
  6.076153E-03
  6.074531E-03
  6.072895E-03
  6.071222E-03
  6.069486E-03
  6.067745E-03
  6.065886E-03
  6.064026E-03
  6.062025E-03
  6.059989E-03
  6.057762E-03
  6.055450E-03
  6.052843E-03
  6.050099E-03
  6.046876E-03
  6.043513E-03
  6.039417E-03
  6.035122E-03
  6.030290E-03
  6.025313E-03
  6.020285E-03
  6.016083E-03
  6.013487E-03
  6.013043E-03
  6.017252E-03
  6.029101E-03
  6.049834E-03
  6.082184E-03
  6.129132E-03
  6.193021E-03
  6.273549E-03
  6.363572E-03
  6.442568E-03
  6.470936E-03
  6.391302E-03
  6.174983E-03
  5.873192E-03
  6.152525E-03
  6.791305E-03
 -3.128533E-04
 -3.128318E-04
 -3.128103E-04
 -3.127888E-04
 -3.127673E-04
 -3.127458E-04
 -3.127243E-04
 -3.127028E-04
 -3.126813E-04
 -3.126341E-04
 -3.125862E-04
 -3.125383E-04
 -3.124904E-04
 -3.124425E-04
 -3.123946E-04
 -3.123467E-04
 -3.123002E-04
 -3.122565E-04
 -3.122128E-04
 -3.121691E-04
 -3.121253E-04
 -3.120816E-04
 -3.120379E-04
 -3.119948E-04
 -3.119571E-04
 -3.119194E-04
 -3.118817E-04
 -3.118440E-04
 -3.118063E-04
 -3.117686E-04
 -3.117288E-04
 -3.116818E-04
 -3.116348E-04
 -3.115879E-04
 -3.115409E-04
 -3.114940E-04
 -3.114470E-04
 -3.113879E-04
 -3.113235E-04
 -3.112591E-04
 -3.111947E-04
 -3.111303E-04
 -3.110659E-04
 -3.109917E-04
 -3.109071E-04
 -3.108226E-04
 -3.107380E-04
 -3.106534E-04
 -3.105688E-04
 -3.104723E-04
 -3.103675E-04
 -3.102627E-04
 -3.101579E-04
 -3.100531E-04
 -3.099483E-04
 -3.098248E-04
 -3.097009E-04
 -3.095771E-04
 -3.094532E-04
 -3.093294E-04
 -3.091938E-04
 -3.090523E-04
 -3.089108E-04
 -3.087693E-04
 -3.086277E-04
 -3.084762E-04
 -3.083180E-04
 -3.081598E-04
 -3.080016E-04
 -3.078434E-04
 -3.076723E-04
 -3.074979E-04
 -3.073234E-04
 -3.071490E-04
 -3.069708E-04
 -3.067800E-04
 -3.065892E-04
 -3.063985E-04
 -3.062077E-04
 -3.060018E-04
 -3.057941E-04
 -3.055865E-04
 -3.053789E-04
 -3.051575E-04
 -3.049322E-04
 -3.047069E-04
 -3.044816E-04
 -3.042402E-04
 -3.039964E-04
 -3.037526E-04
 -3.035058E-04
 -3.032424E-04
 -3.029791E-04
 -3.027157E-04
 -3.024396E-04
 -3.021557E-04
 -3.018717E-04
 -3.015821E-04
 -3.012765E-04
 -3.009708E-04
 -3.006635E-04
 -3.003351E-04
 -3.000066E-04
 -2.996771E-04
 -2.993249E-04
 -2.989728E-04
 -2.986165E-04
 -2.982403E-04
 -2.978640E-04
 -2.974772E-04
 -2.970767E-04
 -2.966762E-04
 -2.962544E-04
 -2.958285E-04
 -2.953921E-04
 -2.949384E-04
 -2.944836E-04
 -2.939978E-04
 -2.935120E-04
 -2.929936E-04
 -2.924675E-04
 -2.919028E-04
 -2.913210E-04
 -2.906857E-04
 -2.900257E-04
 -2.892846E-04
 -2.885200E-04
 -2.876375E-04
 -2.867238E-04
 -2.857257E-04
 -2.847022E-04
 -2.836677E-04
 -2.827402E-04
 -2.820238E-04
 -2.815869E-04
 -2.817449E-04
 -2.828397E-04
 -2.849817E-04
 -2.884444E-04
 -2.934949E-04
 -3.002854E-04
 -3.086663E-04
 -3.178384E-04
 -3.256399E-04
 -3.273747E-04
 -3.173952E-04
 -2.972869E-04
 -1.977609E-04
  6.283183E-05
  4.574150E-10
  1.273240E+00
  1.273211E+00
  1.273125E+00
  1.272981E+00
  1.272781E+00
  1.272522E+00
  1.272207E+00
  1.271834E+00
  1.271403E+00
  1.270915E+00
  1.270369E+00
  1.269765E+00
  1.269104E+00
  1.268384E+00
  1.267607E+00
  1.266771E+00
  1.265877E+00
  1.264925E+00
  1.263915E+00
  1.262845E+00
  1.261717E+00
  1.260530E+00
  1.259284E+00
  1.257979E+00
  1.256614E+00
  1.255190E+00
  1.253705E+00
  1.252161E+00
  1.250556E+00
  1.248891E+00
  1.247165E+00
  1.245378E+00
  1.243529E+00
  1.241620E+00
  1.239648E+00
  1.237614E+00
  1.235518E+00
  1.233359E+00
  1.231136E+00
  1.228851E+00
  1.226501E+00
  1.224088E+00
  1.221610E+00
  1.219067E+00
  1.216458E+00
  1.213784E+00
  1.211044E+00
  1.208237E+00
  1.205362E+00
  1.202421E+00
  1.199411E+00
  1.196332E+00
  1.193185E+00
  1.189968E+00
  1.186680E+00
  1.183322E+00
  1.179892E+00
  1.176390E+00
  1.172816E+00
  1.169168E+00
  1.165446E+00
  1.161649E+00
  1.157776E+00
  1.153828E+00
  1.149802E+00
  1.145699E+00
  1.141516E+00
  1.137254E+00
  1.132912E+00
  1.128488E+00
  1.123982E+00
  1.119393E+00
  1.114719E+00
  1.109960E+00
  1.105114E+00
  1.100180E+00
  1.095157E+00
  1.090045E+00
  1.084841E+00
  1.079544E+00
  1.074153E+00
  1.068667E+00
  1.063083E+00
  1.057401E+00
  1.051619E+00
  1.045735E+00
  1.039748E+00
  1.033655E+00
  1.027455E+00
  1.021146E+00
  1.014726E+00
  1.008193E+00
  1.001543E+00
  9.947766E-01
  9.878894E-01
  9.808795E-01
  9.737441E-01
  9.664805E-01
  9.590857E-01
  9.515567E-01
  9.438904E-01
  9.360832E-01
  9.281318E-01
  9.200322E-01
  9.117806E-01
  9.033729E-01
  8.948045E-01
  8.860709E-01
  8.771671E-01
  8.680879E-01
  8.588277E-01
  8.493806E-01
  8.397402E-01
  8.299000E-01
  8.198525E-01
  8.095903E-01
  7.991048E-01
  7.883874E-01
  7.774283E-01
  7.662172E-01
  7.547428E-01
  7.429930E-01
  7.309546E-01
  7.186128E-01
  7.059520E-01
  6.929545E-01
  6.796012E-01
  6.658704E-01
  6.517385E-01
  6.371787E-01
  6.221609E-01
  6.066513E-01
  5.906109E-01
  5.739954E-01
  5.567532E-01
  5.388241E-01
  5.201372E-01
  5.006076E-01
  4.801325E-01
  4.585853E-01
  4.358068E-01
  4.115929E-01
  3.856731E-01
  3.576769E-01
  3.270715E-01
  2.930404E-01
  2.542116E-01
  2.079144E-01
  1.472658E-01
  0.000000E+00
  1.067353E-01
  1.067353E-01
  1.067353E-01
  1.067353E-01
  1.067353E-01
  1.067353E-01
  1.067353E-01
  1.067353E-01
  1.067353E-01
  1.067353E-01
  1.067353E-01
  1.067353E-01
  1.067353E-01
  1.067353E-01
  1.067353E-01
  1.067353E-01
  1.067353E-01
  1.067353E-01
  1.067353E-01
  1.067353E-01
  1.067353E-01
  1.067353E-01
  1.067353E-01
  1.067353E-01
  1.067353E-01
  1.067353E-01
  1.067353E-01
  1.067353E-01
  1.067353E-01
  1.067353E-01
  1.067353E-01
  1.067353E-01
  1.067353E-01
  1.067353E-01
  1.067353E-01
  1.067353E-01
  1.067353E-01
  1.067353E-01
  1.067353E-01
  1.067353E-01
  1.067353E-01
  1.067353E-01
  1.067353E-01
  1.067353E-01
  1.067353E-01
  1.067353E-01
  1.067353E-01
  1.067353E-01
  1.067353E-01
  1.067353E-01
  1.067353E-01
  1.067353E-01
  1.067353E-01
  1.067353E-01
  1.067353E-01
  1.067353E-01
  1.067353E-01
  1.067353E-01
  1.067353E-01
  1.067353E-01
  1.067353E-01
  1.067353E-01
  1.067353E-01
  1.067353E-01
  1.067353E-01
  1.067353E-01
  1.067353E-01
  1.067353E-01
  1.067353E-01
  1.067353E-01
  1.067353E-01
  1.067353E-01
  1.067353E-01
  1.067353E-01
  1.067353E-01
  1.067353E-01
  1.067353E-01
  1.067353E-01
  1.067353E-01
  1.067353E-01
  1.067353E-01
  1.067353E-01
  1.067353E-01
  1.067353E-01
  1.067353E-01
  1.067353E-01
  1.067353E-01
  1.067353E-01
  1.067353E-01
  1.067353E-01
  1.067353E-01
  1.067353E-01
  1.067353E-01
  1.067353E-01
  1.067353E-01
  1.067353E-01
  1.067353E-01
  1.067353E-01
  1.067353E-01
  1.067353E-01
  1.067353E-01
  1.067353E-01
  1.067353E-01
  1.067353E-01
  1.067353E-01
  1.067353E-01
  1.067353E-01
  1.067353E-01
  1.067353E-01
  1.067353E-01
  1.067353E-01
  1.067353E-01
  1.067353E-01
  1.067353E-01
  1.067353E-01
  1.067353E-01
  1.067353E-01
  1.067353E-01
  1.067353E-01
  1.067353E-01
  1.067353E-01
  1.067353E-01
  1.067353E-01
  1.067353E-01
  1.067353E-01
  1.067353E-01
  1.067353E-01
  1.067353E-01
  1.067353E-01
  1.067353E-01
  1.067353E-01
  1.067353E-01
  1.067353E-01
  1.067353E-01
  1.067353E-01
  1.067353E-01
  1.067353E-01
  1.067353E-01
  1.067353E-01
  1.067353E-01
  1.067353E-01
  1.067353E-01
  1.067353E-01
  1.067353E-01
  1.067353E-01
  1.067353E-01
  1.067353E-01
  1.067353E-01
  1.194956E-01
  2.264343E-02
 -2.011892E-01
 -2.011892E-01
 -2.011892E-01
 -2.011892E-01
 -2.011892E-01
 -2.011892E-01
 -2.011892E-01
 -2.011892E-01
 -2.011892E-01
 -2.011892E-01
 -2.011892E-01
 -2.011892E-01
 -2.011892E-01
 -2.011892E-01
 -2.011892E-01
 -2.011892E-01
 -2.011892E-01
 -2.011892E-01
 -2.011892E-01
 -2.011892E-01
 -2.011892E-01
 -2.011892E-01
 -2.011892E-01
 -2.011892E-01
 -2.011892E-01
 -2.011892E-01
 -2.011892E-01
 -2.011892E-01
 -2.011892E-01
 -2.011892E-01
 -2.011892E-01
 -2.011892E-01
 -2.011892E-01
 -2.011892E-01
 -2.011892E-01
 -2.011892E-01
 -2.011892E-01
 -2.011892E-01
 -2.011892E-01
 -2.011892E-01
 -2.011892E-01
 -2.011892E-01
 -2.011892E-01
 -2.011892E-01
 -2.011892E-01
 -2.011892E-01
 -2.011892E-01
 -2.011892E-01
 -2.011892E-01
 -2.011892E-01
 -2.011892E-01
 -2.011892E-01
 -2.011892E-01
 -2.011892E-01
 -2.011892E-01
 -2.011892E-01
 -2.011892E-01
 -2.011892E-01
 -2.011892E-01
 -2.011892E-01
 -2.011892E-01
 -2.011892E-01
 -2.011892E-01
 -2.011892E-01
 -2.011892E-01
 -2.011892E-01
 -2.011892E-01
 -2.011892E-01
 -2.011892E-01
 -2.011892E-01
 -2.011892E-01
 -2.011892E-01
 -2.011892E-01
 -2.011892E-01
 -2.011892E-01
 -2.011892E-01
 -2.011892E-01
 -2.011892E-01
 -2.011892E-01
 -2.011892E-01
 -2.011892E-01
 -2.011892E-01
 -2.011892E-01
 -2.011892E-01
 -2.011892E-01
 -2.011892E-01
 -2.011892E-01
 -2.011892E-01
 -2.011892E-01
 -2.011892E-01
 -2.011892E-01
 -2.011892E-01
 -2.011892E-01
 -2.011892E-01
 -2.011892E-01
 -2.011892E-01
 -2.011892E-01
 -2.011892E-01
 -2.011892E-01
 -2.011892E-01
 -2.011892E-01
 -2.011892E-01
 -2.011892E-01
 -2.011892E-01
 -2.011892E-01
 -2.011892E-01
 -2.011892E-01
 -2.011892E-01
 -2.011892E-01
 -2.011892E-01
 -2.011892E-01
 -2.011892E-01
 -2.011892E-01
 -2.011892E-01
 -2.011892E-01
 -2.011892E-01
 -2.011892E-01
 -2.011892E-01
 -2.011892E-01
 -2.011892E-01
 -2.011892E-01
 -2.011892E-01
 -2.011892E-01
 -2.011892E-01
 -2.011892E-01
 -2.011892E-01
 -2.011892E-01
 -2.011892E-01
 -2.011892E-01
 -2.011892E-01
 -2.011892E-01
 -2.011892E-01
 -2.011892E-01
 -2.011892E-01
 -2.011892E-01
 -2.011892E-01
 -2.011892E-01
 -2.011892E-01
 -2.011892E-01
 -2.011892E-01
 -2.011892E-01
 -2.011892E-01
 -2.011892E-01
 -2.011892E-01
 -2.011892E-01
 -2.011892E-01
 -2.011892E-01
 -2.011892E-01
 -2.222504E+00
 -2.675417E+00
  9.799884E-01
  9.799884E-01
  9.799884E-01
  9.799884E-01
  9.799884E-01
  9.799884E-01
  9.799884E-01
  9.799884E-01
  9.799884E-01
  9.799884E-01
  9.799884E-01
  9.799884E-01
  9.799884E-01
  9.799884E-01
  9.799884E-01
  9.799884E-01
  9.799884E-01
  9.799884E-01
  9.799884E-01
  9.799884E-01
  9.799884E-01
  9.799884E-01
  9.799884E-01
  9.799884E-01
  9.799884E-01
  9.799884E-01
  9.799884E-01
  9.799884E-01
  9.799884E-01
  9.799884E-01
  9.799884E-01
  9.799884E-01
  9.799884E-01
  9.799884E-01
  9.799884E-01
  9.799884E-01
  9.799884E-01
  9.799884E-01
  9.799884E-01
  9.799884E-01
  9.799884E-01
  9.799884E-01
  9.799884E-01
  9.799884E-01
  9.799884E-01
  9.799884E-01
  9.799884E-01
  9.799884E-01
  9.799884E-01
  9.799884E-01
  9.799884E-01
  9.799884E-01
  9.799884E-01
  9.799884E-01
  9.799884E-01
  9.799884E-01
  9.799884E-01
  9.799884E-01
  9.799884E-01
  9.799884E-01
  9.799884E-01
  9.799884E-01
  9.799884E-01
  9.799884E-01
  9.799884E-01
  9.799884E-01
  9.799884E-01
  9.799884E-01
  9.799884E-01
  9.799884E-01
  9.799884E-01
  9.799884E-01
  9.799884E-01
  9.799884E-01
  9.799884E-01
  9.799884E-01
  9.799884E-01
  9.799884E-01
  9.799884E-01
  9.799884E-01
  9.799884E-01
  9.799884E-01
  9.799884E-01
  9.799884E-01
  9.799884E-01
  9.799884E-01
  9.799884E-01
  9.799884E-01
  9.799884E-01
  9.799884E-01
  9.799884E-01
  9.799884E-01
  9.799884E-01
  9.799884E-01
  9.799884E-01
  9.799884E-01
  9.799884E-01
  9.799884E-01
  9.799884E-01
  9.799884E-01
  9.799884E-01
  9.799884E-01
  9.799884E-01
  9.799884E-01
  9.799884E-01
  9.799884E-01
  9.799884E-01
  9.799884E-01
  9.799884E-01
  9.799884E-01
  9.799884E-01
  9.799884E-01
  9.799884E-01
  9.799884E-01
  9.799884E-01
  9.799884E-01
  9.799884E-01
  9.799884E-01
  9.799884E-01
  9.799884E-01
  9.799884E-01
  9.799884E-01
  9.799884E-01
  9.799884E-01
  9.799884E-01
  9.799884E-01
  9.799884E-01
  9.799884E-01
  9.799884E-01
  9.799884E-01
  9.799884E-01
  9.799884E-01
  9.799884E-01
  9.799884E-01
  9.799884E-01
  9.799884E-01
  9.799884E-01
  9.799884E-01
  9.799884E-01
  9.799884E-01
  9.799884E-01
  9.799884E-01
  9.799884E-01
  9.799884E-01
  9.799884E-01
  9.799884E-01
  9.799884E-01
  9.799884E-01
  7.140146E-01
  4.032947E-06
  9.728555E+01
  9.728700E+01
  9.728845E+01
  9.728990E+01
  9.729135E+01
  9.729280E+01
  9.729425E+01
  9.729570E+01
  9.729716E+01
  9.733805E+01
  9.737992E+01
  9.742180E+01
  9.746367E+01
  9.750554E+01
  9.754742E+01
  9.758929E+01
  9.766446E+01
  9.780070E+01
  9.793694E+01
  9.807318E+01
  9.820943E+01
  9.834567E+01
  9.848191E+01
  9.862716E+01
  9.884451E+01
  9.906187E+01
  9.927923E+01
  9.949658E+01
  9.971394E+01
  9.993129E+01
  1.001584E+02
  1.004180E+02
  1.006776E+02
  1.009372E+02
  1.011967E+02
  1.014563E+02
  1.017159E+02
  1.020018E+02
  1.022991E+02
  1.025965E+02
  1.028938E+02
  1.031912E+02
  1.034885E+02
  1.038080E+02
  1.041509E+02
  1.044939E+02
  1.048368E+02
  1.051797E+02
  1.055226E+02
  1.058927E+02
  1.062820E+02
  1.066712E+02
  1.070604E+02
  1.074497E+02
  1.078389E+02
  1.082714E+02
  1.087046E+02
  1.091378E+02
  1.095710E+02
  1.100042E+02
  1.104657E+02
  1.109417E+02
  1.114177E+02
  1.118937E+02
  1.123697E+02
  1.128712E+02
  1.133895E+02
  1.139077E+02
  1.144260E+02
  1.149442E+02
  1.154954E+02
  1.160550E+02
  1.166145E+02
  1.171740E+02
  1.177429E+02
  1.183425E+02
  1.189421E+02
  1.195416E+02
  1.201412E+02
  1.207756E+02
  1.214139E+02
  1.220523E+02
  1.226906E+02
  1.233583E+02
  1.240342E+02
  1.247101E+02
  1.253860E+02
  1.260936E+02
  1.268060E+02
  1.275184E+02
  1.282361E+02
  1.289840E+02
  1.297318E+02
  1.304797E+02
  1.312490E+02
  1.320316E+02
  1.328142E+02
  1.336058E+02
  1.344227E+02
  1.352395E+02
  1.360590E+02
  1.369102E+02
  1.377614E+02
  1.386143E+02
  1.395005E+02
  1.403867E+02
  1.412792E+02
  1.422019E+02
  1.431246E+02
  1.440644E+02
  1.450261E+02
  1.459878E+02
  1.469853E+02
  1.479895E+02
  1.490115E+02
  1.500629E+02
  1.511162E+02
  1.522213E+02
  1.533265E+02
  1.544817E+02
  1.556488E+02
  1.568663E+02
  1.581062E+02
  1.594059E+02
  1.607332E+02
  1.621450E+02
  1.635811E+02
  1.651530E+02
  1.667756E+02
  1.685422E+02
  1.704660E+02
  1.725106E+02
  1.748946E+02
  1.775538E+02
  1.805247E+02
  1.840161E+02
  1.881690E+02
  1.929948E+02
  1.986442E+02
  2.053270E+02
  2.133770E+02
  2.232950E+02
  2.358436E+02
  2.546849E+02
  2.869217E+02
  3.177314E+02
  3.436766E+02
  4.804147E+02
 -3.183099E+01
  3.489416E-04
  5.923545E+03
  5.922921E+03
  5.922297E+03
  5.921673E+03
  5.921049E+03
  5.920426E+03
  5.919802E+03
  5.919178E+03
  5.918554E+03
  5.916746E+03
  5.914908E+03
  5.913071E+03
  5.911233E+03
  5.909396E+03
  5.907558E+03
  5.905721E+03
  5.903509E+03
  5.900609E+03
  5.897709E+03
  5.894810E+03
  5.891910E+03
  5.889011E+03
  5.886111E+03
  5.883096E+03
  5.879152E+03
  5.875208E+03
  5.871264E+03
  5.867320E+03
  5.863376E+03
  5.859432E+03
  5.855234E+03
  5.850190E+03
  5.845146E+03
  5.840102E+03
  5.835058E+03
  5.830014E+03
  5.824970E+03
  5.819133E+03
  5.812948E+03
  5.806763E+03
  5.800579E+03
  5.794394E+03
  5.788209E+03
  5.781457E+03
  5.774107E+03
  5.766757E+03
  5.759407E+03
  5.752058E+03
  5.744708E+03
  5.736654E+03
  5.728106E+03
  5.719559E+03
  5.711012E+03
  5.702465E+03
  5.693918E+03
  5.684151E+03
  5.674364E+03
  5.664577E+03
  5.654790E+03
  5.645004E+03
  5.634366E+03
  5.623292E+03
  5.612218E+03
  5.601145E+03
  5.590071E+03
  5.578188E+03
  5.565775E+03
  5.553361E+03
  5.540948E+03
  5.528535E+03
  5.515004E+03
  5.501192E+03
  5.487380E+03
  5.473569E+03
  5.459413E+03
  5.444137E+03
  5.428861E+03
  5.413586E+03
  5.398310E+03
  5.381654E+03
  5.364843E+03
  5.348032E+03
  5.331221E+03
  5.313152E+03
  5.294729E+03
  5.276306E+03
  5.257882E+03
  5.237989E+03
  5.217871E+03
  5.197752E+03
  5.177367E+03
  5.155466E+03
  5.133565E+03
  5.111663E+03
  5.088603E+03
  5.064826E+03
  5.041049E+03
  5.016753E+03
  4.991002E+03
  4.965251E+03
  4.939343E+03
  4.911515E+03
  4.883688E+03
  4.855756E+03
  4.825744E+03
  4.795732E+03
  4.765327E+03
  4.733018E+03
  4.700709E+03
  4.667343E+03
  4.632621E+03
  4.597899E+03
  4.561042E+03
  4.523785E+03
  4.485528E+03
  4.445611E+03
  4.405601E+03
  4.362892E+03
  4.320183E+03
  4.275113E+03
  4.229479E+03
  4.181726E+03
  4.133034E+03
  4.082165E+03
  4.030290E+03
  3.975866E+03
  3.920704E+03
  3.862318E+03
  3.802998E+03
  3.741127E+03
  3.677260E+03
  3.611927E+03
  3.543559E+03
  3.473436E+03
  3.401499E+03
  3.327102E+03
  3.250236E+03
  3.171119E+03
  3.089429E+03
  3.004904E+03
  2.917686E+03
  2.828578E+03
  2.739533E+03
  2.669231E+03
  2.657184E+03
  2.605204E+03
  2.481138E+03
  3.170387E+03
  6.971441E+02
  3.781621E-05
 -4.896037E-03
 -5.470369E-03
 -6.044700E-03
 -6.619032E-03
 -7.193364E-03
 -7.767696E-03
 -8.342027E-03
 -8.916359E-03
 -9.490691E-03
 -1.066670E-02
 -1.185762E-02
 -1.304854E-02
 -1.423946E-02
 -1.543038E-02
 -1.662130E-02
 -1.781222E-02
 -1.898902E-02
 -2.013992E-02
 -2.129082E-02
 -2.244172E-02
 -2.359262E-02
 -2.474352E-02
 -2.589442E-02
 -2.704459E-02
 -2.818890E-02
 -2.933322E-02
 -3.047754E-02
 -3.162186E-02
 -3.276617E-02
 -3.391049E-02
 -3.507072E-02
 -3.628383E-02
 -3.749695E-02
 -3.871006E-02
 -3.992318E-02
 -4.113629E-02
 -4.234941E-02
 -4.366416E-02
 -4.502339E-02
 -4.638262E-02
 -4.774186E-02
 -4.910109E-02
 -5.046032E-02
 -5.191974E-02
 -5.348485E-02
 -5.504997E-02
 -5.661509E-02
 -5.818021E-02
 -5.974532E-02
 -6.145815E-02
 -6.327445E-02
 -6.509074E-02
 -6.690703E-02
 -6.872332E-02
 -7.053962E-02
 -7.264078E-02
 -7.474643E-02
 -7.685207E-02
 -7.895772E-02
 -8.106336E-02
 -8.338438E-02
 -8.581581E-02
 -8.824724E-02
 -9.067866E-02
 -9.311009E-02
 -9.576220E-02
 -9.855907E-02
 -1.013559E-01
 -1.041528E-01
 -1.069497E-01
 -1.100769E-01
 -1.132870E-01
 -1.164971E-01
 -1.197072E-01
 -1.230285E-01
 -1.267112E-01
 -1.303939E-01
 -1.340765E-01
 -1.377592E-01
 -1.419325E-01
 -1.461606E-01
 -1.503887E-01
 -1.546169E-01
 -1.593380E-01
 -1.641979E-01
 -1.690579E-01
 -1.739178E-01
 -1.794119E-01
 -1.850031E-01
 -1.905944E-01
 -1.963118E-01
 -2.027464E-01
 -2.091810E-01
 -2.156156E-01
 -2.226483E-01
 -2.300509E-01
 -2.374536E-01
 -2.451469E-01
 -2.536559E-01
 -2.621649E-01
 -2.707690E-01
 -2.805382E-01
 -2.903074E-01
 -3.001447E-01
 -3.113461E-01
 -3.225476E-01
 -3.340268E-01
 -3.468527E-01
 -3.596787E-01
 -3.733095E-01
 -3.879720E-01
 -4.026345E-01
 -4.190336E-01
 -4.357583E-01
 -4.533417E-01
 -4.723513E-01
 -4.914424E-01
 -5.129300E-01
 -5.344176E-01
 -5.580110E-01
 -5.821078E-01
 -6.080465E-01
 -6.348030E-01
 -6.633753E-01
 -6.927876E-01
 -7.242989E-01
 -7.564183E-01
 -7.914540E-01
 -8.275462E-01
 -8.666219E-01
 -9.091317E-01
 -9.543090E-01
 -1.007452E+00
 -1.067163E+00
 -1.134002E+00
 -1.211725E+00
 -1.297050E+00
 -1.378707E+00
 -1.436086E+00
 -1.424600E+00
 -1.253286E+00
 -7.556364E-01
  3.197412E-01
  2.234478E+00
  5.033565E+00
  8.219271E+00
  1.075428E+01
  5.180372E+02
  2.257818E+03
  1.429178E-02
