 Title= "ADflow Lift Distribution Data"
Variables = "eta" "CoordinateX" "CoordinateY" "CoordinateZ" "Lift" "Drag" "Moment" "Normalized Lift" "Normalized Drag" "Normalized Moment" "CL" "CD" "CM" "CLp" "CDp" "CMp" "CLv" "CDv" "CMv" "Elliptical" "thickness" "twist" "chord" "fx" "fy" "fz" 
Zone T= "LiftDist_01 allWalls: : z normal"
 I=          150
 DATAPACKING=BLOCK
  0.000000E+00
  6.711405E-03
  1.342281E-02
  2.013422E-02
  2.684563E-02
  3.355704E-02
  4.026845E-02
  4.697986E-02
  5.369127E-02
  6.040268E-02
  6.711409E-02
  7.382550E-02
  8.053691E-02
  8.724832E-02
  9.395973E-02
  1.006711E-01
  1.073825E-01
  1.140940E-01
  1.208054E-01
  1.275168E-01
  1.342282E-01
  1.409396E-01
  1.476510E-01
  1.543624E-01
  1.610738E-01
  1.677852E-01
  1.744966E-01
  1.812081E-01
  1.879195E-01
  1.946309E-01
  2.013423E-01
  2.080537E-01
  2.147651E-01
  2.214765E-01
  2.281879E-01
  2.348993E-01
  2.416107E-01
  2.483221E-01
  2.550336E-01
  2.617450E-01
  2.684564E-01
  2.751678E-01
  2.818792E-01
  2.885906E-01
  2.953020E-01
  3.020134E-01
  3.087248E-01
  3.154362E-01
  3.221476E-01
  3.288591E-01
  3.355705E-01
  3.422819E-01
  3.489933E-01
  3.557047E-01
  3.624161E-01
  3.691275E-01
  3.758389E-01
  3.825503E-01
  3.892617E-01
  3.959732E-01
  4.026846E-01
  4.093960E-01
  4.161074E-01
  4.228188E-01
  4.295302E-01
  4.362416E-01
  4.429530E-01
  4.496644E-01
  4.563758E-01
  4.630872E-01
  4.697987E-01
  4.765101E-01
  4.832215E-01
  4.899329E-01
  4.966443E-01
  5.033557E-01
  5.100671E-01
  5.167785E-01
  5.234899E-01
  5.302013E-01
  5.369128E-01
  5.436242E-01
  5.503356E-01
  5.570470E-01
  5.637584E-01
  5.704698E-01
  5.771812E-01
  5.838926E-01
  5.906040E-01
  5.973154E-01
  6.040268E-01
  6.107383E-01
  6.174497E-01
  6.241611E-01
  6.308725E-01
  6.375839E-01
  6.442953E-01
  6.510067E-01
  6.577181E-01
  6.644295E-01
  6.711409E-01
  6.778524E-01
  6.845638E-01
  6.912752E-01
  6.979866E-01
  7.046980E-01
  7.114094E-01
  7.181208E-01
  7.248322E-01
  7.315436E-01
  7.382550E-01
  7.449664E-01
  7.516779E-01
  7.583893E-01
  7.651007E-01
  7.718121E-01
  7.785235E-01
  7.852349E-01
  7.919463E-01
  7.986577E-01
  8.053691E-01
  8.120805E-01
  8.187919E-01
  8.255034E-01
  8.322148E-01
  8.389262E-01
  8.456376E-01
  8.523490E-01
  8.590604E-01
  8.657718E-01
  8.724832E-01
  8.791946E-01
  8.859060E-01
  8.926175E-01
  8.993289E-01
  9.060403E-01
  9.127517E-01
  9.194631E-01
  9.261745E-01
  9.328859E-01
  9.395973E-01
  9.463087E-01
  9.530201E-01
  9.597315E-01
  9.664430E-01
  9.731544E-01
  9.798658E-01
  9.865772E-01
  9.932886E-01
  1.000000E+00
  0.000000E+00
  0.000000E+00
  0.000000E+00
  0.000000E+00
  0.000000E+00
  0.000000E+00
  0.000000E+00
  0.000000E+00
  0.000000E+00
  0.000000E+00
  0.000000E+00
  0.000000E+00
  0.000000E+00
  0.000000E+00
  0.000000E+00
  0.000000E+00
  0.000000E+00
  0.000000E+00
  0.000000E+00
  0.000000E+00
  0.000000E+00
  0.000000E+00
  0.000000E+00
  0.000000E+00
  0.000000E+00
  0.000000E+00
  0.000000E+00
  0.000000E+00
  0.000000E+00
  0.000000E+00
  0.000000E+00
  0.000000E+00
  0.000000E+00
  0.000000E+00
  0.000000E+00
  0.000000E+00
  0.000000E+00
  0.000000E+00
  0.000000E+00
  0.000000E+00
  0.000000E+00
  0.000000E+00
  0.000000E+00
  0.000000E+00
  0.000000E+00
  0.000000E+00
  0.000000E+00
  0.000000E+00
  0.000000E+00
  0.000000E+00
  0.000000E+00
  0.000000E+00
  0.000000E+00
  0.000000E+00
  0.000000E+00
  0.000000E+00
  0.000000E+00
  0.000000E+00
  0.000000E+00
  0.000000E+00
  0.000000E+00
  0.000000E+00
  0.000000E+00
  0.000000E+00
  0.000000E+00
  0.000000E+00
  0.000000E+00
  0.000000E+00
  0.000000E+00
  0.000000E+00
  0.000000E+00
  0.000000E+00
  0.000000E+00
  0.000000E+00
  0.000000E+00
  0.000000E+00
  0.000000E+00
  0.000000E+00
  0.000000E+00
  0.000000E+00
  0.000000E+00
  0.000000E+00
  0.000000E+00
  0.000000E+00
  0.000000E+00
  0.000000E+00
  0.000000E+00
  0.000000E+00
  0.000000E+00
  0.000000E+00
  0.000000E+00
  0.000000E+00
  0.000000E+00
  0.000000E+00
  0.000000E+00
  0.000000E+00
  0.000000E+00
  0.000000E+00
  0.000000E+00
  0.000000E+00
  0.000000E+00
  0.000000E+00
  0.000000E+00
  0.000000E+00
  0.000000E+00
  0.000000E+00
  0.000000E+00
  0.000000E+00
  0.000000E+00
  0.000000E+00
  0.000000E+00
  0.000000E+00
  0.000000E+00
  0.000000E+00
  0.000000E+00
  0.000000E+00
  0.000000E+00
  0.000000E+00
  0.000000E+00
  0.000000E+00
  0.000000E+00
  0.000000E+00
  0.000000E+00
  0.000000E+00
  0.000000E+00
  0.000000E+00
  0.000000E+00
  0.000000E+00
  0.000000E+00
  0.000000E+00
  0.000000E+00
  0.000000E+00
  0.000000E+00
  0.000000E+00
  0.000000E+00
  0.000000E+00
  0.000000E+00
  0.000000E+00
  0.000000E+00
  0.000000E+00
  0.000000E+00
  0.000000E+00
  0.000000E+00
  0.000000E+00
  0.000000E+00
  0.000000E+00
  0.000000E+00
  0.000000E+00
  0.000000E+00
  0.000000E+00
  0.000000E+00
  0.000000E+00
  0.000000E+00
  0.000000E+00
  0.000000E+00
  0.000000E+00
  0.000000E+00
  0.000000E+00
  0.000000E+00
  0.000000E+00
  0.000000E+00
  0.000000E+00
  0.000000E+00
  0.000000E+00
  0.000000E+00
  0.000000E+00
  0.000000E+00
  0.000000E+00
  0.000000E+00
  0.000000E+00
  0.000000E+00
  0.000000E+00
  0.000000E+00
  0.000000E+00
  0.000000E+00
  0.000000E+00
  0.000000E+00
  0.000000E+00
  0.000000E+00
  0.000000E+00
  0.000000E+00
  0.000000E+00
  0.000000E+00
  0.000000E+00
  0.000000E+00
  0.000000E+00
  0.000000E+00
  0.000000E+00
  0.000000E+00
  0.000000E+00
  0.000000E+00
  0.000000E+00
  0.000000E+00
  0.000000E+00
  0.000000E+00
  0.000000E+00
  0.000000E+00
  0.000000E+00
  0.000000E+00
  0.000000E+00
  0.000000E+00
  0.000000E+00
  0.000000E+00
  0.000000E+00
  0.000000E+00
  0.000000E+00
  0.000000E+00
  0.000000E+00
  0.000000E+00
  0.000000E+00
  0.000000E+00
  0.000000E+00
  0.000000E+00
  0.000000E+00
  0.000000E+00
  0.000000E+00
  0.000000E+00
  0.000000E+00
  0.000000E+00
  0.000000E+00
  0.000000E+00
  0.000000E+00
  0.000000E+00
  0.000000E+00
  0.000000E+00
  0.000000E+00
  0.000000E+00
  0.000000E+00
  0.000000E+00
  0.000000E+00
  0.000000E+00
  0.000000E+00
  0.000000E+00
  0.000000E+00
  0.000000E+00
  0.000000E+00
  0.000000E+00
  0.000000E+00
  0.000000E+00
  0.000000E+00
  0.000000E+00
  0.000000E+00
  0.000000E+00
  0.000000E+00
  0.000000E+00
  0.000000E+00
  0.000000E+00
  0.000000E+00
  0.000000E+00
  0.000000E+00
  0.000000E+00
  0.000000E+00
  0.000000E+00
  0.000000E+00
  0.000000E+00
  0.000000E+00
  0.000000E+00
  0.000000E+00
  0.000000E+00
  0.000000E+00
  0.000000E+00
  0.000000E+00
  0.000000E+00
  0.000000E+00
  0.000000E+00
  0.000000E+00
  0.000000E+00
  0.000000E+00
  0.000000E+00
  0.000000E+00
  0.000000E+00
  0.000000E+00
  0.000000E+00
  0.000000E+00
  0.000000E+00
  0.000000E+00
  0.000000E+00
  0.000000E+00
  0.000000E+00
  0.000000E+00
  0.000000E+00
  0.000000E+00
  0.000000E+00
  0.000000E+00
  0.000000E+00
  0.000000E+00
  0.000000E+00
  0.000000E+00
  0.000000E+00
  0.000000E+00
  0.000000E+00
  0.000000E+00
  0.000000E+00
  0.000000E+00
  0.000000E+00
  0.000000E+00
  0.000000E+00
  0.000000E+00
  0.000000E+00
  0.000000E+00
  1.000000E-08
  1.695085E-02
  3.390169E-02
  5.085254E-02
  6.780338E-02
  8.475423E-02
  1.017051E-01
  1.186559E-01
  1.356068E-01
  1.525576E-01
  1.695085E-01
  1.864593E-01
  2.034101E-01
  2.203610E-01
  2.373118E-01
  2.542627E-01
  2.712135E-01
  2.881644E-01
  3.051152E-01
  3.220661E-01
  3.390169E-01
  3.559678E-01
  3.729186E-01
  3.898694E-01
  4.068203E-01
  4.237711E-01
  4.407220E-01
  4.576728E-01
  4.746237E-01
  4.915745E-01
  5.085254E-01
  5.254762E-01
  5.424271E-01
  5.593779E-01
  5.763287E-01
  5.932796E-01
  6.102304E-01
  6.271813E-01
  6.441321E-01
  6.610830E-01
  6.780338E-01
  6.949847E-01
  7.119355E-01
  7.288864E-01
  7.458372E-01
  7.627880E-01
  7.797389E-01
  7.966897E-01
  8.136406E-01
  8.305914E-01
  8.475423E-01
  8.644931E-01
  8.814440E-01
  8.983948E-01
  9.153457E-01
  9.322965E-01
  9.492473E-01
  9.661982E-01
  9.831490E-01
  1.000100E+00
  1.017051E+00
  1.034002E+00
  1.050952E+00
  1.067903E+00
  1.084854E+00
  1.101805E+00
  1.118756E+00
  1.135707E+00
  1.152657E+00
  1.169608E+00
  1.186559E+00
  1.203510E+00
  1.220461E+00
  1.237412E+00
  1.254363E+00
  1.271313E+00
  1.288264E+00
  1.305215E+00
  1.322166E+00
  1.339117E+00
  1.356068E+00
  1.373018E+00
  1.389969E+00
  1.406920E+00
  1.423871E+00
  1.440822E+00
  1.457773E+00
  1.474724E+00
  1.491674E+00
  1.508625E+00
  1.525576E+00
  1.542527E+00
  1.559478E+00
  1.576429E+00
  1.593379E+00
  1.610330E+00
  1.627281E+00
  1.644232E+00
  1.661183E+00
  1.678134E+00
  1.695085E+00
  1.712035E+00
  1.728986E+00
  1.745937E+00
  1.762888E+00
  1.779839E+00
  1.796790E+00
  1.813740E+00
  1.830691E+00
  1.847642E+00
  1.864593E+00
  1.881544E+00
  1.898495E+00
  1.915446E+00
  1.932396E+00
  1.949347E+00
  1.966298E+00
  1.983249E+00
  2.000200E+00
  2.017151E+00
  2.034101E+00
  2.051052E+00
  2.068003E+00
  2.084954E+00
  2.101905E+00
  2.118856E+00
  2.135807E+00
  2.152757E+00
  2.169708E+00
  2.186659E+00
  2.203610E+00
  2.220561E+00
  2.237512E+00
  2.254462E+00
  2.271413E+00
  2.288364E+00
  2.305315E+00
  2.322266E+00
  2.339217E+00
  2.356168E+00
  2.373118E+00
  2.390069E+00
  2.407020E+00
  2.423971E+00
  2.440922E+00
  2.457873E+00
  2.474823E+00
  2.491774E+00
  2.508725E+00
  2.525676E+00
  1.105728E+04
  1.105557E+04
  1.105386E+04
  1.105215E+04
  1.105044E+04
  1.104873E+04
  1.104702E+04
  1.104531E+04
  1.104360E+04
  1.103870E+04
  1.103372E+04
  1.102874E+04
  1.102376E+04
  1.101878E+04
  1.101381E+04
  1.100883E+04
  1.100280E+04
  1.099484E+04
  1.098688E+04
  1.097892E+04
  1.097096E+04
  1.096300E+04
  1.095504E+04
  1.094671E+04
  1.093544E+04
  1.092417E+04
  1.091290E+04
  1.090163E+04
  1.089036E+04
  1.087909E+04
  1.086699E+04
  1.085211E+04
  1.083724E+04
  1.082236E+04
  1.080748E+04
  1.079261E+04
  1.077773E+04
  1.076029E+04
  1.074172E+04
  1.072315E+04
  1.070458E+04
  1.068601E+04
  1.066744E+04
  1.064710E+04
  1.062488E+04
  1.060267E+04
  1.058045E+04
  1.055824E+04
  1.053602E+04
  1.051167E+04
  1.048583E+04
  1.045999E+04
  1.043415E+04
  1.040831E+04
  1.038247E+04
  1.035308E+04
  1.032363E+04
  1.029418E+04
  1.026473E+04
  1.023529E+04
  1.020355E+04
  1.017062E+04
  1.013770E+04
  1.010478E+04
  1.007187E+04
  1.003689E+04
  1.000057E+04
  9.964250E+03
  9.927933E+03
  9.891620E+03
  9.852481E+03
  9.812636E+03
  9.772795E+03
  9.732957E+03
  9.692257E+03
  9.648752E+03
  9.605248E+03
  9.561747E+03
  9.518248E+03
  9.471446E+03
  9.424275E+03
  9.377106E+03
  9.329939E+03
  9.280004E+03
  9.229290E+03
  9.178578E+03
  9.127867E+03
  9.074415E+03
  9.020544E+03
  8.966675E+03
  8.912411E+03
  8.855888E+03
  8.799370E+03
  8.742858E+03
  8.684840E+03
  8.625900E+03
  8.566973E+03
  8.507415E+03
  8.446074E+03
  8.384762E+03
  8.323303E+03
  8.259735E+03
  8.196213E+03
  8.132609E+03
  8.066536E+03
  8.000517E+03
  7.933963E+03
  7.864611E+03
  7.795313E+03
  7.724276E+03
  7.650993E+03
  7.577755E+03
  7.500855E+03
  7.423296E+03
  7.344092E+03
  7.262126E+03
  7.180042E+03
  7.093725E+03
  7.007428E+03
  6.917710E+03
  6.827187E+03
  6.733796E+03
  6.639139E+03
  6.541654E+03
  6.442870E+03
  6.340958E+03
  6.238149E+03
  6.131716E+03
  6.024329E+03
  5.914341E+03
  5.802478E+03
  5.689241E+03
  5.573245E+03
  5.455611E+03
  5.336245E+03
  5.214399E+03
  5.089903E+03
  4.963112E+03
  4.834233E+03
  4.704592E+03
  4.578529E+03
  4.466392E+03
  4.385831E+03
  4.372079E+03
  4.462533E+03
  4.426717E+03
  3.989269E+03
  4.488837E+03
  1.341322E+03
 -1.039924E-04
  6.286971E+02
  6.286076E+02
  6.285181E+02
  6.284286E+02
  6.283391E+02
  6.282496E+02
  6.281601E+02
  6.280706E+02
  6.279811E+02
  6.277974E+02
  6.276114E+02
  6.274253E+02
  6.272393E+02
  6.270533E+02
  6.268672E+02
  6.266812E+02
  6.265021E+02
  6.263356E+02
  6.261691E+02
  6.260026E+02
  6.258361E+02
  6.256696E+02
  6.255030E+02
  6.253347E+02
  6.251523E+02
  6.249699E+02
  6.247874E+02
  6.246049E+02
  6.244224E+02
  6.242399E+02
  6.240377E+02
  6.237700E+02
  6.235024E+02
  6.232347E+02
  6.229669E+02
  6.226991E+02
  6.224313E+02
  6.220966E+02
  6.217326E+02
  6.213685E+02
  6.210044E+02
  6.206403E+02
  6.202760E+02
  6.198669E+02
  6.194102E+02
  6.189535E+02
  6.184967E+02
  6.180398E+02
  6.175829E+02
  6.170449E+02
  6.164501E+02
  6.158552E+02
  6.152602E+02
  6.146651E+02
  6.140699E+02
  6.132721E+02
  6.124711E+02
  6.116699E+02
  6.108687E+02
  6.100673E+02
  6.091222E+02
  6.081033E+02
  6.070842E+02
  6.060651E+02
  6.050458E+02
  6.039012E+02
  6.026742E+02
  6.014471E+02
  6.002198E+02
  5.989923E+02
  5.976055E+02
  5.961785E+02
  5.947512E+02
  5.933237E+02
  5.918612E+02
  5.902860E+02
  5.887104E+02
  5.871345E+02
  5.855583E+02
  5.838265E+02
  5.820770E+02
  5.803272E+02
  5.785771E+02
  5.765798E+02
  5.745125E+02
  5.724449E+02
  5.703770E+02
  5.679604E+02
  5.654901E+02
  5.630196E+02
  5.604848E+02
  5.575859E+02
  5.546876E+02
  5.517898E+02
  5.485199E+02
  5.450221E+02
  5.415271E+02
  5.378383E+02
  5.336035E+02
  5.293760E+02
  5.251133E+02
  5.203423E+02
  5.155826E+02
  5.108206E+02
  5.058044E+02
  5.008007E+02
  4.957902E+02
  4.906998E+02
  4.856206E+02
  4.805774E+02
  4.755758E+02
  4.705826E+02
  4.657897E+02
  4.610385E+02
  4.564258E+02
  4.520379E+02
  4.476667E+02
  4.437248E+02
  4.397825E+02
  4.362707E+02
  4.328594E+02
  4.298472E+02
  4.270092E+02
  4.245531E+02
  4.222711E+02
  4.204186E+02
  4.186884E+02
  4.175188E+02
  4.165235E+02
  4.160141E+02
  4.159405E+02
  4.161991E+02
  4.172485E+02
  4.188596E+02
  4.210878E+02
  4.242637E+02
  4.285765E+02
  4.340863E+02
  4.411943E+02
  4.506327E+02
  4.638670E+02
  4.837161E+02
  5.147955E+02
  5.652424E+02
  6.430475E+02
  7.118880E+02
  7.257908E+02
  8.773170E+02
  2.104303E+02
  3.892666E-04
  1.798336E+03
  1.798176E+03
  1.798016E+03
  1.797856E+03
  1.797696E+03
  1.797536E+03
  1.797376E+03
  1.797216E+03
  1.797056E+03
  1.796434E+03
  1.795801E+03
  1.795168E+03
  1.794535E+03
  1.793902E+03
  1.793269E+03
  1.792636E+03
  1.791766E+03
  1.790465E+03
  1.789163E+03
  1.787861E+03
  1.786559E+03
  1.785257E+03
  1.783956E+03
  1.782565E+03
  1.780460E+03
  1.778356E+03
  1.776252E+03
  1.774148E+03
  1.772044E+03
  1.769939E+03
  1.767614E+03
  1.764551E+03
  1.761488E+03
  1.758425E+03
  1.755363E+03
  1.752300E+03
  1.749237E+03
  1.745441E+03
  1.741325E+03
  1.737208E+03
  1.733092E+03
  1.728976E+03
  1.724859E+03
  1.720219E+03
  1.715027E+03
  1.709835E+03
  1.704643E+03
  1.699451E+03
  1.694259E+03
  1.688478E+03
  1.682284E+03
  1.676090E+03
  1.669896E+03
  1.663769E+03
  1.657575E+03
  1.650587E+03
  1.643586E+03
  1.636586E+03
  1.629586E+03
  1.622588E+03
  1.615210E+03
  1.607638E+03
  1.600068E+03
  1.592498E+03
  1.584929E+03
  1.577096E+03
  1.569090E+03
  1.561085E+03
  1.553081E+03
  1.545078E+03
  1.536846E+03
  1.528558E+03
  1.520270E+03
  1.511983E+03
  1.503714E+03
  1.495500E+03
  1.487288E+03
  1.479075E+03
  1.470863E+03
  1.462920E+03
  1.455008E+03
  1.447096E+03
  1.439184E+03
  1.431400E+03
  1.423652E+03
  1.415905E+03
  1.408157E+03
  1.400581E+03
  1.393031E+03
  1.385483E+03
  1.378005E+03
  1.370932E+03
  1.363860E+03
  1.356790E+03
  1.349936E+03
  1.343219E+03
  1.336462E+03
  1.329722E+03
  1.322897E+03
  1.316084E+03
  1.309261E+03
  1.302214E+03
  1.295184E+03
  1.288155E+03
  1.280806E+03
  1.273479E+03
  1.266027E+03
  1.257880E+03
  1.249755E+03
  1.241052E+03
  1.231599E+03
  1.222166E+03
  1.211392E+03
  1.200379E+03
  1.188742E+03
  1.176055E+03
  1.163323E+03
  1.148946E+03
  1.134575E+03
  1.118940E+03
  1.103004E+03
  1.086184E+03
  1.068972E+03
  1.051109E+03
  1.032947E+03
  1.014309E+03
  9.955362E+02
  9.765446E+02
  9.575937E+02
  9.387906E+02
  9.203586E+02
  9.022219E+02
  8.850215E+02
  8.685594E+02
  8.529070E+02
  8.385123E+02
  8.255880E+02
  8.142176E+02
  8.050588E+02
  7.995481E+02
  8.009924E+02
  8.164943E+02
  8.579536E+02
  9.438993E+02
  1.088937E+03
  1.200529E+03
  1.134582E+03
  1.288208E+03
  2.090713E+02
 -7.401599E-11
  1.244312E+00
  1.244119E+00
  1.243927E+00
  1.243734E+00
  1.243542E+00
  1.243349E+00
  1.243157E+00
  1.242964E+00
  1.242772E+00
  1.242220E+00
  1.241660E+00
  1.241100E+00
  1.240540E+00
  1.239979E+00
  1.239419E+00
  1.238859E+00
  1.238180E+00
  1.237285E+00
  1.236389E+00
  1.235493E+00
  1.234597E+00
  1.233702E+00
  1.232806E+00
  1.231869E+00
  1.230600E+00
  1.229332E+00
  1.228064E+00
  1.226796E+00
  1.225528E+00
  1.224260E+00
  1.222897E+00
  1.221223E+00
  1.219549E+00
  1.217875E+00
  1.216201E+00
  1.214527E+00
  1.212853E+00
  1.210890E+00
  1.208800E+00
  1.206710E+00
  1.204621E+00
  1.202531E+00
  1.200442E+00
  1.198152E+00
  1.195652E+00
  1.193152E+00
  1.190652E+00
  1.188152E+00
  1.185653E+00
  1.182913E+00
  1.180004E+00
  1.177096E+00
  1.174188E+00
  1.171281E+00
  1.168373E+00
  1.165065E+00
  1.161751E+00
  1.158437E+00
  1.155124E+00
  1.151810E+00
  1.148238E+00
  1.144533E+00
  1.140828E+00
  1.137124E+00
  1.133420E+00
  1.129484E+00
  1.125396E+00
  1.121309E+00
  1.117222E+00
  1.113136E+00
  1.108732E+00
  1.104248E+00
  1.099764E+00
  1.095281E+00
  1.090701E+00
  1.085805E+00
  1.080910E+00
  1.076014E+00
  1.071119E+00
  1.065852E+00
  1.060544E+00
  1.055236E+00
  1.049928E+00
  1.044309E+00
  1.038602E+00
  1.032895E+00
  1.027188E+00
  1.021173E+00
  1.015111E+00
  1.009049E+00
  1.002942E+00
  9.965817E-01
  9.902215E-01
  9.838621E-01
  9.773331E-01
  9.707004E-01
  9.640691E-01
  9.573668E-01
  9.504639E-01
  9.435643E-01
  9.366482E-01
  9.294947E-01
  9.223463E-01
  9.151888E-01
  9.077534E-01
  9.003240E-01
  8.928345E-01
  8.850301E-01
  8.772317E-01
  8.692377E-01
  8.609909E-01
  8.527493E-01
  8.440954E-01
  8.353675E-01
  8.264544E-01
  8.172305E-01
  8.079933E-01
  7.982798E-01
  7.885685E-01
  7.784723E-01
  7.682854E-01
  7.577758E-01
  7.471237E-01
  7.361535E-01
  7.250369E-01
  7.135684E-01
  7.019990E-01
  6.900218E-01
  6.779372E-01
  6.655599E-01
  6.529716E-01
  6.402287E-01
  6.271752E-01
  6.139375E-01
  6.005049E-01
  5.867931E-01
  5.727832E-01
  5.585150E-01
  5.440119E-01
  5.294229E-01
  5.152366E-01
  5.026176E-01
  4.935518E-01
  4.920042E-01
  5.021833E-01
  4.981528E-01
  4.489253E-01
  5.051433E-01
  1.509433E-01
 -1.170260E-08
  1.122481E+00
  1.122321E+00
  1.122162E+00
  1.122002E+00
  1.121842E+00
  1.121682E+00
  1.121522E+00
  1.121363E+00
  1.121203E+00
  1.120875E+00
  1.120543E+00
  1.120211E+00
  1.119878E+00
  1.119546E+00
  1.119214E+00
  1.118882E+00
  1.118562E+00
  1.118265E+00
  1.117968E+00
  1.117670E+00
  1.117373E+00
  1.117076E+00
  1.116778E+00
  1.116478E+00
  1.116152E+00
  1.115827E+00
  1.115501E+00
  1.115175E+00
  1.114849E+00
  1.114523E+00
  1.114162E+00
  1.113684E+00
  1.113206E+00
  1.112728E+00
  1.112250E+00
  1.111772E+00
  1.111294E+00
  1.110697E+00
  1.110047E+00
  1.109397E+00
  1.108747E+00
  1.108096E+00
  1.107446E+00
  1.106716E+00
  1.105900E+00
  1.105085E+00
  1.104269E+00
  1.103454E+00
  1.102638E+00
  1.101677E+00
  1.100615E+00
  1.099553E+00
  1.098491E+00
  1.097428E+00
  1.096366E+00
  1.094941E+00
  1.093511E+00
  1.092081E+00
  1.090650E+00
  1.089219E+00
  1.087532E+00
  1.085713E+00
  1.083893E+00
  1.082074E+00
  1.080254E+00
  1.078210E+00
  1.076020E+00
  1.073829E+00
  1.071638E+00
  1.069446E+00
  1.066970E+00
  1.064422E+00
  1.061874E+00
  1.059325E+00
  1.056714E+00
  1.053902E+00
  1.051089E+00
  1.048275E+00
  1.045461E+00
  1.042369E+00
  1.039245E+00
  1.036121E+00
  1.032996E+00
  1.029430E+00
  1.025740E+00
  1.022048E+00
  1.018356E+00
  1.014041E+00
  1.009631E+00
  1.005220E+00
  1.000694E+00
  9.955186E-01
  9.903439E-01
  9.851702E-01
  9.793322E-01
  9.730870E-01
  9.668471E-01
  9.602611E-01
  9.527003E-01
  9.451524E-01
  9.375417E-01
  9.290236E-01
  9.205256E-01
  9.120234E-01
  9.030675E-01
  8.941338E-01
  8.851880E-01
  8.760996E-01
  8.670311E-01
  8.580270E-01
  8.490971E-01
  8.401822E-01
  8.316250E-01
  8.231420E-01
  8.149066E-01
  8.070723E-01
  7.992680E-01
  7.922301E-01
  7.851914E-01
  7.789215E-01
  7.728309E-01
  7.674528E-01
  7.623859E-01
  7.580007E-01
  7.539264E-01
  7.506189E-01
  7.475299E-01
  7.454415E-01
  7.436647E-01
  7.427552E-01
  7.426236E-01
  7.430855E-01
  7.449590E-01
  7.478355E-01
  7.518137E-01
  7.574841E-01
  7.651841E-01
  7.750215E-01
  7.877120E-01
  8.045634E-01
  8.281921E-01
  8.636309E-01
  9.191203E-01
  1.009189E+00
  1.148102E+00
  1.271011E+00
  1.295833E+00
  1.566369E+00
  3.757041E-01
  6.949999E-07
  1.251630E+00
  1.251518E+00
  1.251407E+00
  1.251295E+00
  1.251184E+00
  1.251073E+00
  1.250961E+00
  1.250850E+00
  1.250738E+00
  1.250306E+00
  1.249865E+00
  1.249424E+00
  1.248984E+00
  1.248543E+00
  1.248102E+00
  1.247662E+00
  1.247057E+00
  1.246151E+00
  1.245245E+00
  1.244339E+00
  1.243433E+00
  1.242527E+00
  1.241621E+00
  1.240652E+00
  1.239188E+00
  1.237723E+00
  1.236259E+00
  1.234794E+00
  1.233330E+00
  1.231865E+00
  1.230247E+00
  1.228115E+00
  1.225983E+00
  1.223852E+00
  1.221720E+00
  1.219588E+00
  1.217457E+00
  1.214815E+00
  1.211950E+00
  1.209085E+00
  1.206220E+00
  1.203355E+00
  1.200490E+00
  1.197261E+00
  1.193647E+00
  1.190033E+00
  1.186419E+00
  1.182806E+00
  1.179193E+00
  1.175169E+00
  1.170858E+00
  1.166547E+00
  1.162236E+00
  1.157971E+00
  1.153661E+00
  1.148797E+00
  1.143924E+00
  1.139052E+00
  1.134181E+00
  1.129310E+00
  1.124175E+00
  1.118905E+00
  1.113636E+00
  1.108367E+00
  1.103099E+00
  1.097648E+00
  1.092076E+00
  1.086504E+00
  1.080933E+00
  1.075363E+00
  1.069634E+00
  1.063865E+00
  1.058097E+00
  1.052329E+00
  1.046574E+00
  1.040858E+00
  1.035142E+00
  1.029426E+00
  1.023710E+00
  1.018182E+00
  1.012675E+00
  1.007169E+00
  1.001662E+00
  9.962444E-01
  9.908519E-01
  9.854596E-01
  9.800675E-01
  9.747945E-01
  9.695401E-01
  9.642862E-01
  9.590820E-01
  9.541588E-01
  9.492369E-01
  9.443162E-01
  9.395461E-01
  9.348713E-01
  9.301682E-01
  9.254772E-01
  9.207274E-01
  9.159851E-01
  9.112366E-01
  9.063315E-01
  9.014388E-01
  8.965466E-01
  8.914319E-01
  8.863327E-01
  8.811457E-01
  8.754754E-01
  8.698209E-01
  8.637635E-01
  8.571842E-01
  8.506188E-01
  8.431202E-01
  8.354553E-01
  8.273560E-01
  8.185261E-01
  8.096645E-01
  7.996582E-01
  7.896566E-01
  7.787742E-01
  7.676830E-01
  7.559763E-01
  7.439968E-01
  7.315645E-01
  7.189236E-01
  7.059520E-01
  6.928862E-01
  6.796682E-01
  6.664785E-01
  6.533917E-01
  6.405631E-01
  6.279401E-01
  6.159688E-01
  6.045113E-01
  5.936173E-01
  5.835987E-01
  5.746035E-01
  5.666897E-01
  5.603153E-01
  5.564799E-01
  5.574851E-01
  5.682743E-01
  5.971297E-01
  6.569473E-01
  7.578925E-01
  8.355596E-01
  7.896611E-01
  8.965838E-01
  1.455122E-01
 -5.151461E-14
  9.886925E-01
  9.885396E-01
  9.883866E-01
  9.882336E-01
  9.880807E-01
  9.879277E-01
  9.877747E-01
  9.876218E-01
  9.874688E-01
  9.870308E-01
  9.865856E-01
  9.861405E-01
  9.856954E-01
  9.852502E-01
  9.848051E-01
  9.843600E-01
  9.838208E-01
  9.831090E-01
  9.823973E-01
  9.816856E-01
  9.809739E-01
  9.802622E-01
  9.795505E-01
  9.788059E-01
  9.777983E-01
  9.767906E-01
  9.757830E-01
  9.747754E-01
  9.737678E-01
  9.727602E-01
  9.716780E-01
  9.703478E-01
  9.690176E-01
  9.676875E-01
  9.663574E-01
  9.650273E-01
  9.636972E-01
  9.621374E-01
  9.604770E-01
  9.588167E-01
  9.571564E-01
  9.554962E-01
  9.538360E-01
  9.520170E-01
  9.500305E-01
  9.480441E-01
  9.460577E-01
  9.440715E-01
  9.420854E-01
  9.399083E-01
  9.375974E-01
  9.352868E-01
  9.329763E-01
  9.306659E-01
  9.283557E-01
  9.257271E-01
  9.230938E-01
  9.204607E-01
  9.178278E-01
  9.151952E-01
  9.123566E-01
  9.094126E-01
  9.064689E-01
  9.035256E-01
  9.005825E-01
  8.974552E-01
  8.942072E-01
  8.909595E-01
  8.877122E-01
  8.844652E-01
  8.809656E-01
  8.774028E-01
  8.738403E-01
  8.702781E-01
  8.666389E-01
  8.627488E-01
  8.588588E-01
  8.549691E-01
  8.510795E-01
  8.468946E-01
  8.426768E-01
  8.384591E-01
  8.342415E-01
  8.297765E-01
  8.252419E-01
  8.207074E-01
  8.161730E-01
  8.113936E-01
  8.065768E-01
  8.017602E-01
  7.969082E-01
  7.918544E-01
  7.868010E-01
  7.817481E-01
  7.765606E-01
  7.712905E-01
  7.660214E-01
  7.606957E-01
  7.552104E-01
  7.497275E-01
  7.442313E-01
  7.385460E-01
  7.328646E-01
  7.271757E-01
  7.212656E-01
  7.153600E-01
  7.094063E-01
  7.032024E-01
  6.970029E-01
  6.906480E-01
  6.840922E-01
  6.775404E-01
  6.706614E-01
  6.637237E-01
  6.566390E-01
  6.493079E-01
  6.419662E-01
  6.342470E-01
  6.265296E-01
  6.185071E-01
  6.104128E-01
  6.020629E-01
  5.936000E-01
  5.848851E-01
  5.760541E-01
  5.669442E-01
  5.577541E-01
  5.482406E-01
  5.386416E-01
  5.288104E-01
  5.188115E-01
  5.086897E-01
  4.983211E-01
  4.878058E-01
  4.771354E-01
  4.662429E-01
  4.551132E-01
  4.437778E-01
  4.322552E-01
  4.206640E-01
  4.093921E-01
  3.993646E-01
  3.921600E-01
  3.909285E-01
  3.990140E-01
  3.958084E-01
  3.566911E-01
  4.013541E-01
  1.647332E-01
 -2.261957E-03
  5.621528E-02
  5.620727E-02
  5.619927E-02
  5.619126E-02
  5.618326E-02
  5.617525E-02
  5.616725E-02
  5.615925E-02
  5.615125E-02
  5.613482E-02
  5.611819E-02
  5.610155E-02
  5.608492E-02
  5.606829E-02
  5.605165E-02
  5.603502E-02
  5.601900E-02
  5.600412E-02
  5.598923E-02
  5.597435E-02
  5.595946E-02
  5.594457E-02
  5.592968E-02
  5.591463E-02
  5.589833E-02
  5.588202E-02
  5.586571E-02
  5.584939E-02
  5.583307E-02
  5.581676E-02
  5.579868E-02
  5.577475E-02
  5.575082E-02
  5.572688E-02
  5.570294E-02
  5.567900E-02
  5.565506E-02
  5.562513E-02
  5.559259E-02
  5.556004E-02
  5.552749E-02
  5.549493E-02
  5.546237E-02
  5.542578E-02
  5.538496E-02
  5.534412E-02
  5.530328E-02
  5.526243E-02
  5.522157E-02
  5.517347E-02
  5.512029E-02
  5.506710E-02
  5.501390E-02
  5.496068E-02
  5.490746E-02
  5.483613E-02
  5.476450E-02
  5.469286E-02
  5.462122E-02
  5.454956E-02
  5.446505E-02
  5.437394E-02
  5.428282E-02
  5.419169E-02
  5.410055E-02
  5.399820E-02
  5.388849E-02
  5.377876E-02
  5.366902E-02
  5.355926E-02
  5.343526E-02
  5.330766E-02
  5.318003E-02
  5.305239E-02
  5.292162E-02
  5.278077E-02
  5.263989E-02
  5.249897E-02
  5.235803E-02
  5.220317E-02
  5.204674E-02
  5.189028E-02
  5.173378E-02
  5.155519E-02
  5.137034E-02
  5.118547E-02
  5.100056E-02
  5.078448E-02
  5.056361E-02
  5.034271E-02
  5.011606E-02
  4.985687E-02
  4.959772E-02
  4.933863E-02
  4.904626E-02
  4.873351E-02
  4.842100E-02
  4.809115E-02
  4.771246E-02
  4.733441E-02
  4.695320E-02
  4.652652E-02
  4.610084E-02
  4.567493E-02
  4.522626E-02
  4.477870E-02
  4.433052E-02
  4.387518E-02
  4.342083E-02
  4.296970E-02
  4.252229E-02
  4.207561E-02
  4.164688E-02
  4.122187E-02
  4.080927E-02
  4.041678E-02
  4.002580E-02
  3.967325E-02
  3.932067E-02
  3.900663E-02
  3.870159E-02
  3.843227E-02
  3.817855E-02
  3.795902E-02
  3.775507E-02
  3.758957E-02
  3.743501E-02
  3.733061E-02
  3.724181E-02
  3.719647E-02
  3.719009E-02
  3.721343E-02
  3.730748E-02
  3.745174E-02
  3.765117E-02
  3.793533E-02
  3.832112E-02
  3.881393E-02
  3.944959E-02
  4.029360E-02
  4.147696E-02
  4.325171E-02
  4.603055E-02
  5.054103E-02
  5.749760E-02
  6.365242E-02
  6.489488E-02
  7.844233E-02
  2.584380E-02
  8.467012E-03
  1.607992E-01
  1.607849E-01
  1.607705E-01
  1.607562E-01
  1.607419E-01
  1.607276E-01
  1.607133E-01
  1.606990E-01
  1.606847E-01
  1.606291E-01
  1.605725E-01
  1.605159E-01
  1.604593E-01
  1.604026E-01
  1.603460E-01
  1.602894E-01
  1.602117E-01
  1.600953E-01
  1.599789E-01
  1.598625E-01
  1.597461E-01
  1.596297E-01
  1.595133E-01
  1.593890E-01
  1.592008E-01
  1.590127E-01
  1.588245E-01
  1.586364E-01
  1.584483E-01
  1.582601E-01
  1.580521E-01
  1.577783E-01
  1.575045E-01
  1.572306E-01
  1.569568E-01
  1.566829E-01
  1.564091E-01
  1.560697E-01
  1.557016E-01
  1.553335E-01
  1.549655E-01
  1.545974E-01
  1.542294E-01
  1.538145E-01
  1.533502E-01
  1.528860E-01
  1.524217E-01
  1.519575E-01
  1.514933E-01
  1.509764E-01
  1.504225E-01
  1.498687E-01
  1.493149E-01
  1.487670E-01
  1.482132E-01
  1.475883E-01
  1.469623E-01
  1.463364E-01
  1.457105E-01
  1.450847E-01
  1.444250E-01
  1.437480E-01
  1.430711E-01
  1.423942E-01
  1.417174E-01
  1.410170E-01
  1.403011E-01
  1.395854E-01
  1.388697E-01
  1.381541E-01
  1.374180E-01
  1.366769E-01
  1.359358E-01
  1.351948E-01
  1.344554E-01
  1.337210E-01
  1.329867E-01
  1.322523E-01
  1.315181E-01
  1.308079E-01
  1.301004E-01
  1.293929E-01
  1.286854E-01
  1.279894E-01
  1.272966E-01
  1.266039E-01
  1.259111E-01
  1.252337E-01
  1.245587E-01
  1.238837E-01
  1.232151E-01
  1.225826E-01
  1.219503E-01
  1.213182E-01
  1.207054E-01
  1.201049E-01
  1.195006E-01
  1.188979E-01
  1.182876E-01
  1.176783E-01
  1.170681E-01
  1.164377E-01
  1.158089E-01
  1.151801E-01
  1.145227E-01
  1.138672E-01
  1.132003E-01
  1.124714E-01
  1.117445E-01
  1.109657E-01
  1.101200E-01
  1.092760E-01
  1.083122E-01
  1.073270E-01
  1.062860E-01
  1.051513E-01
  1.040125E-01
  1.027268E-01
  1.014416E-01
  1.000435E-01
  9.861862E-02
  9.711475E-02
  9.557590E-02
  9.397898E-02
  9.235530E-02
  9.068924E-02
  8.901108E-02
  8.731346E-02
  8.561947E-02
  8.393872E-02
  8.229116E-02
  8.066998E-02
  7.913252E-02
  7.766103E-02
  7.626189E-02
  7.497517E-02
  7.381987E-02
  7.280345E-02
  7.198470E-02
  7.149209E-02
  7.162124E-02
  7.300723E-02
  7.671409E-02
  8.439856E-02
  9.736646E-02
  1.073435E-01
  1.014460E-01
  1.151808E-01
  2.567689E-02
 -1.609936E-09
  9.888208E-01
  9.886678E-01
  9.885148E-01
  9.883619E-01
  9.882089E-01
  9.880560E-01
  9.879030E-01
  9.877500E-01
  9.875971E-01
  9.871591E-01
  9.867140E-01
  9.862689E-01
  9.858238E-01
  9.853787E-01
  9.849337E-01
  9.844886E-01
  9.839495E-01
  9.832380E-01
  9.825264E-01
  9.818149E-01
  9.811034E-01
  9.803918E-01
  9.796803E-01
  9.789360E-01
  9.779287E-01
  9.769214E-01
  9.759141E-01
  9.749068E-01
  9.738996E-01
  9.728923E-01
  9.718105E-01
  9.704808E-01
  9.691512E-01
  9.678216E-01
  9.664920E-01
  9.651624E-01
  9.638329E-01
  9.622737E-01
  9.606140E-01
  9.589544E-01
  9.572948E-01
  9.556353E-01
  9.539758E-01
  9.521576E-01
  9.501720E-01
  9.481865E-01
  9.462010E-01
  9.442157E-01
  9.422305E-01
  9.400544E-01
  9.377446E-01
  9.354350E-01
  9.331256E-01
  9.308163E-01
  9.285071E-01
  9.258797E-01
  9.232476E-01
  9.206157E-01
  9.179840E-01
  9.153526E-01
  9.125153E-01
  9.095725E-01
  9.066301E-01
  9.036879E-01
  9.007461E-01
  8.976201E-01
  8.943733E-01
  8.911269E-01
  8.878808E-01
  8.846351E-01
  8.811367E-01
  8.775751E-01
  8.740138E-01
  8.704528E-01
  8.668147E-01
  8.629257E-01
  8.590368E-01
  8.551481E-01
  8.512597E-01
  8.470758E-01
  8.428589E-01
  8.386422E-01
  8.344255E-01
  8.299615E-01
  8.254278E-01
  8.208943E-01
  8.163609E-01
  8.115825E-01
  8.067668E-01
  8.019512E-01
  7.971003E-01
  7.920477E-01
  7.869955E-01
  7.819438E-01
  7.767577E-01
  7.714890E-01
  7.662213E-01
  7.608971E-01
  7.554133E-01
  7.499320E-01
  7.444375E-01
  7.387540E-01
  7.330743E-01
  7.273871E-01
  7.214789E-01
  7.155752E-01
  7.096233E-01
  7.034213E-01
  6.972237E-01
  6.908707E-01
  6.843169E-01
  6.777670E-01
  6.708901E-01
  6.639543E-01
  6.568717E-01
  6.495426E-01
  6.422031E-01
  6.344861E-01
  6.267709E-01
  6.187508E-01
  6.106589E-01
  6.023115E-01
  5.938512E-01
  5.851390E-01
  5.763109E-01
  5.672040E-01
  5.580171E-01
  5.485071E-01
  5.389119E-01
  5.290848E-01
  5.190907E-01
  5.089741E-01
  4.986121E-01
  4.881047E-01
  4.774438E-01
  4.665635E-01
  4.554498E-01
  4.441347E-01
  4.326378E-01
  4.210791E-01
  4.098473E-01
  3.998669E-01
  3.927124E-01
  3.915252E-01
  3.996315E-01
  3.964060E-01
  3.572483E-01
  4.016246E-01
  1.641348E-01
 -3.269301E-03
  5.001689E-02
  5.000923E-02
  5.000158E-02
  4.999393E-02
  4.998628E-02
  4.997863E-02
  4.997098E-02
  4.996333E-02
  4.995568E-02
  4.993996E-02
  4.992404E-02
  4.990812E-02
  4.989220E-02
  4.987627E-02
  4.986035E-02
  4.984443E-02
  4.982901E-02
  4.981450E-02
  4.980000E-02
  4.978549E-02
  4.977098E-02
  4.975647E-02
  4.974196E-02
  4.972724E-02
  4.971091E-02
  4.969457E-02
  4.967822E-02
  4.966188E-02
  4.964553E-02
  4.962918E-02
  4.961105E-02
  4.958699E-02
  4.956293E-02
  4.953887E-02
  4.951481E-02
  4.949074E-02
  4.946666E-02
  4.943667E-02
  4.940407E-02
  4.937147E-02
  4.933886E-02
  4.930625E-02
  4.927363E-02
  4.923705E-02
  4.919631E-02
  4.915555E-02
  4.911479E-02
  4.907402E-02
  4.903324E-02
  4.898529E-02
  4.893233E-02
  4.887935E-02
  4.882637E-02
  4.877337E-02
  4.872036E-02
  4.864935E-02
  4.857804E-02
  4.850672E-02
  4.843538E-02
  4.836404E-02
  4.827988E-02
  4.818915E-02
  4.809840E-02
  4.800764E-02
  4.791687E-02
  4.781489E-02
  4.770555E-02
  4.759620E-02
  4.748684E-02
  4.737745E-02
  4.725374E-02
  4.712641E-02
  4.699906E-02
  4.687169E-02
  4.674112E-02
  4.660023E-02
  4.645931E-02
  4.631835E-02
  4.617737E-02
  4.602198E-02
  4.586495E-02
  4.570789E-02
  4.555081E-02
  4.537111E-02
  4.518503E-02
  4.499891E-02
  4.481276E-02
  4.459487E-02
  4.437209E-02
  4.414929E-02
  4.392066E-02
  4.365899E-02
  4.339736E-02
  4.313578E-02
  4.284074E-02
  4.252517E-02
  4.220984E-02
  4.187721E-02
  4.149583E-02
  4.111508E-02
  4.073119E-02
  4.030236E-02
  3.987449E-02
  3.944641E-02
  3.899644E-02
  3.854753E-02
  3.809817E-02
  3.764263E-02
  3.718804E-02
  3.673722E-02
  3.629084E-02
  3.584516E-02
  3.541839E-02
  3.499550E-02
  3.458530E-02
  3.419571E-02
  3.380761E-02
  3.345829E-02
  3.310890E-02
  3.279804E-02
  3.249616E-02
  3.222977E-02
  3.197889E-02
  3.176184E-02
  3.156021E-02
  3.139654E-02
  3.124369E-02
  3.114016E-02
  3.105183E-02
  3.100576E-02
  3.099683E-02
  3.101615E-02
  3.110091E-02
  3.123064E-02
  3.140926E-02
  3.166104E-02
  3.199781E-02
  3.242297E-02
  3.296677E-02
  3.368828E-02
  3.471303E-02
  3.629316E-02
  3.885599E-02
  4.317181E-02
  5.003726E-02
  5.631643E-02
  5.794010E-02
  7.199641E-02
  1.955018E-02
  1.232135E-03
  1.612620E-01
  1.612476E-01
  1.612333E-01
  1.612190E-01
  1.612047E-01
  1.611904E-01
  1.611762E-01
  1.611619E-01
  1.611476E-01
  1.610919E-01
  1.610352E-01
  1.609786E-01
  1.609219E-01
  1.608652E-01
  1.608086E-01
  1.607519E-01
  1.606741E-01
  1.605576E-01
  1.604411E-01
  1.603246E-01
  1.602081E-01
  1.600916E-01
  1.599750E-01
  1.598506E-01
  1.596622E-01
  1.594739E-01
  1.592856E-01
  1.590972E-01
  1.589089E-01
  1.587206E-01
  1.585124E-01
  1.582382E-01
  1.579641E-01
  1.576899E-01
  1.574158E-01
  1.571416E-01
  1.568674E-01
  1.565276E-01
  1.561590E-01
  1.557905E-01
  1.554219E-01
  1.550533E-01
  1.546848E-01
  1.542693E-01
  1.538043E-01
  1.533392E-01
  1.528742E-01
  1.524093E-01
  1.519443E-01
  1.514264E-01
  1.508715E-01
  1.503166E-01
  1.497617E-01
  1.492142E-01
  1.486594E-01
  1.480331E-01
  1.474057E-01
  1.467785E-01
  1.461512E-01
  1.455241E-01
  1.448629E-01
  1.441843E-01
  1.435057E-01
  1.428273E-01
  1.421489E-01
  1.414469E-01
  1.407294E-01
  1.400119E-01
  1.392946E-01
  1.385773E-01
  1.378397E-01
  1.370970E-01
  1.363544E-01
  1.356119E-01
  1.348710E-01
  1.341354E-01
  1.333998E-01
  1.326643E-01
  1.319287E-01
  1.312176E-01
  1.305092E-01
  1.298008E-01
  1.290924E-01
  1.283954E-01
  1.277016E-01
  1.270079E-01
  1.263141E-01
  1.256352E-01
  1.249586E-01
  1.242821E-01
  1.236118E-01
  1.229768E-01
  1.223420E-01
  1.217073E-01
  1.210910E-01
  1.204865E-01
  1.198768E-01
  1.192696E-01
  1.186536E-01
  1.180386E-01
  1.174227E-01
  1.167852E-01
  1.161493E-01
  1.155134E-01
  1.148480E-01
  1.141846E-01
  1.135099E-01
  1.127727E-01
  1.120376E-01
  1.112508E-01
  1.103970E-01
  1.095450E-01
  1.085735E-01
  1.075808E-01
  1.065326E-01
  1.053910E-01
  1.042454E-01
  1.029537E-01
  1.016626E-01
  1.002593E-01
  9.882936E-02
  9.732115E-02
  9.577827E-02
  9.417802E-02
  9.255133E-02
  9.088301E-02
  8.920283E-02
  8.750409E-02
  8.580925E-02
  8.412838E-02
  8.248132E-02
  8.086113E-02
  7.932580E-02
  7.785731E-02
  7.646211E-02
  7.518087E-02
  7.403298E-02
  7.302591E-02
  7.221890E-02
  7.174081E-02
  7.188916E-02
  7.329537E-02
  7.702341E-02
  8.472601E-02
  9.770142E-02
  1.076669E-01
  1.017414E-01
  1.153624E-01
  2.561717E-02
 -3.187408E-09
 -1.282474E-04
 -1.282484E-04
 -1.282495E-04
 -1.282506E-04
 -1.282517E-04
 -1.282528E-04
 -1.282539E-04
 -1.282550E-04
 -1.282561E-04
 -1.283069E-04
 -1.283589E-04
 -1.284109E-04
 -1.284629E-04
 -1.285149E-04
 -1.285669E-04
 -1.286189E-04
 -1.287183E-04
 -1.289046E-04
 -1.290908E-04
 -1.292771E-04
 -1.294633E-04
 -1.296496E-04
 -1.298358E-04
 -1.300402E-04
 -1.303901E-04
 -1.307399E-04
 -1.310898E-04
 -1.314396E-04
 -1.317895E-04
 -1.321393E-04
 -1.325284E-04
 -1.330477E-04
 -1.335671E-04
 -1.340864E-04
 -1.346058E-04
 -1.351251E-04
 -1.356444E-04
 -1.362909E-04
 -1.369930E-04
 -1.376951E-04
 -1.383972E-04
 -1.390992E-04
 -1.398013E-04
 -1.405981E-04
 -1.414948E-04
 -1.423915E-04
 -1.432882E-04
 -1.441848E-04
 -1.450815E-04
 -1.460819E-04
 -1.471551E-04
 -1.482283E-04
 -1.493013E-04
 -1.503743E-04
 -1.514472E-04
 -1.526388E-04
 -1.538321E-04
 -1.550253E-04
 -1.562184E-04
 -1.574114E-04
 -1.586416E-04
 -1.598907E-04
 -1.611397E-04
 -1.623885E-04
 -1.636372E-04
 -1.648858E-04
 -1.661343E-04
 -1.673827E-04
 -1.686309E-04
 -1.698790E-04
 -1.710806E-04
 -1.722704E-04
 -1.734601E-04
 -1.746497E-04
 -1.758129E-04
 -1.768905E-04
 -1.779681E-04
 -1.790455E-04
 -1.801229E-04
 -1.811051E-04
 -1.820766E-04
 -1.830480E-04
 -1.840194E-04
 -1.849829E-04
 -1.859441E-04
 -1.869051E-04
 -1.878660E-04
 -1.889122E-04
 -1.899710E-04
 -1.910293E-04
 -1.921111E-04
 -1.933284E-04
 -1.945445E-04
 -1.957595E-04
 -1.970909E-04
 -1.984933E-04
 -1.998936E-04
 -2.013463E-04
 -2.029491E-04
 -2.045490E-04
 -2.061589E-04
 -2.079244E-04
 -2.096860E-04
 -2.114485E-04
 -2.133067E-04
 -2.151598E-04
 -2.170188E-04
 -2.189264E-04
 -2.208279E-04
 -2.227487E-04
 -2.246959E-04
 -2.266368E-04
 -2.286323E-04
 -2.306333E-04
 -2.326667E-04
 -2.347584E-04
 -2.368498E-04
 -2.390730E-04
 -2.412925E-04
 -2.436551E-04
 -2.460505E-04
 -2.485893E-04
 -2.511918E-04
 -2.539602E-04
 -2.568060E-04
 -2.598815E-04
 -2.630242E-04
 -2.665526E-04
 -2.702433E-04
 -2.743978E-04
 -2.791404E-04
 -2.843433E-04
 -2.909940E-04
 -2.989494E-04
 -3.084314E-04
 -3.206220E-04
 -3.366342E-04
 -3.569016E-04
 -3.826377E-04
 -4.151381E-04
 -4.552440E-04
 -5.022518E-04
 -5.524093E-04
 -5.966462E-04
 -6.175501E-04
 -5.976314E-04
 -5.571875E-04
 -2.704347E-04
  5.983825E-04
  1.007343E-03
  6.198389E-03
  6.198036E-03
  6.197683E-03
  6.197329E-03
  6.196976E-03
  6.196622E-03
  6.196269E-03
  6.195916E-03
  6.195563E-03
  6.194859E-03
  6.194147E-03
  6.193435E-03
  6.192723E-03
  6.192012E-03
  6.191300E-03
  6.190588E-03
  6.189993E-03
  6.189615E-03
  6.189237E-03
  6.188858E-03
  6.188480E-03
  6.188101E-03
  6.187723E-03
  6.187390E-03
  6.187421E-03
  6.187452E-03
  6.187483E-03
  6.187514E-03
  6.187546E-03
  6.187577E-03
  6.187630E-03
  6.187757E-03
  6.187883E-03
  6.188010E-03
  6.188137E-03
  6.188264E-03
  6.188391E-03
  6.188467E-03
  6.188522E-03
  6.188576E-03
  6.188630E-03
  6.188685E-03
  6.188739E-03
  6.188729E-03
  6.188650E-03
  6.188571E-03
  6.188492E-03
  6.188414E-03
  6.188336E-03
  6.188176E-03
  6.187959E-03
  6.187743E-03
  6.187527E-03
  6.187311E-03
  6.187096E-03
  6.186780E-03
  6.186463E-03
  6.186147E-03
  6.185832E-03
  6.185518E-03
  6.185165E-03
  6.184793E-03
  6.184423E-03
  6.184053E-03
  6.183685E-03
  6.183311E-03
  6.182934E-03
  6.182558E-03
  6.182183E-03
  6.181810E-03
  6.181516E-03
  6.181243E-03
  6.180970E-03
  6.180699E-03
  6.180502E-03
  6.180541E-03
  6.180581E-03
  6.180622E-03
  6.180663E-03
  6.181199E-03
  6.181790E-03
  6.182382E-03
  6.182975E-03
  6.184074E-03
  6.185316E-03
  6.186559E-03
  6.187803E-03
  6.189616E-03
  6.191516E-03
  6.193418E-03
  6.195406E-03
  6.197884E-03
  6.200364E-03
  6.202847E-03
  6.205528E-03
  6.208338E-03
  6.211154E-03
  6.213937E-03
  6.216623E-03
  6.219328E-03
  6.222008E-03
  6.224160E-03
  6.226345E-03
  6.228517E-03
  6.229826E-03
  6.231175E-03
  6.232355E-03
  6.232551E-03
  6.232790E-03
  6.232479E-03
  6.231448E-03
  6.230457E-03
  6.228491E-03
  6.226367E-03
  6.223964E-03
  6.221068E-03
  6.218186E-03
  6.214964E-03
  6.211762E-03
  6.208587E-03
  6.205428E-03
  6.202493E-03
  6.199660E-03
  6.197179E-03
  6.194861E-03
  6.193022E-03
  6.191323E-03
  6.190450E-03
  6.189985E-03
  6.190706E-03
  6.193259E-03
  6.197289E-03
  6.206573E-03
  6.221102E-03
  6.241913E-03
  6.274291E-03
  6.323309E-03
  6.390955E-03
  6.482815E-03
  6.605323E-03
  6.763935E-03
  6.958551E-03
  7.174559E-03
  7.369223E-03
  7.460334E-03
  7.335991E-03
  6.954780E-03
  6.445923E-03
  6.293619E-03
  7.234877E-03
 -4.627853E-04
 -4.627980E-04
 -4.628107E-04
 -4.628234E-04
 -4.628361E-04
 -4.628487E-04
 -4.628614E-04
 -4.628741E-04
 -4.628867E-04
 -4.628292E-04
 -4.627699E-04
 -4.627106E-04
 -4.626513E-04
 -4.625920E-04
 -4.625327E-04
 -4.624734E-04
 -4.623951E-04
 -4.622820E-04
 -4.621690E-04
 -4.620559E-04
 -4.619428E-04
 -4.618298E-04
 -4.617167E-04
 -4.615956E-04
 -4.614093E-04
 -4.612231E-04
 -4.610369E-04
 -4.608507E-04
 -4.606645E-04
 -4.604783E-04
 -4.602625E-04
 -4.599487E-04
 -4.596349E-04
 -4.593211E-04
 -4.590073E-04
 -4.586934E-04
 -4.583796E-04
 -4.579343E-04
 -4.574315E-04
 -4.569287E-04
 -4.564259E-04
 -4.559230E-04
 -4.554202E-04
 -4.547914E-04
 -4.540299E-04
 -4.532683E-04
 -4.525068E-04
 -4.517453E-04
 -4.509838E-04
 -4.500385E-04
 -4.489646E-04
 -4.478908E-04
 -4.468170E-04
 -4.472528E-04
 -4.461790E-04
 -4.448153E-04
 -4.434473E-04
 -4.420795E-04
 -4.407119E-04
 -4.393445E-04
 -4.378349E-04
 -4.362526E-04
 -4.346707E-04
 -4.330890E-04
 -4.315076E-04
 -4.298802E-04
 -4.282226E-04
 -4.265653E-04
 -4.249083E-04
 -4.232517E-04
 -4.216884E-04
 -4.201486E-04
 -4.186090E-04
 -4.170696E-04
 -4.156040E-04
 -4.143771E-04
 -4.131503E-04
 -4.119234E-04
 -4.106965E-04
 -4.097454E-04
 -4.088250E-04
 -4.079043E-04
 -4.069835E-04
 -4.060022E-04
 -4.050037E-04
 -4.040050E-04
 -4.030061E-04
 -4.015311E-04
 -3.999832E-04
 -3.984353E-04
 -3.967362E-04
 -3.941773E-04
 -3.916193E-04
 -3.890621E-04
 -3.856199E-04
 -3.816322E-04
 -3.761306E-04
 -3.717012E-04
 -3.660246E-04
 -3.603544E-04
 -3.545822E-04
 -3.474914E-04
 -3.404112E-04
 -3.333005E-04
 -3.253807E-04
 -3.174743E-04
 -3.095271E-04
 -3.013322E-04
 -2.931515E-04
 -2.850395E-04
 -2.770113E-04
 -2.689968E-04
 -2.613772E-04
 -2.538412E-04
 -2.465737E-04
 -2.397425E-04
 -2.329484E-04
 -2.269667E-04
 -2.209922E-04
 -2.157729E-04
 -2.107377E-04
 -2.063991E-04
 -2.023711E-04
 -1.990380E-04
 -1.960268E-04
 -1.937768E-04
 -1.917472E-04
 -1.906306E-04
 -1.897794E-04
 -1.896564E-04
 -1.901652E-04
 -1.911422E-04
 -1.932857E-04
 -1.962831E-04
 -2.002225E-04
 -2.057003E-04
 -2.131045E-04
 -2.224623E-04
 -2.341934E-04
 -2.487201E-04
 -2.679181E-04
 -2.881400E-04
 -3.093179E-04
 -3.274507E-04
 -3.349616E-04
 -3.233746E-04
 -2.954301E-04
 -1.815822E-04
  5.972401E-05
  1.577473E-09
  1.273240E+00
  1.273211E+00
  1.273125E+00
  1.272981E+00
  1.272781E+00
  1.272522E+00
  1.272207E+00
  1.271834E+00
  1.271403E+00
  1.270915E+00
  1.270369E+00
  1.269765E+00
  1.269104E+00
  1.268384E+00
  1.267607E+00
  1.266771E+00
  1.265877E+00
  1.264925E+00
  1.263915E+00
  1.262845E+00
  1.261717E+00
  1.260530E+00
  1.259284E+00
  1.257979E+00
  1.256614E+00
  1.255190E+00
  1.253705E+00
  1.252161E+00
  1.250556E+00
  1.248891E+00
  1.247165E+00
  1.245378E+00
  1.243529E+00
  1.241620E+00
  1.239648E+00
  1.237614E+00
  1.235518E+00
  1.233359E+00
  1.231136E+00
  1.228851E+00
  1.226501E+00
  1.224088E+00
  1.221610E+00
  1.219067E+00
  1.216458E+00
  1.213784E+00
  1.211044E+00
  1.208237E+00
  1.205362E+00
  1.202421E+00
  1.199411E+00
  1.196332E+00
  1.193185E+00
  1.189968E+00
  1.186680E+00
  1.183322E+00
  1.179892E+00
  1.176390E+00
  1.172816E+00
  1.169168E+00
  1.165446E+00
  1.161649E+00
  1.157776E+00
  1.153828E+00
  1.149802E+00
  1.145699E+00
  1.141516E+00
  1.137254E+00
  1.132912E+00
  1.128488E+00
  1.123982E+00
  1.119393E+00
  1.114719E+00
  1.109960E+00
  1.105114E+00
  1.100180E+00
  1.095157E+00
  1.090045E+00
  1.084841E+00
  1.079544E+00
  1.074153E+00
  1.068667E+00
  1.063083E+00
  1.057401E+00
  1.051619E+00
  1.045735E+00
  1.039748E+00
  1.033655E+00
  1.027455E+00
  1.021146E+00
  1.014726E+00
  1.008193E+00
  1.001543E+00
  9.947766E-01
  9.878894E-01
  9.808795E-01
  9.737441E-01
  9.664805E-01
  9.590857E-01
  9.515567E-01
  9.438904E-01
  9.360832E-01
  9.281318E-01
  9.200322E-01
  9.117806E-01
  9.033729E-01
  8.948045E-01
  8.860709E-01
  8.771671E-01
  8.680879E-01
  8.588277E-01
  8.493806E-01
  8.397402E-01
  8.299000E-01
  8.198525E-01
  8.095903E-01
  7.991048E-01
  7.883874E-01
  7.774283E-01
  7.662172E-01
  7.547428E-01
  7.429930E-01
  7.309546E-01
  7.186128E-01
  7.059520E-01
  6.929545E-01
  6.796012E-01
  6.658704E-01
  6.517385E-01
  6.371787E-01
  6.221609E-01
  6.066513E-01
  5.906109E-01
  5.739954E-01
  5.567532E-01
  5.388241E-01
  5.201372E-01
  5.006076E-01
  4.801325E-01
  4.585853E-01
  4.358068E-01
  4.115929E-01
  3.856731E-01
  3.576769E-01
  3.270715E-01
  2.930404E-01
  2.542116E-01
  2.079144E-01
  1.472658E-01
  0.000000E+00
  1.110119E-01
  1.110147E-01
  1.110175E-01
  1.110203E-01
  1.110231E-01
  1.110259E-01
  1.110286E-01
  1.110314E-01
  1.110342E-01
  1.110335E-01
  1.110326E-01
  1.110318E-01
  1.110310E-01
  1.110301E-01
  1.110293E-01
  1.110284E-01
  1.110259E-01
  1.110203E-01
  1.110147E-01
  1.110091E-01
  1.110035E-01
  1.109978E-01
  1.109922E-01
  1.109859E-01
  1.109738E-01
  1.109617E-01
  1.109497E-01
  1.109376E-01
  1.109255E-01
  1.109134E-01
  1.108993E-01
  1.108782E-01
  1.108571E-01
  1.108360E-01
  1.108149E-01
  1.107938E-01
  1.107727E-01
  1.107427E-01
  1.107087E-01
  1.106748E-01
  1.106408E-01
  1.106069E-01
  1.105729E-01
  1.105302E-01
  1.104782E-01
  1.104262E-01
  1.103741E-01
  1.103221E-01
  1.102701E-01
  1.102049E-01
  1.101303E-01
  1.100558E-01
  1.099813E-01
  1.101415E-01
  1.100670E-01
  1.099729E-01
  1.098785E-01
  1.097842E-01
  1.096898E-01
  1.095955E-01
  1.094952E-01
  1.093919E-01
  1.092885E-01
  1.091852E-01
  1.090819E-01
  1.089833E-01
  1.088877E-01
  1.088016E-01
  1.087163E-01
  1.086311E-01
  1.085686E-01
  1.085119E-01
  1.084551E-01
  1.083983E-01
  1.083532E-01
  1.083462E-01
  1.083392E-01
  1.083322E-01
  1.083252E-01
  1.083623E-01
  1.084042E-01
  1.084462E-01
  1.084882E-01
  1.085313E-01
  1.085747E-01
  1.086182E-01
  1.086616E-01
  1.086626E-01
  1.086570E-01
  1.086515E-01
  1.086317E-01
  1.085310E-01
  1.084389E-01
  1.083592E-01
  1.082039E-01
  1.080018E-01
  1.076033E-01
  1.073618E-01
  1.070097E-01
  1.067089E-01
  1.064022E-01
  1.060009E-01
  1.056106E-01
  1.052754E-01
  1.049025E-01
  1.045898E-01
  1.043397E-01
  1.040897E-01
  1.038833E-01
  1.037131E-01
  1.035660E-01
  1.034680E-01
  1.033844E-01
  1.033149E-01
  1.032848E-01
  1.032606E-01
  1.032367E-01
  1.032346E-01
  1.032340E-01
  1.032314E-01
  1.032282E-01
  1.032240E-01
  1.032192E-01
  1.032140E-01
  1.032216E-01
  1.032313E-01
  1.032414E-01
  1.032517E-01
  1.032617E-01
  1.032711E-01
  1.032795E-01
  1.032872E-01
  1.032930E-01
  1.032975E-01
  1.033006E-01
  1.033018E-01
  1.033010E-01
  1.033055E-01
  1.033105E-01
  1.033124E-01
  1.033594E-01
  1.033543E-01
  1.033458E-01
  1.033506E-01
  1.033608E-01
  1.033868E-01
  1.034376E-01
  1.035245E-01
  1.209277E-01
  2.269579E-02
 -1.105059E-01
 -1.106560E-01
 -1.108061E-01
 -1.109561E-01
 -1.111062E-01
 -1.112563E-01
 -1.114063E-01
 -1.115564E-01
 -1.117064E-01
 -1.114315E-01
 -1.111461E-01
 -1.108606E-01
 -1.105752E-01
 -1.102897E-01
 -1.100043E-01
 -1.097188E-01
 -1.092533E-01
 -1.084575E-01
 -1.076618E-01
 -1.068660E-01
 -1.060702E-01
 -1.052745E-01
 -1.044787E-01
 -1.036162E-01
 -1.022199E-01
 -1.008236E-01
 -9.942732E-02
 -9.803100E-02
 -9.663469E-02
 -9.523838E-02
 -9.368041E-02
 -9.158516E-02
 -8.948991E-02
 -8.739465E-02
 -8.529940E-02
 -8.320415E-02
 -8.110889E-02
 -7.847961E-02
 -7.561657E-02
 -7.275353E-02
 -6.989049E-02
 -6.702745E-02
 -6.416440E-02
 -6.097264E-02
 -5.743405E-02
 -5.389546E-02
 -5.035686E-02
 -4.681827E-02
 -4.327967E-02
 -3.967643E-02
 -3.602790E-02
 -3.237938E-02
 -2.873086E-02
  3.205941E-02
  3.569894E-02
  3.856998E-02
  4.142892E-02
  4.428786E-02
  4.714680E-02
  5.000575E-02
  5.234925E-02
  5.442853E-02
  5.650781E-02
  5.858709E-02
  6.066637E-02
  6.248994E-02
  6.414577E-02
  6.580161E-02
  6.745744E-02
  6.911327E-02
  7.084699E-02
  7.260024E-02
  7.435348E-02
  7.610673E-02
  7.802779E-02
  8.049413E-02
  8.296046E-02
  8.542679E-02
  8.789313E-02
  9.076563E-02
  9.368357E-02
  9.660150E-02
  9.951944E-02
  1.010127E-01
  1.021047E-01
  1.031968E-01
  1.042888E-01
  1.017274E-01
  9.860586E-02
  9.548430E-02
  9.140793E-02
  8.190042E-02
  7.239292E-02
  6.288540E-02
  4.822646E-02
  3.038144E-02
 -4.461330E-02
 -6.500133E-02
 -9.252422E-02
 -1.200471E-01
 -1.481063E-01
 -1.827372E-01
 -2.173679E-01
 -2.521272E-01
 -2.894669E-01
 -3.268063E-01
 -3.639793E-01
 -4.003463E-01
 -4.367130E-01
 -4.714381E-01
 -5.040590E-01
 -5.366796E-01
 -5.645496E-01
 -5.915290E-01
 -6.159523E-01
 -6.361316E-01
 -6.560675E-01
 -6.688504E-01
 -6.816332E-01
 -6.882133E-01
 -6.933104E-01
 -6.928083E-01
 -6.898203E-01
 -6.813207E-01
 -6.702714E-01
 -6.533186E-01
 -6.346553E-01
 -6.092886E-01
 -5.821577E-01
 -5.502724E-01
 -5.150257E-01
 -4.773301E-01
 -4.349492E-01
 -3.900696E-01
 -3.426703E-01
 -2.920656E-01
 -2.385909E-01
 -1.828164E-01
 -1.247311E-01
 -6.437584E-02
  5.520828E-02
  1.198574E-01
  1.864963E-01
  2.550108E-01
  3.252849E-01
  3.972045E-01
  4.706585E-01
  5.457457E-01
 -2.355430E-01
  1.868311E-02
  9.799842E-01
  9.799842E-01
  9.799842E-01
  9.799842E-01
  9.799842E-01
  9.799842E-01
  9.799842E-01
  9.799842E-01
  9.799842E-01
  9.799842E-01
  9.799842E-01
  9.799842E-01
  9.799842E-01
  9.799842E-01
  9.799842E-01
  9.799842E-01
  9.799842E-01
  9.799841E-01
  9.799841E-01
  9.799841E-01
  9.799841E-01
  9.799840E-01
  9.799840E-01
  9.799840E-01
  9.799839E-01
  9.799839E-01
  9.799839E-01
  9.799838E-01
  9.799838E-01
  9.799837E-01
  9.799837E-01
  9.799836E-01
  9.799836E-01
  9.799835E-01
  9.799835E-01
  9.799834E-01
  9.799834E-01
  9.799833E-01
  9.799832E-01
  9.799832E-01
  9.799831E-01
  9.799830E-01
  9.799830E-01
  9.799829E-01
  9.799829E-01
  9.799828E-01
  9.799828E-01
  9.799827E-01
  9.799827E-01
  9.799826E-01
  9.799826E-01
  9.799825E-01
  9.799825E-01
  9.799825E-01
  9.799826E-01
  9.799826E-01
  9.799826E-01
  9.799827E-01
  9.799827E-01
  9.799828E-01
  9.799828E-01
  9.799828E-01
  9.799829E-01
  9.799829E-01
  9.799829E-01
  9.799830E-01
  9.799830E-01
  9.799830E-01
  9.799831E-01
  9.799831E-01
  9.799831E-01
  9.799832E-01
  9.799832E-01
  9.799832E-01
  9.799833E-01
  9.799833E-01
  9.799834E-01
  9.799835E-01
  9.799835E-01
  9.799836E-01
  9.799837E-01
  9.799838E-01
  9.799839E-01
  9.799839E-01
  9.799839E-01
  9.799840E-01
  9.799840E-01
  9.799839E-01
  9.799838E-01
  9.799837E-01
  9.799836E-01
  9.799834E-01
  9.799832E-01
  9.799830E-01
  9.799827E-01
  9.799825E-01
  9.799827E-01
  9.799830E-01
  9.799837E-01
  9.799845E-01
  9.799857E-01
  9.799874E-01
  9.799894E-01
  9.799919E-01
  9.799949E-01
  9.799983E-01
  9.800022E-01
  9.800063E-01
  9.800108E-01
  9.800156E-01
  9.800203E-01
  9.800254E-01
  9.800300E-01
  9.800346E-01
  9.800390E-01
  9.800428E-01
  9.800466E-01
  9.800492E-01
  9.800517E-01
  9.800531E-01
  9.800541E-01
  9.800540E-01
  9.800534E-01
  9.800517E-01
  9.800494E-01
  9.800461E-01
  9.800425E-01
  9.800378E-01
  9.800330E-01
  9.800276E-01
  9.800220E-01
  9.800164E-01
  9.800106E-01
  9.800051E-01
  9.799999E-01
  9.799951E-01
  9.799909E-01
  9.799874E-01
  9.799847E-01
  9.799830E-01
  9.799828E-01
  9.799845E-01
  9.799876E-01
  9.799921E-01
  9.799982E-01
  9.800059E-01
  9.800154E-01
  9.800268E-01
  7.134835E-01
  4.028552E-06
 -3.098261E+02
 -3.097704E+02
 -3.097148E+02
 -3.096591E+02
 -3.096035E+02
 -3.095478E+02
 -3.094922E+02
 -3.094365E+02
 -3.093808E+02
 -3.091490E+02
 -3.089128E+02
 -3.086767E+02
 -3.084405E+02
 -3.082043E+02
 -3.079681E+02
 -3.077320E+02
 -3.073998E+02
 -3.068917E+02
 -3.063836E+02
 -3.058755E+02
 -3.053674E+02
 -3.048593E+02
 -3.043513E+02
 -3.038139E+02
 -3.030414E+02
 -3.022689E+02
 -3.014965E+02
 -3.007241E+02
 -2.999517E+02
 -2.991794E+02
 -2.983560E+02
 -2.973630E+02
 -2.963700E+02
 -2.953771E+02
 -2.943843E+02
 -2.933915E+02
 -2.923988E+02
 -2.912551E+02
 -2.900454E+02
 -2.888358E+02
 -2.876263E+02
 -2.864169E+02
 -2.852076E+02
 -2.838928E+02
 -2.824665E+02
 -2.810405E+02
 -2.796146E+02
 -2.781889E+02
 -2.767633E+02
 -2.752377E+02
 -2.736420E+02
 -2.720466E+02
 -2.704515E+02
 -2.688566E+02
 -2.672620E+02
 -2.655677E+02
 -2.638722E+02
 -2.621771E+02
 -2.604822E+02
 -2.587877E+02
 -2.570415E+02
 -2.552689E+02
 -2.534967E+02
 -2.517249E+02
 -2.499535E+02
 -2.481326E+02
 -2.462794E+02
 -2.444268E+02
 -2.425746E+02
 -2.407228E+02
 -2.387907E+02
 -2.368387E+02
 -2.348873E+02
 -2.329365E+02
 -2.309474E+02
 -2.288332E+02
 -2.267195E+02
 -2.246063E+02
 -2.224936E+02
 -2.202563E+02
 -2.180054E+02
 -2.157549E+02
 -2.135049E+02
 -2.112668E+02
 -2.090325E+02
 -2.067987E+02
 -2.045653E+02
 -2.024472E+02
 -2.003471E+02
 -1.982475E+02
 -1.961784E+02
 -1.942809E+02
 -1.923832E+02
 -1.904854E+02
 -1.888310E+02
 -1.873256E+02
 -1.858184E+02
 -1.844509E+02
 -1.834765E+02
 -1.824973E+02
 -1.815408E+02
 -1.809120E+02
 -1.802759E+02
 -1.796353E+02
 -1.790388E+02
 -1.784344E+02
 -1.777915E+02
 -1.769913E+02
 -1.761845E+02
 -1.751946E+02
 -1.739730E+02
 -1.727470E+02
 -1.710111E+02
 -1.691782E+02
 -1.670677E+02
 -1.644995E+02
 -1.619046E+02
 -1.585235E+02
 -1.551445E+02
 -1.510470E+02
 -1.467810E+02
 -1.418746E+02
 -1.366874E+02
 -1.308803E+02
 -1.247896E+02
 -1.180062E+02
 -1.110248E+02
 -1.031782E+02
 -9.507691E+01
 -8.627141E+01
 -7.687292E+01
 -6.702696E+01
 -5.615944E+01
 -4.459357E+01
 -3.226621E+01
 -1.878444E+01
 -3.945626E+00
  1.228037E+01
  3.027546E+01
  5.065727E+01
  7.451833E+01
  1.037912E+02
  1.415804E+02
  1.930106E+02
  2.628771E+02
  3.345032E+02
  3.853966E+02
  4.940781E+02
  9.609937E+01
  3.966741E-04
  1.107081E+04
  1.106909E+04
  1.106738E+04
  1.106567E+04
  1.106396E+04
  1.106225E+04
  1.106053E+04
  1.105882E+04
  1.105711E+04
  1.105221E+04
  1.104724E+04
  1.104226E+04
  1.103728E+04
  1.103231E+04
  1.102733E+04
  1.102236E+04
  1.101633E+04
  1.100839E+04
  1.100044E+04
  1.099250E+04
  1.098455E+04
  1.097660E+04
  1.096866E+04
  1.096035E+04
  1.094910E+04
  1.093786E+04
  1.092661E+04
  1.091537E+04
  1.090412E+04
  1.089288E+04
  1.088080E+04
  1.086596E+04
  1.085111E+04
  1.083627E+04
  1.082142E+04
  1.080657E+04
  1.079173E+04
  1.077432E+04
  1.075578E+04
  1.073725E+04
  1.071872E+04
  1.070019E+04
  1.068165E+04
  1.066135E+04
  1.063917E+04
  1.061700E+04
  1.059482E+04
  1.057265E+04
  1.055048E+04
  1.052617E+04
  1.050037E+04
  1.047457E+04
  1.044877E+04
  1.042298E+04
  1.039718E+04
  1.036782E+04
  1.033841E+04
  1.030900E+04
  1.027960E+04
  1.025019E+04
  1.021848E+04
  1.018559E+04
  1.015270E+04
  1.011981E+04
  1.008693E+04
  1.005198E+04
  1.001569E+04
  9.979392E+03
  9.943102E+03
  9.906815E+03
  9.867700E+03
  9.827877E+03
  9.788058E+03
  9.748242E+03
  9.707565E+03
  9.664082E+03
  9.620601E+03
  9.577123E+03
  9.533646E+03
  9.486866E+03
  9.439717E+03
  9.392569E+03
  9.345423E+03
  9.295498E+03
  9.244791E+03
  9.194086E+03
  9.143382E+03
  9.089917E+03
  9.036031E+03
  8.982146E+03
  8.927862E+03
  8.871297E+03
  8.814737E+03
  8.758182E+03
  8.700096E+03
  8.641071E+03
  8.582059E+03
  8.522403E+03
  8.460924E+03
  8.399474E+03
  8.337875E+03
  8.274132E+03
  8.210434E+03
  8.146656E+03
  8.080395E+03
  8.014190E+03
  7.947450E+03
  7.877917E+03
  7.808437E+03
  7.737228E+03
  7.663785E+03
  7.590387E+03
  7.513357E+03
  7.435675E+03
  7.356365E+03
  7.274321E+03
  7.192162E+03
  7.105821E+03
  7.019501E+03
  6.929808E+03
  6.839321E+03
  6.746009E+03
  6.651452E+03
  6.554110E+03
  6.455487E+03
  6.353784E+03
  6.251198E+03
  6.145049E+03
  6.037962E+03
  5.928327E+03
  5.816859E+03
  5.704051E+03
  5.588560E+03
  5.471484E+03
  5.352736E+03
  5.231596E+03
  5.107913E+03
  4.982044E+03
  4.854230E+03
  4.725853E+03
  4.601363E+03
  4.491310E+03
  4.413670E+03
  4.404239E+03
  4.500956E+03
  4.471098E+03
  4.036398E+03
  4.547002E+03
  1.354323E+03
 -7.065808E-05
 -4.902744E+00
 -4.576605E+00
 -4.250464E+00
 -3.924323E+00
 -3.598180E+00
 -3.272036E+00
 -2.945891E+00
 -2.619745E+00
 -2.293598E+00
 -1.503361E+00
 -7.016231E-01
  1.001167E-01
  9.018580E-01
  1.703601E+00
  2.505346E+00
  3.307092E+00
  4.212579E+00
  5.308330E+00
  6.404082E+00
  7.499833E+00
  8.595585E+00
  9.691336E+00
  1.078709E+01
  1.193121E+01
  1.346259E+01
  1.499397E+01
  1.652534E+01
  1.805671E+01
  1.958807E+01
  2.111943E+01
  2.280046E+01
  2.497889E+01
  2.715731E+01
  2.933571E+01
  3.151410E+01
  3.369247E+01
  3.587082E+01
  3.867221E+01
  4.174626E+01
  4.482027E+01
  4.789424E+01
  5.096816E+01
  5.404203E+01
  5.754573E+01
  6.150289E+01
  6.545995E+01
  6.941691E+01
  7.337378E+01
  7.733054E+01
  8.134176E+01
  8.539104E+01
  8.944015E+01
  9.348911E+01
  9.753790E+01
  1.015865E+02
  1.048001E+02
  1.080004E+02
  1.112005E+02
  1.144004E+02
  1.176002E+02
  1.198623E+02
  1.216438E+02
  1.234251E+02
  1.252063E+02
  1.269873E+02
  1.274646E+02
  1.270865E+02
  1.267085E+02
  1.263303E+02
  1.259522E+02
  1.232919E+02
  1.200594E+02
  1.168269E+02
  1.135945E+02
  1.099362E+02
  1.048941E+02
  9.985201E+01
  9.480993E+01
  8.976787E+01
  8.730956E+01
  8.514022E+01
  8.297081E+01
  8.080133E+01
  8.390680E+01
  8.849791E+01
  9.308892E+01
  9.767983E+01
  1.082079E+02
  1.196458E+02
  1.310832E+02
  1.434374E+02
  1.610095E+02
  1.785794E+02
  1.961472E+02
  2.166408E+02
  2.389410E+02
  2.612365E+02
  2.833189E+02
  3.048104E+02
  3.262952E+02
  3.471824E+02
  3.608232E+02
  3.744587E+02
  3.876477E+02
  3.919803E+02
  3.963113E+02
  3.993916E+02
  3.964146E+02
  3.934389E+02
  3.882159E+02
  3.801129E+02
  3.720130E+02
  3.611773E+02
  3.498319E+02
  3.377962E+02
  3.246116E+02
  3.113881E+02
  2.969143E+02
  2.824442E+02
  2.654827E+02
  2.479288E+02
  2.272213E+02
  2.051161E+02
  1.810384E+02
  1.560499E+02
  1.304278E+02
  1.046230E+02
  7.932736E+01
  5.437032E+01
  3.042183E+01
  7.536955E+00
 -1.455443E+01
 -3.477050E+01
 -5.380929E+01
 -7.161677E+01
 -8.769519E+01
 -1.020134E+02
 -1.147525E+02
 -1.256973E+02
 -1.345417E+02
 -1.407931E+02
 -1.436312E+02
 -1.418466E+02
 -1.345836E+02
 -1.226079E+02
 -1.057570E+02
 -9.226697E+01
  7.601987E+02
  4.420391E+03
  2.673679E-02
