 Title= "ADflow Lift Distribution Data"
Variables = "eta" "CoordinateX" "CoordinateY" "CoordinateZ" "Lift" "Drag" "Moment" "Normalized Lift" "Normalized Drag" "Normalized Moment" "CL" "CD" "CM" "CLp" "CDp" "CMp" "CLv" "CDv" "CMv" "Elliptical" "thickness" "twist" "chord" "fx" "fy" "fz" 
Zone T= "LiftDist_01 allWalls: : z normal"
 I=          150
 DATAPACKING=BLOCK
  0.000000E+00
  6.711405E-03
  1.342281E-02
  2.013422E-02
  2.684563E-02
  3.355704E-02
  4.026845E-02
  4.697986E-02
  5.369127E-02
  6.040268E-02
  6.711409E-02
  7.382550E-02
  8.053691E-02
  8.724832E-02
  9.395973E-02
  1.006711E-01
  1.073825E-01
  1.140940E-01
  1.208054E-01
  1.275168E-01
  1.342282E-01
  1.409396E-01
  1.476510E-01
  1.543624E-01
  1.610738E-01
  1.677852E-01
  1.744966E-01
  1.812081E-01
  1.879195E-01
  1.946309E-01
  2.013423E-01
  2.080537E-01
  2.147651E-01
  2.214765E-01
  2.281879E-01
  2.348993E-01
  2.416107E-01
  2.483221E-01
  2.550336E-01
  2.617450E-01
  2.684564E-01
  2.751678E-01
  2.818792E-01
  2.885906E-01
  2.953020E-01
  3.020134E-01
  3.087248E-01
  3.154362E-01
  3.221476E-01
  3.288591E-01
  3.355705E-01
  3.422819E-01
  3.489933E-01
  3.557047E-01
  3.624161E-01
  3.691275E-01
  3.758389E-01
  3.825503E-01
  3.892617E-01
  3.959732E-01
  4.026846E-01
  4.093960E-01
  4.161074E-01
  4.228188E-01
  4.295302E-01
  4.362416E-01
  4.429530E-01
  4.496644E-01
  4.563758E-01
  4.630872E-01
  4.697987E-01
  4.765101E-01
  4.832215E-01
  4.899329E-01
  4.966443E-01
  5.033557E-01
  5.100671E-01
  5.167785E-01
  5.234899E-01
  5.302013E-01
  5.369128E-01
  5.436242E-01
  5.503356E-01
  5.570470E-01
  5.637584E-01
  5.704698E-01
  5.771812E-01
  5.838926E-01
  5.906040E-01
  5.973154E-01
  6.040268E-01
  6.107383E-01
  6.174497E-01
  6.241611E-01
  6.308725E-01
  6.375839E-01
  6.442953E-01
  6.510067E-01
  6.577181E-01
  6.644295E-01
  6.711409E-01
  6.778524E-01
  6.845638E-01
  6.912752E-01
  6.979866E-01
  7.046980E-01
  7.114094E-01
  7.181208E-01
  7.248322E-01
  7.315436E-01
  7.382550E-01
  7.449664E-01
  7.516779E-01
  7.583893E-01
  7.651007E-01
  7.718121E-01
  7.785235E-01
  7.852349E-01
  7.919463E-01
  7.986577E-01
  8.053691E-01
  8.120805E-01
  8.187919E-01
  8.255034E-01
  8.322148E-01
  8.389262E-01
  8.456376E-01
  8.523490E-01
  8.590604E-01
  8.657718E-01
  8.724832E-01
  8.791946E-01
  8.859060E-01
  8.926175E-01
  8.993289E-01
  9.060403E-01
  9.127517E-01
  9.194631E-01
  9.261745E-01
  9.328859E-01
  9.395973E-01
  9.463087E-01
  9.530201E-01
  9.597315E-01
  9.664430E-01
  9.731544E-01
  9.798658E-01
  9.865772E-01
  9.932886E-01
  1.000000E+00
  0.000000E+00
  0.000000E+00
  0.000000E+00
  0.000000E+00
  0.000000E+00
  0.000000E+00
  0.000000E+00
  0.000000E+00
  0.000000E+00
  0.000000E+00
  0.000000E+00
  0.000000E+00
  0.000000E+00
  0.000000E+00
  0.000000E+00
  0.000000E+00
  0.000000E+00
  0.000000E+00
  0.000000E+00
  0.000000E+00
  0.000000E+00
  0.000000E+00
  0.000000E+00
  0.000000E+00
  0.000000E+00
  0.000000E+00
  0.000000E+00
  0.000000E+00
  0.000000E+00
  0.000000E+00
  0.000000E+00
  0.000000E+00
  0.000000E+00
  0.000000E+00
  0.000000E+00
  0.000000E+00
  0.000000E+00
  0.000000E+00
  0.000000E+00
  0.000000E+00
  0.000000E+00
  0.000000E+00
  0.000000E+00
  0.000000E+00
  0.000000E+00
  0.000000E+00
  0.000000E+00
  0.000000E+00
  0.000000E+00
  0.000000E+00
  0.000000E+00
  0.000000E+00
  0.000000E+00
  0.000000E+00
  0.000000E+00
  0.000000E+00
  0.000000E+00
  0.000000E+00
  0.000000E+00
  0.000000E+00
  0.000000E+00
  0.000000E+00
  0.000000E+00
  0.000000E+00
  0.000000E+00
  0.000000E+00
  0.000000E+00
  0.000000E+00
  0.000000E+00
  0.000000E+00
  0.000000E+00
  0.000000E+00
  0.000000E+00
  0.000000E+00
  0.000000E+00
  0.000000E+00
  0.000000E+00
  0.000000E+00
  0.000000E+00
  0.000000E+00
  0.000000E+00
  0.000000E+00
  0.000000E+00
  0.000000E+00
  0.000000E+00
  0.000000E+00
  0.000000E+00
  0.000000E+00
  0.000000E+00
  0.000000E+00
  0.000000E+00
  0.000000E+00
  0.000000E+00
  0.000000E+00
  0.000000E+00
  0.000000E+00
  0.000000E+00
  0.000000E+00
  0.000000E+00
  0.000000E+00
  0.000000E+00
  0.000000E+00
  0.000000E+00
  0.000000E+00
  0.000000E+00
  0.000000E+00
  0.000000E+00
  0.000000E+00
  0.000000E+00
  0.000000E+00
  0.000000E+00
  0.000000E+00
  0.000000E+00
  0.000000E+00
  0.000000E+00
  0.000000E+00
  0.000000E+00
  0.000000E+00
  0.000000E+00
  0.000000E+00
  0.000000E+00
  0.000000E+00
  0.000000E+00
  0.000000E+00
  0.000000E+00
  0.000000E+00
  0.000000E+00
  0.000000E+00
  0.000000E+00
  0.000000E+00
  0.000000E+00
  0.000000E+00
  0.000000E+00
  0.000000E+00
  0.000000E+00
  0.000000E+00
  0.000000E+00
  0.000000E+00
  0.000000E+00
  0.000000E+00
  0.000000E+00
  0.000000E+00
  0.000000E+00
  0.000000E+00
  0.000000E+00
  0.000000E+00
  0.000000E+00
  0.000000E+00
  0.000000E+00
  0.000000E+00
  0.000000E+00
  0.000000E+00
  0.000000E+00
  0.000000E+00
  0.000000E+00
  0.000000E+00
  0.000000E+00
  0.000000E+00
  0.000000E+00
  0.000000E+00
  0.000000E+00
  0.000000E+00
  0.000000E+00
  0.000000E+00
  0.000000E+00
  0.000000E+00
  0.000000E+00
  0.000000E+00
  0.000000E+00
  0.000000E+00
  0.000000E+00
  0.000000E+00
  0.000000E+00
  0.000000E+00
  0.000000E+00
  0.000000E+00
  0.000000E+00
  0.000000E+00
  0.000000E+00
  0.000000E+00
  0.000000E+00
  0.000000E+00
  0.000000E+00
  0.000000E+00
  0.000000E+00
  0.000000E+00
  0.000000E+00
  0.000000E+00
  0.000000E+00
  0.000000E+00
  0.000000E+00
  0.000000E+00
  0.000000E+00
  0.000000E+00
  0.000000E+00
  0.000000E+00
  0.000000E+00
  0.000000E+00
  0.000000E+00
  0.000000E+00
  0.000000E+00
  0.000000E+00
  0.000000E+00
  0.000000E+00
  0.000000E+00
  0.000000E+00
  0.000000E+00
  0.000000E+00
  0.000000E+00
  0.000000E+00
  0.000000E+00
  0.000000E+00
  0.000000E+00
  0.000000E+00
  0.000000E+00
  0.000000E+00
  0.000000E+00
  0.000000E+00
  0.000000E+00
  0.000000E+00
  0.000000E+00
  0.000000E+00
  0.000000E+00
  0.000000E+00
  0.000000E+00
  0.000000E+00
  0.000000E+00
  0.000000E+00
  0.000000E+00
  0.000000E+00
  0.000000E+00
  0.000000E+00
  0.000000E+00
  0.000000E+00
  0.000000E+00
  0.000000E+00
  0.000000E+00
  0.000000E+00
  0.000000E+00
  0.000000E+00
  0.000000E+00
  0.000000E+00
  0.000000E+00
  0.000000E+00
  0.000000E+00
  0.000000E+00
  0.000000E+00
  0.000000E+00
  0.000000E+00
  0.000000E+00
  0.000000E+00
  0.000000E+00
  0.000000E+00
  0.000000E+00
  0.000000E+00
  0.000000E+00
  0.000000E+00
  0.000000E+00
  0.000000E+00
  0.000000E+00
  0.000000E+00
  0.000000E+00
  0.000000E+00
  0.000000E+00
  0.000000E+00
  0.000000E+00
  0.000000E+00
  0.000000E+00
  0.000000E+00
  0.000000E+00
  0.000000E+00
  0.000000E+00
  0.000000E+00
  0.000000E+00
  0.000000E+00
  0.000000E+00
  0.000000E+00
  0.000000E+00
  0.000000E+00
  0.000000E+00
  0.000000E+00
  0.000000E+00
  0.000000E+00
  0.000000E+00
  0.000000E+00
  0.000000E+00
  0.000000E+00
  0.000000E+00
  0.000000E+00
  0.000000E+00
  0.000000E+00
  0.000000E+00
  0.000000E+00
  0.000000E+00
  0.000000E+00
  0.000000E+00
  0.000000E+00
  0.000000E+00
  0.000000E+00
  0.000000E+00
  1.000000E-08
  1.695085E-02
  3.390169E-02
  5.085254E-02
  6.780338E-02
  8.475423E-02
  1.017051E-01
  1.186559E-01
  1.356068E-01
  1.525576E-01
  1.695085E-01
  1.864593E-01
  2.034101E-01
  2.203610E-01
  2.373118E-01
  2.542627E-01
  2.712135E-01
  2.881644E-01
  3.051152E-01
  3.220661E-01
  3.390169E-01
  3.559678E-01
  3.729186E-01
  3.898694E-01
  4.068203E-01
  4.237711E-01
  4.407220E-01
  4.576728E-01
  4.746237E-01
  4.915745E-01
  5.085254E-01
  5.254762E-01
  5.424271E-01
  5.593779E-01
  5.763287E-01
  5.932796E-01
  6.102304E-01
  6.271813E-01
  6.441321E-01
  6.610830E-01
  6.780338E-01
  6.949847E-01
  7.119355E-01
  7.288864E-01
  7.458372E-01
  7.627880E-01
  7.797389E-01
  7.966897E-01
  8.136406E-01
  8.305914E-01
  8.475423E-01
  8.644931E-01
  8.814440E-01
  8.983948E-01
  9.153457E-01
  9.322965E-01
  9.492473E-01
  9.661982E-01
  9.831490E-01
  1.000100E+00
  1.017051E+00
  1.034002E+00
  1.050952E+00
  1.067903E+00
  1.084854E+00
  1.101805E+00
  1.118756E+00
  1.135707E+00
  1.152657E+00
  1.169608E+00
  1.186559E+00
  1.203510E+00
  1.220461E+00
  1.237412E+00
  1.254363E+00
  1.271313E+00
  1.288264E+00
  1.305215E+00
  1.322166E+00
  1.339117E+00
  1.356068E+00
  1.373018E+00
  1.389969E+00
  1.406920E+00
  1.423871E+00
  1.440822E+00
  1.457773E+00
  1.474724E+00
  1.491674E+00
  1.508625E+00
  1.525576E+00
  1.542527E+00
  1.559478E+00
  1.576429E+00
  1.593379E+00
  1.610330E+00
  1.627281E+00
  1.644232E+00
  1.661183E+00
  1.678134E+00
  1.695085E+00
  1.712035E+00
  1.728986E+00
  1.745937E+00
  1.762888E+00
  1.779839E+00
  1.796790E+00
  1.813740E+00
  1.830691E+00
  1.847642E+00
  1.864593E+00
  1.881544E+00
  1.898495E+00
  1.915446E+00
  1.932396E+00
  1.949347E+00
  1.966298E+00
  1.983249E+00
  2.000200E+00
  2.017151E+00
  2.034101E+00
  2.051052E+00
  2.068003E+00
  2.084954E+00
  2.101905E+00
  2.118856E+00
  2.135807E+00
  2.152757E+00
  2.169708E+00
  2.186659E+00
  2.203610E+00
  2.220561E+00
  2.237512E+00
  2.254462E+00
  2.271413E+00
  2.288364E+00
  2.305315E+00
  2.322266E+00
  2.339217E+00
  2.356168E+00
  2.373118E+00
  2.390069E+00
  2.407020E+00
  2.423971E+00
  2.440922E+00
  2.457873E+00
  2.474823E+00
  2.491774E+00
  2.508725E+00
  2.525676E+00
  1.105636E+04
  1.105453E+04
  1.105270E+04
  1.105087E+04
  1.104904E+04
  1.104721E+04
  1.104539E+04
  1.104356E+04
  1.104173E+04
  1.103645E+04
  1.103108E+04
  1.102572E+04
  1.102035E+04
  1.101499E+04
  1.100962E+04
  1.100426E+04
  1.099777E+04
  1.098923E+04
  1.098069E+04
  1.097214E+04
  1.096360E+04
  1.095506E+04
  1.094652E+04
  1.093761E+04
  1.092574E+04
  1.091387E+04
  1.090200E+04
  1.089013E+04
  1.087827E+04
  1.086640E+04
  1.085371E+04
  1.083830E+04
  1.082288E+04
  1.080747E+04
  1.079206E+04
  1.077664E+04
  1.076123E+04
  1.074335E+04
  1.072438E+04
  1.070541E+04
  1.068644E+04
  1.066747E+04
  1.064850E+04
  1.062787E+04
  1.060547E+04
  1.058308E+04
  1.056069E+04
  1.053830E+04
  1.051591E+04
  1.049155E+04
  1.046581E+04
  1.044008E+04
  1.041434E+04
  1.038861E+04
  1.036288E+04
  1.033390E+04
  1.030487E+04
  1.027585E+04
  1.024682E+04
  1.021781E+04
  1.018670E+04
  1.015452E+04
  1.012235E+04
  1.009018E+04
  1.005802E+04
  1.002394E+04
  9.988612E+03
  9.953288E+03
  9.917968E+03
  9.882651E+03
  9.844600E+03
  9.805865E+03
  9.767133E+03
  9.728404E+03
  9.688816E+03
  9.646429E+03
  9.604045E+03
  9.561662E+03
  9.519281E+03
  9.473516E+03
  9.427374E+03
  9.381232E+03
  9.335091E+03
  9.286017E+03
  9.236118E+03
  9.186219E+03
  9.136322E+03
  9.083464E+03
  9.030155E+03
  8.976847E+03
  8.923111E+03
  8.866931E+03
  8.810756E+03
  8.754585E+03
  8.696782E+03
  8.637976E+03
  8.579181E+03
  8.519713E+03
  8.458342E+03
  8.396995E+03
  8.335495E+03
  8.271862E+03
  8.208266E+03
  8.144587E+03
  8.078515E+03
  8.012489E+03
  7.945937E+03
  7.876666E+03
  7.807440E+03
  7.736506E+03
  7.663370E+03
  7.590273E+03
  7.513567E+03
  7.436209E+03
  7.357218E+03
  7.275484E+03
  7.193632E+03
  7.107548E+03
  7.021483E+03
  6.931961E+03
  6.841625E+03
  6.748369E+03
  6.653824E+03
  6.556429E+03
  6.457724E+03
  6.355916E+03
  6.253217E+03
  6.146955E+03
  6.039753E+03
  5.929999E+03
  5.818403E+03
  5.705456E+03
  5.589797E+03
  5.472525E+03
  5.353547E+03
  5.232120E+03
  5.108057E+03
  4.981692E+03
  4.853208E+03
  4.723898E+03
  4.598076E+03
  4.486110E+03
  4.405745E+03
  4.392274E+03
  4.482856E+03
  4.446193E+03
  4.005668E+03
  4.501193E+03
  1.344981E+03
 -1.132237E-04
  6.310505E+02
  6.309611E+02
  6.308717E+02
  6.307824E+02
  6.306930E+02
  6.306036E+02
  6.305142E+02
  6.304249E+02
  6.303355E+02
  6.301484E+02
  6.299590E+02
  6.297695E+02
  6.295801E+02
  6.293906E+02
  6.292011E+02
  6.290116E+02
  6.288259E+02
  6.286471E+02
  6.284683E+02
  6.282895E+02
  6.281107E+02
  6.279319E+02
  6.277530E+02
  6.275718E+02
  6.273720E+02
  6.271721E+02
  6.269722E+02
  6.267723E+02
  6.265724E+02
  6.263724E+02
  6.261522E+02
  6.258646E+02
  6.255769E+02
  6.252892E+02
  6.250015E+02
  6.247138E+02
  6.244260E+02
  6.240650E+02
  6.236720E+02
  6.232789E+02
  6.228858E+02
  6.224926E+02
  6.220994E+02
  6.216409E+02
  6.211136E+02
  6.205862E+02
  6.200587E+02
  6.195312E+02
  6.190036E+02
  6.183423E+02
  6.175873E+02
  6.168323E+02
  6.160771E+02
  6.153220E+02
  6.145667E+02
  6.134972E+02
  6.124226E+02
  6.113480E+02
  6.102734E+02
  6.091987E+02
  6.079196E+02
  6.065358E+02
  6.051519E+02
  6.037679E+02
  6.023838E+02
  6.008586E+02
  5.992407E+02
  5.976226E+02
  5.960043E+02
  5.943859E+02
  5.926677E+02
  5.909241E+02
  5.891802E+02
  5.874361E+02
  5.856993E+02
  5.839875E+02
  5.822753E+02
  5.805627E+02
  5.788497E+02
  5.771761E+02
  5.755067E+02
  5.738371E+02
  5.721671E+02
  5.703676E+02
  5.685314E+02
  5.666950E+02
  5.648583E+02
  5.627063E+02
  5.605059E+02
  5.583051E+02
  5.560312E+02
  5.533425E+02
  5.506541E+02
  5.479662E+02
  5.448204E+02
  5.413933E+02
  5.379686E+02
  5.343093E+02
  5.299896E+02
  5.256764E+02
  5.213215E+02
  5.163845E+02
  5.114580E+02
  5.065299E+02
  5.013791E+02
  4.962398E+02
  4.911132E+02
  4.860035E+02
  4.809040E+02
  4.759095E+02
  4.710448E+02
  4.661874E+02
  4.616691E+02
  4.572173E+02
  4.529601E+02
  4.490212E+02
  4.451020E+02
  4.417349E+02
  4.383662E+02
  4.354902E+02
  4.327293E+02
  4.303778E+02
  4.282060E+02
  4.263974E+02
  4.247558E+02
  4.235031E+02
  4.223635E+02
  4.217182E+02
  4.212292E+02
  4.211683E+02
  4.214968E+02
  4.221251E+02
  4.234706E+02
  4.253392E+02
  4.277857E+02
  4.311280E+02
  4.355601E+02
  4.411514E+02
  4.483014E+02
  4.577437E+02
  4.709508E+02
  4.907624E+02
  5.218277E+02
  5.723279E+02
  6.502499E+02
  7.189208E+02
  7.318977E+02
  8.837266E+02
  2.130166E+02
  3.892496E-04
  1.794833E+03
  1.794515E+03
  1.794197E+03
  1.793878E+03
  1.793560E+03
  1.793242E+03
  1.792924E+03
  1.792605E+03
  1.792287E+03
  1.791349E+03
  1.790395E+03
  1.789442E+03
  1.788488E+03
  1.787534E+03
  1.786581E+03
  1.785627E+03
  1.784453E+03
  1.782875E+03
  1.781297E+03
  1.779719E+03
  1.778140E+03
  1.776562E+03
  1.774984E+03
  1.773326E+03
  1.771027E+03
  1.768728E+03
  1.766429E+03
  1.764130E+03
  1.761831E+03
  1.759532E+03
  1.757043E+03
  1.753924E+03
  1.750805E+03
  1.747686E+03
  1.744567E+03
  1.741448E+03
  1.738329E+03
  1.734634E+03
  1.730687E+03
  1.726740E+03
  1.722793E+03
  1.718846E+03
  1.714899E+03
  1.710583E+03
  1.705876E+03
  1.701169E+03
  1.696463E+03
  1.691757E+03
  1.687051E+03
  1.681986E+03
  1.676670E+03
  1.671354E+03
  1.666039E+03
  1.660724E+03
  1.655410E+03
  1.649712E+03
  1.644009E+03
  1.638307E+03
  1.632606E+03
  1.626905E+03
  1.621051E+03
  1.615120E+03
  1.609189E+03
  1.603259E+03
  1.597331E+03
  1.591243E+03
  1.585051E+03
  1.578860E+03
  1.572669E+03
  1.566480E+03
  1.560046E+03
  1.553550E+03
  1.547055E+03
  1.540560E+03
  1.534040E+03
  1.527431E+03
  1.520822E+03
  1.514214E+03
  1.507607E+03
  1.500992E+03
  1.494376E+03
  1.487761E+03
  1.481146E+03
  1.474367E+03
  1.467543E+03
  1.460719E+03
  1.453895E+03
  1.446927E+03
  1.439937E+03
  1.432947E+03
  1.425982E+03
  1.419151E+03
  1.412321E+03
  1.405493E+03
  1.398701E+03
  1.391932E+03
  1.385168E+03
  1.378300E+03
  1.371135E+03
  1.363980E+03
  1.356796E+03
  1.349152E+03
  1.341524E+03
  1.333887E+03
  1.325731E+03
  1.317597E+03
  1.309307E+03
  1.300179E+03
  1.291072E+03
  1.281325E+03
  1.270751E+03
  1.260195E+03
  1.248213E+03
  1.235975E+03
  1.223088E+03
  1.209111E+03
  1.195087E+03
  1.179399E+03
  1.163717E+03
  1.146780E+03
  1.129545E+03
  1.111438E+03
  1.092946E+03
  1.073821E+03
  1.054404E+03
  1.034547E+03
  1.014564E+03
  9.944223E+02
  9.743418E+02
  9.544667E+02
  9.350162E+02
  9.159016E+02
  8.978176E+02
  8.805346E+02
  8.641272E+02
  8.490705E+02
  8.355720E+02
  8.236927E+02
  8.140812E+02
  8.081577E+02
  8.092103E+02
  8.243394E+02
  8.654654E+02
  9.510576E+02
  1.095428E+03
  1.205753E+03
  1.137720E+03
  1.288756E+03
  2.073959E+02
 -8.254954E-11
  1.244154E+00
  1.243948E+00
  1.243742E+00
  1.243536E+00
  1.243331E+00
  1.243125E+00
  1.242919E+00
  1.242713E+00
  1.242507E+00
  1.241913E+00
  1.241309E+00
  1.240706E+00
  1.240102E+00
  1.239498E+00
  1.238895E+00
  1.238291E+00
  1.237561E+00
  1.236600E+00
  1.235638E+00
  1.234677E+00
  1.233716E+00
  1.232755E+00
  1.231793E+00
  1.230791E+00
  1.229455E+00
  1.228120E+00
  1.226784E+00
  1.225449E+00
  1.224113E+00
  1.222778E+00
  1.221350E+00
  1.219615E+00
  1.217881E+00
  1.216147E+00
  1.214412E+00
  1.212678E+00
  1.210944E+00
  1.208931E+00
  1.206796E+00
  1.204662E+00
  1.202527E+00
  1.200393E+00
  1.198258E+00
  1.195936E+00
  1.193416E+00
  1.190897E+00
  1.188377E+00
  1.185858E+00
  1.183338E+00
  1.180597E+00
  1.177701E+00
  1.174804E+00
  1.171908E+00
  1.169013E+00
  1.166117E+00
  1.162856E+00
  1.159590E+00
  1.156324E+00
  1.153058E+00
  1.149793E+00
  1.146292E+00
  1.142672E+00
  1.139051E+00
  1.135431E+00
  1.131812E+00
  1.127977E+00
  1.124002E+00
  1.120027E+00
  1.116052E+00
  1.112078E+00
  1.107796E+00
  1.103438E+00
  1.099079E+00
  1.094721E+00
  1.090266E+00
  1.085497E+00
  1.080727E+00
  1.075958E+00
  1.071189E+00
  1.066039E+00
  1.060847E+00
  1.055654E+00
  1.050462E+00
  1.044940E+00
  1.039325E+00
  1.033710E+00
  1.028095E+00
  1.022147E+00
  1.016148E+00
  1.010150E+00
  1.004103E+00
  9.977810E-01
  9.914597E-01
  9.851389E-01
  9.786344E-01
  9.720171E-01
  9.654010E-01
  9.587091E-01
  9.518031E-01
  9.448999E-01
  9.379794E-01
  9.308188E-01
  9.236626E-01
  9.164968E-01
  9.090619E-01
  9.016321E-01
  8.941431E-01
  8.863481E-01
  8.785582E-01
  8.705762E-01
  8.623462E-01
  8.541209E-01
  8.454892E-01
  8.367843E-01
  8.278955E-01
  8.186982E-01
  8.094875E-01
  7.998005E-01
  7.901158E-01
  7.800421E-01
  7.698767E-01
  7.593827E-01
  7.487437E-01
  7.377841E-01
  7.266769E-01
  7.152206E-01
  7.036641E-01
  6.917066E-01
  6.796434E-01
  6.672930E-01
  6.547352E-01
  6.420255E-01
  6.290105E-01
  6.158141E-01
  6.024258E-01
  5.887617E-01
  5.748012E-01
  5.605815E-01
  5.461234E-01
  5.315724E-01
  5.174139E-01
  5.048145E-01
  4.957712E-01
  4.942553E-01
  5.044483E-01
  5.003227E-01
  4.507511E-01
  5.065118E-01
  1.513485E-01
 -1.274087E-08
  1.126714E+00
  1.126554E+00
  1.126395E+00
  1.126235E+00
  1.126075E+00
  1.125916E+00
  1.125756E+00
  1.125597E+00
  1.125437E+00
  1.125103E+00
  1.124765E+00
  1.124427E+00
  1.124088E+00
  1.123750E+00
  1.123412E+00
  1.123073E+00
  1.122742E+00
  1.122423E+00
  1.122103E+00
  1.121784E+00
  1.121465E+00
  1.121146E+00
  1.120826E+00
  1.120503E+00
  1.120146E+00
  1.119789E+00
  1.119432E+00
  1.119075E+00
  1.118718E+00
  1.118361E+00
  1.117968E+00
  1.117455E+00
  1.116941E+00
  1.116427E+00
  1.115914E+00
  1.115400E+00
  1.114886E+00
  1.114242E+00
  1.113540E+00
  1.112838E+00
  1.112136E+00
  1.111434E+00
  1.110732E+00
  1.109913E+00
  1.108972E+00
  1.108030E+00
  1.107088E+00
  1.106147E+00
  1.105205E+00
  1.104024E+00
  1.102676E+00
  1.101328E+00
  1.099980E+00
  1.098631E+00
  1.097283E+00
  1.095373E+00
  1.093455E+00
  1.091536E+00
  1.089617E+00
  1.087698E+00
  1.085415E+00
  1.082944E+00
  1.080473E+00
  1.078002E+00
  1.075531E+00
  1.072807E+00
  1.069919E+00
  1.067030E+00
  1.064140E+00
  1.061251E+00
  1.058183E+00
  1.055070E+00
  1.051956E+00
  1.048842E+00
  1.045741E+00
  1.042685E+00
  1.039628E+00
  1.036570E+00
  1.033511E+00
  1.030523E+00
  1.027543E+00
  1.024562E+00
  1.021580E+00
  1.018367E+00
  1.015089E+00
  1.011810E+00
  1.008530E+00
  1.004688E+00
  1.000759E+00
  9.968301E-01
  9.927701E-01
  9.879695E-01
  9.831695E-01
  9.783702E-01
  9.727536E-01
  9.666347E-01
  9.605201E-01
  9.539864E-01
  9.462739E-01
  9.385729E-01
  9.307973E-01
  9.219826E-01
  9.131864E-01
  9.043875E-01
  8.951910E-01
  8.860151E-01
  8.768617E-01
  8.677386E-01
  8.586337E-01
  8.497161E-01
  8.410304E-01
  8.323577E-01
  8.242905E-01
  8.163420E-01
  8.087409E-01
  8.017083E-01
  7.947107E-01
  7.886988E-01
  7.826842E-01
  7.775492E-01
  7.726197E-01
  7.684213E-01
  7.645436E-01
  7.613145E-01
  7.583834E-01
  7.561467E-01
  7.541120E-01
  7.529598E-01
  7.520867E-01
  7.519781E-01
  7.525646E-01
  7.536864E-01
  7.560887E-01
  7.594250E-01
  7.637931E-01
  7.697607E-01
  7.776741E-01
  7.876570E-01
  8.004231E-01
  8.172820E-01
  8.408626E-01
  8.762353E-01
  9.317012E-01
  1.021867E+00
  1.160993E+00
  1.283603E+00
  1.306772E+00
  1.577856E+00
  3.803320E-01
  6.949886E-07
  1.237033E+00
  1.236813E+00
  1.236594E+00
  1.236375E+00
  1.236155E+00
  1.235936E+00
  1.235717E+00
  1.235497E+00
  1.235278E+00
  1.234631E+00
  1.233974E+00
  1.233317E+00
  1.232659E+00
  1.232002E+00
  1.231345E+00
  1.230688E+00
  1.229879E+00
  1.228791E+00
  1.227703E+00
  1.226615E+00
  1.225528E+00
  1.224440E+00
  1.223352E+00
  1.222210E+00
  1.220625E+00
  1.219040E+00
  1.217456E+00
  1.215871E+00
  1.214287E+00
  1.212702E+00
  1.210987E+00
  1.208837E+00
  1.206688E+00
  1.204538E+00
  1.202388E+00
  1.200239E+00
  1.198089E+00
  1.195542E+00
  1.192822E+00
  1.190101E+00
  1.187381E+00
  1.184661E+00
  1.181941E+00
  1.178966E+00
  1.175722E+00
  1.172478E+00
  1.169234E+00
  1.165990E+00
  1.162747E+00
  1.159256E+00
  1.155592E+00
  1.151929E+00
  1.148265E+00
  1.144602E+00
  1.140940E+00
  1.137013E+00
  1.133082E+00
  1.129152E+00
  1.125222E+00
  1.121293E+00
  1.117259E+00
  1.113171E+00
  1.109083E+00
  1.104996E+00
  1.100910E+00
  1.096714E+00
  1.092447E+00
  1.088180E+00
  1.083913E+00
  1.079648E+00
  1.075213E+00
  1.070736E+00
  1.066259E+00
  1.061783E+00
  1.057289E+00
  1.052734E+00
  1.048179E+00
  1.043625E+00
  1.039071E+00
  1.034512E+00
  1.029952E+00
  1.025393E+00
  1.020834E+00
  1.016162E+00
  1.011458E+00
  1.006755E+00
  1.002052E+00
  9.972492E-01
  9.924315E-01
  9.876142E-01
  9.828135E-01
  9.781054E-01
  9.733984E-01
  9.686925E-01
  9.640107E-01
  9.593458E-01
  9.546839E-01
  9.499501E-01
  9.450117E-01
  9.400804E-01
  9.351293E-01
  9.298606E-01
  9.246036E-01
  9.193398E-01
  9.137190E-01
  9.081128E-01
  9.023988E-01
  8.961075E-01
  8.898310E-01
  8.831134E-01
  8.758252E-01
  8.685500E-01
  8.602918E-01
  8.518572E-01
  8.429754E-01
  8.333421E-01
  8.236765E-01
  8.128639E-01
  8.020556E-01
  7.903821E-01
  7.785035E-01
  7.660242E-01
  7.532788E-01
  7.400974E-01
  7.267152E-01
  7.130291E-01
  6.992568E-01
  6.853745E-01
  6.715347E-01
  6.578364E-01
  6.444308E-01
  6.312566E-01
  6.187928E-01
  6.068810E-01
  5.955727E-01
  5.851953E-01
  5.758919E-01
  5.677045E-01
  5.610801E-01
  5.569975E-01
  5.577229E-01
  5.681502E-01
  5.964950E-01
  6.554868E-01
  7.549898E-01
  8.310278E-01
  7.841380E-01
  8.882348E-01
  1.429411E-01
 -5.689470E-14
  9.886094E-01
  9.884459E-01
  9.882823E-01
  9.881188E-01
  9.879552E-01
  9.877916E-01
  9.876281E-01
  9.874645E-01
  9.873010E-01
  9.868289E-01
  9.863492E-01
  9.858695E-01
  9.853898E-01
  9.849102E-01
  9.844305E-01
  9.839508E-01
  9.833708E-01
  9.826070E-01
  9.818432E-01
  9.810794E-01
  9.803156E-01
  9.795518E-01
  9.787880E-01
  9.779912E-01
  9.769300E-01
  9.758688E-01
  9.748077E-01
  9.737466E-01
  9.726855E-01
  9.716244E-01
  9.704899E-01
  9.691117E-01
  9.677335E-01
  9.663554E-01
  9.649773E-01
  9.635992E-01
  9.622212E-01
  9.606219E-01
  9.589257E-01
  9.572296E-01
  9.555336E-01
  9.538376E-01
  9.521417E-01
  9.502967E-01
  9.482944E-01
  9.462923E-01
  9.442902E-01
  9.422883E-01
  9.402865E-01
  9.381084E-01
  9.358068E-01
  9.335055E-01
  9.312043E-01
  9.289034E-01
  9.266026E-01
  9.240114E-01
  9.214159E-01
  9.188207E-01
  9.162257E-01
  9.136310E-01
  9.108494E-01
  9.079724E-01
  9.050956E-01
  9.022191E-01
  8.993430E-01
  8.962960E-01
  8.931370E-01
  8.899784E-01
  8.868201E-01
  8.836622E-01
  8.802597E-01
  8.767961E-01
  8.733328E-01
  8.698697E-01
  8.663299E-01
  8.625399E-01
  8.587500E-01
  8.549603E-01
  8.511708E-01
  8.470787E-01
  8.429529E-01
  8.388272E-01
  8.347015E-01
  8.303136E-01
  8.258518E-01
  8.213902E-01
  8.169286E-01
  8.122023E-01
  8.074355E-01
  8.026689E-01
  7.978640E-01
  7.928404E-01
  7.878172E-01
  7.827944E-01
  7.776254E-01
  7.723666E-01
  7.671087E-01
  7.617904E-01
  7.563016E-01
  7.508147E-01
  7.453140E-01
  7.396220E-01
  7.339331E-01
  7.282365E-01
  7.223256E-01
  7.164185E-01
  7.104642E-01
  7.042667E-01
  6.980731E-01
  6.917269E-01
  6.851839E-01
  6.786444E-01
  6.717828E-01
  6.648631E-01
  6.577976E-01
  6.504877E-01
  6.431672E-01
  6.354695E-01
  6.277737E-01
  6.197697E-01
  6.116931E-01
  6.033563E-01
  5.949046E-01
  5.861988E-01
  5.773760E-01
  5.682764E-01
  5.590971E-01
  5.495996E-01
  5.400181E-01
  5.302086E-01
  5.202341E-01
  5.101387E-01
  4.998006E-01
  4.893180E-01
  4.786825E-01
  4.678276E-01
  4.567367E-01
  4.454393E-01
  4.339520E-01
  4.223903E-01
  4.111398E-01
  4.011275E-01
  3.939402E-01
  3.927337E-01
  4.008305E-01
  3.975490E-01
  3.581566E-01
  4.024580E-01
  1.651827E-01
 -2.462747E-03
  5.642566E-02
  5.641767E-02
  5.640968E-02
  5.640169E-02
  5.639370E-02
  5.638571E-02
  5.637771E-02
  5.636972E-02
  5.636173E-02
  5.634501E-02
  5.632807E-02
  5.631113E-02
  5.629419E-02
  5.627724E-02
  5.626030E-02
  5.624336E-02
  5.622676E-02
  5.621077E-02
  5.619479E-02
  5.617880E-02
  5.616281E-02
  5.614682E-02
  5.613083E-02
  5.611463E-02
  5.609677E-02
  5.607890E-02
  5.606102E-02
  5.604315E-02
  5.602528E-02
  5.600740E-02
  5.598771E-02
  5.596199E-02
  5.593628E-02
  5.591056E-02
  5.588483E-02
  5.585911E-02
  5.583338E-02
  5.580110E-02
  5.576596E-02
  5.573082E-02
  5.569567E-02
  5.566052E-02
  5.562536E-02
  5.558437E-02
  5.553722E-02
  5.549006E-02
  5.544290E-02
  5.539573E-02
  5.534856E-02
  5.528943E-02
  5.522193E-02
  5.515441E-02
  5.508690E-02
  5.501937E-02
  5.495184E-02
  5.485621E-02
  5.476013E-02
  5.466404E-02
  5.456795E-02
  5.447185E-02
  5.435748E-02
  5.423374E-02
  5.410999E-02
  5.398624E-02
  5.386248E-02
  5.372609E-02
  5.358142E-02
  5.343673E-02
  5.329203E-02
  5.314731E-02
  5.299367E-02
  5.283776E-02
  5.268183E-02
  5.252587E-02
  5.237057E-02
  5.221751E-02
  5.206441E-02
  5.191127E-02
  5.175810E-02
  5.160846E-02
  5.145920E-02
  5.130991E-02
  5.116059E-02
  5.099969E-02
  5.083551E-02
  5.067130E-02
  5.050708E-02
  5.031466E-02
  5.011789E-02
  4.992111E-02
  4.971779E-02
  4.947735E-02
  4.923696E-02
  4.899659E-02
  4.871528E-02
  4.840880E-02
  4.810254E-02
  4.777528E-02
  4.738895E-02
  4.700320E-02
  4.661369E-02
  4.617211E-02
  4.573145E-02
  4.529064E-02
  4.482989E-02
  4.437016E-02
  4.391154E-02
  4.345444E-02
  4.299824E-02
  4.255143E-02
  4.211624E-02
  4.168169E-02
  4.127751E-02
  4.087928E-02
  4.049847E-02
  4.014616E-02
  3.979562E-02
  3.949450E-02
  3.919325E-02
  3.893611E-02
  3.868927E-02
  3.847910E-02
  3.828501E-02
  3.812344E-02
  3.797682E-02
  3.786500E-02
  3.776331E-02
  3.770585E-02
  3.766237E-02
  3.765718E-02
  3.768680E-02
  3.774323E-02
  3.786378E-02
  3.803110E-02
  3.825007E-02
  3.854911E-02
  3.894558E-02
  3.944567E-02
  4.008510E-02
  4.092945E-02
  4.211035E-02
  4.388173E-02
  4.665929E-02
  5.117451E-02
  5.814150E-02
  6.428112E-02
  6.544077E-02
  7.901524E-02
  2.616145E-02
  8.466633E-03
  1.604858E-01
  1.604574E-01
  1.604289E-01
  1.604004E-01
  1.603720E-01
  1.603435E-01
  1.603151E-01
  1.602866E-01
  1.602582E-01
  1.601743E-01
  1.600890E-01
  1.600037E-01
  1.599185E-01
  1.598332E-01
  1.597479E-01
  1.596627E-01
  1.595577E-01
  1.594166E-01
  1.592755E-01
  1.591344E-01
  1.589933E-01
  1.588521E-01
  1.587110E-01
  1.585628E-01
  1.583572E-01
  1.581516E-01
  1.579461E-01
  1.577405E-01
  1.575350E-01
  1.573294E-01
  1.571069E-01
  1.568280E-01
  1.565491E-01
  1.562702E-01
  1.559913E-01
  1.557125E-01
  1.554336E-01
  1.551032E-01
  1.547503E-01
  1.543974E-01
  1.540444E-01
  1.536915E-01
  1.533387E-01
  1.529527E-01
  1.525318E-01
  1.521110E-01
  1.516902E-01
  1.512694E-01
  1.508486E-01
  1.503957E-01
  1.499204E-01
  1.494451E-01
  1.489698E-01
  1.484946E-01
  1.480194E-01
  1.475100E-01
  1.470000E-01
  1.464902E-01
  1.459804E-01
  1.454706E-01
  1.449472E-01
  1.444168E-01
  1.438865E-01
  1.433563E-01
  1.428262E-01
  1.422818E-01
  1.417281E-01
  1.411745E-01
  1.406210E-01
  1.400676E-01
  1.394922E-01
  1.389114E-01
  1.383306E-01
  1.377499E-01
  1.371668E-01
  1.365759E-01
  1.359850E-01
  1.353942E-01
  1.348033E-01
  1.342119E-01
  1.336203E-01
  1.330288E-01
  1.324374E-01
  1.318313E-01
  1.312211E-01
  1.306109E-01
  1.300008E-01
  1.293777E-01
  1.287526E-01
  1.281276E-01
  1.275048E-01
  1.268940E-01
  1.262833E-01
  1.256727E-01
  1.250652E-01
  1.244599E-01
  1.238550E-01
  1.232407E-01
  1.225998E-01
  1.219598E-01
  1.213172E-01
  1.206333E-01
  1.199509E-01
  1.192675E-01
  1.185378E-01
  1.178100E-01
  1.170681E-01
  1.162513E-01
  1.154364E-01
  1.145643E-01
  1.136181E-01
  1.126737E-01
  1.116018E-01
  1.105071E-01
  1.093545E-01
  1.081044E-01
  1.068502E-01
  1.054474E-01
  1.040451E-01
  1.025308E-01
  1.009899E-01
  9.937117E-02
  9.771802E-02
  9.600842E-02
  9.427279E-02
  9.249784E-02
  9.071170E-02
  8.891137E-02
  8.711651E-02
  8.534004E-02
  8.360152E-02
  8.189298E-02
  8.027658E-02
  7.873175E-02
  7.726514E-02
  7.591925E-02
  7.471262E-02
  7.365070E-02
  7.279148E-02
  7.226194E-02
  7.235603E-02
  7.370866E-02
  7.738569E-02
  8.503851E-02
  9.794672E-02
  1.078104E-01
  1.017263E-01
  1.152295E-01
  2.547115E-02
 -1.795549E-09
  9.887409E-01
  9.885774E-01
  9.884139E-01
  9.882503E-01
  9.880868E-01
  9.879233E-01
  9.877597E-01
  9.875962E-01
  9.874326E-01
  9.869607E-01
  9.864811E-01
  9.860015E-01
  9.855219E-01
  9.850423E-01
  9.845627E-01
  9.840831E-01
  9.835033E-01
  9.827398E-01
  9.819762E-01
  9.812126E-01
  9.804490E-01
  9.796855E-01
  9.789219E-01
  9.781253E-01
  9.770646E-01
  9.760038E-01
  9.749430E-01
  9.738823E-01
  9.728216E-01
  9.717609E-01
  9.706269E-01
  9.692492E-01
  9.678716E-01
  9.664940E-01
  9.651165E-01
  9.637390E-01
  9.623615E-01
  9.607629E-01
  9.590674E-01
  9.573721E-01
  9.556768E-01
  9.539815E-01
  9.522864E-01
  9.504422E-01
  9.484408E-01
  9.464395E-01
  9.444384E-01
  9.424373E-01
  9.404364E-01
  9.382593E-01
  9.359587E-01
  9.336584E-01
  9.313583E-01
  9.290583E-01
  9.267586E-01
  9.241684E-01
  9.215739E-01
  9.189797E-01
  9.163858E-01
  9.137921E-01
  9.110116E-01
  9.081355E-01
  9.052598E-01
  9.023843E-01
  8.995092E-01
  8.964632E-01
  8.933052E-01
  8.901476E-01
  8.869903E-01
  8.838332E-01
  8.804317E-01
  8.769690E-01
  8.735066E-01
  8.700445E-01
  8.665055E-01
  8.627164E-01
  8.589274E-01
  8.551386E-01
  8.513499E-01
  8.472587E-01
  8.431337E-01
  8.390088E-01
  8.348840E-01
  8.304969E-01
  8.260360E-01
  8.215753E-01
  8.171146E-01
  8.123893E-01
  8.076235E-01
  8.028579E-01
  7.980540E-01
  7.930315E-01
  7.880094E-01
  7.829878E-01
  7.778200E-01
  7.725625E-01
  7.673059E-01
  7.619890E-01
  7.565016E-01
  7.510162E-01
  7.455170E-01
  7.398266E-01
  7.341394E-01
  7.284444E-01
  7.225353E-01
  7.166300E-01
  7.106775E-01
  7.044819E-01
  6.982902E-01
  6.919460E-01
  6.854050E-01
  6.788676E-01
  6.720081E-01
  6.650907E-01
  6.580275E-01
  6.507200E-01
  6.434019E-01
  6.357068E-01
  6.280135E-01
  6.200124E-01
  6.119387E-01
  6.036049E-01
  5.951563E-01
  5.864537E-01
  5.776343E-01
  5.685382E-01
  5.593625E-01
  5.498691E-01
  5.402916E-01
  5.304866E-01
  5.205172E-01
  5.104273E-01
  5.000961E-01
  4.896217E-01
  4.789958E-01
  4.681533E-01
  4.570785E-01
  4.458016E-01
  4.343403E-01
  4.228115E-01
  4.116016E-01
  4.016369E-01
  3.945007E-01
  3.933395E-01
  4.014579E-01
  3.981568E-01
  3.587238E-01
  4.027372E-01
  1.645911E-01
 -3.485106E-03
  5.022803E-02
  5.022041E-02
  5.021279E-02
  5.020517E-02
  5.019755E-02
  5.018993E-02
  5.018231E-02
  5.017469E-02
  5.016707E-02
  5.015105E-02
  5.013482E-02
  5.011860E-02
  5.010238E-02
  5.008615E-02
  5.006992E-02
  5.005370E-02
  5.003768E-02
  5.002203E-02
  5.000639E-02
  4.999074E-02
  4.997509E-02
  4.995944E-02
  4.994379E-02
  4.992788E-02
  4.990990E-02
  4.989193E-02
  4.987394E-02
  4.985596E-02
  4.983798E-02
  4.981999E-02
  4.980016E-02
  4.977419E-02
  4.974822E-02
  4.972225E-02
  4.969628E-02
  4.967030E-02
  4.964432E-02
  4.961181E-02
  4.957644E-02
  4.954106E-02
  4.950568E-02
  4.947029E-02
  4.943490E-02
  4.939371E-02
  4.934640E-02
  4.929908E-02
  4.925176E-02
  4.920443E-02
  4.915709E-02
  4.909784E-02
  4.903024E-02
  4.896264E-02
  4.889503E-02
  4.882741E-02
  4.875978E-02
  4.866410E-02
  4.856796E-02
  4.847182E-02
  4.837567E-02
  4.827952E-02
  4.816511E-02
  4.804134E-02
  4.791756E-02
  4.779377E-02
  4.766998E-02
  4.753357E-02
  4.738888E-02
  4.724418E-02
  4.709946E-02
  4.695473E-02
  4.680103E-02
  4.664507E-02
  4.648908E-02
  4.633305E-02
  4.617765E-02
  4.602432E-02
  4.587096E-02
  4.571755E-02
  4.556412E-02
  4.541385E-02
  4.526391E-02
  4.511394E-02
  4.496395E-02
  4.480199E-02
  4.463665E-02
  4.447127E-02
  4.430588E-02
  4.411186E-02
  4.391343E-02
  4.371498E-02
  4.350992E-02
  4.326739E-02
  4.302489E-02
  4.278242E-02
  4.249888E-02
  4.219010E-02
  4.188153E-02
  4.155201E-02
  4.116361E-02
  4.077577E-02
  4.038421E-02
  3.994118E-02
  3.949904E-02
  3.905677E-02
  3.859547E-02
  3.813515E-02
  3.767611E-02
  3.721956E-02
  3.676387E-02
  3.631808E-02
  3.588460E-02
  3.545172E-02
  3.505010E-02
  3.465457E-02
  3.427669E-02
  3.392774E-02
  3.358053E-02
  3.328296E-02
  3.298524E-02
  3.273150E-02
  3.248802E-02
  3.228090E-02
  3.208973E-02
  3.193068E-02
  3.178638E-02
  3.167640E-02
  3.157639E-02
  3.151979E-02
  3.147677E-02
  3.147090E-02
  3.149808E-02
  3.155062E-02
  3.166214E-02
  3.181522E-02
  3.201371E-02
  3.228072E-02
  3.262842E-02
  3.306096E-02
  3.360839E-02
  3.432980E-02
  3.535128E-02
  3.692690E-02
  3.948733E-02
  4.380694E-02
  5.068216E-02
  5.694627E-02
  5.848804E-02
  7.257182E-02
  1.987856E-02
  1.219433E-03
  1.609476E-01
  1.609191E-01
  1.608906E-01
  1.608621E-01
  1.608336E-01
  1.608051E-01
  1.607766E-01
  1.607481E-01
  1.607196E-01
  1.606356E-01
  1.605502E-01
  1.604648E-01
  1.603794E-01
  1.602940E-01
  1.602086E-01
  1.601232E-01
  1.600180E-01
  1.598767E-01
  1.597354E-01
  1.595941E-01
  1.594528E-01
  1.593115E-01
  1.591702E-01
  1.590217E-01
  1.588158E-01
  1.586100E-01
  1.584041E-01
  1.581983E-01
  1.579924E-01
  1.577866E-01
  1.575637E-01
  1.572844E-01
  1.570051E-01
  1.567257E-01
  1.564464E-01
  1.561671E-01
  1.558878E-01
  1.555568E-01
  1.552032E-01
  1.548497E-01
  1.544961E-01
  1.541426E-01
  1.537891E-01
  1.534023E-01
  1.529805E-01
  1.525588E-01
  1.521370E-01
  1.517153E-01
  1.512936E-01
  1.508397E-01
  1.503631E-01
  1.498865E-01
  1.494101E-01
  1.489336E-01
  1.484572E-01
  1.479463E-01
  1.474348E-01
  1.469234E-01
  1.464121E-01
  1.459009E-01
  1.453759E-01
  1.448438E-01
  1.443118E-01
  1.437800E-01
  1.432482E-01
  1.427021E-01
  1.421467E-01
  1.415914E-01
  1.410362E-01
  1.404811E-01
  1.399042E-01
  1.393218E-01
  1.387395E-01
  1.381573E-01
  1.375728E-01
  1.369808E-01
  1.363888E-01
  1.357968E-01
  1.352048E-01
  1.346126E-01
  1.340203E-01
  1.334280E-01
  1.328358E-01
  1.322289E-01
  1.316179E-01
  1.310069E-01
  1.303960E-01
  1.297716E-01
  1.291452E-01
  1.285189E-01
  1.278945E-01
  1.272813E-01
  1.266682E-01
  1.260553E-01
  1.254445E-01
  1.248353E-01
  1.242265E-01
  1.236079E-01
  1.229614E-01
  1.223158E-01
  1.216675E-01
  1.209765E-01
  1.202870E-01
  1.195966E-01
  1.188589E-01
  1.181232E-01
  1.173733E-01
  1.165484E-01
  1.157253E-01
  1.148451E-01
  1.138910E-01
  1.129386E-01
  1.118593E-01
  1.107571E-01
  1.095973E-01
  1.083406E-01
  1.070797E-01
  1.056712E-01
  1.042631E-01
  1.027439E-01
  1.011982E-01
  9.957543E-02
  9.791855E-02
  9.620590E-02
  9.446757E-02
  9.269066E-02
  9.090278E-02
  8.910162E-02
  8.730619E-02
  8.552986E-02
  8.379209E-02
  8.208477E-02
  8.047073E-02
  7.892909E-02
  7.746662E-02
  7.612639E-02
  7.492733E-02
  7.387493E-02
  7.302761E-02
  7.251279E-02
  7.262631E-02
  7.399943E-02
  7.769795E-02
  8.536924E-02
  9.828534E-02
  1.081377E-01
  1.020258E-01
  1.154144E-01
  2.541485E-02
 -3.402402E-09
 -1.315128E-04
 -1.315334E-04
 -1.315540E-04
 -1.315746E-04
 -1.315952E-04
 -1.316158E-04
 -1.316364E-04
 -1.316570E-04
 -1.316776E-04
 -1.317732E-04
 -1.318708E-04
 -1.319683E-04
 -1.320658E-04
 -1.321633E-04
 -1.322608E-04
 -1.323583E-04
 -1.325034E-04
 -1.327357E-04
 -1.329680E-04
 -1.332002E-04
 -1.334325E-04
 -1.336648E-04
 -1.338970E-04
 -1.341471E-04
 -1.345398E-04
 -1.349324E-04
 -1.353251E-04
 -1.357177E-04
 -1.361104E-04
 -1.365030E-04
 -1.369345E-04
 -1.374952E-04
 -1.380559E-04
 -1.386166E-04
 -1.391773E-04
 -1.397379E-04
 -1.402986E-04
 -1.409799E-04
 -1.417141E-04
 -1.424482E-04
 -1.431823E-04
 -1.439164E-04
 -1.446505E-04
 -1.454634E-04
 -1.463596E-04
 -1.472557E-04
 -1.481518E-04
 -1.490477E-04
 -1.499437E-04
 -1.509053E-04
 -1.519130E-04
 -1.529205E-04
 -1.539279E-04
 -1.549351E-04
 -1.559423E-04
 -1.569829E-04
 -1.580238E-04
 -1.590645E-04
 -1.601050E-04
 -1.611454E-04
 -1.621688E-04
 -1.631834E-04
 -1.641977E-04
 -1.652118E-04
 -1.662256E-04
 -1.672112E-04
 -1.681782E-04
 -1.691449E-04
 -1.701113E-04
 -1.710775E-04
 -1.720033E-04
 -1.729188E-04
 -1.738340E-04
 -1.747491E-04
 -1.756514E-04
 -1.765129E-04
 -1.773743E-04
 -1.782356E-04
 -1.790968E-04
 -1.799336E-04
 -1.807677E-04
 -1.816017E-04
 -1.824358E-04
 -1.833089E-04
 -1.841930E-04
 -1.850771E-04
 -1.859610E-04
 -1.869462E-04
 -1.879465E-04
 -1.889464E-04
 -1.899673E-04
 -1.911093E-04
 -1.922501E-04
 -1.933898E-04
 -1.946270E-04
 -1.959232E-04
 -1.972169E-04
 -1.985576E-04
 -2.000337E-04
 -2.015056E-04
 -2.029873E-04
 -2.046342E-04
 -2.062754E-04
 -2.079184E-04
 -2.097075E-04
 -2.114896E-04
 -2.132905E-04
 -2.152097E-04
 -2.171215E-04
 -2.190944E-04
 -2.211483E-04
 -2.231953E-04
 -2.253814E-04
 -2.275890E-04
 -2.298659E-04
 -2.322626E-04
 -2.346627E-04
 -2.372796E-04
 -2.398938E-04
 -2.427046E-04
 -2.455616E-04
 -2.485871E-04
 -2.516877E-04
 -2.549542E-04
 -2.582981E-04
 -2.618489E-04
 -2.654602E-04
 -2.694129E-04
 -2.735127E-04
 -2.780351E-04
 -2.831101E-04
 -2.886184E-04
 -2.955156E-04
 -3.036812E-04
 -3.133398E-04
 -3.256766E-04
 -3.418468E-04
 -3.623111E-04
 -3.883115E-04
 -4.211729E-04
 -4.617586E-04
 -5.094054E-04
 -5.604951E-04
 -6.057681E-04
 -6.274150E-04
 -6.077631E-04
 -5.671620E-04
 -2.792367E-04
  5.916010E-04
  1.022359E-03
  6.197634E-03
  6.197263E-03
  6.196891E-03
  6.196520E-03
  6.196149E-03
  6.195778E-03
  6.195407E-03
  6.195036E-03
  6.194665E-03
  6.193958E-03
  6.193242E-03
  6.192526E-03
  6.191810E-03
  6.191095E-03
  6.190379E-03
  6.189663E-03
  6.189080E-03
  6.188740E-03
  6.188400E-03
  6.188060E-03
  6.187721E-03
  6.187381E-03
  6.187041E-03
  6.186751E-03
  6.186861E-03
  6.186971E-03
  6.187080E-03
  6.187190E-03
  6.187299E-03
  6.187409E-03
  6.187551E-03
  6.187802E-03
  6.188053E-03
  6.188303E-03
  6.188554E-03
  6.188805E-03
  6.189056E-03
  6.189294E-03
  6.189526E-03
  6.189758E-03
  6.189991E-03
  6.190224E-03
  6.190456E-03
  6.190655E-03
  6.190817E-03
  6.190979E-03
  6.191142E-03
  6.191305E-03
  6.191468E-03
  6.191590E-03
  6.191682E-03
  6.191775E-03
  6.191868E-03
  6.191963E-03
  6.192058E-03
  6.192111E-03
  6.192165E-03
  6.192220E-03
  6.192276E-03
  6.192333E-03
  6.192372E-03
  6.192402E-03
  6.192434E-03
  6.192467E-03
  6.192501E-03
  6.192523E-03
  6.192537E-03
  6.192552E-03
  6.192569E-03
  6.192587E-03
  6.192637E-03
  6.192695E-03
  6.192755E-03
  6.192815E-03
  6.192924E-03
  6.193188E-03
  6.193452E-03
  6.193717E-03
  6.193982E-03
  6.194615E-03
  6.195289E-03
  6.195963E-03
  6.196638E-03
  6.197696E-03
  6.198863E-03
  6.200030E-03
  6.201198E-03
  6.202798E-03
  6.204465E-03
  6.206133E-03
  6.207866E-03
  6.209965E-03
  6.212067E-03
  6.214171E-03
  6.216397E-03
  6.218702E-03
  6.221016E-03
  6.223267E-03
  6.225339E-03
  6.227429E-03
  6.229486E-03
  6.230929E-03
  6.232404E-03
  6.233864E-03
  6.234415E-03
  6.235005E-03
  6.235427E-03
  6.234880E-03
  6.234374E-03
  6.233347E-03
  6.231639E-03
  6.229969E-03
  6.227412E-03
  6.224713E-03
  6.221779E-03
  6.218428E-03
  6.215092E-03
  6.211542E-03
  6.208008E-03
  6.204612E-03
  6.201255E-03
  6.198201E-03
  6.195284E-03
  6.192767E-03
  6.190435E-03
  6.188607E-03
  6.186926E-03
  6.186064E-03
  6.185597E-03
  6.186274E-03
  6.188726E-03
  6.192610E-03
  6.201641E-03
  6.215875E-03
  6.236355E-03
  6.268397E-03
  6.317164E-03
  6.384710E-03
  6.476701E-03
  6.599652E-03
  6.759077E-03
  6.954829E-03
  7.171957E-03
  7.367574E-03
  7.459343E-03
  7.334853E-03
  6.952731E-03
  6.443415E-03
  6.282895E-03
  7.247199E-03
 -4.617889E-04
 -4.617488E-04
 -4.617088E-04
 -4.616687E-04
 -4.616287E-04
 -4.615886E-04
 -4.615485E-04
 -4.615085E-04
 -4.614684E-04
 -4.613355E-04
 -4.612002E-04
 -4.610649E-04
 -4.609297E-04
 -4.607945E-04
 -4.606592E-04
 -4.605240E-04
 -4.603642E-04
 -4.601592E-04
 -4.599541E-04
 -4.597492E-04
 -4.595442E-04
 -4.593392E-04
 -4.591342E-04
 -4.589194E-04
 -4.586256E-04
 -4.583317E-04
 -4.580378E-04
 -4.577439E-04
 -4.574500E-04
 -4.571561E-04
 -4.568288E-04
 -4.563903E-04
 -4.559519E-04
 -4.555134E-04
 -4.550749E-04
 -4.546364E-04
 -4.541979E-04
 -4.536158E-04
 -4.529707E-04
 -4.523257E-04
 -4.516807E-04
 -4.510356E-04
 -4.503905E-04
 -4.496126E-04
 -4.486945E-04
 -4.477764E-04
 -4.468583E-04
 -4.459403E-04
 -4.450223E-04
 -4.439206E-04
 -4.426904E-04
 -4.414603E-04
 -4.402304E-04
 -4.390005E-04
 -4.377708E-04
 -4.362747E-04
 -4.347747E-04
 -4.332750E-04
 -4.317755E-04
 -4.302762E-04
 -4.286608E-04
 -4.269860E-04
 -4.253116E-04
 -4.236375E-04
 -4.219637E-04
 -4.202761E-04
 -4.185796E-04
 -4.168835E-04
 -4.151876E-04
 -4.134921E-04
 -4.119431E-04
 -4.104310E-04
 -4.089190E-04
 -4.074073E-04
 -4.059864E-04
 -4.048594E-04
 -4.037326E-04
 -4.026057E-04
 -4.014789E-04
 -4.006834E-04
 -3.999249E-04
 -3.991662E-04
 -3.984074E-04
 -3.976150E-04
 -3.968129E-04
 -3.960107E-04
 -3.952084E-04
 -3.939309E-04
 -3.925806E-04
 -3.912303E-04
 -3.897245E-04
 -3.873344E-04
 -3.849449E-04
 -3.825562E-04
 -3.792511E-04
 -3.753809E-04
 -3.715133E-04
 -3.671864E-04
 -3.615690E-04
 -3.559577E-04
 -3.502411E-04
 -3.431671E-04
 -3.361034E-04
 -3.290086E-04
 -3.210939E-04
 -3.131925E-04
 -3.052533E-04
 -2.970812E-04
 -2.889235E-04
 -2.808513E-04
 -2.728847E-04
 -2.649318E-04
 -2.574160E-04
 -2.499917E-04
 -2.428564E-04
 -2.361916E-04
 -2.295655E-04
 -2.238037E-04
 -2.180490E-04
 -2.130856E-04
 -2.083147E-04
 -2.042590E-04
 -2.005218E-04
 -1.974854E-04
 -1.947733E-04
 -1.928190E-04
 -1.910838E-04
 -1.902490E-04
 -1.896743E-04
 -1.898135E-04
 -1.905709E-04
 -1.917863E-04
 -1.941463E-04
 -1.973482E-04
 -2.014796E-04
 -2.071342E-04
 -2.147052E-04
 -2.242278E-04
 -2.361295E-04
 -2.508460E-04
 -2.702729E-04
 -2.907788E-04
 -3.122636E-04
 -3.307363E-04
 -3.386165E-04
 -3.272961E-04
 -2.994381E-04
 -1.849685E-04
  5.630609E-05
  1.606853E-09
  1.273240E+00
  1.273211E+00
  1.273125E+00
  1.272981E+00
  1.272781E+00
  1.272522E+00
  1.272207E+00
  1.271834E+00
  1.271403E+00
  1.270915E+00
  1.270369E+00
  1.269765E+00
  1.269104E+00
  1.268384E+00
  1.267607E+00
  1.266771E+00
  1.265877E+00
  1.264925E+00
  1.263915E+00
  1.262845E+00
  1.261717E+00
  1.260530E+00
  1.259284E+00
  1.257979E+00
  1.256614E+00
  1.255190E+00
  1.253705E+00
  1.252161E+00
  1.250556E+00
  1.248891E+00
  1.247165E+00
  1.245378E+00
  1.243529E+00
  1.241620E+00
  1.239648E+00
  1.237614E+00
  1.235518E+00
  1.233359E+00
  1.231136E+00
  1.228851E+00
  1.226501E+00
  1.224088E+00
  1.221610E+00
  1.219067E+00
  1.216458E+00
  1.213784E+00
  1.211044E+00
  1.208237E+00
  1.205362E+00
  1.202421E+00
  1.199411E+00
  1.196332E+00
  1.193185E+00
  1.189968E+00
  1.186680E+00
  1.183322E+00
  1.179892E+00
  1.176390E+00
  1.172816E+00
  1.169168E+00
  1.165446E+00
  1.161649E+00
  1.157776E+00
  1.153828E+00
  1.149802E+00
  1.145699E+00
  1.141516E+00
  1.137254E+00
  1.132912E+00
  1.128488E+00
  1.123982E+00
  1.119393E+00
  1.114719E+00
  1.109960E+00
  1.105114E+00
  1.100180E+00
  1.095157E+00
  1.090045E+00
  1.084841E+00
  1.079544E+00
  1.074153E+00
  1.068667E+00
  1.063083E+00
  1.057401E+00
  1.051619E+00
  1.045735E+00
  1.039748E+00
  1.033655E+00
  1.027455E+00
  1.021146E+00
  1.014726E+00
  1.008193E+00
  1.001543E+00
  9.947766E-01
  9.878894E-01
  9.808795E-01
  9.737441E-01
  9.664805E-01
  9.590857E-01
  9.515567E-01
  9.438904E-01
  9.360832E-01
  9.281318E-01
  9.200322E-01
  9.117806E-01
  9.033729E-01
  8.948045E-01
  8.860709E-01
  8.771671E-01
  8.680879E-01
  8.588277E-01
  8.493806E-01
  8.397402E-01
  8.299000E-01
  8.198525E-01
  8.095903E-01
  7.991048E-01
  7.883874E-01
  7.774283E-01
  7.662172E-01
  7.547428E-01
  7.429930E-01
  7.309546E-01
  7.186128E-01
  7.059520E-01
  6.929545E-01
  6.796012E-01
  6.658704E-01
  6.517385E-01
  6.371787E-01
  6.221609E-01
  6.066513E-01
  5.906109E-01
  5.739954E-01
  5.567532E-01
  5.388241E-01
  5.201372E-01
  5.006076E-01
  4.801325E-01
  4.585853E-01
  4.358068E-01
  4.115929E-01
  3.856731E-01
  3.576769E-01
  3.270715E-01
  2.930404E-01
  2.542116E-01
  2.079144E-01
  1.472658E-01
  0.000000E+00
  1.109191E-01
  1.109173E-01
  1.109156E-01
  1.109138E-01
  1.109120E-01
  1.109102E-01
  1.109084E-01
  1.109067E-01
  1.109049E-01
  1.108976E-01
  1.108903E-01
  1.108829E-01
  1.108755E-01
  1.108681E-01
  1.108608E-01
  1.108534E-01
  1.108436E-01
  1.108292E-01
  1.108149E-01
  1.108005E-01
  1.107862E-01
  1.107718E-01
  1.107575E-01
  1.107421E-01
  1.107189E-01
  1.106956E-01
  1.106724E-01
  1.106491E-01
  1.106259E-01
  1.106026E-01
  1.105767E-01
  1.105419E-01
  1.105070E-01
  1.104722E-01
  1.104374E-01
  1.104026E-01
  1.103678E-01
  1.103225E-01
  1.102725E-01
  1.102226E-01
  1.101727E-01
  1.101228E-01
  1.100728E-01
  1.100138E-01
  1.099451E-01
  1.098764E-01
  1.098077E-01
  1.097389E-01
  1.096702E-01
  1.095904E-01
  1.095027E-01
  1.094151E-01
  1.093274E-01
  1.092397E-01
  1.091521E-01
  1.090537E-01
  1.089552E-01
  1.088567E-01
  1.087581E-01
  1.086609E-01
  1.085748E-01
  1.084895E-01
  1.084042E-01
  1.083188E-01
  1.082335E-01
  1.081574E-01
  1.080875E-01
  1.080176E-01
  1.079477E-01
  1.078777E-01
  1.078331E-01
  1.077949E-01
  1.077567E-01
  1.077184E-01
  1.076915E-01
  1.077012E-01
  1.077110E-01
  1.077270E-01
  1.077438E-01
  1.077968E-01
  1.078539E-01
  1.079110E-01
  1.079681E-01
  1.080263E-01
  1.080848E-01
  1.081433E-01
  1.082017E-01
  1.082259E-01
  1.082448E-01
  1.082637E-01
  1.082710E-01
  1.082129E-01
  1.081547E-01
  1.080966E-01
  1.079699E-01
  1.078009E-01
  1.076319E-01
  1.074355E-01
  1.071823E-01
  1.069291E-01
  1.066686E-01
  1.063206E-01
  1.060125E-01
  1.057278E-01
  1.054027E-01
  1.050800E-01
  1.048243E-01
  1.045730E-01
  1.043439E-01
  1.041615E-01
  1.040077E-01
  1.038538E-01
  1.037221E-01
  1.036381E-01
  1.035588E-01
  1.034876E-01
  1.034168E-01
  1.033649E-01
  1.033407E-01
  1.033218E-01
  1.033041E-01
  1.032901E-01
  1.032777E-01
  1.032679E-01
  1.032593E-01
  1.032526E-01
  1.032464E-01
  1.032418E-01
  1.032373E-01
  1.032336E-01
  1.032300E-01
  1.032266E-01
  1.032232E-01
  1.032196E-01
  1.032158E-01
  1.032116E-01
  1.032070E-01
  1.032020E-01
  1.031964E-01
  1.031920E-01
  1.032047E-01
  1.031970E-01
  1.031885E-01
  1.031836E-01
  1.031832E-01
  1.032015E-01
  1.032895E-01
  1.034294E-01
  1.211662E-01
  2.269712E-02
 -1.286107E-01
 -1.286473E-01
 -1.286839E-01
 -1.287205E-01
 -1.287571E-01
 -1.287937E-01
 -1.288303E-01
 -1.288669E-01
 -1.289035E-01
 -1.286186E-01
 -1.283257E-01
 -1.280328E-01
 -1.277399E-01
 -1.274470E-01
 -1.271541E-01
 -1.268613E-01
 -1.264405E-01
 -1.257851E-01
 -1.251297E-01
 -1.244743E-01
 -1.238189E-01
 -1.231635E-01
 -1.225081E-01
 -1.218096E-01
 -1.207657E-01
 -1.197218E-01
 -1.186778E-01
 -1.176339E-01
 -1.165900E-01
 -1.155460E-01
 -1.144130E-01
 -1.129840E-01
 -1.115550E-01
 -1.101260E-01
 -1.086970E-01
 -1.072680E-01
 -1.058390E-01
 -1.042082E-01
 -1.024891E-01
 -1.007700E-01
 -9.905081E-02
 -9.733167E-02
 -9.561252E-02
 -9.391769E-02
 -9.224850E-02
 -9.057931E-02
 -8.891012E-02
 -8.724092E-02
 -8.557173E-02
 -8.442574E-02
 -8.364620E-02
 -8.286666E-02
 -8.208712E-02
 -8.130758E-02
 -8.052804E-02
 -8.154088E-02
 -8.258194E-02
 -8.362299E-02
 -8.466404E-02
 -8.570510E-02
 -8.775614E-02
 -9.032494E-02
 -9.289374E-02
 -9.546254E-02
 -9.803134E-02
 -1.009971E-01
 -1.042233E-01
 -1.074494E-01
 -1.106756E-01
 -1.139018E-01
 -1.166664E-01
 -1.193154E-01
 -1.219643E-01
 -1.246133E-01
 -1.267906E-01
 -1.274356E-01
 -1.280806E-01
 -1.287256E-01
 -1.293705E-01
 -1.280506E-01
 -1.265109E-01
 -1.249711E-01
 -1.234314E-01
 -1.222389E-01
 -1.211442E-01
 -1.200494E-01
 -1.189547E-01
 -1.206958E-01
 -1.228716E-01
 -1.250475E-01
 -1.280980E-01
 -1.361235E-01
 -1.441490E-01
 -1.521745E-01
 -1.652511E-01
 -1.814517E-01
 -1.976522E-01
 -2.164322E-01
 -2.424484E-01
 -2.684645E-01
 -2.950175E-01
 -3.281482E-01
 -3.612787E-01
 -3.945227E-01
 -4.300478E-01
 -4.655726E-01
 -5.008350E-01
 -5.348269E-01
 -5.688184E-01
 -6.008508E-01
 -6.303719E-01
 -6.598928E-01
 -6.839747E-01
 -7.070369E-01
 -7.272221E-01
 -7.426299E-01
 -7.577663E-01
 -7.649252E-01
 -7.720840E-01
 -7.724224E-01
 -7.711302E-01
 -7.639926E-01
 -7.542598E-01
 -7.390454E-01
 -7.212953E-01
 -6.978763E-01
 -6.728148E-01
 -6.414876E-01
 -6.085412E-01
 -5.712460E-01
 -5.309305E-01
 -4.884178E-01
 -4.417587E-01
 -3.929167E-01
 -3.418802E-01
 -2.880753E-01
 -2.318168E-01
 -1.736054E-01
 -1.134429E-01
 -5.137613E-02
  6.956988E-02
  1.352052E-01
  2.024785E-01
  2.712865E-01
  3.415265E-01
  4.130985E-01
  4.859065E-01
  5.600232E-01
 -2.178890E-01
  8.380123E-02
  9.799848E-01
  9.799848E-01
  9.799848E-01
  9.799849E-01
  9.799849E-01
  9.799849E-01
  9.799849E-01
  9.799849E-01
  9.799849E-01
  9.799848E-01
  9.799848E-01
  9.799848E-01
  9.799848E-01
  9.799848E-01
  9.799848E-01
  9.799848E-01
  9.799848E-01
  9.799847E-01
  9.799847E-01
  9.799847E-01
  9.799847E-01
  9.799846E-01
  9.799846E-01
  9.799846E-01
  9.799846E-01
  9.799845E-01
  9.799845E-01
  9.799844E-01
  9.799844E-01
  9.799844E-01
  9.799843E-01
  9.799843E-01
  9.799842E-01
  9.799842E-01
  9.799841E-01
  9.799841E-01
  9.799840E-01
  9.799840E-01
  9.799839E-01
  9.799839E-01
  9.799838E-01
  9.799838E-01
  9.799837E-01
  9.799837E-01
  9.799836E-01
  9.799836E-01
  9.799836E-01
  9.799835E-01
  9.799835E-01
  9.799834E-01
  9.799834E-01
  9.799834E-01
  9.799834E-01
  9.799834E-01
  9.799833E-01
  9.799834E-01
  9.799834E-01
  9.799834E-01
  9.799834E-01
  9.799835E-01
  9.799835E-01
  9.799836E-01
  9.799837E-01
  9.799837E-01
  9.799838E-01
  9.799839E-01
  9.799840E-01
  9.799841E-01
  9.799842E-01
  9.799843E-01
  9.799844E-01
  9.799845E-01
  9.799846E-01
  9.799847E-01
  9.799848E-01
  9.799848E-01
  9.799848E-01
  9.799849E-01
  9.799849E-01
  9.799848E-01
  9.799848E-01
  9.799847E-01
  9.799847E-01
  9.799846E-01
  9.799846E-01
  9.799845E-01
  9.799845E-01
  9.799846E-01
  9.799846E-01
  9.799847E-01
  9.799848E-01
  9.799851E-01
  9.799855E-01
  9.799858E-01
  9.799865E-01
  9.799873E-01
  9.799882E-01
  9.799894E-01
  9.799912E-01
  9.799931E-01
  9.799954E-01
  9.799985E-01
  9.800019E-01
  9.800056E-01
  9.800100E-01
  9.800147E-01
  9.800198E-01
  9.800251E-01
  9.800307E-01
  9.800363E-01
  9.800417E-01
  9.800474E-01
  9.800522E-01
  9.800570E-01
  9.800613E-01
  9.800647E-01
  9.800681E-01
  9.800697E-01
  9.800714E-01
  9.800714E-01
  9.800711E-01
  9.800695E-01
  9.800673E-01
  9.800639E-01
  9.800600E-01
  9.800551E-01
  9.800499E-01
  9.800438E-01
  9.800377E-01
  9.800311E-01
  9.800245E-01
  9.800180E-01
  9.800115E-01
  9.800054E-01
  9.799998E-01
  9.799948E-01
  9.799904E-01
  9.799869E-01
  9.799843E-01
  9.799828E-01
  9.799831E-01
  9.799851E-01
  9.799885E-01
  9.799934E-01
  9.799998E-01
  9.800078E-01
  9.800176E-01
  9.800292E-01
  7.134827E-01
  4.028556E-06
 -3.174501E+02
 -3.173826E+02
 -3.173152E+02
 -3.172477E+02
 -3.171802E+02
 -3.171127E+02
 -3.170452E+02
 -3.169777E+02
 -3.169102E+02
 -3.166448E+02
 -3.163744E+02
 -3.161041E+02
 -3.158337E+02
 -3.155634E+02
 -3.152930E+02
 -3.150227E+02
 -3.146527E+02
 -3.140997E+02
 -3.135468E+02
 -3.129939E+02
 -3.124410E+02
 -3.118882E+02
 -3.113353E+02
 -3.107532E+02
 -3.099366E+02
 -3.091201E+02
 -3.083036E+02
 -3.074872E+02
 -3.066708E+02
 -3.058544E+02
 -3.049881E+02
 -3.039555E+02
 -3.029230E+02
 -3.018906E+02
 -3.008582E+02
 -2.998260E+02
 -2.987938E+02
 -2.976226E+02
 -2.963908E+02
 -2.951591E+02
 -2.939274E+02
 -2.926960E+02
 -2.914646E+02
 -2.901555E+02
 -2.887645E+02
 -2.873737E+02
 -2.859830E+02
 -2.845926E+02
 -2.832023E+02
 -2.817765E+02
 -2.803259E+02
 -2.788756E+02
 -2.774255E+02
 -2.759757E+02
 -2.745261E+02
 -2.731118E+02
 -2.716983E+02
 -2.702851E+02
 -2.688722E+02
 -2.674596E+02
 -2.660719E+02
 -2.646971E+02
 -2.633227E+02
 -2.619486E+02
 -2.605749E+02
 -2.591784E+02
 -2.577671E+02
 -2.563563E+02
 -2.549459E+02
 -2.535360E+02
 -2.519916E+02
 -2.504139E+02
 -2.488367E+02
 -2.472602E+02
 -2.456026E+02
 -2.436808E+02
 -2.417596E+02
 -2.398389E+02
 -2.379187E+02
 -2.356696E+02
 -2.333841E+02
 -2.310989E+02
 -2.288140E+02
 -2.264072E+02
 -2.239664E+02
 -2.215259E+02
 -2.190857E+02
 -2.167063E+02
 -2.143365E+02
 -2.119672E+02
 -2.096341E+02
 -2.075052E+02
 -2.053763E+02
 -2.032474E+02
 -2.014350E+02
 -1.998170E+02
 -1.981975E+02
 -1.967542E+02
 -1.958060E+02
 -1.948534E+02
 -1.939293E+02
 -1.934025E+02
 -1.928686E+02
 -1.923291E+02
 -1.918066E+02
 -1.912766E+02
 -1.906891E+02
 -1.898518E+02
 -1.890083E+02
 -1.879142E+02
 -1.865022E+02
 -1.850863E+02
 -1.830235E+02
 -1.808389E+02
 -1.783205E+02
 -1.752503E+02
 -1.721504E+02
 -1.681382E+02
 -1.641292E+02
 -1.593336E+02
 -1.543535E+02
 -1.487156E+02
 -1.427884E+02
 -1.362555E+02
 -1.294441E+02
 -1.219797E+02
 -1.143262E+02
 -1.058754E+02
 -9.718851E+01
 -8.785660E+01
 -7.797906E+01
 -6.768727E+01
 -5.644879E+01
 -4.455109E+01
 -3.193163E+01
 -1.821003E+01
 -3.177100E+00
  1.320776E+01
  3.132705E+01
  5.180090E+01
  7.572710E+01
  1.050479E+02
  1.428768E+02
  1.943446E+02
  2.642288E+02
  3.357853E+02
  3.864141E+02
  4.952797E+02
  9.713379E+01
  3.975111E-04
  1.106980E+04
  1.106797E+04
  1.106614E+04
  1.106431E+04
  1.106248E+04
  1.106065E+04
  1.105882E+04
  1.105699E+04
  1.105516E+04
  1.104989E+04
  1.104453E+04
  1.103916E+04
  1.103380E+04
  1.102844E+04
  1.102308E+04
  1.101772E+04
  1.101124E+04
  1.100271E+04
  1.099419E+04
  1.098566E+04
  1.097713E+04
  1.096861E+04
  1.096008E+04
  1.095119E+04
  1.093935E+04
  1.092750E+04
  1.091566E+04
  1.090382E+04
  1.089198E+04
  1.088014E+04
  1.086748E+04
  1.085210E+04
  1.083671E+04
  1.082133E+04
  1.080595E+04
  1.079057E+04
  1.077519E+04
  1.075734E+04
  1.073840E+04
  1.071947E+04
  1.070054E+04
  1.068161E+04
  1.066268E+04
  1.064208E+04
  1.061972E+04
  1.059737E+04
  1.057501E+04
  1.055266E+04
  1.053031E+04
  1.050598E+04
  1.048027E+04
  1.045456E+04
  1.042886E+04
  1.040315E+04
  1.037745E+04
  1.034849E+04
  1.031948E+04
  1.029047E+04
  1.026146E+04
  1.023246E+04
  1.020135E+04
  1.016918E+04
  1.013700E+04
  1.010483E+04
  1.007267E+04
  1.003859E+04
  1.000325E+04
  9.967918E+03
  9.932588E+03
  9.897262E+03
  9.859204E+03
  9.820462E+03
  9.781723E+03
  9.742986E+03
  9.703395E+03
  9.661018E+03
  9.618642E+03
  9.576268E+03
  9.533896E+03
  9.488156E+03
  9.442040E+03
  9.395924E+03
  9.349810E+03
  9.300762E+03
  9.250888E+03
  9.201016E+03
  9.151145E+03
  9.098297E+03
  9.044994E+03
  8.991694E+03
  8.937961E+03
  8.881756E+03
  8.825557E+03
  8.769362E+03
  8.711502E+03
  8.652619E+03
  8.593747E+03
  8.534183E+03
  8.472667E+03
  8.411176E+03
  8.349530E+03
  8.285707E+03
  8.221924E+03
  8.158056E+03
  8.091786E+03
  8.025562E+03
  7.958816E+03
  7.889361E+03
  7.819953E+03
  7.748852E+03
  7.675567E+03
  7.602324E+03
  7.525511E+03
  7.448057E+03
  7.368991E+03
  7.287220E+03
  7.205333E+03
  7.119276E+03
  7.033239E+03
  6.943800E+03
  6.853558E+03
  6.760443E+03
  6.666059E+03
  6.568867E+03
  6.470383E+03
  6.368841E+03
  6.266422E+03
  6.160494E+03
  6.053644E+03
  5.944288E+03
  5.833129E+03
  5.720650E+03
  5.605530E+03
  5.488848E+03
  5.370516E+03
  5.249821E+03
  5.126593E+03
  5.001170E+03
  4.873769E+03
  4.745741E+03
  4.621511E+03
  4.511651E+03
  4.434239E+03
  4.425139E+03
  4.522058E+03
  4.491406E+03
  4.053607E+03
  4.560308E+03
  1.358276E+03
 -7.949693E-05
  2.196005E-01
  5.594592E-01
  8.993180E-01
  1.239177E+00
  1.579035E+00
  1.918893E+00
  2.258751E+00
  2.598609E+00
  2.938467E+00
  3.760006E+00
  4.593478E+00
  5.426948E+00
  6.260416E+00
  7.093881E+00
  7.927344E+00
  8.760805E+00
  9.700404E+00
  1.083467E+01
  1.196892E+01
  1.310317E+01
  1.423741E+01
  1.537165E+01
  1.650588E+01
  1.768949E+01
  1.926858E+01
  2.084765E+01
  2.242671E+01
  2.400575E+01
  2.558477E+01
  2.716378E+01
  2.889542E+01
  3.113436E+01
  3.337327E+01
  3.561213E+01
  3.785096E+01
  4.008976E+01
  4.232851E+01
  4.520098E+01
  4.835077E+01
  5.150048E+01
  5.465010E+01
  5.779964E+01
  6.094910E+01
  6.453135E+01
  6.857016E+01
  7.260880E+01
  7.664728E+01
  8.068560E+01
  8.472375E+01
  8.879148E+01
  9.287981E+01
  9.696789E+01
  1.010557E+02
  1.051433E+02
  1.092306E+02
  1.123341E+02
  1.154218E+02
  1.185092E+02
  1.215964E+02
  1.246833E+02
  1.266498E+02
  1.280419E+02
  1.294338E+02
  1.308255E+02
  1.322170E+02
  1.320819E+02
  1.309454E+02
  1.298089E+02
  1.286724E+02
  1.275358E+02
  1.237893E+02
  1.193883E+02
  1.149875E+02
  1.105869E+02
  1.057097E+02
  9.928341E+01
  9.285731E+01
  8.643136E+01
  8.000556E+01
  7.652684E+01
  7.337778E+01
  7.022870E+01
  6.707962E+01
  6.990606E+01
  7.441549E+01
  7.892487E+01
  8.343419E+01
  9.469693E+01
  1.069946E+02
  1.192918E+02
  1.326447E+02
  1.520053E+02
  1.713635E+02
  1.907194E+02
  2.135257E+02
  2.384626E+02
  2.633941E+02
  2.881123E+02
  3.122403E+02
  3.363603E+02
  3.597863E+02
  3.747995E+02
  3.898067E+02
  4.042882E+02
  4.083424E+02
  4.123953E+02
  4.149519E+02
  4.102598E+02
  4.055705E+02
  3.981348E+02
  3.871796E+02
  3.762297E+02
  3.618596E+02
  3.468535E+02
  3.309702E+02
  3.136261E+02
  2.962419E+02
  2.775116E+02
  2.587865E+02
  2.383456E+02
  2.174981E+02
  1.947978E+02
  1.712770E+02
  1.469114E+02
  1.221559E+02
  9.762436E+01
  7.315779E+01
  4.985375E+01
  2.700276E+01
  5.443823E+00
 -1.495057E+01
 -3.448344E+01
 -5.210750E+01
 -6.858133E+01
 -8.386040E+01
 -9.749108E+01
 -1.094681E+02
 -1.199694E+02
 -1.287947E+02
 -1.356500E+02
 -1.400482E+02
 -1.411601E+02
 -1.377473E+02
 -1.289151E+02
 -1.154460E+02
 -9.761299E+01
 -8.416322E+01
  7.713344E+02
  4.432276E+03
  2.709365E-02
