 Title= "ADflow Lift Distribution Data"
Variables = "eta" "CoordinateX" "CoordinateY" "CoordinateZ" "Lift" "Drag" "Moment" "Normalized Lift" "Normalized Drag" "Normalized Moment" "CL" "CD" "CM" "CLp" "CDp" "CMp" "CLv" "CDv" "CMv" "Elliptical" "thickness" "twist" "chord" "fx" "fy" "fz" 
Zone T= "LiftDist_01 allWalls: : z normal"
 I=          150
 DATAPACKING=BLOCK
  0.000000E+00
  6.711405E-03
  1.342281E-02
  2.013422E-02
  2.684563E-02
  3.355704E-02
  4.026845E-02
  4.697986E-02
  5.369127E-02
  6.040268E-02
  6.711409E-02
  7.382550E-02
  8.053691E-02
  8.724832E-02
  9.395973E-02
  1.006711E-01
  1.073825E-01
  1.140940E-01
  1.208054E-01
  1.275168E-01
  1.342282E-01
  1.409396E-01
  1.476510E-01
  1.543624E-01
  1.610738E-01
  1.677852E-01
  1.744966E-01
  1.812081E-01
  1.879195E-01
  1.946309E-01
  2.013423E-01
  2.080537E-01
  2.147651E-01
  2.214765E-01
  2.281879E-01
  2.348993E-01
  2.416107E-01
  2.483221E-01
  2.550336E-01
  2.617450E-01
  2.684564E-01
  2.751678E-01
  2.818792E-01
  2.885906E-01
  2.953020E-01
  3.020134E-01
  3.087248E-01
  3.154362E-01
  3.221476E-01
  3.288591E-01
  3.355705E-01
  3.422819E-01
  3.489933E-01
  3.557047E-01
  3.624161E-01
  3.691275E-01
  3.758389E-01
  3.825503E-01
  3.892617E-01
  3.959732E-01
  4.026846E-01
  4.093960E-01
  4.161074E-01
  4.228188E-01
  4.295302E-01
  4.362416E-01
  4.429530E-01
  4.496644E-01
  4.563758E-01
  4.630872E-01
  4.697987E-01
  4.765101E-01
  4.832215E-01
  4.899329E-01
  4.966443E-01
  5.033557E-01
  5.100671E-01
  5.167785E-01
  5.234899E-01
  5.302013E-01
  5.369128E-01
  5.436242E-01
  5.503356E-01
  5.570470E-01
  5.637584E-01
  5.704698E-01
  5.771812E-01
  5.838926E-01
  5.906040E-01
  5.973154E-01
  6.040268E-01
  6.107383E-01
  6.174497E-01
  6.241611E-01
  6.308725E-01
  6.375839E-01
  6.442953E-01
  6.510067E-01
  6.577181E-01
  6.644295E-01
  6.711409E-01
  6.778524E-01
  6.845638E-01
  6.912752E-01
  6.979866E-01
  7.046980E-01
  7.114094E-01
  7.181208E-01
  7.248322E-01
  7.315436E-01
  7.382550E-01
  7.449664E-01
  7.516779E-01
  7.583893E-01
  7.651007E-01
  7.718121E-01
  7.785235E-01
  7.852349E-01
  7.919463E-01
  7.986577E-01
  8.053691E-01
  8.120805E-01
  8.187919E-01
  8.255034E-01
  8.322148E-01
  8.389262E-01
  8.456376E-01
  8.523490E-01
  8.590604E-01
  8.657718E-01
  8.724832E-01
  8.791946E-01
  8.859060E-01
  8.926175E-01
  8.993289E-01
  9.060403E-01
  9.127517E-01
  9.194631E-01
  9.261745E-01
  9.328859E-01
  9.395973E-01
  9.463087E-01
  9.530201E-01
  9.597315E-01
  9.664430E-01
  9.731544E-01
  9.798658E-01
  9.865772E-01
  9.932886E-01
  1.000000E+00
  0.000000E+00
  0.000000E+00
  0.000000E+00
  0.000000E+00
  0.000000E+00
  0.000000E+00
  0.000000E+00
  0.000000E+00
  0.000000E+00
  0.000000E+00
  0.000000E+00
  0.000000E+00
  0.000000E+00
  0.000000E+00
  0.000000E+00
  0.000000E+00
  0.000000E+00
  0.000000E+00
  0.000000E+00
  0.000000E+00
  0.000000E+00
  0.000000E+00
  0.000000E+00
  0.000000E+00
  0.000000E+00
  0.000000E+00
  0.000000E+00
  0.000000E+00
  0.000000E+00
  0.000000E+00
  0.000000E+00
  0.000000E+00
  0.000000E+00
  0.000000E+00
  0.000000E+00
  0.000000E+00
  0.000000E+00
  0.000000E+00
  0.000000E+00
  0.000000E+00
  0.000000E+00
  0.000000E+00
  0.000000E+00
  0.000000E+00
  0.000000E+00
  0.000000E+00
  0.000000E+00
  0.000000E+00
  0.000000E+00
  0.000000E+00
  0.000000E+00
  0.000000E+00
  0.000000E+00
  0.000000E+00
  0.000000E+00
  0.000000E+00
  0.000000E+00
  0.000000E+00
  0.000000E+00
  0.000000E+00
  0.000000E+00
  0.000000E+00
  0.000000E+00
  0.000000E+00
  0.000000E+00
  0.000000E+00
  0.000000E+00
  0.000000E+00
  0.000000E+00
  0.000000E+00
  0.000000E+00
  0.000000E+00
  0.000000E+00
  0.000000E+00
  0.000000E+00
  0.000000E+00
  0.000000E+00
  0.000000E+00
  0.000000E+00
  0.000000E+00
  0.000000E+00
  0.000000E+00
  0.000000E+00
  0.000000E+00
  0.000000E+00
  0.000000E+00
  0.000000E+00
  0.000000E+00
  0.000000E+00
  0.000000E+00
  0.000000E+00
  0.000000E+00
  0.000000E+00
  0.000000E+00
  0.000000E+00
  0.000000E+00
  0.000000E+00
  0.000000E+00
  0.000000E+00
  0.000000E+00
  0.000000E+00
  0.000000E+00
  0.000000E+00
  0.000000E+00
  0.000000E+00
  0.000000E+00
  0.000000E+00
  0.000000E+00
  0.000000E+00
  0.000000E+00
  0.000000E+00
  0.000000E+00
  0.000000E+00
  0.000000E+00
  0.000000E+00
  0.000000E+00
  0.000000E+00
  0.000000E+00
  0.000000E+00
  0.000000E+00
  0.000000E+00
  0.000000E+00
  0.000000E+00
  0.000000E+00
  0.000000E+00
  0.000000E+00
  0.000000E+00
  0.000000E+00
  0.000000E+00
  0.000000E+00
  0.000000E+00
  0.000000E+00
  0.000000E+00
  0.000000E+00
  0.000000E+00
  0.000000E+00
  0.000000E+00
  0.000000E+00
  0.000000E+00
  0.000000E+00
  0.000000E+00
  0.000000E+00
  0.000000E+00
  0.000000E+00
  0.000000E+00
  0.000000E+00
  0.000000E+00
  0.000000E+00
  0.000000E+00
  0.000000E+00
  0.000000E+00
  0.000000E+00
  0.000000E+00
  0.000000E+00
  0.000000E+00
  0.000000E+00
  0.000000E+00
  0.000000E+00
  0.000000E+00
  0.000000E+00
  0.000000E+00
  0.000000E+00
  0.000000E+00
  0.000000E+00
  0.000000E+00
  0.000000E+00
  0.000000E+00
  0.000000E+00
  0.000000E+00
  0.000000E+00
  0.000000E+00
  0.000000E+00
  0.000000E+00
  0.000000E+00
  0.000000E+00
  0.000000E+00
  0.000000E+00
  0.000000E+00
  0.000000E+00
  0.000000E+00
  0.000000E+00
  0.000000E+00
  0.000000E+00
  0.000000E+00
  0.000000E+00
  0.000000E+00
  0.000000E+00
  0.000000E+00
  0.000000E+00
  0.000000E+00
  0.000000E+00
  0.000000E+00
  0.000000E+00
  0.000000E+00
  0.000000E+00
  0.000000E+00
  0.000000E+00
  0.000000E+00
  0.000000E+00
  0.000000E+00
  0.000000E+00
  0.000000E+00
  0.000000E+00
  0.000000E+00
  0.000000E+00
  0.000000E+00
  0.000000E+00
  0.000000E+00
  0.000000E+00
  0.000000E+00
  0.000000E+00
  0.000000E+00
  0.000000E+00
  0.000000E+00
  0.000000E+00
  0.000000E+00
  0.000000E+00
  0.000000E+00
  0.000000E+00
  0.000000E+00
  0.000000E+00
  0.000000E+00
  0.000000E+00
  0.000000E+00
  0.000000E+00
  0.000000E+00
  0.000000E+00
  0.000000E+00
  0.000000E+00
  0.000000E+00
  0.000000E+00
  0.000000E+00
  0.000000E+00
  0.000000E+00
  0.000000E+00
  0.000000E+00
  0.000000E+00
  0.000000E+00
  0.000000E+00
  0.000000E+00
  0.000000E+00
  0.000000E+00
  0.000000E+00
  0.000000E+00
  0.000000E+00
  0.000000E+00
  0.000000E+00
  0.000000E+00
  0.000000E+00
  0.000000E+00
  0.000000E+00
  0.000000E+00
  0.000000E+00
  0.000000E+00
  0.000000E+00
  0.000000E+00
  0.000000E+00
  0.000000E+00
  0.000000E+00
  0.000000E+00
  0.000000E+00
  0.000000E+00
  0.000000E+00
  0.000000E+00
  0.000000E+00
  0.000000E+00
  0.000000E+00
  0.000000E+00
  0.000000E+00
  0.000000E+00
  0.000000E+00
  0.000000E+00
  0.000000E+00
  0.000000E+00
  0.000000E+00
  0.000000E+00
  0.000000E+00
  0.000000E+00
  0.000000E+00
  0.000000E+00
  0.000000E+00
  0.000000E+00
  0.000000E+00
  0.000000E+00
  0.000000E+00
  0.000000E+00
  0.000000E+00
  0.000000E+00
  0.000000E+00
  0.000000E+00
  0.000000E+00
  0.000000E+00
  0.000000E+00
  0.000000E+00
  0.000000E+00
  0.000000E+00
  0.000000E+00
  0.000000E+00
  0.000000E+00
  0.000000E+00
  1.000000E-08
  1.695085E-02
  3.390169E-02
  5.085254E-02
  6.780338E-02
  8.475423E-02
  1.017051E-01
  1.186559E-01
  1.356068E-01
  1.525576E-01
  1.695085E-01
  1.864593E-01
  2.034101E-01
  2.203610E-01
  2.373118E-01
  2.542627E-01
  2.712135E-01
  2.881644E-01
  3.051152E-01
  3.220661E-01
  3.390169E-01
  3.559678E-01
  3.729186E-01
  3.898694E-01
  4.068203E-01
  4.237711E-01
  4.407220E-01
  4.576728E-01
  4.746237E-01
  4.915745E-01
  5.085254E-01
  5.254762E-01
  5.424271E-01
  5.593779E-01
  5.763287E-01
  5.932796E-01
  6.102304E-01
  6.271813E-01
  6.441321E-01
  6.610830E-01
  6.780338E-01
  6.949847E-01
  7.119355E-01
  7.288864E-01
  7.458372E-01
  7.627880E-01
  7.797389E-01
  7.966897E-01
  8.136406E-01
  8.305914E-01
  8.475423E-01
  8.644931E-01
  8.814440E-01
  8.983948E-01
  9.153457E-01
  9.322965E-01
  9.492473E-01
  9.661982E-01
  9.831490E-01
  1.000100E+00
  1.017051E+00
  1.034002E+00
  1.050952E+00
  1.067903E+00
  1.084854E+00
  1.101805E+00
  1.118756E+00
  1.135707E+00
  1.152657E+00
  1.169608E+00
  1.186559E+00
  1.203510E+00
  1.220461E+00
  1.237412E+00
  1.254363E+00
  1.271313E+00
  1.288264E+00
  1.305215E+00
  1.322166E+00
  1.339117E+00
  1.356068E+00
  1.373018E+00
  1.389969E+00
  1.406920E+00
  1.423871E+00
  1.440822E+00
  1.457773E+00
  1.474724E+00
  1.491674E+00
  1.508625E+00
  1.525576E+00
  1.542527E+00
  1.559478E+00
  1.576429E+00
  1.593379E+00
  1.610330E+00
  1.627281E+00
  1.644232E+00
  1.661183E+00
  1.678134E+00
  1.695085E+00
  1.712035E+00
  1.728986E+00
  1.745937E+00
  1.762888E+00
  1.779839E+00
  1.796790E+00
  1.813740E+00
  1.830691E+00
  1.847642E+00
  1.864593E+00
  1.881544E+00
  1.898495E+00
  1.915446E+00
  1.932396E+00
  1.949347E+00
  1.966298E+00
  1.983249E+00
  2.000200E+00
  2.017151E+00
  2.034101E+00
  2.051052E+00
  2.068003E+00
  2.084954E+00
  2.101905E+00
  2.118856E+00
  2.135807E+00
  2.152757E+00
  2.169708E+00
  2.186659E+00
  2.203610E+00
  2.220561E+00
  2.237512E+00
  2.254462E+00
  2.271413E+00
  2.288364E+00
  2.305315E+00
  2.322266E+00
  2.339217E+00
  2.356168E+00
  2.373118E+00
  2.390069E+00
  2.407020E+00
  2.423971E+00
  2.440922E+00
  2.457873E+00
  2.474823E+00
  2.491774E+00
  2.508725E+00
  2.525676E+00
  1.105212E+04
  1.105027E+04
  1.104843E+04
  1.104658E+04
  1.104473E+04
  1.104288E+04
  1.104104E+04
  1.103919E+04
  1.103734E+04
  1.103183E+04
  1.102623E+04
  1.102063E+04
  1.101503E+04
  1.100943E+04
  1.100382E+04
  1.099822E+04
  1.099143E+04
  1.098244E+04
  1.097346E+04
  1.096447E+04
  1.095549E+04
  1.094650E+04
  1.093752E+04
  1.092818E+04
  1.091599E+04
  1.090381E+04
  1.089163E+04
  1.087945E+04
  1.086726E+04
  1.085508E+04
  1.084213E+04
  1.082659E+04
  1.081106E+04
  1.079554E+04
  1.078001E+04
  1.076448E+04
  1.074895E+04
  1.073108E+04
  1.071219E+04
  1.069330E+04
  1.067441E+04
  1.065552E+04
  1.063663E+04
  1.061618E+04
  1.059408E+04
  1.057198E+04
  1.054989E+04
  1.052779E+04
  1.050570E+04
  1.048177E+04
  1.045655E+04
  1.043134E+04
  1.040613E+04
  1.038092E+04
  1.035571E+04
  1.032748E+04
  1.029920E+04
  1.027093E+04
  1.024265E+04
  1.021439E+04
  1.018414E+04
  1.015288E+04
  1.012162E+04
  1.009036E+04
  1.005912E+04
  1.002598E+04
  9.991614E+03
  9.957250E+03
  9.922890E+03
  9.888535E+03
  9.851371E+03
  9.813506E+03
  9.775644E+03
  9.737786E+03
  9.699022E+03
  9.657304E+03
  9.615589E+03
  9.573875E+03
  9.532164E+03
  9.486822E+03
  9.441075E+03
  9.395330E+03
  9.349585E+03
  9.300680E+03
  9.250886E+03
  9.201092E+03
  9.151300E+03
  9.098334E+03
  9.044882E+03
  8.991433E+03
  8.937527E+03
  8.881026E+03
  8.824529E+03
  8.768035E+03
  8.709845E+03
  8.650613E+03
  8.591391E+03
  8.531479E+03
  8.469623E+03
  8.407792E+03
  8.345802E+03
  8.281611E+03
  8.217459E+03
  8.153221E+03
  8.086520E+03
  8.019865E+03
  7.952682E+03
  7.882763E+03
  7.812890E+03
  7.741328E+03
  7.667583E+03
  7.593880E+03
  7.516632E+03
  7.438747E+03
  7.359269E+03
  7.277118E+03
  7.194853E+03
  7.108476E+03
  7.022118E+03
  6.932404E+03
  6.841898E+03
  6.748550E+03
  6.653947E+03
  6.556547E+03
  6.457858E+03
  6.356085E+03
  6.253428E+03
  6.147198E+03
  6.040025E+03
  5.930285E+03
  5.818689E+03
  5.705732E+03
  5.590041E+03
  5.472724E+03
  5.353687E+03
  5.232183E+03
  5.108026E+03
  4.981554E+03
  4.852947E+03
  4.723496E+03
  4.597507E+03
  4.485319E+03
  4.404618E+03
  4.390628E+03
  4.480543E+03
  4.443391E+03
  4.003119E+03
  4.499909E+03
  1.342235E+03
 -1.116757E-04
  6.302124E+02
  6.301664E+02
  6.301205E+02
  6.300745E+02
  6.300285E+02
  6.299826E+02
  6.299366E+02
  6.298907E+02
  6.298447E+02
  6.297278E+02
  6.296092E+02
  6.294905E+02
  6.293719E+02
  6.292533E+02
  6.291347E+02
  6.290160E+02
  6.288922E+02
  6.287587E+02
  6.286253E+02
  6.284918E+02
  6.283583E+02
  6.282249E+02
  6.280914E+02
  6.279554E+02
  6.277988E+02
  6.276423E+02
  6.274857E+02
  6.273291E+02
  6.271725E+02
  6.270159E+02
  6.268387E+02
  6.265928E+02
  6.263470E+02
  6.261011E+02
  6.258551E+02
  6.256092E+02
  6.253632E+02
  6.250387E+02
  6.246797E+02
  6.243206E+02
  6.239615E+02
  6.236024E+02
  6.232432E+02
  6.228090E+02
  6.222956E+02
  6.217822E+02
  6.212686E+02
  6.207550E+02
  6.202413E+02
  6.195716E+02
  6.187926E+02
  6.180136E+02
  6.172344E+02
  6.164551E+02
  6.156757E+02
  6.145370E+02
  6.133927E+02
  6.122482E+02
  6.111037E+02
  6.099591E+02
  6.085830E+02
  6.070881E+02
  6.055931E+02
  6.040982E+02
  6.026032E+02
  6.009457E+02
  5.991816E+02
  5.974174E+02
  5.956530E+02
  5.938886E+02
  5.920067E+02
  5.900950E+02
  5.881831E+02
  5.862708E+02
  5.843670E+02
  5.824913E+02
  5.806152E+02
  5.787386E+02
  5.768615E+02
  5.750563E+02
  5.732587E+02
  5.714607E+02
  5.696624E+02
  5.677809E+02
  5.658758E+02
  5.639703E+02
  5.620645E+02
  5.599078E+02
  5.577124E+02
  5.555166E+02
  5.532607E+02
  5.506642E+02
  5.480678E+02
  5.454716E+02
  5.424813E+02
  5.392488E+02
  5.360182E+02
  5.325786E+02
  5.285511E+02
  5.245292E+02
  5.204685E+02
  5.158745E+02
  5.112895E+02
  5.067012E+02
  5.018812E+02
  4.970715E+02
  4.922635E+02
  4.874263E+02
  4.825981E+02
  4.778378E+02
  4.731607E+02
  4.684901E+02
  4.640791E+02
  4.597194E+02
  4.555188E+02
  4.515778E+02
  4.476538E+02
  4.441990E+02
  4.407429E+02
  4.377257E+02
  4.348109E+02
  4.322784E+02
  4.299132E+02
  4.279020E+02
  4.260530E+02
  4.245951E+02
  4.232501E+02
  4.224119E+02
  4.217342E+02
  4.214990E+02
  4.216664E+02
  4.221428E+02
  4.233593E+02
  4.251115E+02
  4.274543E+02
  4.307104E+02
  4.350720E+02
  4.406047E+02
  4.477074E+02
  4.571113E+02
  4.702843E+02
  4.900579E+02
  5.210705E+02
  5.714804E+02
  6.492589E+02
  7.178305E+02
  7.309446E+02
  8.826900E+02
  2.118519E+02
  3.891652E-04
  1.781570E+03
  1.781061E+03
  1.780552E+03
  1.780043E+03
  1.779534E+03
  1.779025E+03
  1.778516E+03
  1.778007E+03
  1.777498E+03
  1.776154E+03
  1.774789E+03
  1.773424E+03
  1.772059E+03
  1.770694E+03
  1.769330E+03
  1.767965E+03
  1.766401E+03
  1.764472E+03
  1.762543E+03
  1.760614E+03
  1.758685E+03
  1.756756E+03
  1.754827E+03
  1.752835E+03
  1.750345E+03
  1.747854E+03
  1.745363E+03
  1.742873E+03
  1.740382E+03
  1.737892E+03
  1.735259E+03
  1.732155E+03
  1.729050E+03
  1.725946E+03
  1.722842E+03
  1.719738E+03
  1.716633E+03
  1.713136E+03
  1.709466E+03
  1.705796E+03
  1.702127E+03
  1.698457E+03
  1.694788E+03
  1.690900E+03
  1.686781E+03
  1.682663E+03
  1.678545E+03
  1.674427E+03
  1.670310E+03
  1.666005E+03
  1.661570E+03
  1.657136E+03
  1.652702E+03
  1.648268E+03
  1.643835E+03
  1.639233E+03
  1.634629E+03
  1.630026E+03
  1.625424E+03
  1.620822E+03
  1.616156E+03
  1.611458E+03
  1.606760E+03
  1.602064E+03
  1.597369E+03
  1.592530E+03
  1.587597E+03
  1.582665E+03
  1.577734E+03
  1.572804E+03
  1.567542E+03
  1.562197E+03
  1.556853E+03
  1.551509E+03
  1.546088E+03
  1.540410E+03
  1.534733E+03
  1.529056E+03
  1.523380E+03
  1.517430E+03
  1.511450E+03
  1.505470E+03
  1.499491E+03
  1.493081E+03
  1.486550E+03
  1.480019E+03
  1.473488E+03
  1.466518E+03
  1.459480E+03
  1.452443E+03
  1.445385E+03
  1.438207E+03
  1.431030E+03
  1.423854E+03
  1.416562E+03
  1.409200E+03
  1.401843E+03
  1.394334E+03
  1.386397E+03
  1.378470E+03
  1.370506E+03
  1.361986E+03
  1.353482E+03
  1.344967E+03
  1.335911E+03
  1.326876E+03
  1.317692E+03
  1.307712E+03
  1.297752E+03
  1.287198E+03
  1.275873E+03
  1.264567E+03
  1.251951E+03
  1.239100E+03
  1.225658E+03
  1.211222E+03
  1.196744E+03
  1.180747E+03
  1.164757E+03
  1.147619E+03
  1.130208E+03
  1.112004E+03
  1.093449E+03
  1.074320E+03
  1.054927E+03
  1.035137E+03
  1.015235E+03
  9.952025E+02
  9.752358E+02
  9.554841E+02
  9.361561E+02
  9.171625E+02
  8.991883E+02
  8.820035E+02
  8.656813E+02
  8.506889E+02
  8.372311E+02
  8.253710E+02
  8.157550E+02
  8.098006E+02
  8.107914E+02
  8.258168E+02
  8.667780E+02
  9.521410E+02
  1.096299E+03
  1.206595E+03
  1.138980E+03
  1.290860E+03
  2.074244E+02
 -8.104256E-11
  1.243697E+00
  1.243489E+00
  1.243281E+00
  1.243073E+00
  1.242865E+00
  1.242657E+00
  1.242450E+00
  1.242242E+00
  1.242034E+00
  1.241414E+00
  1.240783E+00
  1.240153E+00
  1.239523E+00
  1.238892E+00
  1.238262E+00
  1.237632E+00
  1.236867E+00
  1.235856E+00
  1.234845E+00
  1.233834E+00
  1.232823E+00
  1.231811E+00
  1.230800E+00
  1.229749E+00
  1.228378E+00
  1.227007E+00
  1.225637E+00
  1.224266E+00
  1.222895E+00
  1.221524E+00
  1.220066E+00
  1.218318E+00
  1.216571E+00
  1.214823E+00
  1.213076E+00
  1.211328E+00
  1.209581E+00
  1.207570E+00
  1.205444E+00
  1.203319E+00
  1.201193E+00
  1.199067E+00
  1.196942E+00
  1.194641E+00
  1.192154E+00
  1.189667E+00
  1.187180E+00
  1.184694E+00
  1.182208E+00
  1.179515E+00
  1.176677E+00
  1.173840E+00
  1.171003E+00
  1.168167E+00
  1.165330E+00
  1.162153E+00
  1.158971E+00
  1.155789E+00
  1.152607E+00
  1.149426E+00
  1.146022E+00
  1.142505E+00
  1.138987E+00
  1.135470E+00
  1.131954E+00
  1.128225E+00
  1.124358E+00
  1.120491E+00
  1.116624E+00
  1.112758E+00
  1.108576E+00
  1.104315E+00
  1.100055E+00
  1.095795E+00
  1.091432E+00
  1.086738E+00
  1.082044E+00
  1.077350E+00
  1.072656E+00
  1.067554E+00
  1.062406E+00
  1.057258E+00
  1.052110E+00
  1.046607E+00
  1.041004E+00
  1.035400E+00
  1.029797E+00
  1.023837E+00
  1.017822E+00
  1.011807E+00
  1.005741E+00
  9.993832E-01
  9.930256E-01
  9.866684E-01
  9.801202E-01
  9.734548E-01
  9.667905E-01
  9.600486E-01
  9.530880E-01
  9.461301E-01
  9.391544E-01
  9.319310E-01
  9.247120E-01
  9.174832E-01
  9.099773E-01
  9.024767E-01
  8.949166E-01
  8.870485E-01
  8.791857E-01
  8.711328E-01
  8.628343E-01
  8.545405E-01
  8.458478E-01
  8.370834E-01
  8.281397E-01
  8.188953E-01
  8.096379E-01
  7.999179E-01
  7.902001E-01
  7.801045E-01
  7.699199E-01
  7.594154E-01
  7.487697E-01
  7.378092E-01
  7.267037E-01
  7.152513E-01
  7.036992E-01
  6.917452E-01
  6.796850E-01
  6.673359E-01
  6.547779E-01
  6.420669E-01
  6.290482E-01
  6.158465E-01
  6.024513E-01
  5.887783E-01
  5.748070E-01
  5.605750E-01
  5.461029E-01
  5.315358E-01
  5.173582E-01
  5.047336E-01
  4.956523E-01
  4.940780E-01
  5.041962E-01
  5.000154E-01
  4.504716E-01
  5.063755E-01
  1.510420E-01
 -1.256689E-08
  1.125228E+00
  1.125146E+00
  1.125064E+00
  1.124982E+00
  1.124900E+00
  1.124818E+00
  1.124736E+00
  1.124654E+00
  1.124572E+00
  1.124363E+00
  1.124151E+00
  1.123940E+00
  1.123728E+00
  1.123516E+00
  1.123304E+00
  1.123092E+00
  1.122871E+00
  1.122633E+00
  1.122395E+00
  1.122156E+00
  1.121918E+00
  1.121680E+00
  1.121441E+00
  1.121199E+00
  1.120919E+00
  1.120639E+00
  1.120360E+00
  1.120080E+00
  1.119801E+00
  1.119521E+00
  1.119205E+00
  1.118766E+00
  1.118327E+00
  1.117888E+00
  1.117449E+00
  1.117009E+00
  1.116570E+00
  1.115991E+00
  1.115350E+00
  1.114709E+00
  1.114068E+00
  1.113426E+00
  1.112785E+00
  1.112010E+00
  1.111093E+00
  1.110176E+00
  1.109260E+00
  1.108342E+00
  1.107425E+00
  1.106229E+00
  1.104839E+00
  1.103448E+00
  1.102056E+00
  1.100665E+00
  1.099273E+00
  1.097240E+00
  1.095197E+00
  1.093154E+00
  1.091110E+00
  1.089067E+00
  1.086610E+00
  1.083940E+00
  1.081271E+00
  1.078602E+00
  1.075933E+00
  1.072973E+00
  1.069824E+00
  1.066674E+00
  1.063524E+00
  1.060373E+00
  1.057013E+00
  1.053600E+00
  1.050186E+00
  1.046772E+00
  1.043373E+00
  1.040024E+00
  1.036674E+00
  1.033323E+00
  1.029972E+00
  1.026748E+00
  1.023539E+00
  1.020329E+00
  1.017118E+00
  1.013759E+00
  1.010357E+00
  1.006955E+00
  1.003552E+00
  9.997013E-01
  9.957814E-01
  9.918610E-01
  9.878331E-01
  9.831970E-01
  9.785612E-01
  9.739258E-01
  9.685868E-01
  9.628152E-01
  9.570471E-01
  9.509056E-01
  9.437147E-01
  9.365336E-01
  9.292834E-01
  9.210809E-01
  9.128945E-01
  9.047023E-01
  8.960963E-01
  8.875086E-01
  8.789241E-01
  8.702873E-01
  8.616667E-01
  8.531674E-01
  8.448164E-01
  8.364773E-01
  8.286015E-01
  8.208174E-01
  8.133173E-01
  8.062807E-01
  7.992745E-01
  7.931061E-01
  7.869353E-01
  7.815482E-01
  7.763439E-01
  7.718222E-01
  7.675992E-01
  7.640083E-01
  7.607068E-01
  7.581038E-01
  7.557024E-01
  7.542059E-01
  7.529958E-01
  7.525758E-01
  7.528747E-01
  7.537254E-01
  7.558974E-01
  7.590258E-01
  7.632088E-01
  7.690225E-01
  7.768101E-01
  7.866886E-01
  7.993702E-01
  8.161607E-01
  8.396808E-01
  8.749860E-01
  9.303582E-01
  1.020364E+00
  1.159235E+00
  1.281668E+00
  1.305083E+00
  1.576021E+00
  3.782562E-01
  6.948447E-07
  1.230049E+00
  1.229697E+00
  1.229346E+00
  1.228994E+00
  1.228643E+00
  1.228292E+00
  1.227940E+00
  1.227589E+00
  1.227237E+00
  1.226309E+00
  1.225367E+00
  1.224424E+00
  1.223482E+00
  1.222540E+00
  1.221597E+00
  1.220655E+00
  1.219575E+00
  1.218243E+00
  1.216912E+00
  1.215580E+00
  1.214248E+00
  1.212916E+00
  1.211584E+00
  1.210209E+00
  1.208490E+00
  1.206770E+00
  1.205050E+00
  1.203331E+00
  1.201611E+00
  1.199892E+00
  1.198074E+00
  1.195931E+00
  1.193788E+00
  1.191644E+00
  1.189501E+00
  1.187358E+00
  1.185214E+00
  1.182800E+00
  1.180266E+00
  1.177732E+00
  1.175198E+00
  1.172665E+00
  1.170132E+00
  1.167447E+00
  1.164604E+00
  1.161760E+00
  1.158917E+00
  1.156074E+00
  1.153231E+00
  1.150259E+00
  1.147197E+00
  1.144135E+00
  1.141074E+00
  1.138013E+00
  1.134952E+00
  1.131775E+00
  1.128596E+00
  1.125418E+00
  1.122241E+00
  1.119064E+00
  1.115842E+00
  1.112598E+00
  1.109355E+00
  1.106113E+00
  1.102871E+00
  1.099530E+00
  1.096124E+00
  1.092719E+00
  1.089314E+00
  1.085911E+00
  1.082277E+00
  1.078587E+00
  1.074897E+00
  1.071208E+00
  1.067465E+00
  1.063545E+00
  1.059625E+00
  1.055706E+00
  1.051786E+00
  1.047679E+00
  1.043550E+00
  1.039421E+00
  1.035293E+00
  1.030867E+00
  1.026358E+00
  1.021849E+00
  1.017340E+00
  1.012527E+00
  1.007668E+00
  1.002810E+00
  9.979368E-01
  9.929805E-01
  9.880252E-01
  9.830710E-01
  9.780363E-01
  9.729537E-01
  9.678738E-01
  9.626895E-01
  9.572096E-01
  9.517365E-01
  9.462378E-01
  9.403554E-01
  9.344842E-01
  9.286049E-01
  9.223527E-01
  9.161146E-01
  9.097738E-01
  9.028831E-01
  8.960066E-01
  8.887194E-01
  8.809007E-01
  8.730946E-01
  8.643838E-01
  8.555113E-01
  8.462306E-01
  8.362635E-01
  8.262674E-01
  8.152229E-01
  8.041826E-01
  7.923498E-01
  7.803292E-01
  7.677607E-01
  7.549496E-01
  7.417424E-01
  7.283530E-01
  7.146894E-01
  7.009481E-01
  6.871172E-01
  6.733317E-01
  6.596944E-01
  6.463498E-01
  6.332361E-01
  6.208262E-01
  6.089613E-01
  5.976920E-01
  5.873408E-01
  5.780491E-01
  5.698605E-01
  5.632213E-01
  5.591102E-01
  5.597943E-01
  5.701684E-01
  5.984492E-01
  6.573863E-01
  7.569170E-01
  8.330688E-01
  7.863853E-01
  8.912478E-01
  1.432120E-01
 -5.595418E-14
  9.882312E-01
  9.880661E-01
  9.879009E-01
  9.877357E-01
  9.875705E-01
  9.874053E-01
  9.872402E-01
  9.870750E-01
  9.869098E-01
  9.864171E-01
  9.859163E-01
  9.854155E-01
  9.849146E-01
  9.844138E-01
  9.839130E-01
  9.834122E-01
  9.828047E-01
  9.820012E-01
  9.811978E-01
  9.803944E-01
  9.795910E-01
  9.787877E-01
  9.779843E-01
  9.771492E-01
  9.760599E-01
  9.749705E-01
  9.738813E-01
  9.727920E-01
  9.717028E-01
  9.706136E-01
  9.694551E-01
  9.680665E-01
  9.666779E-01
  9.652893E-01
  9.639008E-01
  9.625123E-01
  9.611239E-01
  9.595263E-01
  9.578371E-01
  9.561480E-01
  9.544590E-01
  9.527701E-01
  9.510812E-01
  9.492526E-01
  9.472765E-01
  9.453006E-01
  9.433248E-01
  9.413491E-01
  9.393735E-01
  9.372338E-01
  9.349792E-01
  9.327248E-01
  9.304706E-01
  9.282165E-01
  9.259627E-01
  9.234381E-01
  9.209095E-01
  9.183812E-01
  9.158532E-01
  9.133255E-01
  9.106207E-01
  9.078253E-01
  9.050303E-01
  9.022357E-01
  8.994414E-01
  8.964786E-01
  8.934054E-01
  8.903325E-01
  8.872600E-01
  8.841879E-01
  8.808647E-01
  8.774788E-01
  8.740932E-01
  8.707079E-01
  8.672416E-01
  8.635113E-01
  8.597811E-01
  8.560512E-01
  8.523214E-01
  8.482672E-01
  8.441767E-01
  8.400864E-01
  8.359961E-01
  8.316233E-01
  8.271709E-01
  8.227186E-01
  8.182664E-01
  8.135304E-01
  8.087509E-01
  8.039716E-01
  7.991515E-01
  7.940991E-01
  7.890471E-01
  7.839954E-01
  7.787918E-01
  7.734948E-01
  7.681987E-01
  7.628407E-01
  7.573085E-01
  7.517783E-01
  7.462338E-01
  7.404920E-01
  7.347535E-01
  7.290071E-01
  7.230401E-01
  7.170770E-01
  7.110666E-01
  7.048115E-01
  6.985604E-01
  6.921583E-01
  6.855613E-01
  6.789678E-01
  6.720581E-01
  6.650915E-01
  6.579828E-01
  6.506357E-01
  6.432784E-01
  6.355546E-01
  6.278325E-01
  6.198111E-01
  6.117193E-01
  6.033741E-01
  5.949170E-01
  5.862103E-01
  5.773887E-01
  5.682920E-01
  5.591162E-01
  5.496215E-01
  5.400424E-01
  5.302338E-01
  5.202593E-01
  5.101629E-01
  4.998219E-01
  4.893353E-01
  4.786946E-01
  4.678328E-01
  4.567335E-01
  4.454266E-01
  4.339285E-01
  4.223544E-01
  4.110890E-01
  4.010569E-01
  3.938397E-01
  3.925869E-01
  4.006241E-01
  3.972990E-01
  3.579293E-01
  4.023438E-01
  1.648454E-01
 -2.429078E-03
  5.635077E-02
  5.634666E-02
  5.634255E-02
  5.633844E-02
  5.633434E-02
  5.633023E-02
  5.632612E-02
  5.632201E-02
  5.631791E-02
  5.630746E-02
  5.629685E-02
  5.628624E-02
  5.627563E-02
  5.626503E-02
  5.625442E-02
  5.624382E-02
  5.623274E-02
  5.622081E-02
  5.620888E-02
  5.619695E-02
  5.618502E-02
  5.617308E-02
  5.616115E-02
  5.614899E-02
  5.613500E-02
  5.612100E-02
  5.610700E-02
  5.609300E-02
  5.607900E-02
  5.606500E-02
  5.604915E-02
  5.602717E-02
  5.600519E-02
  5.598321E-02
  5.596122E-02
  5.593923E-02
  5.591723E-02
  5.588822E-02
  5.585612E-02
  5.582402E-02
  5.579191E-02
  5.575980E-02
  5.572768E-02
  5.568886E-02
  5.564296E-02
  5.559705E-02
  5.555113E-02
  5.550520E-02
  5.545927E-02
  5.539939E-02
  5.532974E-02
  5.526008E-02
  5.519040E-02
  5.512072E-02
  5.505103E-02
  5.494921E-02
  5.484689E-02
  5.474455E-02
  5.464221E-02
  5.453987E-02
  5.441681E-02
  5.428314E-02
  5.414946E-02
  5.401578E-02
  5.388209E-02
  5.373388E-02
  5.357614E-02
  5.341838E-02
  5.326061E-02
  5.310282E-02
  5.293454E-02
  5.276360E-02
  5.259263E-02
  5.242163E-02
  5.225139E-02
  5.208367E-02
  5.191591E-02
  5.174810E-02
  5.158026E-02
  5.141884E-02
  5.125811E-02
  5.109734E-02
  5.093654E-02
  5.076831E-02
  5.059796E-02
  5.042759E-02
  5.025718E-02
  5.006433E-02
  4.986802E-02
  4.967168E-02
  4.946996E-02
  4.923777E-02
  4.900560E-02
  4.877344E-02
  4.850603E-02
  4.821695E-02
  4.792804E-02
  4.762042E-02
  4.726022E-02
  4.690050E-02
  4.653732E-02
  4.612640E-02
  4.571629E-02
  4.530587E-02
  4.487471E-02
  4.444445E-02
  4.401435E-02
  4.358163E-02
  4.314970E-02
  4.272386E-02
  4.230546E-02
  4.188765E-02
  4.149306E-02
  4.110309E-02
  4.072735E-02
  4.037486E-02
  4.002389E-02
  3.971494E-02
  3.940587E-02
  3.913610E-02
  3.887550E-02
  3.864913E-02
  3.843774E-02
  3.825803E-02
  3.809285E-02
  3.796267E-02
  3.784261E-02
  3.776789E-02
  3.770751E-02
  3.768673E-02
  3.770194E-02
  3.774478E-02
  3.785380E-02
  3.801070E-02
  3.822039E-02
  3.851174E-02
  3.890191E-02
  3.939676E-02
  4.003196E-02
  4.087289E-02
  4.205077E-02
  4.381876E-02
  4.659161E-02
  5.109879E-02
  5.805296E-02
  6.418372E-02
  6.535565E-02
  7.892268E-02
  2.601839E-02
  8.464800E-03
  1.593000E-01
  1.592545E-01
  1.592090E-01
  1.591635E-01
  1.591180E-01
  1.590725E-01
  1.590270E-01
  1.589815E-01
  1.589360E-01
  1.588158E-01
  1.586937E-01
  1.585717E-01
  1.584497E-01
  1.583276E-01
  1.582056E-01
  1.580835E-01
  1.579437E-01
  1.577712E-01
  1.575987E-01
  1.574263E-01
  1.572538E-01
  1.570813E-01
  1.569088E-01
  1.567308E-01
  1.565081E-01
  1.562854E-01
  1.560627E-01
  1.558400E-01
  1.556173E-01
  1.553946E-01
  1.551592E-01
  1.548817E-01
  1.546041E-01
  1.543265E-01
  1.540489E-01
  1.537714E-01
  1.534938E-01
  1.531811E-01
  1.528530E-01
  1.525248E-01
  1.521967E-01
  1.518686E-01
  1.515405E-01
  1.511929E-01
  1.508246E-01
  1.504564E-01
  1.500882E-01
  1.497200E-01
  1.493518E-01
  1.489669E-01
  1.485704E-01
  1.481738E-01
  1.477774E-01
  1.473809E-01
  1.469846E-01
  1.465731E-01
  1.461614E-01
  1.457498E-01
  1.453383E-01
  1.449268E-01
  1.445096E-01
  1.440895E-01
  1.436694E-01
  1.432495E-01
  1.428296E-01
  1.423969E-01
  1.419558E-01
  1.415148E-01
  1.410739E-01
  1.406330E-01
  1.401625E-01
  1.396845E-01
  1.392066E-01
  1.387288E-01
  1.382440E-01
  1.377363E-01
  1.372287E-01
  1.367211E-01
  1.362135E-01
  1.356815E-01
  1.351468E-01
  1.346121E-01
  1.340775E-01
  1.335043E-01
  1.329203E-01
  1.323363E-01
  1.317524E-01
  1.311291E-01
  1.304999E-01
  1.298706E-01
  1.292395E-01
  1.285976E-01
  1.279558E-01
  1.273142E-01
  1.266620E-01
  1.260037E-01
  1.253457E-01
  1.246741E-01
  1.239642E-01
  1.232552E-01
  1.225428E-01
  1.217806E-01
  1.210199E-01
  1.202580E-01
  1.194479E-01
  1.186395E-01
  1.178178E-01
  1.169248E-01
  1.160337E-01
  1.150894E-01
  1.140763E-01
  1.130648E-01
  1.119363E-01
  1.107868E-01
  1.095845E-01
  1.082935E-01
  1.069986E-01
  1.055683E-01
  1.041384E-01
  1.026061E-01
  1.010495E-01
  9.942203E-02
  9.776323E-02
  9.605324E-02
  9.431970E-02
  9.255072E-02
  9.077169E-02
  8.898114E-02
  8.719644E-02
  8.543097E-02
  8.370337E-02
  8.200566E-02
  8.039906E-02
  7.886300E-02
  7.740403E-02
  7.606389E-02
  7.486091E-02
  7.380071E-02
  7.294110E-02
  7.240882E-02
  7.249742E-02
  7.384080E-02
  7.750312E-02
  8.513546E-02
  9.802467E-02
  1.078858E-01
  1.018391E-01
  1.154178E-01
  2.547464E-02
 -1.762771E-09
  9.883631E-01
  9.881980E-01
  9.880329E-01
  9.878677E-01
  9.877026E-01
  9.875375E-01
  9.873723E-01
  9.872072E-01
  9.870421E-01
  9.865496E-01
  9.860489E-01
  9.855482E-01
  9.850476E-01
  9.845469E-01
  9.840463E-01
  9.835457E-01
  9.829383E-01
  9.821351E-01
  9.813320E-01
  9.805289E-01
  9.797258E-01
  9.789227E-01
  9.781196E-01
  9.772848E-01
  9.761959E-01
  9.751070E-01
  9.740181E-01
  9.729293E-01
  9.718405E-01
  9.707517E-01
  9.695937E-01
  9.682056E-01
  9.668176E-01
  9.654296E-01
  9.640416E-01
  9.626537E-01
  9.612659E-01
  9.596689E-01
  9.579805E-01
  9.562921E-01
  9.546038E-01
  9.529156E-01
  9.512274E-01
  9.493996E-01
  9.474244E-01
  9.454493E-01
  9.434744E-01
  9.414996E-01
  9.395248E-01
  9.373860E-01
  9.351324E-01
  9.328790E-01
  9.306257E-01
  9.283726E-01
  9.261198E-01
  9.235962E-01
  9.210686E-01
  9.185413E-01
  9.160143E-01
  9.134876E-01
  9.107838E-01
  9.079894E-01
  9.051953E-01
  9.024017E-01
  8.996083E-01
  8.966465E-01
  8.935742E-01
  8.905023E-01
  8.874307E-01
  8.843595E-01
  8.810372E-01
  8.776521E-01
  8.742674E-01
  8.708829E-01
  8.674174E-01
  8.636879E-01
  8.599586E-01
  8.562294E-01
  8.525004E-01
  8.484469E-01
  8.443572E-01
  8.402675E-01
  8.361780E-01
  8.318059E-01
  8.273543E-01
  8.229028E-01
  8.184515E-01
  8.137163E-01
  8.089377E-01
  8.041593E-01
  7.993402E-01
  7.942889E-01
  7.892379E-01
  7.841874E-01
  7.789850E-01
  7.736893E-01
  7.683945E-01
  7.630380E-01
  7.575073E-01
  7.519787E-01
  7.464358E-01
  7.406958E-01
  7.349591E-01
  7.292145E-01
  7.232494E-01
  7.172884E-01
  7.112800E-01
  7.050270E-01
  6.987780E-01
  6.923780E-01
  6.857832E-01
  6.791920E-01
  6.722846E-01
  6.653203E-01
  6.582140E-01
  6.508694E-01
  6.435145E-01
  6.357933E-01
  6.280738E-01
  6.200552E-01
  6.119662E-01
  6.036239E-01
  5.951698E-01
  5.864663E-01
  5.776479E-01
  5.685546E-01
  5.593822E-01
  5.498914E-01
  5.403162E-01
  5.305121E-01
  5.205425E-01
  5.104516E-01
  5.001174E-01
  4.896389E-01
  4.790078E-01
  4.681583E-01
  4.570751E-01
  4.457887E-01
  4.343165E-01
  4.227751E-01
  4.115503E-01
  4.015657E-01
  3.943995E-01
  3.931918E-01
  4.012507E-01
  3.979060E-01
  3.584959E-01
  4.026227E-01
  1.642537E-01
 -3.442924E-03
  5.015545E-02
  5.015175E-02
  5.014805E-02
  5.014436E-02
  5.014066E-02
  5.013697E-02
  5.013327E-02
  5.012958E-02
  5.012588E-02
  5.011620E-02
  5.010637E-02
  5.009653E-02
  5.008670E-02
  5.007687E-02
  5.006704E-02
  5.005721E-02
  5.004676E-02
  5.003520E-02
  5.002364E-02
  5.001208E-02
  5.000051E-02
  4.998895E-02
  4.997739E-02
  4.996554E-02
  4.995145E-02
  4.993735E-02
  4.992325E-02
  4.990915E-02
  4.989504E-02
  4.988094E-02
  4.986495E-02
  4.984270E-02
  4.982045E-02
  4.979819E-02
  4.977593E-02
  4.975367E-02
  4.973140E-02
  4.970210E-02
  4.966970E-02
  4.963731E-02
  4.960491E-02
  4.957250E-02
  4.954008E-02
  4.950098E-02
  4.945480E-02
  4.940862E-02
  4.936243E-02
  4.931623E-02
  4.927002E-02
  4.920988E-02
  4.913998E-02
  4.907008E-02
  4.900016E-02
  4.893023E-02
  4.886029E-02
  4.875825E-02
  4.865569E-02
  4.855313E-02
  4.845056E-02
  4.834798E-02
  4.822471E-02
  4.809082E-02
  4.795693E-02
  4.782303E-02
  4.768912E-02
  4.754071E-02
  4.738277E-02
  4.722482E-02
  4.706685E-02
  4.690887E-02
  4.674038E-02
  4.656922E-02
  4.639804E-02
  4.622683E-02
  4.605634E-02
  4.588825E-02
  4.572012E-02
  4.555195E-02
  4.538374E-02
  4.522165E-02
  4.506022E-02
  4.489875E-02
  4.473724E-02
  4.456799E-02
  4.439652E-02
  4.422503E-02
  4.405350E-02
  4.385917E-02
  4.366131E-02
  4.346343E-02
  4.326011E-02
  4.302601E-02
  4.279193E-02
  4.255786E-02
  4.228844E-02
  4.199729E-02
  4.170631E-02
  4.139668E-02
  4.103466E-02
  4.067311E-02
  4.030812E-02
  3.989599E-02
  3.948463E-02
  3.907298E-02
  3.864144E-02
  3.821076E-02
  3.778040E-02
  3.734832E-02
  3.691700E-02
  3.649224E-02
  3.607556E-02
  3.565943E-02
  3.526737E-02
  3.488003E-02
  3.450715E-02
  3.415791E-02
  3.381018E-02
  3.350465E-02
  3.319899E-02
  3.293250E-02
  3.267513E-02
  3.245169E-02
  3.224310E-02
  3.206580E-02
  3.190284E-02
  3.177439E-02
  3.165590E-02
  3.158193E-02
  3.152192E-02
  3.150034E-02
  3.151299E-02
  3.155182E-02
  3.165167E-02
  3.179421E-02
  3.198330E-02
  3.224249E-02
  3.258379E-02
  3.301101E-02
  3.355419E-02
  3.427222E-02
  3.529087E-02
  3.686342E-02
  3.941943E-02
  4.373121E-02
  5.059376E-02
  5.684876E-02
  5.840206E-02
  7.247761E-02
  1.973226E-02
  1.220985E-03
  1.597623E-01
  1.597167E-01
  1.596711E-01
  1.596255E-01
  1.595799E-01
  1.595343E-01
  1.594887E-01
  1.594431E-01
  1.593975E-01
  1.592771E-01
  1.591549E-01
  1.590327E-01
  1.589105E-01
  1.587882E-01
  1.586660E-01
  1.585438E-01
  1.584038E-01
  1.582310E-01
  1.580583E-01
  1.578856E-01
  1.577129E-01
  1.575401E-01
  1.573674E-01
  1.571891E-01
  1.569661E-01
  1.567431E-01
  1.565201E-01
  1.562971E-01
  1.560741E-01
  1.558511E-01
  1.556154E-01
  1.553373E-01
  1.550593E-01
  1.547813E-01
  1.545033E-01
  1.542253E-01
  1.539473E-01
  1.536340E-01
  1.533053E-01
  1.529765E-01
  1.526478E-01
  1.523191E-01
  1.519904E-01
  1.516420E-01
  1.512728E-01
  1.509037E-01
  1.505346E-01
  1.501656E-01
  1.497965E-01
  1.494106E-01
  1.490128E-01
  1.486151E-01
  1.482175E-01
  1.478198E-01
  1.474223E-01
  1.470093E-01
  1.465961E-01
  1.461830E-01
  1.457700E-01
  1.453570E-01
  1.449381E-01
  1.445163E-01
  1.440945E-01
  1.436729E-01
  1.432513E-01
  1.428169E-01
  1.423740E-01
  1.419312E-01
  1.414885E-01
  1.410459E-01
  1.405737E-01
  1.400942E-01
  1.396147E-01
  1.391353E-01
  1.386490E-01
  1.381401E-01
  1.376313E-01
  1.371225E-01
  1.366138E-01
  1.360810E-01
  1.355455E-01
  1.350101E-01
  1.344747E-01
  1.339008E-01
  1.333160E-01
  1.327313E-01
  1.321466E-01
  1.315221E-01
  1.308915E-01
  1.302610E-01
  1.296285E-01
  1.289842E-01
  1.283401E-01
  1.276962E-01
  1.270408E-01
  1.263787E-01
  1.257169E-01
  1.250411E-01
  1.243257E-01
  1.236111E-01
  1.228931E-01
  1.221240E-01
  1.213562E-01
  1.205874E-01
  1.197694E-01
  1.189531E-01
  1.181236E-01
  1.172225E-01
  1.163233E-01
  1.153710E-01
  1.143499E-01
  1.133305E-01
  1.121945E-01
  1.110376E-01
  1.098282E-01
  1.085305E-01
  1.072290E-01
  1.057928E-01
  1.043572E-01
  1.028198E-01
  1.012584E-01
  9.962683E-02
  9.796421E-02
  9.625111E-02
  9.451476E-02
  9.274375E-02
  9.096289E-02
  8.917142E-02
  8.738605E-02
  8.562063E-02
  8.389372E-02
  8.219713E-02
  8.059282E-02
  7.905990E-02
  7.760498E-02
  7.627044E-02
  7.507496E-02
  7.402424E-02
  7.317648E-02
  7.265886E-02
  7.276683E-02
  7.413065E-02
  7.781440E-02
  8.546518E-02
  9.836224E-02
  1.082121E-01
  1.021377E-01
  1.156018E-01
  2.541704E-02
 -3.360063E-09
 -1.318778E-04
 -1.319291E-04
 -1.319804E-04
 -1.320317E-04
 -1.320830E-04
 -1.321343E-04
 -1.321857E-04
 -1.322370E-04
 -1.322883E-04
 -1.324473E-04
 -1.326090E-04
 -1.327707E-04
 -1.329323E-04
 -1.330940E-04
 -1.332557E-04
 -1.334174E-04
 -1.336211E-04
 -1.339020E-04
 -1.341829E-04
 -1.344637E-04
 -1.347446E-04
 -1.350254E-04
 -1.353063E-04
 -1.356022E-04
 -1.360186E-04
 -1.364351E-04
 -1.368515E-04
 -1.372679E-04
 -1.376843E-04
 -1.381007E-04
 -1.385515E-04
 -1.391166E-04
 -1.396816E-04
 -1.402467E-04
 -1.408117E-04
 -1.413767E-04
 -1.419418E-04
 -1.426148E-04
 -1.433351E-04
 -1.440554E-04
 -1.447757E-04
 -1.454959E-04
 -1.462161E-04
 -1.470067E-04
 -1.478715E-04
 -1.487363E-04
 -1.496010E-04
 -1.504656E-04
 -1.513302E-04
 -1.522545E-04
 -1.532207E-04
 -1.541867E-04
 -1.551526E-04
 -1.561183E-04
 -1.570839E-04
 -1.580832E-04
 -1.590828E-04
 -1.600821E-04
 -1.610811E-04
 -1.620799E-04
 -1.630631E-04
 -1.640379E-04
 -1.650124E-04
 -1.659865E-04
 -1.669603E-04
 -1.679026E-04
 -1.688239E-04
 -1.697448E-04
 -1.706653E-04
 -1.715854E-04
 -1.724533E-04
 -1.733079E-04
 -1.741621E-04
 -1.750159E-04
 -1.758520E-04
 -1.766316E-04
 -1.774108E-04
 -1.781898E-04
 -1.789685E-04
 -1.797067E-04
 -1.804403E-04
 -1.811738E-04
 -1.819071E-04
 -1.826763E-04
 -1.834555E-04
 -1.842345E-04
 -1.850135E-04
 -1.859095E-04
 -1.868231E-04
 -1.877362E-04
 -1.886770E-04
 -1.897770E-04
 -1.908759E-04
 -1.919737E-04
 -1.932106E-04
 -1.945323E-04
 -1.958519E-04
 -1.972384E-04
 -1.988151E-04
 -2.003884E-04
 -2.019769E-04
 -2.037877E-04
 -2.055938E-04
 -2.074043E-04
 -2.093898E-04
 -2.113695E-04
 -2.133684E-04
 -2.154821E-04
 -2.175896E-04
 -2.197456E-04
 -2.219659E-04
 -2.241801E-04
 -2.264931E-04
 -2.288205E-04
 -2.311952E-04
 -2.336525E-04
 -2.361113E-04
 -2.387247E-04
 -2.413356E-04
 -2.440950E-04
 -2.468891E-04
 -2.498204E-04
 -2.528130E-04
 -2.559551E-04
 -2.591670E-04
 -2.625820E-04
 -2.660565E-04
 -2.698791E-04
 -2.738526E-04
 -2.782592E-04
 -2.832291E-04
 -2.886407E-04
 -2.954615E-04
 -3.035650E-04
 -3.131753E-04
 -3.254774E-04
 -3.416130E-04
 -3.620367E-04
 -3.879855E-04
 -4.207821E-04
 -4.612956E-04
 -5.088575E-04
 -5.597683E-04
 -6.048613E-04
 -6.265090E-04
 -6.070299E-04
 -5.666762E-04
 -2.788071E-04
  5.917145E-04
  1.013846E-03
  6.195326E-03
  6.194913E-03
  6.194500E-03
  6.194087E-03
  6.193674E-03
  6.193261E-03
  6.192847E-03
  6.192434E-03
  6.192021E-03
  6.191256E-03
  6.190482E-03
  6.189707E-03
  6.188933E-03
  6.188159E-03
  6.187385E-03
  6.186611E-03
  6.185979E-03
  6.185610E-03
  6.185241E-03
  6.184872E-03
  6.184502E-03
  6.184133E-03
  6.183764E-03
  6.183447E-03
  6.183549E-03
  6.183651E-03
  6.183753E-03
  6.183855E-03
  6.183958E-03
  6.184060E-03
  6.184201E-03
  6.184473E-03
  6.184745E-03
  6.185017E-03
  6.185288E-03
  6.185560E-03
  6.185832E-03
  6.186120E-03
  6.186415E-03
  6.186710E-03
  6.187005E-03
  6.187300E-03
  6.187596E-03
  6.187880E-03
  6.188154E-03
  6.188427E-03
  6.188702E-03
  6.188976E-03
  6.189251E-03
  6.189508E-03
  6.189752E-03
  6.189998E-03
  6.190244E-03
  6.190491E-03
  6.190739E-03
  6.190966E-03
  6.191194E-03
  6.191423E-03
  6.191654E-03
  6.191886E-03
  6.192105E-03
  6.192319E-03
  6.192534E-03
  6.192751E-03
  6.192970E-03
  6.193173E-03
  6.193366E-03
  6.193561E-03
  6.193757E-03
  6.193956E-03
  6.194164E-03
  6.194375E-03
  6.194587E-03
  6.194801E-03
  6.195052E-03
  6.195416E-03
  6.195781E-03
  6.196148E-03
  6.196515E-03
  6.197184E-03
  6.197888E-03
  6.198593E-03
  6.199299E-03
  6.200325E-03
  6.201442E-03
  6.202561E-03
  6.203680E-03
  6.205165E-03
  6.206707E-03
  6.208251E-03
  6.209849E-03
  6.211757E-03
  6.213668E-03
  6.215581E-03
  6.217586E-03
  6.219654E-03
  6.221728E-03
  6.223737E-03
  6.225557E-03
  6.227395E-03
  6.229200E-03
  6.230416E-03
  6.231662E-03
  6.232895E-03
  6.233273E-03
  6.233690E-03
  6.233951E-03
  6.233308E-03
  6.232705E-03
  6.231618E-03
  6.229896E-03
  6.228211E-03
  6.225699E-03
  6.223056E-03
  6.220195E-03
  6.216945E-03
  6.213713E-03
  6.210286E-03
  6.206877E-03
  6.203604E-03
  6.200371E-03
  6.197435E-03
  6.194635E-03
  6.192229E-03
  6.190006E-03
  6.188284E-03
  6.186708E-03
  6.185952E-03
  6.185592E-03
  6.186381E-03
  6.188952E-03
  6.192961E-03
  6.202124E-03
  6.216486E-03
  6.237090E-03
  6.269248E-03
  6.318121E-03
  6.385749E-03
  6.477771E-03
  6.600666E-03
  6.759902E-03
  6.955333E-03
  7.172177E-03
  7.367574E-03
  7.459197E-03
  7.334960E-03
  6.953597E-03
  6.445074E-03
  6.286131E-03
  7.243815E-03
 -4.622882E-04
 -4.621958E-04
 -4.621034E-04
 -4.620110E-04
 -4.619186E-04
 -4.618262E-04
 -4.617338E-04
 -4.616414E-04
 -4.615490E-04
 -4.613662E-04
 -4.611812E-04
 -4.609962E-04
 -4.608112E-04
 -4.606262E-04
 -4.604412E-04
 -4.602563E-04
 -4.600511E-04
 -4.598085E-04
 -4.595660E-04
 -4.593235E-04
 -4.590811E-04
 -4.588386E-04
 -4.585961E-04
 -4.583458E-04
 -4.580317E-04
 -4.577177E-04
 -4.574037E-04
 -4.570896E-04
 -4.567756E-04
 -4.564615E-04
 -4.561192E-04
 -4.556830E-04
 -4.552468E-04
 -4.548106E-04
 -4.543744E-04
 -4.539381E-04
 -4.535018E-04
 -4.529391E-04
 -4.523210E-04
 -4.517029E-04
 -4.510847E-04
 -4.504666E-04
 -4.498484E-04
 -4.491057E-04
 -4.482318E-04
 -4.473578E-04
 -4.464838E-04
 -4.456099E-04
 -4.447360E-04
 -4.436739E-04
 -4.424802E-04
 -4.412866E-04
 -4.400932E-04
 -4.388998E-04
 -4.377066E-04
 -4.362084E-04
 -4.347057E-04
 -4.332033E-04
 -4.317012E-04
 -4.301994E-04
 -4.285538E-04
 -4.268349E-04
 -4.251163E-04
 -4.233983E-04
 -4.216807E-04
 -4.199330E-04
 -4.181656E-04
 -4.163988E-04
 -4.146325E-04
 -4.128666E-04
 -4.112452E-04
 -4.096602E-04
 -4.080756E-04
 -4.064914E-04
 -4.050042E-04
 -4.038311E-04
 -4.026582E-04
 -4.014855E-04
 -4.003129E-04
 -3.995110E-04
 -3.987506E-04
 -3.979901E-04
 -3.972297E-04
 -3.964648E-04
 -3.956987E-04
 -3.949325E-04
 -3.941663E-04
 -3.929481E-04
 -3.916606E-04
 -3.903732E-04
 -3.889330E-04
 -3.866233E-04
 -3.843142E-04
 -3.820057E-04
 -3.787870E-04
 -3.750070E-04
 -3.712292E-04
 -3.669926E-04
 -3.614670E-04
 -3.559470E-04
 -3.503207E-04
 -3.433330E-04
 -3.363549E-04
 -3.293444E-04
 -3.215042E-04
 -3.136765E-04
 -3.058077E-04
 -2.976930E-04
 -2.895918E-04
 -2.815672E-04
 -2.736367E-04
 -2.657193E-04
 -2.582199E-04
 -2.508080E-04
 -2.436757E-04
 -2.369987E-04
 -2.303591E-04
 -2.245602E-04
 -2.187681E-04
 -2.137498E-04
 -2.089195E-04
 -2.047932E-04
 -2.009805E-04
 -1.978622E-04
 -1.950653E-04
 -1.930232E-04
 -1.911994E-04
 -1.902762E-04
 -1.896139E-04
 -1.896676E-04
 -1.903424E-04
 -1.914775E-04
 -1.937621E-04
 -1.968915E-04
 -2.009537E-04
 -2.065445E-04
 -2.140577E-04
 -2.235269E-04
 -2.353777E-04
 -2.500418E-04
 -2.694081E-04
 -2.898447E-04
 -3.112808E-04
 -3.297217E-04
 -3.375756E-04
 -3.262791E-04
 -2.985093E-04
 -1.840650E-04
  5.760243E-05
  1.597292E-09
  1.273240E+00
  1.273211E+00
  1.273125E+00
  1.272981E+00
  1.272781E+00
  1.272522E+00
  1.272207E+00
  1.271834E+00
  1.271403E+00
  1.270915E+00
  1.270369E+00
  1.269765E+00
  1.269104E+00
  1.268384E+00
  1.267607E+00
  1.266771E+00
  1.265877E+00
  1.264925E+00
  1.263915E+00
  1.262845E+00
  1.261717E+00
  1.260530E+00
  1.259284E+00
  1.257979E+00
  1.256614E+00
  1.255190E+00
  1.253705E+00
  1.252161E+00
  1.250556E+00
  1.248891E+00
  1.247165E+00
  1.245378E+00
  1.243529E+00
  1.241620E+00
  1.239648E+00
  1.237614E+00
  1.235518E+00
  1.233359E+00
  1.231136E+00
  1.228851E+00
  1.226501E+00
  1.224088E+00
  1.221610E+00
  1.219067E+00
  1.216458E+00
  1.213784E+00
  1.211044E+00
  1.208237E+00
  1.205362E+00
  1.202421E+00
  1.199411E+00
  1.196332E+00
  1.193185E+00
  1.189968E+00
  1.186680E+00
  1.183322E+00
  1.179892E+00
  1.176390E+00
  1.172816E+00
  1.169168E+00
  1.165446E+00
  1.161649E+00
  1.157776E+00
  1.153828E+00
  1.149802E+00
  1.145699E+00
  1.141516E+00
  1.137254E+00
  1.132912E+00
  1.128488E+00
  1.123982E+00
  1.119393E+00
  1.114719E+00
  1.109960E+00
  1.105114E+00
  1.100180E+00
  1.095157E+00
  1.090045E+00
  1.084841E+00
  1.079544E+00
  1.074153E+00
  1.068667E+00
  1.063083E+00
  1.057401E+00
  1.051619E+00
  1.045735E+00
  1.039748E+00
  1.033655E+00
  1.027455E+00
  1.021146E+00
  1.014726E+00
  1.008193E+00
  1.001543E+00
  9.947766E-01
  9.878894E-01
  9.808795E-01
  9.737441E-01
  9.664805E-01
  9.590857E-01
  9.515567E-01
  9.438904E-01
  9.360832E-01
  9.281318E-01
  9.200322E-01
  9.117806E-01
  9.033729E-01
  8.948045E-01
  8.860709E-01
  8.771671E-01
  8.680879E-01
  8.588277E-01
  8.493806E-01
  8.397402E-01
  8.299000E-01
  8.198525E-01
  8.095903E-01
  7.991048E-01
  7.883874E-01
  7.774283E-01
  7.662172E-01
  7.547428E-01
  7.429930E-01
  7.309546E-01
  7.186128E-01
  7.059520E-01
  6.929545E-01
  6.796012E-01
  6.658704E-01
  6.517385E-01
  6.371787E-01
  6.221609E-01
  6.066513E-01
  5.906109E-01
  5.739954E-01
  5.567532E-01
  5.388241E-01
  5.201372E-01
  5.006076E-01
  4.801325E-01
  4.585853E-01
  4.358068E-01
  4.115929E-01
  3.856731E-01
  3.576769E-01
  3.270715E-01
  2.930404E-01
  2.542116E-01
  2.079144E-01
  1.472658E-01
  0.000000E+00
  1.110786E-01
  1.110744E-01
  1.110701E-01
  1.110659E-01
  1.110616E-01
  1.110573E-01
  1.110531E-01
  1.110488E-01
  1.110445E-01
  1.110360E-01
  1.110274E-01
  1.110188E-01
  1.110101E-01
  1.110015E-01
  1.109929E-01
  1.109842E-01
  1.109736E-01
  1.109593E-01
  1.109450E-01
  1.109307E-01
  1.109163E-01
  1.109020E-01
  1.108877E-01
  1.108726E-01
  1.108507E-01
  1.108287E-01
  1.108068E-01
  1.107849E-01
  1.107630E-01
  1.107411E-01
  1.107168E-01
  1.106844E-01
  1.106520E-01
  1.106196E-01
  1.105873E-01
  1.105549E-01
  1.105225E-01
  1.104799E-01
  1.104329E-01
  1.103858E-01
  1.103388E-01
  1.102917E-01
  1.102447E-01
  1.101878E-01
  1.101205E-01
  1.100532E-01
  1.099859E-01
  1.099186E-01
  1.098513E-01
  1.097696E-01
  1.096779E-01
  1.095861E-01
  1.094943E-01
  1.094026E-01
  1.093108E-01
  1.091990E-01
  1.090869E-01
  1.089747E-01
  1.088626E-01
  1.087505E-01
  1.086429E-01
  1.085384E-01
  1.084339E-01
  1.083294E-01
  1.082248E-01
  1.081283E-01
  1.080371E-01
  1.079459E-01
  1.078546E-01
  1.077634E-01
  1.077010E-01
  1.076459E-01
  1.075907E-01
  1.075356E-01
  1.075069E-01
  1.075202E-01
  1.075334E-01
  1.075467E-01
  1.075600E-01
  1.076221E-01
  1.076897E-01
  1.077573E-01
  1.078249E-01
  1.079000E-01
  1.079772E-01
  1.080545E-01
  1.081317E-01
  1.081762E-01
  1.082156E-01
  1.082550E-01
  1.082822E-01
  1.082403E-01
  1.081985E-01
  1.081566E-01
  1.080402E-01
  1.078778E-01
  1.077154E-01
  1.075342E-01
  1.072718E-01
  1.070093E-01
  1.067389E-01
  1.063708E-01
  1.060469E-01
  1.057412E-01
  1.053911E-01
  1.050495E-01
  1.047698E-01
  1.044836E-01
  1.042341E-01
  1.040566E-01
  1.038938E-01
  1.037308E-01
  1.036261E-01
  1.035387E-01
  1.034575E-01
  1.033865E-01
  1.033346E-01
  1.033128E-01
  1.032911E-01
  1.032761E-01
  1.032626E-01
  1.032536E-01
  1.032466E-01
  1.032424E-01
  1.032395E-01
  1.032385E-01
  1.032379E-01
  1.032386E-01
  1.032393E-01
  1.032403E-01
  1.032410E-01
  1.032416E-01
  1.032416E-01
  1.032410E-01
  1.032398E-01
  1.032376E-01
  1.032345E-01
  1.032304E-01
  1.032253E-01
  1.032191E-01
  1.032331E-01
  1.032243E-01
  1.032143E-01
  1.032100E-01
  1.032041E-01
  1.032256E-01
  1.033089E-01
  1.034332E-01
  1.211003E-01
  2.269634E-02
 -1.050967E-01
 -1.044880E-01
 -1.038793E-01
 -1.032705E-01
 -1.026618E-01
 -1.020530E-01
 -1.014443E-01
 -1.008356E-01
 -1.002268E-01
 -9.937844E-02
 -9.852411E-02
 -9.766978E-02
 -9.681545E-02
 -9.596113E-02
 -9.510680E-02
 -9.425247E-02
 -9.331002E-02
 -9.220597E-02
 -9.110192E-02
 -8.999787E-02
 -8.889381E-02
 -8.778976E-02
 -8.668571E-02
 -8.555585E-02
 -8.421938E-02
 -8.288290E-02
 -8.154643E-02
 -8.020995E-02
 -7.887348E-02
 -7.753700E-02
 -7.616303E-02
 -7.466447E-02
 -7.316591E-02
 -7.166734E-02
 -7.016878E-02
 -6.867021E-02
 -6.717165E-02
 -6.569845E-02
 -6.423637E-02
 -6.277428E-02
 -6.131219E-02
 -5.985010E-02
 -5.838801E-02
 -5.718138E-02
 -5.624430E-02
 -5.530721E-02
 -5.437012E-02
 -5.343304E-02
 -5.249595E-02
 -5.244624E-02
 -5.301808E-02
 -5.358992E-02
 -5.416176E-02
 -5.473360E-02
 -5.530544E-02
 -5.827621E-02
 -6.128475E-02
 -6.429329E-02
 -6.730183E-02
 -7.031037E-02
 -7.465539E-02
 -7.968554E-02
 -8.471569E-02
 -8.974584E-02
 -9.477599E-02
 -1.003709E-01
 -1.063364E-01
 -1.123019E-01
 -1.182674E-01
 -1.242329E-01
 -1.297050E-01
 -1.350534E-01
 -1.404018E-01
 -1.457502E-01
 -1.505283E-01
 -1.534536E-01
 -1.563789E-01
 -1.593042E-01
 -1.622295E-01
 -1.625529E-01
 -1.625853E-01
 -1.626176E-01
 -1.626500E-01
 -1.624199E-01
 -1.621160E-01
 -1.618120E-01
 -1.615081E-01
 -1.633305E-01
 -1.654789E-01
 -1.676274E-01
 -1.705237E-01
 -1.776738E-01
 -1.848239E-01
 -1.919740E-01
 -2.036368E-01
 -2.180908E-01
 -2.325448E-01
 -2.493531E-01
 -2.727664E-01
 -2.961795E-01
 -3.200890E-01
 -3.500796E-01
 -3.800701E-01
 -4.101700E-01
 -4.424675E-01
 -4.747648E-01
 -5.068476E-01
 -5.378916E-01
 -5.689354E-01
 -5.982603E-01
 -6.253822E-01
 -6.525037E-01
 -6.747969E-01
 -6.961849E-01
 -7.150062E-01
 -7.295654E-01
 -7.438818E-01
 -7.510618E-01
 -7.582418E-01
 -7.592758E-01
 -7.588405E-01
 -7.529576E-01
 -7.446560E-01
 -7.310778E-01
 -7.150586E-01
 -6.934512E-01
 -6.702246E-01
 -6.407065E-01
 -6.095420E-01
 -5.739450E-01
 -5.352315E-01
 -4.942484E-01
 -4.489412E-01
 -4.013368E-01
 -3.514180E-01
 -2.985624E-01
 -2.430852E-01
 -1.855113E-01
 -1.258343E-01
 -6.409533E-02
  5.667204E-02
  1.223010E-01
  1.897277E-01
  2.588460E-01
  3.295488E-01
  4.017310E-01
  4.752908E-01
  5.503149E-01
 -2.305158E-01
  7.124482E-02
  9.799840E-01
  9.799840E-01
  9.799840E-01
  9.799840E-01
  9.799840E-01
  9.799839E-01
  9.799839E-01
  9.799839E-01
  9.799839E-01
  9.799839E-01
  9.799838E-01
  9.799838E-01
  9.799838E-01
  9.799838E-01
  9.799837E-01
  9.799837E-01
  9.799837E-01
  9.799836E-01
  9.799836E-01
  9.799836E-01
  9.799836E-01
  9.799835E-01
  9.799835E-01
  9.799835E-01
  9.799834E-01
  9.799834E-01
  9.799834E-01
  9.799833E-01
  9.799833E-01
  9.799833E-01
  9.799832E-01
  9.799832E-01
  9.799832E-01
  9.799831E-01
  9.799831E-01
  9.799831E-01
  9.799831E-01
  9.799830E-01
  9.799830E-01
  9.799830E-01
  9.799829E-01
  9.799829E-01
  9.799829E-01
  9.799829E-01
  9.799828E-01
  9.799828E-01
  9.799828E-01
  9.799828E-01
  9.799828E-01
  9.799828E-01
  9.799828E-01
  9.799828E-01
  9.799828E-01
  9.799828E-01
  9.799828E-01
  9.799829E-01
  9.799829E-01
  9.799830E-01
  9.799831E-01
  9.799831E-01
  9.799832E-01
  9.799833E-01
  9.799834E-01
  9.799836E-01
  9.799837E-01
  9.799839E-01
  9.799841E-01
  9.799843E-01
  9.799845E-01
  9.799847E-01
  9.799849E-01
  9.799851E-01
  9.799853E-01
  9.799855E-01
  9.799858E-01
  9.799859E-01
  9.799860E-01
  9.799862E-01
  9.799863E-01
  9.799863E-01
  9.799863E-01
  9.799863E-01
  9.799863E-01
  9.799863E-01
  9.799863E-01
  9.799863E-01
  9.799863E-01
  9.799864E-01
  9.799865E-01
  9.799866E-01
  9.799867E-01
  9.799871E-01
  9.799875E-01
  9.799879E-01
  9.799886E-01
  9.799895E-01
  9.799904E-01
  9.799917E-01
  9.799935E-01
  9.799955E-01
  9.799977E-01
  9.800007E-01
  9.800039E-01
  9.800075E-01
  9.800116E-01
  9.800160E-01
  9.800207E-01
  9.800256E-01
  9.800307E-01
  9.800358E-01
  9.800408E-01
  9.800459E-01
  9.800503E-01
  9.800547E-01
  9.800587E-01
  9.800618E-01
  9.800650E-01
  9.800666E-01
  9.800682E-01
  9.800684E-01
  9.800683E-01
  9.800670E-01
  9.800651E-01
  9.800622E-01
  9.800587E-01
  9.800542E-01
  9.800494E-01
  9.800437E-01
  9.800378E-01
  9.800315E-01
  9.800251E-01
  9.800188E-01
  9.800125E-01
  9.800064E-01
  9.800008E-01
  9.799957E-01
  9.799912E-01
  9.799875E-01
  9.799847E-01
  9.799830E-01
  9.799829E-01
  9.799846E-01
  9.799878E-01
  9.799924E-01
  9.799986E-01
  9.800065E-01
  9.800161E-01
  9.800276E-01
  7.134833E-01
  4.028554E-06
 -3.183855E+02
 -3.182731E+02
 -3.181607E+02
 -3.180483E+02
 -3.179359E+02
 -3.178235E+02
 -3.177111E+02
 -3.175987E+02
 -3.174863E+02
 -3.171310E+02
 -3.167696E+02
 -3.164082E+02
 -3.160469E+02
 -3.156855E+02
 -3.153241E+02
 -3.149627E+02
 -3.145043E+02
 -3.138679E+02
 -3.132316E+02
 -3.125952E+02
 -3.119589E+02
 -3.113225E+02
 -3.106862E+02
 -3.100220E+02
 -3.091349E+02
 -3.082478E+02
 -3.073607E+02
 -3.064737E+02
 -3.055867E+02
 -3.046997E+02
 -3.037670E+02
 -3.026822E+02
 -3.015975E+02
 -3.005128E+02
 -2.994282E+02
 -2.983437E+02
 -2.972593E+02
 -2.960528E+02
 -2.947930E+02
 -2.935333E+02
 -2.922737E+02
 -2.910143E+02
 -2.897549E+02
 -2.884365E+02
 -2.870558E+02
 -2.856753E+02
 -2.842950E+02
 -2.829149E+02
 -2.815350E+02
 -2.801534E+02
 -2.787706E+02
 -2.773881E+02
 -2.760059E+02
 -2.746240E+02
 -2.732424E+02
 -2.719594E+02
 -2.706784E+02
 -2.693977E+02
 -2.681174E+02
 -2.668374E+02
 -2.656186E+02
 -2.644314E+02
 -2.632446E+02
 -2.620581E+02
 -2.608721E+02
 -2.596866E+02
 -2.585016E+02
 -2.573171E+02
 -2.561331E+02
 -2.549495E+02
 -2.536426E+02
 -2.523052E+02
 -2.509684E+02
 -2.496322E+02
 -2.482100E+02
 -2.465070E+02
 -2.448045E+02
 -2.431027E+02
 -2.414015E+02
 -2.393180E+02
 -2.371922E+02
 -2.350668E+02
 -2.329418E+02
 -2.306292E+02
 -2.282639E+02
 -2.258990E+02
 -2.235346E+02
 -2.211484E+02
 -2.187593E+02
 -2.163706E+02
 -2.140029E+02
 -2.117522E+02
 -2.095018E+02
 -2.072514E+02
 -2.052485E+02
 -2.033976E+02
 -2.015457E+02
 -1.998431E+02
 -1.985597E+02
 -1.972729E+02
 -1.960110E+02
 -1.950922E+02
 -1.941677E+02
 -1.932390E+02
 -1.923303E+02
 -1.914155E+02
 -1.904535E+02
 -1.892865E+02
 -1.881145E+02
 -1.867301E+02
 -1.850760E+02
 -1.834189E+02
 -1.811999E+02
 -1.788750E+02
 -1.762553E+02
 -1.731480E+02
 -1.700141E+02
 -1.660606E+02
 -1.621101E+02
 -1.574347E+02
 -1.525897E+02
 -1.471205E+02
 -1.413771E+02
 -1.350414E+02
 -1.284340E+02
 -1.211727E+02
 -1.137232E+02
 -1.054629E+02
 -9.696200E+01
 -8.780039E+01
 -7.807870E+01
 -6.793266E+01
 -5.681512E+01
 -4.502475E+01
 -3.249863E+01
 -1.885125E+01
 -3.875331E+00
  1.246565E+01
  3.055354E+01
  5.100648E+01
  7.491836E+01
  1.042249E+02
  1.420332E+02
  1.934559E+02
  2.632502E+02
  3.347510E+02
  3.855130E+02
  4.941660E+02
  9.615162E+01
  3.972979E-04
  1.106550E+04
  1.106365E+04
  1.106181E+04
  1.105996E+04
  1.105812E+04
  1.105627E+04
  1.105443E+04
  1.105258E+04
  1.105074E+04
  1.104524E+04
  1.103965E+04
  1.103406E+04
  1.102846E+04
  1.102287E+04
  1.101728E+04
  1.101169E+04
  1.100491E+04
  1.099595E+04
  1.098698E+04
  1.097802E+04
  1.096906E+04
  1.096009E+04
  1.095113E+04
  1.094181E+04
  1.092966E+04
  1.091751E+04
  1.090536E+04
  1.089321E+04
  1.088106E+04
  1.086891E+04
  1.085598E+04
  1.084049E+04
  1.082499E+04
  1.080950E+04
  1.079401E+04
  1.077851E+04
  1.076302E+04
  1.074519E+04
  1.072634E+04
  1.070749E+04
  1.068864E+04
  1.066979E+04
  1.065094E+04
  1.063052E+04
  1.060846E+04
  1.058640E+04
  1.056434E+04
  1.054228E+04
  1.052022E+04
  1.049632E+04
  1.047113E+04
  1.044595E+04
  1.042076E+04
  1.039558E+04
  1.037040E+04
  1.034217E+04
  1.031390E+04
  1.028563E+04
  1.025736E+04
  1.022910E+04
  1.019885E+04
  1.016757E+04
  1.013630E+04
  1.010503E+04
  1.007377E+04
  1.004062E+04
  1.000623E+04
  9.971836E+03
  9.937452E+03
  9.903071E+03
  9.865883E+03
  9.827993E+03
  9.790107E+03
  9.752224E+03
  9.713439E+03
  9.671714E+03
  9.629991E+03
  9.588270E+03
  9.546551E+03
  9.501222E+03
  9.455489E+03
  9.409757E+03
  9.364027E+03
  9.315140E+03
  9.265365E+03
  9.215592E+03
  9.165819E+03
  9.112863E+03
  9.059420E+03
  9.005978E+03
  8.952078E+03
  8.895561E+03
  8.839049E+03
  8.782541E+03
  8.724309E+03
  8.665017E+03
  8.605736E+03
  8.545750E+03
  8.483776E+03
  8.421827E+03
  8.359717E+03
  8.295369E+03
  8.231060E+03
  8.166665E+03
  8.099796E+03
  8.032974E+03
  7.965626E+03
  7.895550E+03
  7.825520E+03
  7.753813E+03
  7.679938E+03
  7.606106E+03
  7.528764E+03
  7.450792E+03
  7.371246E+03
  7.289060E+03
  7.206761E+03
  7.120405E+03
  7.034069E+03
  6.944425E+03
  6.854002E+03
  6.760780E+03
  6.666322E+03
  6.569107E+03
  6.470622E+03
  6.369099E+03
  6.266703E+03
  6.160792E+03
  6.053954E+03
  5.944597E+03
  5.833425E+03
  5.720924E+03
  5.605762E+03
  5.489025E+03
  5.370627E+03
  5.249847E+03
  5.126520E+03
  5.000985E+03
  4.873459E+03
  4.745289E+03
  4.620890E+03
  4.510807E+03
  4.433058E+03
  4.423435E+03
  4.519679E+03
  4.488535E+03
  4.051002E+03
  4.558961E+03
  1.355445E+03
 -7.794526E-05
  7.471629E+00
  7.727588E+00
  7.983547E+00
  8.239505E+00
  8.495463E+00
  8.751421E+00
  9.007378E+00
  9.263334E+00
  9.519291E+00
  1.014580E+01
  1.078149E+01
  1.141718E+01
  1.205286E+01
  1.268855E+01
  1.332423E+01
  1.395991E+01
  1.468459E+01
  1.557251E+01
  1.646043E+01
  1.734834E+01
  1.823625E+01
  1.912416E+01
  2.001205E+01
  2.094299E+01
  2.221851E+01
  2.349402E+01
  2.476952E+01
  2.604501E+01
  2.732049E+01
  2.859595E+01
  3.001063E+01
  3.188798E+01
  3.376531E+01
  3.564260E+01
  3.751987E+01
  3.939710E+01
  4.127431E+01
  4.376975E+01
  4.653574E+01
  4.930167E+01
  5.206752E+01
  5.483329E+01
  5.759900E+01
  6.085652E+01
  6.463287E+01
  6.840906E+01
  7.218509E+01
  7.596096E+01
  7.973668E+01
  8.374097E+01
  8.790521E+01
  9.206918E+01
  9.623287E+01
  1.003963E+02
  1.045594E+02
  1.080102E+02
  1.114496E+02
  1.148885E+02
  1.183271E+02
  1.217654E+02
  1.241038E+02
  1.258782E+02
  1.276523E+02
  1.294262E+02
  1.311998E+02
  1.314204E+02
  1.306224E+02
  1.298244E+02
  1.290263E+02
  1.282282E+02
  1.247625E+02
  1.206280E+02
  1.164936E+02
  1.123595E+02
  1.077194E+02
  1.014347E+02
  9.515019E+01
  8.886590E+01
  8.258179E+01
  7.904021E+01
  7.580541E+01
  7.257061E+01
  6.933579E+01
  7.184476E+01
  7.597148E+01
  8.009818E+01
  8.422488E+01
  9.486003E+01
  1.064928E+02
  1.181252E+02
  1.307762E+02
  1.492225E+02
  1.676669E+02
  1.861096E+02
  2.078821E+02
  2.317112E+02
  2.555357E+02
  2.791868E+02
  3.023575E+02
  3.255215E+02
  3.480395E+02
  3.627206E+02
  3.773964E+02
  3.915811E+02
  3.960176E+02
  4.004529E+02
  4.034889E+02
  3.997455E+02
  3.960043E+02
  3.896956E+02
  3.800966E+02
  3.705018E+02
  3.577095E+02
  3.443219E+02
  3.301105E+02
  3.145279E+02
  2.989043E+02
  2.819410E+02
  2.649820E+02
  2.460298E+02
  2.266043E+02
  2.048747E+02
  1.821243E+02
  1.581302E+02
  1.335617E+02
  1.089018E+02
  8.421566E+01
  6.043745E+01
  3.706421E+01
  1.486160E+01
 -6.229120E+00
 -2.649480E+01
 -4.488872E+01
 -6.213664E+01
 -7.819078E+01
 -9.258575E+01
 -1.053052E+02
 -1.165248E+02
 -1.260388E+02
 -1.335477E+02
 -1.385592E+02
 -1.402399E+02
 -1.373470E+02
 -1.289744E+02
 -1.158744E+02
 -9.827011E+01
 -8.488309E+01
  7.696855E+02
  4.425366E+03
  2.700393E-02
