 Title= "ADflow Lift Distribution Data"
Variables = "eta" "CoordinateX" "CoordinateY" "CoordinateZ" "Lift" "Drag" "Moment" "Normalized Lift" "Normalized Drag" "Normalized Moment" "CL" "CD" "CM" "CLp" "CDp" "CMp" "CLv" "CDv" "CMv" "Elliptical" "thickness" "twist" "chord" "fx" "fy" "fz" 
Zone T= "LiftDist_01 allWalls: : z normal"
 I=          150
 DATAPACKING=BLOCK
  0.000000E+00
  6.711405E-03
  1.342281E-02
  2.013422E-02
  2.684563E-02
  3.355704E-02
  4.026845E-02
  4.697986E-02
  5.369127E-02
  6.040268E-02
  6.711409E-02
  7.382550E-02
  8.053691E-02
  8.724832E-02
  9.395973E-02
  1.006711E-01
  1.073825E-01
  1.140940E-01
  1.208054E-01
  1.275168E-01
  1.342282E-01
  1.409396E-01
  1.476510E-01
  1.543624E-01
  1.610738E-01
  1.677852E-01
  1.744966E-01
  1.812081E-01
  1.879195E-01
  1.946309E-01
  2.013423E-01
  2.080537E-01
  2.147651E-01
  2.214765E-01
  2.281879E-01
  2.348993E-01
  2.416107E-01
  2.483221E-01
  2.550336E-01
  2.617450E-01
  2.684564E-01
  2.751678E-01
  2.818792E-01
  2.885906E-01
  2.953020E-01
  3.020134E-01
  3.087248E-01
  3.154362E-01
  3.221476E-01
  3.288591E-01
  3.355705E-01
  3.422819E-01
  3.489933E-01
  3.557047E-01
  3.624161E-01
  3.691275E-01
  3.758389E-01
  3.825503E-01
  3.892617E-01
  3.959732E-01
  4.026846E-01
  4.093960E-01
  4.161074E-01
  4.228188E-01
  4.295302E-01
  4.362416E-01
  4.429530E-01
  4.496644E-01
  4.563758E-01
  4.630872E-01
  4.697987E-01
  4.765101E-01
  4.832215E-01
  4.899329E-01
  4.966443E-01
  5.033557E-01
  5.100671E-01
  5.167785E-01
  5.234899E-01
  5.302013E-01
  5.369128E-01
  5.436242E-01
  5.503356E-01
  5.570470E-01
  5.637584E-01
  5.704698E-01
  5.771812E-01
  5.838926E-01
  5.906040E-01
  5.973154E-01
  6.040268E-01
  6.107383E-01
  6.174497E-01
  6.241611E-01
  6.308725E-01
  6.375839E-01
  6.442953E-01
  6.510067E-01
  6.577181E-01
  6.644295E-01
  6.711409E-01
  6.778524E-01
  6.845638E-01
  6.912752E-01
  6.979866E-01
  7.046980E-01
  7.114094E-01
  7.181208E-01
  7.248322E-01
  7.315436E-01
  7.382550E-01
  7.449664E-01
  7.516779E-01
  7.583893E-01
  7.651007E-01
  7.718121E-01
  7.785235E-01
  7.852349E-01
  7.919463E-01
  7.986577E-01
  8.053691E-01
  8.120805E-01
  8.187919E-01
  8.255034E-01
  8.322148E-01
  8.389262E-01
  8.456376E-01
  8.523490E-01
  8.590604E-01
  8.657718E-01
  8.724832E-01
  8.791946E-01
  8.859060E-01
  8.926175E-01
  8.993289E-01
  9.060403E-01
  9.127517E-01
  9.194631E-01
  9.261745E-01
  9.328859E-01
  9.395973E-01
  9.463087E-01
  9.530201E-01
  9.597315E-01
  9.664430E-01
  9.731544E-01
  9.798658E-01
  9.865772E-01
  9.932886E-01
  1.000000E+00
  0.000000E+00
  0.000000E+00
  0.000000E+00
  0.000000E+00
  0.000000E+00
  0.000000E+00
  0.000000E+00
  0.000000E+00
  0.000000E+00
  0.000000E+00
  0.000000E+00
  0.000000E+00
  0.000000E+00
  0.000000E+00
  0.000000E+00
  0.000000E+00
  0.000000E+00
  0.000000E+00
  0.000000E+00
  0.000000E+00
  0.000000E+00
  0.000000E+00
  0.000000E+00
  0.000000E+00
  0.000000E+00
  0.000000E+00
  0.000000E+00
  0.000000E+00
  0.000000E+00
  0.000000E+00
  0.000000E+00
  0.000000E+00
  0.000000E+00
  0.000000E+00
  0.000000E+00
  0.000000E+00
  0.000000E+00
  0.000000E+00
  0.000000E+00
  0.000000E+00
  0.000000E+00
  0.000000E+00
  0.000000E+00
  0.000000E+00
  0.000000E+00
  0.000000E+00
  0.000000E+00
  0.000000E+00
  0.000000E+00
  0.000000E+00
  0.000000E+00
  0.000000E+00
  0.000000E+00
  0.000000E+00
  0.000000E+00
  0.000000E+00
  0.000000E+00
  0.000000E+00
  0.000000E+00
  0.000000E+00
  0.000000E+00
  0.000000E+00
  0.000000E+00
  0.000000E+00
  0.000000E+00
  0.000000E+00
  0.000000E+00
  0.000000E+00
  0.000000E+00
  0.000000E+00
  0.000000E+00
  0.000000E+00
  0.000000E+00
  0.000000E+00
  0.000000E+00
  0.000000E+00
  0.000000E+00
  0.000000E+00
  0.000000E+00
  0.000000E+00
  0.000000E+00
  0.000000E+00
  0.000000E+00
  0.000000E+00
  0.000000E+00
  0.000000E+00
  0.000000E+00
  0.000000E+00
  0.000000E+00
  0.000000E+00
  0.000000E+00
  0.000000E+00
  0.000000E+00
  0.000000E+00
  0.000000E+00
  0.000000E+00
  0.000000E+00
  0.000000E+00
  0.000000E+00
  0.000000E+00
  0.000000E+00
  0.000000E+00
  0.000000E+00
  0.000000E+00
  0.000000E+00
  0.000000E+00
  0.000000E+00
  0.000000E+00
  0.000000E+00
  0.000000E+00
  0.000000E+00
  0.000000E+00
  0.000000E+00
  0.000000E+00
  0.000000E+00
  0.000000E+00
  0.000000E+00
  0.000000E+00
  0.000000E+00
  0.000000E+00
  0.000000E+00
  0.000000E+00
  0.000000E+00
  0.000000E+00
  0.000000E+00
  0.000000E+00
  0.000000E+00
  0.000000E+00
  0.000000E+00
  0.000000E+00
  0.000000E+00
  0.000000E+00
  0.000000E+00
  0.000000E+00
  0.000000E+00
  0.000000E+00
  0.000000E+00
  0.000000E+00
  0.000000E+00
  0.000000E+00
  0.000000E+00
  0.000000E+00
  0.000000E+00
  0.000000E+00
  0.000000E+00
  0.000000E+00
  0.000000E+00
  0.000000E+00
  0.000000E+00
  0.000000E+00
  0.000000E+00
  0.000000E+00
  0.000000E+00
  0.000000E+00
  0.000000E+00
  0.000000E+00
  0.000000E+00
  0.000000E+00
  0.000000E+00
  0.000000E+00
  0.000000E+00
  0.000000E+00
  0.000000E+00
  0.000000E+00
  0.000000E+00
  0.000000E+00
  0.000000E+00
  0.000000E+00
  0.000000E+00
  0.000000E+00
  0.000000E+00
  0.000000E+00
  0.000000E+00
  0.000000E+00
  0.000000E+00
  0.000000E+00
  0.000000E+00
  0.000000E+00
  0.000000E+00
  0.000000E+00
  0.000000E+00
  0.000000E+00
  0.000000E+00
  0.000000E+00
  0.000000E+00
  0.000000E+00
  0.000000E+00
  0.000000E+00
  0.000000E+00
  0.000000E+00
  0.000000E+00
  0.000000E+00
  0.000000E+00
  0.000000E+00
  0.000000E+00
  0.000000E+00
  0.000000E+00
  0.000000E+00
  0.000000E+00
  0.000000E+00
  0.000000E+00
  0.000000E+00
  0.000000E+00
  0.000000E+00
  0.000000E+00
  0.000000E+00
  0.000000E+00
  0.000000E+00
  0.000000E+00
  0.000000E+00
  0.000000E+00
  0.000000E+00
  0.000000E+00
  0.000000E+00
  0.000000E+00
  0.000000E+00
  0.000000E+00
  0.000000E+00
  0.000000E+00
  0.000000E+00
  0.000000E+00
  0.000000E+00
  0.000000E+00
  0.000000E+00
  0.000000E+00
  0.000000E+00
  0.000000E+00
  0.000000E+00
  0.000000E+00
  0.000000E+00
  0.000000E+00
  0.000000E+00
  0.000000E+00
  0.000000E+00
  0.000000E+00
  0.000000E+00
  0.000000E+00
  0.000000E+00
  0.000000E+00
  0.000000E+00
  0.000000E+00
  0.000000E+00
  0.000000E+00
  0.000000E+00
  0.000000E+00
  0.000000E+00
  0.000000E+00
  0.000000E+00
  0.000000E+00
  0.000000E+00
  0.000000E+00
  0.000000E+00
  0.000000E+00
  0.000000E+00
  0.000000E+00
  0.000000E+00
  0.000000E+00
  0.000000E+00
  0.000000E+00
  0.000000E+00
  0.000000E+00
  0.000000E+00
  0.000000E+00
  0.000000E+00
  0.000000E+00
  0.000000E+00
  0.000000E+00
  0.000000E+00
  0.000000E+00
  0.000000E+00
  0.000000E+00
  0.000000E+00
  0.000000E+00
  0.000000E+00
  0.000000E+00
  0.000000E+00
  0.000000E+00
  0.000000E+00
  0.000000E+00
  0.000000E+00
  0.000000E+00
  0.000000E+00
  0.000000E+00
  0.000000E+00
  0.000000E+00
  0.000000E+00
  0.000000E+00
  0.000000E+00
  0.000000E+00
  0.000000E+00
  0.000000E+00
  0.000000E+00
  0.000000E+00
  0.000000E+00
  0.000000E+00
  0.000000E+00
  0.000000E+00
  0.000000E+00
  0.000000E+00
  0.000000E+00
  1.000000E-08
  1.695085E-02
  3.390169E-02
  5.085254E-02
  6.780338E-02
  8.475423E-02
  1.017051E-01
  1.186559E-01
  1.356068E-01
  1.525576E-01
  1.695085E-01
  1.864593E-01
  2.034101E-01
  2.203610E-01
  2.373118E-01
  2.542627E-01
  2.712135E-01
  2.881644E-01
  3.051152E-01
  3.220661E-01
  3.390169E-01
  3.559678E-01
  3.729186E-01
  3.898694E-01
  4.068203E-01
  4.237711E-01
  4.407220E-01
  4.576728E-01
  4.746237E-01
  4.915745E-01
  5.085254E-01
  5.254762E-01
  5.424271E-01
  5.593779E-01
  5.763287E-01
  5.932796E-01
  6.102304E-01
  6.271813E-01
  6.441321E-01
  6.610830E-01
  6.780338E-01
  6.949847E-01
  7.119355E-01
  7.288864E-01
  7.458372E-01
  7.627880E-01
  7.797389E-01
  7.966897E-01
  8.136406E-01
  8.305914E-01
  8.475423E-01
  8.644931E-01
  8.814440E-01
  8.983948E-01
  9.153457E-01
  9.322965E-01
  9.492473E-01
  9.661982E-01
  9.831490E-01
  1.000100E+00
  1.017051E+00
  1.034002E+00
  1.050952E+00
  1.067903E+00
  1.084854E+00
  1.101805E+00
  1.118756E+00
  1.135707E+00
  1.152657E+00
  1.169608E+00
  1.186559E+00
  1.203510E+00
  1.220461E+00
  1.237412E+00
  1.254363E+00
  1.271313E+00
  1.288264E+00
  1.305215E+00
  1.322166E+00
  1.339117E+00
  1.356068E+00
  1.373018E+00
  1.389969E+00
  1.406920E+00
  1.423871E+00
  1.440822E+00
  1.457773E+00
  1.474724E+00
  1.491674E+00
  1.508625E+00
  1.525576E+00
  1.542527E+00
  1.559478E+00
  1.576429E+00
  1.593379E+00
  1.610330E+00
  1.627281E+00
  1.644232E+00
  1.661183E+00
  1.678134E+00
  1.695085E+00
  1.712035E+00
  1.728986E+00
  1.745937E+00
  1.762888E+00
  1.779839E+00
  1.796790E+00
  1.813740E+00
  1.830691E+00
  1.847642E+00
  1.864593E+00
  1.881544E+00
  1.898495E+00
  1.915446E+00
  1.932396E+00
  1.949347E+00
  1.966298E+00
  1.983249E+00
  2.000200E+00
  2.017151E+00
  2.034101E+00
  2.051052E+00
  2.068003E+00
  2.084954E+00
  2.101905E+00
  2.118856E+00
  2.135807E+00
  2.152757E+00
  2.169708E+00
  2.186659E+00
  2.203610E+00
  2.220561E+00
  2.237512E+00
  2.254462E+00
  2.271413E+00
  2.288364E+00
  2.305315E+00
  2.322266E+00
  2.339217E+00
  2.356168E+00
  2.373118E+00
  2.390069E+00
  2.407020E+00
  2.423971E+00
  2.440922E+00
  2.457873E+00
  2.474823E+00
  2.491774E+00
  2.508725E+00
  2.525676E+00
  1.106270E+04
  1.106084E+04
  1.105898E+04
  1.105712E+04
  1.105527E+04
  1.105341E+04
  1.105155E+04
  1.104969E+04
  1.104783E+04
  1.104234E+04
  1.103676E+04
  1.103119E+04
  1.102561E+04
  1.102003E+04
  1.101445E+04
  1.100887E+04
  1.100211E+04
  1.099317E+04
  1.098424E+04
  1.097530E+04
  1.096637E+04
  1.095743E+04
  1.094850E+04
  1.093920E+04
  1.092705E+04
  1.091490E+04
  1.090275E+04
  1.089060E+04
  1.087846E+04
  1.086631E+04
  1.085337E+04
  1.083784E+04
  1.082231E+04
  1.080677E+04
  1.079124E+04
  1.077571E+04
  1.076017E+04
  1.074226E+04
  1.072330E+04
  1.070435E+04
  1.068539E+04
  1.066644E+04
  1.064748E+04
  1.062691E+04
  1.060464E+04
  1.058237E+04
  1.056010E+04
  1.053783E+04
  1.051556E+04
  1.049135E+04
  1.046577E+04
  1.044020E+04
  1.041463E+04
  1.038907E+04
  1.036350E+04
  1.033467E+04
  1.030580E+04
  1.027692E+04
  1.024805E+04
  1.021917E+04
  1.018818E+04
  1.015609E+04
  1.012401E+04
  1.009192E+04
  1.005985E+04
  1.002581E+04
  9.990497E+03
  9.955185E+03
  9.919875E+03
  9.884569E+03
  9.846484E+03
  9.807705E+03
  9.768929E+03
  9.730155E+03
  9.690526E+03
  9.648111E+03
  9.605697E+03
  9.563285E+03
  9.520876E+03
  9.475124E+03
  9.429001E+03
  9.382878E+03
  9.336757E+03
  9.287695E+03
  9.237806E+03
  9.187919E+03
  9.138034E+03
  9.085131E+03
  9.031769E+03
  8.978409E+03
  8.924614E+03
  8.868324E+03
  8.812041E+03
  8.755763E+03
  8.697831E+03
  8.638882E+03
  8.579946E+03
  8.520327E+03
  8.458781E+03
  8.397260E+03
  8.335583E+03
  8.271722E+03
  8.207899E+03
  8.143990E+03
  8.077646E+03
  8.011346E+03
  7.944517E+03
  7.874955E+03
  7.805437E+03
  7.734214E+03
  7.660790E+03
  7.587406E+03
  7.510430E+03
  7.432807E+03
  7.353562E+03
  7.271600E+03
  7.189519E+03
  7.103252E+03
  7.017005E+03
  6.927344E+03
  6.836878E+03
  6.743527E+03
  6.648903E+03
  6.551460E+03
  6.452719E+03
  6.350904E+03
  6.248206E+03
  6.141972E+03
  6.034805E+03
  5.925103E+03
  5.813569E+03
  5.700692E+03
  5.585114E+03
  5.467929E+03
  5.349044E+03
  5.227715E+03
  5.103761E+03
  4.977517E+03
  4.849173E+03
  4.720034E+03
  4.594425E+03
  4.482721E+03
  4.402670E+03
  4.389570E+03
  4.480585E+03
  4.444343E+03
  4.003918E+03
  4.499079E+03
  1.346013E+03
 -1.131288E-04
  6.308657E+02
  6.308020E+02
  6.307383E+02
  6.306746E+02
  6.306109E+02
  6.305471E+02
  6.304834E+02
  6.304197E+02
  6.303560E+02
  6.302129E+02
  6.300677E+02
  6.299226E+02
  6.297775E+02
  6.296323E+02
  6.294872E+02
  6.293421E+02
  6.291966E+02
  6.290504E+02
  6.289042E+02
  6.287580E+02
  6.286118E+02
  6.284655E+02
  6.283193E+02
  6.281706E+02
  6.280014E+02
  6.278322E+02
  6.276630E+02
  6.274937E+02
  6.273245E+02
  6.271553E+02
  6.269655E+02
  6.267078E+02
  6.264501E+02
  6.261924E+02
  6.259346E+02
  6.256767E+02
  6.254189E+02
  6.250862E+02
  6.247206E+02
  6.243550E+02
  6.239894E+02
  6.236237E+02
  6.232579E+02
  6.228213E+02
  6.223097E+02
  6.217982E+02
  6.212865E+02
  6.207747E+02
  6.202629E+02
  6.195997E+02
  6.188305E+02
  6.180613E+02
  6.172919E+02
  6.165225E+02
  6.157529E+02
  6.146253E+02
  6.134919E+02
  6.123585E+02
  6.112251E+02
  6.100916E+02
  6.087264E+02
  6.072424E+02
  6.057583E+02
  6.042743E+02
  6.027902E+02
  6.011496E+02
  5.994063E+02
  5.976630E+02
  5.959196E+02
  5.941761E+02
  5.923340E+02
  5.904669E+02
  5.885996E+02
  5.867322E+02
  5.848804E+02
  5.830802E+02
  5.812797E+02
  5.794789E+02
  5.776777E+02
  5.759655E+02
  5.742631E+02
  5.725603E+02
  5.708573E+02
  5.690594E+02
  5.672347E+02
  5.654096E+02
  5.635842E+02
  5.614614E+02
  5.592929E+02
  5.571240E+02
  5.548824E+02
  5.522282E+02
  5.495744E+02
  5.469210E+02
  5.438099E+02
  5.404177E+02
  5.370279E+02
  5.334041E+02
  5.291216E+02
  5.248456E+02
  5.205272E+02
  5.156227E+02
  5.107281E+02
  5.058314E+02
  5.007058E+02
  4.955911E+02
  4.904883E+02
  4.854020E+02
  4.803252E+02
  4.753539E+02
  4.705137E+02
  4.656801E+02
  4.611879E+02
  4.567622E+02
  4.525315E+02
  4.486205E+02
  4.447289E+02
  4.413903E+02
  4.380500E+02
  4.352027E+02
  4.324707E+02
  4.301469E+02
  4.280023E+02
  4.262168E+02
  4.245963E+02
  4.233586E+02
  4.222323E+02
  4.215929E+02
  4.211078E+02
  4.210457E+02
  4.213695E+02
  4.219906E+02
  4.233247E+02
  4.251801E+02
  4.276117E+02
  4.309375E+02
  4.353532E+02
  4.409294E+02
  4.480678E+02
  4.575046E+02
  4.707157E+02
  4.905444E+02
  5.216441E+02
  5.722054E+02
  6.502308E+02
  7.190013E+02
  7.319414E+02
  8.837790E+02
  2.135589E+02
  3.893755E-04
  1.804344E+03
  1.803799E+03
  1.803254E+03
  1.802708E+03
  1.802163E+03
  1.801618E+03
  1.801073E+03
  1.800528E+03
  1.799983E+03
  1.798591E+03
  1.797178E+03
  1.795766E+03
  1.794353E+03
  1.792940E+03
  1.791528E+03
  1.790115E+03
  1.788506E+03
  1.786535E+03
  1.784565E+03
  1.782595E+03
  1.780625E+03
  1.778655E+03
  1.776685E+03
  1.774646E+03
  1.772052E+03
  1.769458E+03
  1.766864E+03
  1.764270E+03
  1.761677E+03
  1.759083E+03
  1.756326E+03
  1.753027E+03
  1.749729E+03
  1.746430E+03
  1.743131E+03
  1.739833E+03
  1.736534E+03
  1.732765E+03
  1.728790E+03
  1.724815E+03
  1.720841E+03
  1.716866E+03
  1.712891E+03
  1.708635E+03
  1.704082E+03
  1.699528E+03
  1.694975E+03
  1.690423E+03
  1.685870E+03
  1.681056E+03
  1.676058E+03
  1.671061E+03
  1.666065E+03
  1.661068E+03
  1.656073E+03
  1.650799E+03
  1.645522E+03
  1.640245E+03
  1.634969E+03
  1.629694E+03
  1.624297E+03
  1.618839E+03
  1.613381E+03
  1.607925E+03
  1.602469E+03
  1.596847E+03
  1.591116E+03
  1.585386E+03
  1.579656E+03
  1.573928E+03
  1.567879E+03
  1.561751E+03
  1.555623E+03
  1.549496E+03
  1.543299E+03
  1.536877E+03
  1.530455E+03
  1.524034E+03
  1.517613E+03
  1.510993E+03
  1.504350E+03
  1.497707E+03
  1.491065E+03
  1.484124E+03
  1.477098E+03
  1.470072E+03
  1.463047E+03
  1.455771E+03
  1.448456E+03
  1.441142E+03
  1.433840E+03
  1.426597E+03
  1.419357E+03
  1.412118E+03
  1.404894E+03
  1.397680E+03
  1.390472E+03
  1.383165E+03
  1.375576E+03
  1.367998E+03
  1.360394E+03
  1.352356E+03
  1.344335E+03
  1.336305E+03
  1.327772E+03
  1.319260E+03
  1.310595E+03
  1.301108E+03
  1.291642E+03
  1.281547E+03
  1.270638E+03
  1.259749E+03
  1.247457E+03
  1.234913E+03
  1.221731E+03
  1.207476E+03
  1.193174E+03
  1.177233E+03
  1.161297E+03
  1.144126E+03
  1.126663E+03
  1.108349E+03
  1.089658E+03
  1.070359E+03
  1.050779E+03
  1.030785E+03
  1.010674E+03
  9.904358E+02
  9.702678E+02
  9.503288E+02
  9.308314E+02
  9.116820E+02
  8.935869E+02
  8.763052E+02
  8.599116E+02
  8.448853E+02
  8.314342E+02
  8.196192E+02
  8.100935E+02
  8.042833E+02
  8.054835E+02
  8.207991E+02
  8.621521E+02
  9.480105E+02
  1.092677E+03
  1.203302E+03
  1.135425E+03
  1.286252E+03
  2.075971E+02
 -8.244452E-11
  1.244859E+00
  1.244650E+00
  1.244441E+00
  1.244232E+00
  1.244023E+00
  1.243813E+00
  1.243604E+00
  1.243395E+00
  1.243186E+00
  1.242568E+00
  1.241941E+00
  1.241313E+00
  1.240685E+00
  1.240058E+00
  1.239430E+00
  1.238802E+00
  1.238041E+00
  1.237036E+00
  1.236030E+00
  1.235024E+00
  1.234019E+00
  1.233013E+00
  1.232008E+00
  1.230962E+00
  1.229595E+00
  1.228228E+00
  1.226861E+00
  1.225494E+00
  1.224127E+00
  1.222759E+00
  1.221304E+00
  1.219556E+00
  1.217808E+00
  1.216060E+00
  1.214312E+00
  1.212564E+00
  1.210817E+00
  1.208801E+00
  1.206668E+00
  1.204534E+00
  1.202402E+00
  1.200269E+00
  1.198136E+00
  1.195821E+00
  1.193315E+00
  1.190809E+00
  1.188302E+00
  1.185796E+00
  1.183290E+00
  1.180566E+00
  1.177688E+00
  1.174811E+00
  1.171934E+00
  1.169057E+00
  1.166180E+00
  1.162936E+00
  1.159687E+00
  1.156437E+00
  1.153188E+00
  1.149939E+00
  1.146451E+00
  1.142840E+00
  1.139230E+00
  1.135620E+00
  1.132011E+00
  1.128181E+00
  1.124207E+00
  1.120233E+00
  1.116260E+00
  1.112287E+00
  1.108001E+00
  1.103638E+00
  1.099274E+00
  1.094911E+00
  1.090452E+00
  1.085679E+00
  1.080906E+00
  1.076134E+00
  1.071361E+00
  1.066213E+00
  1.061023E+00
  1.055833E+00
  1.050643E+00
  1.045122E+00
  1.039508E+00
  1.033895E+00
  1.028281E+00
  1.022328E+00
  1.016323E+00
  1.010319E+00
  1.004265E+00
  9.979313E-01
  9.915979E-01
  9.852651E-01
  9.787461E-01
  9.721127E-01
  9.654808E-01
  9.587721E-01
  9.518464E-01
  9.449236E-01
  9.379832E-01
  9.307971E-01
  9.236153E-01
  9.164238E-01
  9.089582E-01
  9.014976E-01
  8.939775E-01
  8.861498E-01
  8.783272E-01
  8.703126E-01
  8.620504E-01
  8.537926E-01
  8.451307E-01
  8.363960E-01
  8.274788E-01
  8.182557E-01
  8.090194E-01
  7.993120E-01
  7.896068E-01
  7.795174E-01
  7.693375E-01
  7.588330E-01
  7.481852E-01
  7.372201E-01
  7.261090E-01
  7.146520E-01
  7.030956E-01
  6.911414E-01
  6.790822E-01
  6.667377E-01
  6.541870E-01
  6.414852E-01
  6.284795E-01
  6.152930E-01
  6.019151E-01
  5.882623E-01
  5.743140E-01
  5.601081E-01
  5.456659E-01
  5.311341E-01
  5.169996E-01
  5.044298E-01
  4.954219E-01
  4.939478E-01
  5.041896E-01
  5.001113E-01
  4.505513E-01
  5.062706E-01
  1.514636E-01
 -1.273011E-08
  1.126391E+00
  1.126277E+00
  1.126164E+00
  1.126050E+00
  1.125936E+00
  1.125822E+00
  1.125708E+00
  1.125595E+00
  1.125481E+00
  1.125225E+00
  1.124966E+00
  1.124707E+00
  1.124448E+00
  1.124189E+00
  1.123930E+00
  1.123671E+00
  1.123411E+00
  1.123150E+00
  1.122889E+00
  1.122628E+00
  1.122367E+00
  1.122106E+00
  1.121845E+00
  1.121579E+00
  1.121277E+00
  1.120975E+00
  1.120673E+00
  1.120370E+00
  1.120068E+00
  1.119766E+00
  1.119427E+00
  1.118967E+00
  1.118507E+00
  1.118047E+00
  1.117587E+00
  1.117126E+00
  1.116666E+00
  1.116072E+00
  1.115419E+00
  1.114766E+00
  1.114114E+00
  1.113461E+00
  1.112808E+00
  1.112028E+00
  1.111115E+00
  1.110201E+00
  1.109288E+00
  1.108374E+00
  1.107460E+00
  1.106276E+00
  1.104903E+00
  1.103529E+00
  1.102155E+00
  1.100782E+00
  1.099408E+00
  1.097394E+00
  1.095371E+00
  1.093347E+00
  1.091323E+00
  1.089300E+00
  1.086862E+00
  1.084212E+00
  1.081563E+00
  1.078913E+00
  1.076263E+00
  1.073334E+00
  1.070221E+00
  1.067109E+00
  1.063996E+00
  1.060883E+00
  1.057594E+00
  1.054260E+00
  1.050926E+00
  1.047592E+00
  1.044286E+00
  1.041072E+00
  1.037857E+00
  1.034641E+00
  1.031425E+00
  1.028368E+00
  1.025329E+00
  1.022289E+00
  1.019248E+00
  1.016038E+00
  1.012780E+00
  1.009521E+00
  1.006262E+00
  1.002472E+00
  9.985999E-01
  9.947276E-01
  9.907252E-01
  9.859862E-01
  9.812479E-01
  9.765103E-01
  9.709557E-01
  9.648989E-01
  9.588466E-01
  9.523764E-01
  9.447302E-01
  9.370954E-01
  9.293851E-01
  9.206282E-01
  9.118892E-01
  9.031462E-01
  8.939945E-01
  8.848624E-01
  8.757516E-01
  8.666701E-01
  8.576056E-01
  8.487296E-01
  8.400875E-01
  8.314573E-01
  8.234366E-01
  8.155346E-01
  8.079809E-01
  8.009980E-01
  7.940496E-01
  7.880886E-01
  7.821245E-01
  7.770409E-01
  7.721629E-01
  7.680139E-01
  7.641848E-01
  7.609968E-01
  7.581034E-01
  7.558935E-01
  7.538826E-01
  7.527409E-01
  7.518749E-01
  7.517640E-01
  7.523421E-01
  7.534510E-01
  7.558330E-01
  7.591457E-01
  7.634873E-01
  7.694255E-01
  7.773095E-01
  7.872656E-01
  8.000110E-01
  8.168601E-01
  8.404482E-01
  8.758518E-01
  9.313792E-01
  1.021655E+00
  1.160967E+00
  1.283754E+00
  1.306858E+00
  1.577960E+00
  3.813028E-01
  6.952178E-07
  1.241765E+00
  1.241390E+00
  1.241015E+00
  1.240640E+00
  1.240264E+00
  1.239889E+00
  1.239514E+00
  1.239139E+00
  1.238764E+00
  1.237806E+00
  1.236834E+00
  1.235862E+00
  1.234889E+00
  1.233917E+00
  1.232945E+00
  1.231973E+00
  1.230865E+00
  1.229509E+00
  1.228153E+00
  1.226798E+00
  1.225442E+00
  1.224086E+00
  1.222730E+00
  1.221327E+00
  1.219542E+00
  1.217756E+00
  1.215971E+00
  1.214186E+00
  1.212401E+00
  1.210616E+00
  1.208719E+00
  1.206449E+00
  1.204178E+00
  1.201908E+00
  1.199638E+00
  1.197368E+00
  1.195098E+00
  1.192504E+00
  1.189768E+00
  1.187033E+00
  1.184297E+00
  1.181562E+00
  1.178827E+00
  1.175898E+00
  1.172764E+00
  1.169630E+00
  1.166497E+00
  1.163364E+00
  1.160230E+00
  1.156917E+00
  1.153478E+00
  1.150039E+00
  1.146600E+00
  1.143162E+00
  1.139724E+00
  1.136094E+00
  1.132462E+00
  1.128831E+00
  1.125200E+00
  1.121569E+00
  1.117855E+00
  1.114099E+00
  1.110343E+00
  1.106588E+00
  1.102833E+00
  1.098964E+00
  1.095020E+00
  1.091076E+00
  1.087133E+00
  1.083191E+00
  1.079028E+00
  1.074810E+00
  1.070593E+00
  1.066376E+00
  1.062112E+00
  1.057692E+00
  1.053273E+00
  1.048854E+00
  1.044435E+00
  1.039878E+00
  1.035307E+00
  1.030735E+00
  1.026164E+00
  1.021387E+00
  1.016552E+00
  1.011717E+00
  1.006882E+00
  1.001874E+00
  9.968401E-01
  9.918068E-01
  9.867811E-01
  9.817967E-01
  9.768137E-01
  9.718321E-01
  9.668599E-01
  9.618957E-01
  9.569349E-01
  9.519062E-01
  9.466834E-01
  9.414680E-01
  9.362348E-01
  9.307029E-01
  9.251829E-01
  9.196566E-01
  9.137843E-01
  9.079264E-01
  9.019631E-01
  8.954337E-01
  8.889189E-01
  8.819715E-01
  8.744644E-01
  8.669700E-01
  8.585106E-01
  8.498781E-01
  8.408059E-01
  8.309953E-01
  8.211528E-01
  8.101817E-01
  7.992146E-01
  7.873977E-01
  7.753792E-01
  7.627754E-01
  7.499124E-01
  7.366302E-01
  7.231551E-01
  7.093952E-01
  6.955547E-01
  6.816266E-01
  6.677468E-01
  6.540245E-01
  6.406062E-01
  6.274275E-01
  6.149743E-01
  6.030809E-01
  5.917987E-01
  5.814574E-01
  5.722002E-01
  5.640691E-01
  5.575134E-01
  5.535148E-01
  5.543407E-01
  5.648811E-01
  5.933406E-01
  6.524291E-01
  7.519901E-01
  8.281227E-01
  7.814091E-01
  8.852100E-01
  1.428701E-01
 -5.673903E-14
  9.891757E-01
  9.890095E-01
  9.888434E-01
  9.886772E-01
  9.885110E-01
  9.883449E-01
  9.881787E-01
  9.880126E-01
  9.878464E-01
  9.873557E-01
  9.868569E-01
  9.863582E-01
  9.858594E-01
  9.853606E-01
  9.848619E-01
  9.843632E-01
  9.837585E-01
  9.829595E-01
  9.821605E-01
  9.813616E-01
  9.805626E-01
  9.797637E-01
  9.789648E-01
  9.781340E-01
  9.770476E-01
  9.759613E-01
  9.748750E-01
  9.737887E-01
  9.727024E-01
  9.716162E-01
  9.704599E-01
  9.690709E-01
  9.676820E-01
  9.662931E-01
  9.649042E-01
  9.635154E-01
  9.621266E-01
  9.605248E-01
  9.588299E-01
  9.571350E-01
  9.554402E-01
  9.537454E-01
  9.520508E-01
  9.502116E-01
  9.482200E-01
  9.462285E-01
  9.442371E-01
  9.422459E-01
  9.402547E-01
  9.380898E-01
  9.358033E-01
  9.335169E-01
  9.312307E-01
  9.289447E-01
  9.266588E-01
  9.240810E-01
  9.214987E-01
  9.189167E-01
  9.163349E-01
  9.137534E-01
  9.109816E-01
  9.081124E-01
  9.052435E-01
  9.023748E-01
  8.995065E-01
  8.964632E-01
  8.933052E-01
  8.901476E-01
  8.869902E-01
  8.838331E-01
  8.804276E-01
  8.769600E-01
  8.734927E-01
  8.700255E-01
  8.664820E-01
  8.626893E-01
  8.588968E-01
  8.551045E-01
  8.513123E-01
  8.472215E-01
  8.430973E-01
  8.389733E-01
  8.348494E-01
  8.304626E-01
  8.260018E-01
  8.215412E-01
  8.170807E-01
  8.123503E-01
  8.075788E-01
  8.028076E-01
  7.979974E-01
  7.929639E-01
  7.879310E-01
  7.828987E-01
  7.777181E-01
  7.724465E-01
  7.671759E-01
  7.618442E-01
  7.563396E-01
  7.508372E-01
  7.453206E-01
  7.396082E-01
  7.338989E-01
  7.281818E-01
  7.222465E-01
  7.163150E-01
  7.103360E-01
  7.041126E-01
  6.978931E-01
  6.915211E-01
  6.849525E-01
  6.783874E-01
  6.715019E-01
  6.645586E-01
  6.574707E-01
  6.501405E-01
  6.427997E-01
  6.350859E-01
  6.273738E-01
  6.193575E-01
  6.112694E-01
  6.029243E-01
  5.944656E-01
  5.857554E-01
  5.769295E-01
  5.678292E-01
  5.586500E-01
  5.491551E-01
  5.395766E-01
  5.297716E-01
  5.198027E-01
  5.097134E-01
  4.993826E-01
  4.889076E-01
  4.782803E-01
  4.674341E-01
  4.563528E-01
  4.450662E-01
  4.335914E-01
  4.220449E-01
  4.108132E-01
  4.008243E-01
  3.936651E-01
  3.924917E-01
  4.006272E-01
  3.973833E-01
  3.579999E-01
  4.022687E-01
  1.653095E-01
 -2.460684E-03
  5.640911E-02
  5.640342E-02
  5.639772E-02
  5.639202E-02
  5.638633E-02
  5.638063E-02
  5.637494E-02
  5.636924E-02
  5.636355E-02
  5.635075E-02
  5.633777E-02
  5.632480E-02
  5.631182E-02
  5.629885E-02
  5.628587E-02
  5.627290E-02
  5.625989E-02
  5.624682E-02
  5.623375E-02
  5.622068E-02
  5.620761E-02
  5.619453E-02
  5.618146E-02
  5.616816E-02
  5.615304E-02
  5.613791E-02
  5.612279E-02
  5.610766E-02
  5.609253E-02
  5.607740E-02
  5.606044E-02
  5.603740E-02
  5.601436E-02
  5.599131E-02
  5.596827E-02
  5.594522E-02
  5.592216E-02
  5.589242E-02
  5.585973E-02
  5.582705E-02
  5.579436E-02
  5.576166E-02
  5.572896E-02
  5.568992E-02
  5.564418E-02
  5.559844E-02
  5.555269E-02
  5.550693E-02
  5.546117E-02
  5.540187E-02
  5.533310E-02
  5.526431E-02
  5.519552E-02
  5.512672E-02
  5.505791E-02
  5.495708E-02
  5.485574E-02
  5.475439E-02
  5.465304E-02
  5.455169E-02
  5.442961E-02
  5.429691E-02
  5.416421E-02
  5.403150E-02
  5.389880E-02
  5.375210E-02
  5.359621E-02
  5.344032E-02
  5.328443E-02
  5.312852E-02
  5.296380E-02
  5.279684E-02
  5.262987E-02
  5.246288E-02
  5.229730E-02
  5.213633E-02
  5.197533E-02
  5.181430E-02
  5.165325E-02
  5.150016E-02
  5.134793E-02
  5.119568E-02
  5.104341E-02
  5.088265E-02
  5.071949E-02
  5.055631E-02
  5.039309E-02
  5.020328E-02
  5.000937E-02
  4.981544E-02
  4.961500E-02
  4.937765E-02
  4.914034E-02
  4.890307E-02
  4.862486E-02
  4.832150E-02
  4.801836E-02
  4.769427E-02
  4.731127E-02
  4.692882E-02
  4.654260E-02
  4.610391E-02
  4.566611E-02
  4.522810E-02
  4.476960E-02
  4.431207E-02
  4.385559E-02
  4.340059E-02
  4.294642E-02
  4.250170E-02
  4.206871E-02
  4.163630E-02
  4.123446E-02
  4.083857E-02
  4.046015E-02
  4.011034E-02
  3.976227E-02
  3.946372E-02
  3.916501E-02
  3.891045E-02
  3.866620E-02
  3.845851E-02
  3.826686E-02
  3.810735E-02
  3.796262E-02
  3.785215E-02
  3.775165E-02
  3.769471E-02
  3.765158E-02
  3.764628E-02
  3.767548E-02
  3.773126E-02
  3.785078E-02
  3.801691E-02
  3.823454E-02
  3.853211E-02
  3.892710E-02
  3.942583E-02
  4.006421E-02
  4.090807E-02
  4.208932E-02
  4.386223E-02
  4.664285E-02
  5.116353E-02
  5.813975E-02
  6.428827E-02
  6.544463E-02
  7.901986E-02
  2.622807E-02
  8.469372E-03
  1.613361E-01
  1.612874E-01
  1.612386E-01
  1.611899E-01
  1.611412E-01
  1.610924E-01
  1.610437E-01
  1.609950E-01
  1.609462E-01
  1.608218E-01
  1.606955E-01
  1.605691E-01
  1.604428E-01
  1.603165E-01
  1.601902E-01
  1.600639E-01
  1.599200E-01
  1.597439E-01
  1.595677E-01
  1.593916E-01
  1.592154E-01
  1.590393E-01
  1.588631E-01
  1.586808E-01
  1.584489E-01
  1.582169E-01
  1.579850E-01
  1.577531E-01
  1.575212E-01
  1.572893E-01
  1.570428E-01
  1.567478E-01
  1.564529E-01
  1.561579E-01
  1.558630E-01
  1.555681E-01
  1.552731E-01
  1.549361E-01
  1.545807E-01
  1.542253E-01
  1.538699E-01
  1.535145E-01
  1.531591E-01
  1.527786E-01
  1.523714E-01
  1.519643E-01
  1.515572E-01
  1.511501E-01
  1.507431E-01
  1.503126E-01
  1.498657E-01
  1.494189E-01
  1.489722E-01
  1.485254E-01
  1.480787E-01
  1.476072E-01
  1.471353E-01
  1.466635E-01
  1.461917E-01
  1.457200E-01
  1.452374E-01
  1.447494E-01
  1.442614E-01
  1.437735E-01
  1.432856E-01
  1.427829E-01
  1.422704E-01
  1.417580E-01
  1.412457E-01
  1.407335E-01
  1.401926E-01
  1.396446E-01
  1.390966E-01
  1.385487E-01
  1.379947E-01
  1.374204E-01
  1.368462E-01
  1.362720E-01
  1.356979E-01
  1.351059E-01
  1.345120E-01
  1.339180E-01
  1.333241E-01
  1.327034E-01
  1.320752E-01
  1.314471E-01
  1.308189E-01
  1.301683E-01
  1.295142E-01
  1.288603E-01
  1.282073E-01
  1.275596E-01
  1.269122E-01
  1.262649E-01
  1.256188E-01
  1.249737E-01
  1.243291E-01
  1.236756E-01
  1.229968E-01
  1.223189E-01
  1.216387E-01
  1.209196E-01
  1.202020E-01
  1.194835E-01
  1.187201E-01
  1.179585E-01
  1.171831E-01
  1.163342E-01
  1.154871E-01
  1.145839E-01
  1.136080E-01
  1.126337E-01
  1.115342E-01
  1.104122E-01
  1.092331E-01
  1.079582E-01
  1.066792E-01
  1.052537E-01
  1.038288E-01
  1.022936E-01
  1.007323E-01
  9.909509E-02
  9.742424E-02
  9.569904E-02
  9.394880E-02
  9.216166E-02
  9.036404E-02
  8.855509E-02
  8.675241E-02
  8.497020E-02
  8.322747E-02
  8.151582E-02
  7.989840E-02
  7.835367E-02
  7.688829E-02
  7.554510E-02
  7.434269E-02
  7.328650E-02
  7.243494E-02
  7.191552E-02
  7.202278E-02
  7.339208E-02
  7.708940E-02
  8.476600E-02
  9.770069E-02
  1.075912E-01
  1.015210E-01
  1.150055E-01
  2.549588E-02
 -1.793264E-09
  9.893065E-01
  9.891404E-01
  9.889743E-01
  9.888081E-01
  9.886420E-01
  9.884760E-01
  9.883099E-01
  9.881438E-01
  9.879777E-01
  9.874871E-01
  9.869885E-01
  9.864899E-01
  9.859914E-01
  9.854928E-01
  9.849942E-01
  9.844957E-01
  9.838912E-01
  9.830925E-01
  9.822939E-01
  9.814952E-01
  9.806965E-01
  9.798979E-01
  9.790993E-01
  9.782688E-01
  9.771829E-01
  9.760970E-01
  9.750111E-01
  9.739253E-01
  9.728394E-01
  9.717536E-01
  9.705978E-01
  9.692094E-01
  9.678211E-01
  9.664327E-01
  9.650444E-01
  9.636562E-01
  9.622680E-01
  9.606669E-01
  9.589727E-01
  9.572785E-01
  9.555844E-01
  9.538904E-01
  9.521964E-01
  9.503580E-01
  9.483672E-01
  9.463766E-01
  9.443861E-01
  9.423956E-01
  9.404053E-01
  9.382413E-01
  9.359556E-01
  9.336701E-01
  9.313848E-01
  9.290997E-01
  9.268147E-01
  9.242377E-01
  9.216563E-01
  9.190752E-01
  9.164943E-01
  9.139135E-01
  9.111426E-01
  9.082742E-01
  9.054061E-01
  9.025382E-01
  8.996707E-01
  8.966281E-01
  8.934710E-01
  8.903141E-01
  8.871575E-01
  8.840011E-01
  8.805964E-01
  8.771295E-01
  8.736629E-01
  8.701966E-01
  8.666537E-01
  8.628619E-01
  8.590702E-01
  8.552787E-01
  8.514874E-01
  8.473975E-01
  8.432742E-01
  8.391511E-01
  8.350282E-01
  8.306423E-01
  8.261826E-01
  8.217231E-01
  8.172637E-01
  8.125345E-01
  8.077643E-01
  8.029943E-01
  7.981853E-01
  7.931533E-01
  7.881218E-01
  7.830909E-01
  7.779118E-01
  7.726417E-01
  7.673727E-01
  7.620425E-01
  7.565396E-01
  7.510388E-01
  7.455238E-01
  7.398132E-01
  7.341057E-01
  7.283903E-01
  7.224568E-01
  7.165272E-01
  7.105501E-01
  7.043286E-01
  6.981110E-01
  6.917410E-01
  6.851745E-01
  6.786114E-01
  6.717281E-01
  6.647870E-01
  6.577014E-01
  6.503735E-01
  6.430352E-01
  6.353239E-01
  6.276144E-01
  6.196009E-01
  6.115157E-01
  6.031736E-01
  5.947180E-01
  5.860112E-01
  5.771886E-01
  5.680919E-01
  5.589162E-01
  5.494253E-01
  5.398510E-01
  5.300505E-01
  5.200866E-01
  5.100028E-01
  4.996788E-01
  4.892121E-01
  4.785944E-01
  4.677605E-01
  4.566953E-01
  4.454292E-01
  4.339804E-01
  4.224667E-01
  4.112756E-01
  4.013343E-01
  3.942261E-01
  3.930980E-01
  4.012549E-01
  3.979911E-01
  3.585668E-01
  4.025477E-01
  1.647177E-01
 -3.484164E-03
  5.020988E-02
  5.020461E-02
  5.019933E-02
  5.019406E-02
  5.018879E-02
  5.018352E-02
  5.017824E-02
  5.017297E-02
  5.016770E-02
  5.015568E-02
  5.014348E-02
  5.013129E-02
  5.011910E-02
  5.010691E-02
  5.009472E-02
  5.008253E-02
  5.007016E-02
  5.005747E-02
  5.004477E-02
  5.003208E-02
  5.001939E-02
  5.000669E-02
  4.999400E-02
  4.998102E-02
  4.996582E-02
  4.995061E-02
  4.993540E-02
  4.992019E-02
  4.990497E-02
  4.988976E-02
  4.987268E-02
  4.984941E-02
  4.982614E-02
  4.980286E-02
  4.977958E-02
  4.975630E-02
  4.973302E-02
  4.970304E-02
  4.967013E-02
  4.963721E-02
  4.960429E-02
  4.957137E-02
  4.953844E-02
  4.949919E-02
  4.945327E-02
  4.940734E-02
  4.936141E-02
  4.931547E-02
  4.926952E-02
  4.921005E-02
  4.914112E-02
  4.907218E-02
  4.900324E-02
  4.893428E-02
  4.886532E-02
  4.876433E-02
  4.866283E-02
  4.856132E-02
  4.845981E-02
  4.835830E-02
  4.823605E-02
  4.810318E-02
  4.797030E-02
  4.783741E-02
  4.770453E-02
  4.755764E-02
  4.740157E-02
  4.724549E-02
  4.708940E-02
  4.693331E-02
  4.676835E-02
  4.660115E-02
  4.643394E-02
  4.626670E-02
  4.610084E-02
  4.593945E-02
  4.577803E-02
  4.561658E-02
  4.545511E-02
  4.530129E-02
  4.514830E-02
  4.499529E-02
  4.484225E-02
  4.468041E-02
  4.451607E-02
  4.435170E-02
  4.418730E-02
  4.399594E-02
  4.380042E-02
  4.360488E-02
  4.340277E-02
  4.316346E-02
  4.292418E-02
  4.268494E-02
  4.240468E-02
  4.209922E-02
  4.179397E-02
  4.146785E-02
  4.108303E-02
  4.069875E-02
  4.031072E-02
  3.987087E-02
  3.943187E-02
  3.899268E-02
  3.853391E-02
  3.807608E-02
  3.761946E-02
  3.716526E-02
  3.671186E-02
  3.626841E-02
  3.583733E-02
  3.540681E-02
  3.500767E-02
  3.461462E-02
  3.423923E-02
  3.389284E-02
  3.354817E-02
  3.325316E-02
  3.295798E-02
  3.270678E-02
  3.246583E-02
  3.226113E-02
  3.207232E-02
  3.191525E-02
  3.177276E-02
  3.166404E-02
  3.156514E-02
  3.150899E-02
  3.146625E-02
  3.146022E-02
  3.148692E-02
  3.153876E-02
  3.164922E-02
  3.180108E-02
  3.199819E-02
  3.226369E-02
  3.260989E-02
  3.304107E-02
  3.358746E-02
  3.430834E-02
  3.533012E-02
  3.690716E-02
  3.947047E-02
  4.379529E-02
  5.067952E-02
  5.695247E-02
  5.849126E-02
  7.257635E-02
  1.994452E-02
  1.221484E-03
  1.617991E-01
  1.617503E-01
  1.617014E-01
  1.616525E-01
  1.616037E-01
  1.615548E-01
  1.615060E-01
  1.614571E-01
  1.614083E-01
  1.612836E-01
  1.611571E-01
  1.610305E-01
  1.609040E-01
  1.607775E-01
  1.606510E-01
  1.605244E-01
  1.603803E-01
  1.602039E-01
  1.600275E-01
  1.598510E-01
  1.596746E-01
  1.594982E-01
  1.593218E-01
  1.591392E-01
  1.589069E-01
  1.586747E-01
  1.584424E-01
  1.582101E-01
  1.579779E-01
  1.577456E-01
  1.574988E-01
  1.572034E-01
  1.569080E-01
  1.566126E-01
  1.563172E-01
  1.560218E-01
  1.557264E-01
  1.553889E-01
  1.550328E-01
  1.546768E-01
  1.543208E-01
  1.539648E-01
  1.536088E-01
  1.532275E-01
  1.528195E-01
  1.524116E-01
  1.520036E-01
  1.515957E-01
  1.511878E-01
  1.507563E-01
  1.503084E-01
  1.498605E-01
  1.494126E-01
  1.489648E-01
  1.485170E-01
  1.480441E-01
  1.475709E-01
  1.470977E-01
  1.466246E-01
  1.461516E-01
  1.456676E-01
  1.451780E-01
  1.446885E-01
  1.441991E-01
  1.437098E-01
  1.432055E-01
  1.426915E-01
  1.421776E-01
  1.416637E-01
  1.411499E-01
  1.406076E-01
  1.400581E-01
  1.395087E-01
  1.389594E-01
  1.384039E-01
  1.378285E-01
  1.372531E-01
  1.366777E-01
  1.361024E-01
  1.355094E-01
  1.349145E-01
  1.343196E-01
  1.337247E-01
  1.331030E-01
  1.324737E-01
  1.318444E-01
  1.312152E-01
  1.305629E-01
  1.299072E-01
  1.292515E-01
  1.285967E-01
  1.279464E-01
  1.272962E-01
  1.266462E-01
  1.259966E-01
  1.253474E-01
  1.246986E-01
  1.240406E-01
  1.233560E-01
  1.226724E-01
  1.219864E-01
  1.212602E-01
  1.205355E-01
  1.198099E-01
  1.190386E-01
  1.182691E-01
  1.174859E-01
  1.166289E-01
  1.157739E-01
  1.148627E-01
  1.138789E-01
  1.128968E-01
  1.117899E-01
  1.106606E-01
  1.094746E-01
  1.081932E-01
  1.069077E-01
  1.054766E-01
  1.040460E-01
  1.025060E-01
  1.009400E-01
  9.929883E-02
  9.762433E-02
  9.589617E-02
  9.414328E-02
  9.235424E-02
  9.055494E-02
  8.874520E-02
  8.694198E-02
  8.515994E-02
  8.341799E-02
  8.170758E-02
  8.009254E-02
  7.855101E-02
  7.708977E-02
  7.575223E-02
  7.455739E-02
  7.351073E-02
  7.267106E-02
  7.216634E-02
  7.229301E-02
  7.368279E-02
  7.740155E-02
  8.509657E-02
  9.803906E-02
  1.079181E-01
  1.018200E-01
  1.151902E-01
  2.543967E-02
 -3.401293E-09
 -1.307695E-04
 -1.308293E-04
 -1.308891E-04
 -1.309490E-04
 -1.310088E-04
 -1.310686E-04
 -1.311285E-04
 -1.311883E-04
 -1.312482E-04
 -1.314249E-04
 -1.316046E-04
 -1.317843E-04
 -1.319640E-04
 -1.321436E-04
 -1.323233E-04
 -1.325030E-04
 -1.327251E-04
 -1.330248E-04
 -1.333246E-04
 -1.336244E-04
 -1.339242E-04
 -1.342239E-04
 -1.345237E-04
 -1.348384E-04
 -1.352725E-04
 -1.357066E-04
 -1.361407E-04
 -1.365748E-04
 -1.370089E-04
 -1.374430E-04
 -1.379102E-04
 -1.384875E-04
 -1.390647E-04
 -1.396419E-04
 -1.402190E-04
 -1.407962E-04
 -1.413734E-04
 -1.420490E-04
 -1.427676E-04
 -1.434862E-04
 -1.442048E-04
 -1.449234E-04
 -1.456419E-04
 -1.464168E-04
 -1.472510E-04
 -1.480851E-04
 -1.489192E-04
 -1.497533E-04
 -1.505874E-04
 -1.514519E-04
 -1.523378E-04
 -1.532236E-04
 -1.541093E-04
 -1.549950E-04
 -1.558806E-04
 -1.567414E-04
 -1.576018E-04
 -1.584621E-04
 -1.593223E-04
 -1.601823E-04
 -1.610014E-04
 -1.617993E-04
 -1.625971E-04
 -1.633947E-04
 -1.641922E-04
 -1.649638E-04
 -1.657183E-04
 -1.664726E-04
 -1.672267E-04
 -1.679807E-04
 -1.687395E-04
 -1.694993E-04
 -1.702590E-04
 -1.710185E-04
 -1.717910E-04
 -1.726061E-04
 -1.734211E-04
 -1.742359E-04
 -1.750506E-04
 -1.759592E-04
 -1.768783E-04
 -1.777973E-04
 -1.787162E-04
 -1.797576E-04
 -1.808334E-04
 -1.819089E-04
 -1.829841E-04
 -1.842118E-04
 -1.854621E-04
 -1.867118E-04
 -1.879843E-04
 -1.893885E-04
 -1.907912E-04
 -1.921923E-04
 -1.936737E-04
 -1.952031E-04
 -1.967296E-04
 -1.982877E-04
 -1.999382E-04
 -2.015843E-04
 -2.032352E-04
 -2.049919E-04
 -2.067429E-04
 -2.084931E-04
 -2.103398E-04
 -2.121796E-04
 -2.140323E-04
 -2.159739E-04
 -2.179084E-04
 -2.198952E-04
 -2.219515E-04
 -2.240013E-04
 -2.261827E-04
 -2.283846E-04
 -2.306554E-04
 -2.330453E-04
 -2.354389E-04
 -2.380522E-04
 -2.406632E-04
 -2.434749E-04
 -2.463340E-04
 -2.493644E-04
 -2.524713E-04
 -2.557447E-04
 -2.590959E-04
 -2.626524E-04
 -2.662689E-04
 -2.702228E-04
 -2.743225E-04
 -2.788408E-04
 -2.839084E-04
 -2.894071E-04
 -2.962906E-04
 -3.044408E-04
 -3.140827E-04
 -3.264021E-04
 -3.425546E-04
 -3.630017E-04
 -3.889855E-04
 -4.218318E-04
 -4.624018E-04
 -5.100250E-04
 -5.610671E-04
 -6.062439E-04
 -6.277230E-04
 -6.078285E-04
 -5.669491E-04
 -2.790610E-04
  5.918158E-04
  1.023481E-03
  6.199235E-03
  6.198811E-03
  6.198387E-03
  6.197963E-03
  6.197539E-03
  6.197115E-03
  6.196692E-03
  6.196268E-03
  6.195844E-03
  6.195069E-03
  6.194286E-03
  6.193503E-03
  6.192720E-03
  6.191937E-03
  6.191154E-03
  6.190371E-03
  6.189731E-03
  6.189353E-03
  6.188976E-03
  6.188598E-03
  6.188221E-03
  6.187843E-03
  6.187466E-03
  6.187140E-03
  6.187223E-03
  6.187306E-03
  6.187389E-03
  6.187472E-03
  6.187555E-03
  6.187639E-03
  6.187756E-03
  6.187988E-03
  6.188220E-03
  6.188451E-03
  6.188683E-03
  6.188915E-03
  6.189147E-03
  6.189377E-03
  6.189605E-03
  6.189834E-03
  6.190062E-03
  6.190291E-03
  6.190520E-03
  6.190727E-03
  6.190912E-03
  6.191097E-03
  6.191282E-03
  6.191468E-03
  6.191654E-03
  6.191820E-03
  6.191974E-03
  6.192128E-03
  6.192283E-03
  6.192439E-03
  6.192594E-03
  6.192752E-03
  6.192911E-03
  6.193070E-03
  6.193230E-03
  6.193391E-03
  6.193561E-03
  6.193736E-03
  6.193913E-03
  6.194090E-03
  6.194269E-03
  6.194453E-03
  6.194643E-03
  6.194833E-03
  6.195025E-03
  6.195218E-03
  6.195449E-03
  6.195691E-03
  6.195934E-03
  6.196178E-03
  6.196463E-03
  6.196881E-03
  6.197300E-03
  6.197719E-03
  6.198139E-03
  6.198867E-03
  6.199629E-03
  6.200392E-03
  6.201155E-03
  6.202244E-03
  6.203425E-03
  6.204606E-03
  6.205789E-03
  6.207341E-03
  6.208950E-03
  6.210562E-03
  6.212227E-03
  6.214191E-03
  6.216160E-03
  6.218132E-03
  6.220179E-03
  6.222278E-03
  6.224386E-03
  6.226420E-03
  6.228237E-03
  6.230074E-03
  6.231877E-03
  6.233042E-03
  6.234239E-03
  6.235420E-03
  6.235687E-03
  6.235993E-03
  6.236134E-03
  6.235326E-03
  6.234557E-03
  6.233292E-03
  6.231377E-03
  6.229498E-03
  6.226793E-03
  6.223957E-03
  6.220914E-03
  6.217501E-03
  6.214105E-03
  6.210560E-03
  6.207030E-03
  6.203675E-03
  6.200369E-03
  6.197383E-03
  6.194542E-03
  6.192106E-03
  6.189859E-03
  6.188114E-03
  6.186515E-03
  6.185726E-03
  6.185327E-03
  6.186061E-03
  6.188564E-03
  6.192493E-03
  6.201564E-03
  6.215834E-03
  6.236350E-03
  6.268422E-03
  6.317208E-03
  6.384762E-03
  6.476757E-03
  6.599723E-03
  6.759201E-03
  6.955067E-03
  7.172380E-03
  7.368240E-03
  7.460238E-03
  7.335796E-03
  6.953375E-03
  6.443509E-03
  6.283556E-03
  7.247888E-03
 -4.629815E-04
 -4.628639E-04
 -4.627464E-04
 -4.626290E-04
 -4.625115E-04
 -4.623940E-04
 -4.622766E-04
 -4.621591E-04
 -4.620417E-04
 -4.618279E-04
 -4.616118E-04
 -4.613957E-04
 -4.611796E-04
 -4.609636E-04
 -4.607476E-04
 -4.605316E-04
 -4.602962E-04
 -4.600251E-04
 -4.597540E-04
 -4.594829E-04
 -4.592119E-04
 -4.589408E-04
 -4.586698E-04
 -4.583914E-04
 -4.580538E-04
 -4.577162E-04
 -4.573786E-04
 -4.570410E-04
 -4.567034E-04
 -4.563658E-04
 -4.560018E-04
 -4.555500E-04
 -4.550982E-04
 -4.546464E-04
 -4.541946E-04
 -4.537427E-04
 -4.532909E-04
 -4.527242E-04
 -4.521072E-04
 -4.514902E-04
 -4.508732E-04
 -4.502562E-04
 -4.496391E-04
 -4.489146E-04
 -4.480766E-04
 -4.472387E-04
 -4.464007E-04
 -4.455627E-04
 -4.447248E-04
 -4.437350E-04
 -4.426389E-04
 -4.415428E-04
 -4.404468E-04
 -4.393509E-04
 -4.382550E-04
 -4.369286E-04
 -4.355988E-04
 -4.342690E-04
 -4.329394E-04
 -4.316099E-04
 -4.301692E-04
 -4.286714E-04
 -4.271739E-04
 -4.256765E-04
 -4.241793E-04
 -4.226491E-04
 -4.210972E-04
 -4.195455E-04
 -4.179940E-04
 -4.164427E-04
 -4.149738E-04
 -4.135257E-04
 -4.120777E-04
 -4.106298E-04
 -4.092426E-04
 -4.080519E-04
 -4.068613E-04
 -4.056707E-04
 -4.044801E-04
 -4.034945E-04
 -4.025318E-04
 -4.015690E-04
 -4.006062E-04
 -3.995370E-04
 -3.984378E-04
 -3.973386E-04
 -3.962393E-04
 -3.946345E-04
 -3.929525E-04
 -3.912706E-04
 -3.894364E-04
 -3.867350E-04
 -3.840346E-04
 -3.813353E-04
 -3.777632E-04
 -3.736533E-04
 -3.695464E-04
 -3.650094E-04
 -3.592626E-04
 -3.535225E-04
 -3.476855E-04
 -3.405899E-04
 -3.335052E-04
 -3.263934E-04
 -3.185373E-04
 -3.106947E-04
 -3.028235E-04
 -2.947622E-04
 -2.867153E-04
 -2.787664E-04
 -2.709388E-04
 -2.631248E-04
 -2.557558E-04
 -2.484795E-04
 -2.414903E-04
 -2.349683E-04
 -2.284842E-04
 -2.228498E-04
 -2.172222E-04
 -2.123691E-04
 -2.077041E-04
 -2.037403E-04
 -2.000885E-04
 -1.971256E-04
 -1.944813E-04
 -1.925832E-04
 -1.909008E-04
 -1.901070E-04
 -1.895702E-04
 -1.897393E-04
 -1.905213E-04
 -1.917574E-04
 -1.941310E-04
 -1.973430E-04
 -2.014810E-04
 -2.071379E-04
 -2.147067E-04
 -2.242233E-04
 -2.361154E-04
 -2.508187E-04
 -2.702274E-04
 -2.907083E-04
 -3.121545E-04
 -3.305681E-04
 -3.383657E-04
 -3.269469E-04
 -2.989904E-04
 -1.846926E-04
  5.620549E-05
  1.608029E-09
  1.273240E+00
  1.273211E+00
  1.273125E+00
  1.272981E+00
  1.272781E+00
  1.272522E+00
  1.272207E+00
  1.271834E+00
  1.271403E+00
  1.270915E+00
  1.270369E+00
  1.269765E+00
  1.269104E+00
  1.268384E+00
  1.267607E+00
  1.266771E+00
  1.265877E+00
  1.264925E+00
  1.263915E+00
  1.262845E+00
  1.261717E+00
  1.260530E+00
  1.259284E+00
  1.257979E+00
  1.256614E+00
  1.255190E+00
  1.253705E+00
  1.252161E+00
  1.250556E+00
  1.248891E+00
  1.247165E+00
  1.245378E+00
  1.243529E+00
  1.241620E+00
  1.239648E+00
  1.237614E+00
  1.235518E+00
  1.233359E+00
  1.231136E+00
  1.228851E+00
  1.226501E+00
  1.224088E+00
  1.221610E+00
  1.219067E+00
  1.216458E+00
  1.213784E+00
  1.211044E+00
  1.208237E+00
  1.205362E+00
  1.202421E+00
  1.199411E+00
  1.196332E+00
  1.193185E+00
  1.189968E+00
  1.186680E+00
  1.183322E+00
  1.179892E+00
  1.176390E+00
  1.172816E+00
  1.169168E+00
  1.165446E+00
  1.161649E+00
  1.157776E+00
  1.153828E+00
  1.149802E+00
  1.145699E+00
  1.141516E+00
  1.137254E+00
  1.132912E+00
  1.128488E+00
  1.123982E+00
  1.119393E+00
  1.114719E+00
  1.109960E+00
  1.105114E+00
  1.100180E+00
  1.095157E+00
  1.090045E+00
  1.084841E+00
  1.079544E+00
  1.074153E+00
  1.068667E+00
  1.063083E+00
  1.057401E+00
  1.051619E+00
  1.045735E+00
  1.039748E+00
  1.033655E+00
  1.027455E+00
  1.021146E+00
  1.014726E+00
  1.008193E+00
  1.001543E+00
  9.947766E-01
  9.878894E-01
  9.808795E-01
  9.737441E-01
  9.664805E-01
  9.590857E-01
  9.515567E-01
  9.438904E-01
  9.360832E-01
  9.281318E-01
  9.200322E-01
  9.117806E-01
  9.033729E-01
  8.948045E-01
  8.860709E-01
  8.771671E-01
  8.680879E-01
  8.588277E-01
  8.493806E-01
  8.397402E-01
  8.299000E-01
  8.198525E-01
  8.095903E-01
  7.991048E-01
  7.883874E-01
  7.774283E-01
  7.662172E-01
  7.547428E-01
  7.429930E-01
  7.309546E-01
  7.186128E-01
  7.059520E-01
  6.929545E-01
  6.796012E-01
  6.658704E-01
  6.517385E-01
  6.371787E-01
  6.221609E-01
  6.066513E-01
  5.906109E-01
  5.739954E-01
  5.567532E-01
  5.388241E-01
  5.201372E-01
  5.006076E-01
  4.801325E-01
  4.585853E-01
  4.358068E-01
  4.115929E-01
  3.856731E-01
  3.576769E-01
  3.270715E-01
  2.930404E-01
  2.542116E-01
  2.079144E-01
  1.472658E-01
  0.000000E+00
  1.109635E-01
  1.109539E-01
  1.109442E-01
  1.109346E-01
  1.109249E-01
  1.109153E-01
  1.109056E-01
  1.108960E-01
  1.108863E-01
  1.108725E-01
  1.108586E-01
  1.108447E-01
  1.108307E-01
  1.108168E-01
  1.108029E-01
  1.107890E-01
  1.107732E-01
  1.107541E-01
  1.107350E-01
  1.107159E-01
  1.106967E-01
  1.106776E-01
  1.106585E-01
  1.106386E-01
  1.106130E-01
  1.105874E-01
  1.105618E-01
  1.105362E-01
  1.105106E-01
  1.104850E-01
  1.104575E-01
  1.104238E-01
  1.103900E-01
  1.103563E-01
  1.103225E-01
  1.102888E-01
  1.102550E-01
  1.102142E-01
  1.101703E-01
  1.101265E-01
  1.100826E-01
  1.100387E-01
  1.099948E-01
  1.099452E-01
  1.098897E-01
  1.098341E-01
  1.097786E-01
  1.097230E-01
  1.096674E-01
  1.096061E-01
  1.095407E-01
  1.094753E-01
  1.094099E-01
  1.093445E-01
  1.092792E-01
  1.092113E-01
  1.091434E-01
  1.090754E-01
  1.090075E-01
  1.089396E-01
  1.088846E-01
  1.088331E-01
  1.087816E-01
  1.087301E-01
  1.086786E-01
  1.086348E-01
  1.085962E-01
  1.085575E-01
  1.085188E-01
  1.084802E-01
  1.084579E-01
  1.084399E-01
  1.084218E-01
  1.084037E-01
  1.083921E-01
  1.084018E-01
  1.084114E-01
  1.084211E-01
  1.084308E-01
  1.084593E-01
  1.084949E-01
  1.085304E-01
  1.085659E-01
  1.085903E-01
  1.086116E-01
  1.086328E-01
  1.086541E-01
  1.086341E-01
  1.086079E-01
  1.085816E-01
  1.085437E-01
  1.084396E-01
  1.083355E-01
  1.082315E-01
  1.080624E-01
  1.078532E-01
  1.076440E-01
  1.074402E-01
  1.071595E-01
  1.068786E-01
  1.065914E-01
  1.062302E-01
  1.059309E-01
  1.056299E-01
  1.052953E-01
  1.049903E-01
  1.047376E-01
  1.045033E-01
  1.042690E-01
  1.041068E-01
  1.039504E-01
  1.037939E-01
  1.036826E-01
  1.035975E-01
  1.035176E-01
  1.034465E-01
  1.033760E-01
  1.033429E-01
  1.033191E-01
  1.033012E-01
  1.032846E-01
  1.032720E-01
  1.032612E-01
  1.032531E-01
  1.032462E-01
  1.032412E-01
  1.032368E-01
  1.032338E-01
  1.032310E-01
  1.032287E-01
  1.032266E-01
  1.032244E-01
  1.032220E-01
  1.032194E-01
  1.032164E-01
  1.032129E-01
  1.032088E-01
  1.032040E-01
  1.031985E-01
  1.031954E-01
  1.032067E-01
  1.031986E-01
  1.031895E-01
  1.031838E-01
  1.031824E-01
  1.032053E-01
  1.032953E-01
  1.034370E-01
  1.211457E-01
  2.269576E-02
 -1.420278E-01
 -1.415671E-01
 -1.411063E-01
 -1.406456E-01
 -1.401848E-01
 -1.397241E-01
 -1.392633E-01
 -1.388026E-01
 -1.383418E-01
 -1.375658E-01
 -1.367818E-01
 -1.359979E-01
 -1.352140E-01
 -1.344301E-01
 -1.336462E-01
 -1.328623E-01
 -1.319565E-01
 -1.308271E-01
 -1.296976E-01
 -1.285682E-01
 -1.274388E-01
 -1.263093E-01
 -1.251799E-01
 -1.240113E-01
 -1.225287E-01
 -1.210462E-01
 -1.195637E-01
 -1.180812E-01
 -1.165986E-01
 -1.151161E-01
 -1.135603E-01
 -1.117613E-01
 -1.099622E-01
 -1.081632E-01
 -1.063641E-01
 -1.045650E-01
 -1.027660E-01
 -1.008550E-01
 -9.889506E-02
 -9.693512E-02
 -9.497518E-02
 -9.301524E-02
 -9.105529E-02
 -8.923536E-02
 -8.756314E-02
 -8.589093E-02
 -8.421871E-02
 -8.254649E-02
 -8.087428E-02
 -7.995866E-02
 -7.957299E-02
 -7.918732E-02
 -7.880165E-02
 -7.841598E-02
 -7.803031E-02
 -7.992474E-02
 -8.185507E-02
 -8.378539E-02
 -8.571572E-02
 -8.764605E-02
 -9.085997E-02
 -9.473192E-02
 -9.860386E-02
 -1.024758E-01
 -1.063477E-01
 -1.107555E-01
 -1.155148E-01
 -1.202740E-01
 -1.250333E-01
 -1.297926E-01
 -1.340583E-01
 -1.382002E-01
 -1.423422E-01
 -1.464841E-01
 -1.500693E-01
 -1.518457E-01
 -1.536221E-01
 -1.553985E-01
 -1.571749E-01
 -1.564726E-01
 -1.554931E-01
 -1.545135E-01
 -1.535340E-01
 -1.524978E-01
 -1.514456E-01
 -1.503934E-01
 -1.493412E-01
 -1.507510E-01
 -1.525384E-01
 -1.543258E-01
 -1.569356E-01
 -1.642233E-01
 -1.715111E-01
 -1.787988E-01
 -1.909689E-01
 -2.061587E-01
 -2.213484E-01
 -2.390647E-01
 -2.638689E-01
 -2.886729E-01
 -3.140044E-01
 -3.457992E-01
 -3.775937E-01
 -4.094995E-01
 -4.436414E-01
 -4.777829E-01
 -5.116650E-01
 -5.442903E-01
 -5.769152E-01
 -6.076092E-01
 -6.358284E-01
 -6.640473E-01
 -6.869094E-01
 -7.087672E-01
 -7.277922E-01
 -7.421133E-01
 -7.561671E-01
 -7.623672E-01
 -7.685672E-01
 -7.680541E-01
 -7.659361E-01
 -7.580699E-01
 -7.476515E-01
 -7.318474E-01
 -7.135519E-01
 -6.896903E-01
 -6.642158E-01
 -6.325926E-01
 -5.993809E-01
 -5.619033E-01
 -5.214640E-01
 -4.788704E-01
 -4.322121E-01
 -3.834146E-01
 -3.324666E-01
 -2.788063E-01
 -2.227426E-01
 -1.647661E-01
 -1.048791E-01
 -4.312750E-02
  7.743707E-02
  1.426795E-01
  2.095250E-01
  2.778725E-01
  3.476213E-01
  4.186732E-01
  4.909342E-01
  5.644753E-01
 -2.119306E-01
  8.234550E-02
  9.799854E-01
  9.799854E-01
  9.799853E-01
  9.799853E-01
  9.799853E-01
  9.799853E-01
  9.799853E-01
  9.799853E-01
  9.799852E-01
  9.799852E-01
  9.799852E-01
  9.799851E-01
  9.799851E-01
  9.799851E-01
  9.799850E-01
  9.799850E-01
  9.799850E-01
  9.799849E-01
  9.799849E-01
  9.799848E-01
  9.799848E-01
  9.799848E-01
  9.799847E-01
  9.799847E-01
  9.799846E-01
  9.799846E-01
  9.799845E-01
  9.799845E-01
  9.799844E-01
  9.799844E-01
  9.799843E-01
  9.799842E-01
  9.799842E-01
  9.799841E-01
  9.799841E-01
  9.799840E-01
  9.799840E-01
  9.799839E-01
  9.799838E-01
  9.799838E-01
  9.799837E-01
  9.799837E-01
  9.799836E-01
  9.799836E-01
  9.799835E-01
  9.799835E-01
  9.799834E-01
  9.799834E-01
  9.799834E-01
  9.799833E-01
  9.799833E-01
  9.799833E-01
  9.799833E-01
  9.799833E-01
  9.799833E-01
  9.799833E-01
  9.799834E-01
  9.799834E-01
  9.799835E-01
  9.799835E-01
  9.799836E-01
  9.799837E-01
  9.799838E-01
  9.799839E-01
  9.799841E-01
  9.799842E-01
  9.799844E-01
  9.799845E-01
  9.799847E-01
  9.799849E-01
  9.799851E-01
  9.799852E-01
  9.799854E-01
  9.799856E-01
  9.799857E-01
  9.799858E-01
  9.799859E-01
  9.799860E-01
  9.799861E-01
  9.799860E-01
  9.799860E-01
  9.799859E-01
  9.799859E-01
  9.799858E-01
  9.799858E-01
  9.799858E-01
  9.799857E-01
  9.799858E-01
  9.799859E-01
  9.799859E-01
  9.799861E-01
  9.799864E-01
  9.799868E-01
  9.799871E-01
  9.799878E-01
  9.799887E-01
  9.799897E-01
  9.799909E-01
  9.799928E-01
  9.799948E-01
  9.799971E-01
  9.800002E-01
  9.800037E-01
  9.800074E-01
  9.800118E-01
  9.800165E-01
  9.800215E-01
  9.800266E-01
  9.800321E-01
  9.800375E-01
  9.800427E-01
  9.800482E-01
  9.800528E-01
  9.800574E-01
  9.800614E-01
  9.800646E-01
  9.800677E-01
  9.800691E-01
  9.800706E-01
  9.800704E-01
  9.800699E-01
  9.800682E-01
  9.800658E-01
  9.800623E-01
  9.800584E-01
  9.800534E-01
  9.800482E-01
  9.800421E-01
  9.800360E-01
  9.800295E-01
  9.800230E-01
  9.800166E-01
  9.800103E-01
  9.800043E-01
  9.799989E-01
  9.799940E-01
  9.799898E-01
  9.799864E-01
  9.799840E-01
  9.799827E-01
  9.799833E-01
  9.799854E-01
  9.799889E-01
  9.799939E-01
  9.800004E-01
  9.800085E-01
  9.800184E-01
  9.800299E-01
  7.134824E-01
  4.028556E-06
 -3.185051E+02
 -3.184095E+02
 -3.183138E+02
 -3.182182E+02
 -3.181226E+02
 -3.180270E+02
 -3.179314E+02
 -3.178357E+02
 -3.177401E+02
 -3.174129E+02
 -3.170799E+02
 -3.167470E+02
 -3.164140E+02
 -3.160811E+02
 -3.157481E+02
 -3.154152E+02
 -3.149812E+02
 -3.143618E+02
 -3.137425E+02
 -3.131232E+02
 -3.125039E+02
 -3.118846E+02
 -3.112654E+02
 -3.106181E+02
 -3.097465E+02
 -3.088750E+02
 -3.080035E+02
 -3.071320E+02
 -3.062606E+02
 -3.053892E+02
 -3.044711E+02
 -3.033980E+02
 -3.023249E+02
 -3.012519E+02
 -3.001790E+02
 -2.991061E+02
 -2.980333E+02
 -2.968312E+02
 -2.955726E+02
 -2.943140E+02
 -2.930556E+02
 -2.917974E+02
 -2.905392E+02
 -2.892134E+02
 -2.878162E+02
 -2.864192E+02
 -2.850224E+02
 -2.836257E+02
 -2.822293E+02
 -2.808173E+02
 -2.793945E+02
 -2.779719E+02
 -2.765496E+02
 -2.751275E+02
 -2.737057E+02
 -2.723612E+02
 -2.710182E+02
 -2.696754E+02
 -2.683328E+02
 -2.669905E+02
 -2.656971E+02
 -2.644288E+02
 -2.631607E+02
 -2.618930E+02
 -2.606254E+02
 -2.593464E+02
 -2.580600E+02
 -2.567739E+02
 -2.554881E+02
 -2.542027E+02
 -2.527777E+02
 -2.513182E+02
 -2.498590E+02
 -2.484003E+02
 -2.468526E+02
 -2.450152E+02
 -2.431781E+02
 -2.413416E+02
 -2.395055E+02
 -2.372947E+02
 -2.350424E+02
 -2.327904E+02
 -2.305389E+02
 -2.281301E+02
 -2.256772E+02
 -2.232249E+02
 -2.207730E+02
 -2.183591E+02
 -2.159514E+02
 -2.135443E+02
 -2.111724E+02
 -2.089980E+02
 -2.068238E+02
 -2.046496E+02
 -2.027898E+02
 -2.011231E+02
 -1.994550E+02
 -1.979617E+02
 -1.969596E+02
 -1.959533E+02
 -1.949757E+02
 -1.943953E+02
 -1.938081E+02
 -1.932158E+02
 -1.926430E+02
 -1.920631E+02
 -1.914260E+02
 -1.905386E+02
 -1.896455E+02
 -1.885013E+02
 -1.870380E+02
 -1.855716E+02
 -1.834576E+02
 -1.812219E+02
 -1.786531E+02
 -1.755330E+02
 -1.723836E+02
 -1.683248E+02
 -1.642695E+02
 -1.594305E+02
 -1.544079E+02
 -1.487316E+02
 -1.427678E+02
 -1.362049E+02
 -1.293664E+02
 -1.218834E+02
 -1.142137E+02
 -1.057563E+02
 -9.706529E+01
 -8.773584E+01
 -7.786502E+01
 -6.758305E+01
 -5.635951E+01
 -4.447896E+01
 -3.187872E+01
 -1.817838E+01
 -3.167511E+00
  1.319572E+01
  3.129514E+01
  5.175268E+01
  7.566844E+01
  1.049871E+02
  1.428256E+02
  1.943228E+02
  2.642701E+02
  3.358907E+02
  3.864872E+02
  4.953777E+02
  9.754554E+01
  3.976308E-04
  1.107609E+04
  1.107424E+04
  1.107238E+04
  1.107052E+04
  1.106867E+04
  1.106681E+04
  1.106495E+04
  1.106309E+04
  1.106124E+04
  1.105576E+04
  1.105019E+04
  1.104462E+04
  1.103905E+04
  1.103348E+04
  1.102791E+04
  1.102233E+04
  1.101558E+04
  1.100667E+04
  1.099775E+04
  1.098884E+04
  1.097992E+04
  1.097101E+04
  1.096209E+04
  1.095282E+04
  1.094070E+04
  1.092858E+04
  1.091646E+04
  1.090434E+04
  1.089222E+04
  1.088010E+04
  1.086720E+04
  1.085170E+04
  1.083621E+04
  1.082071E+04
  1.080521E+04
  1.078971E+04
  1.077421E+04
  1.075634E+04
  1.073742E+04
  1.071850E+04
  1.069958E+04
  1.068067E+04
  1.066175E+04
  1.064122E+04
  1.061898E+04
  1.059675E+04
  1.057452E+04
  1.055228E+04
  1.053005E+04
  1.050587E+04
  1.048033E+04
  1.045479E+04
  1.042925E+04
  1.040371E+04
  1.037817E+04
  1.034935E+04
  1.032048E+04
  1.029161E+04
  1.026275E+04
  1.023389E+04
  1.020289E+04
  1.017079E+04
  1.013870E+04
  1.010661E+04
  1.007452E+04
  1.004047E+04
  1.000514E+04
  9.969803E+03
  9.934474E+03
  9.899148E+03
  9.861045E+03
  9.822249E+03
  9.783455E+03
  9.744664E+03
  9.705022E+03
  9.662608E+03
  9.620196E+03
  9.577786E+03
  9.535378E+03
  9.489648E+03
  9.443547E+03
  9.397448E+03
  9.351351E+03
  9.302315E+03
  9.252453E+03
  9.202593E+03
  9.152734E+03
  9.099844E+03
  9.046492E+03
  8.993143E+03
  8.939353E+03
  8.883043E+03
  8.826739E+03
  8.770441E+03
  8.712454E+03
  8.653432E+03
  8.594422E+03
  8.534712E+03
  8.473025E+03
  8.411364E+03
  8.349544E+03
  8.285497E+03
  8.221490E+03
  8.157396E+03
  8.090856E+03
  8.024362E+03
  7.957342E+03
  7.887599E+03
  7.817902E+03
  7.746515E+03
  7.672946E+03
  7.599417E+03
  7.522340E+03
  7.444623E+03
  7.365307E+03
  7.283311E+03
  7.201198E+03
  7.114962E+03
  7.028745E+03
  6.939169E+03
  6.848802E+03
  6.755595E+03
  6.661135E+03
  6.563897E+03
  6.465379E+03
  6.363832E+03
  6.261414E+03
  6.155515E+03
  6.048701E+03
  5.939397E+03
  5.828300E+03
  5.715890E+03
  5.600851E+03
  5.484255E+03
  5.366014E+03
  5.245415E+03
  5.122294E+03
  4.996991E+03
  4.869730E+03
  4.741872E+03
  4.617855E+03
  4.508259E+03
  4.431164E+03
  4.422441E+03
  4.519802E+03
  4.489579E+03
  4.051879E+03
  4.558221E+03
  1.359354E+03
 -7.937987E-05
  9.375093E+00
  9.646439E+00
  9.917783E+00
  1.018913E+01
  1.046047E+01
  1.073181E+01
  1.100315E+01
  1.127449E+01
  1.154582E+01
  1.220179E+01
  1.286728E+01
  1.353276E+01
  1.419825E+01
  1.486372E+01
  1.552920E+01
  1.619467E+01
  1.694558E+01
  1.785322E+01
  1.876084E+01
  1.966845E+01
  2.057606E+01
  2.148366E+01
  2.239125E+01
  2.333910E+01
  2.460928E+01
  2.587945E+01
  2.714960E+01
  2.841974E+01
  2.968986E+01
  3.095996E+01
  3.235593E+01
  3.417023E+01
  3.598449E+01
  3.779872E+01
  3.961292E+01
  4.142709E+01
  4.324123E+01
  4.558585E+01
  4.816262E+01
  5.073932E+01
  5.331596E+01
  5.589254E+01
  5.846905E+01
  6.141972E+01
  6.476512E+01
  6.811040E+01
  7.145556E+01
  7.480059E+01
  7.814551E+01
  8.155683E+01
  8.501459E+01
  8.847217E+01
  9.192957E+01
  9.538679E+01
  9.884383E+01
  1.016105E+02
  1.043660E+02
  1.071214E+02
  1.098766E+02
  1.126316E+02
  1.145825E+02
  1.161211E+02
  1.176596E+02
  1.191979E+02
  1.207361E+02
  1.211496E+02
  1.208253E+02
  1.205009E+02
  1.201765E+02
  1.198521E+02
  1.175583E+02
  1.147707E+02
  1.119832E+02
  1.091957E+02
  1.060679E+02
  1.018342E+02
  9.760064E+01
  9.336714E+01
  8.913375E+01
  8.759167E+01
  8.635066E+01
  8.510965E+01
  8.386865E+01
  8.782392E+01
  9.324256E+01
  9.866099E+01
  1.040792E+02
  1.153215E+02
  1.274558E+02
  1.395892E+02
  1.526247E+02
  1.707953E+02
  1.889631E+02
  2.071281E+02
  2.281866E+02
  2.510312E+02
  2.738702E+02
  2.964136E+02
  3.181363E+02
  3.398515E+02
  3.609104E+02
  3.740141E+02
  3.871125E+02
  3.997220E+02
  4.026309E+02
  4.055390E+02
  4.070655E+02
  4.018967E+02
  3.967309E+02
  3.890489E+02
  3.781424E+02
  3.672408E+02
  3.532370E+02
  3.386565E+02
  3.232917E+02
  3.066207E+02
  2.899135E+02
  2.719868E+02
  2.540650E+02
  2.343958E+02
  2.143123E+02
  1.922505E+02
  1.693123E+02
  1.454018E+02
  1.210423E+02
  9.679469E+01
  7.257946E+01
  4.942468E+01
  2.670099E+01
  5.212547E+00
 -1.514221E+01
 -3.465735E+01
 -5.229600E+01
 -6.879702E+01
 -8.411500E+01
 -9.779594E+01
 -1.098299E+02
 -1.203916E+02
 -1.292795E+02
 -1.361989E+02
 -1.406630E+02
 -1.418467E+02
 -1.385219E+02
 -1.298129E+02
 -1.165224E+02
 -9.884659E+01
 -8.538931E+01
  7.702942E+02
  4.437100E+03
  2.710469E-02
