 Title= "ADflow Lift Distribution Data"
Variables = "eta" "CoordinateX" "CoordinateY" "CoordinateZ" "Lift" "Drag" "Moment" "Normalized Lift" "Normalized Drag" "Normalized Moment" "CL" "CD" "CM" "CLp" "CDp" "CMp" "CLv" "CDv" "CMv" "Elliptical" "thickness" "twist" "chord" "fx" "fy" "fz" 
Zone T= "LiftDist_01 allWalls: : z normal"
 I=          150
 DATAPACKING=BLOCK
  0.000000E+00
  6.711405E-03
  1.342281E-02
  2.013422E-02
  2.684563E-02
  3.355704E-02
  4.026845E-02
  4.697986E-02
  5.369127E-02
  6.040268E-02
  6.711409E-02
  7.382550E-02
  8.053691E-02
  8.724832E-02
  9.395973E-02
  1.006711E-01
  1.073825E-01
  1.140940E-01
  1.208054E-01
  1.275168E-01
  1.342282E-01
  1.409396E-01
  1.476510E-01
  1.543624E-01
  1.610738E-01
  1.677852E-01
  1.744966E-01
  1.812081E-01
  1.879195E-01
  1.946309E-01
  2.013423E-01
  2.080537E-01
  2.147651E-01
  2.214765E-01
  2.281879E-01
  2.348993E-01
  2.416107E-01
  2.483221E-01
  2.550336E-01
  2.617450E-01
  2.684564E-01
  2.751678E-01
  2.818792E-01
  2.885906E-01
  2.953020E-01
  3.020134E-01
  3.087248E-01
  3.154362E-01
  3.221476E-01
  3.288591E-01
  3.355705E-01
  3.422819E-01
  3.489933E-01
  3.557047E-01
  3.624161E-01
  3.691275E-01
  3.758389E-01
  3.825503E-01
  3.892617E-01
  3.959732E-01
  4.026846E-01
  4.093960E-01
  4.161074E-01
  4.228188E-01
  4.295302E-01
  4.362416E-01
  4.429530E-01
  4.496644E-01
  4.563758E-01
  4.630872E-01
  4.697987E-01
  4.765101E-01
  4.832215E-01
  4.899329E-01
  4.966443E-01
  5.033557E-01
  5.100671E-01
  5.167785E-01
  5.234899E-01
  5.302013E-01
  5.369128E-01
  5.436242E-01
  5.503356E-01
  5.570470E-01
  5.637584E-01
  5.704698E-01
  5.771812E-01
  5.838926E-01
  5.906040E-01
  5.973154E-01
  6.040268E-01
  6.107383E-01
  6.174497E-01
  6.241611E-01
  6.308725E-01
  6.375839E-01
  6.442953E-01
  6.510067E-01
  6.577181E-01
  6.644295E-01
  6.711409E-01
  6.778524E-01
  6.845638E-01
  6.912752E-01
  6.979866E-01
  7.046980E-01
  7.114094E-01
  7.181208E-01
  7.248322E-01
  7.315436E-01
  7.382550E-01
  7.449664E-01
  7.516779E-01
  7.583893E-01
  7.651007E-01
  7.718121E-01
  7.785235E-01
  7.852349E-01
  7.919463E-01
  7.986577E-01
  8.053691E-01
  8.120805E-01
  8.187919E-01
  8.255034E-01
  8.322148E-01
  8.389262E-01
  8.456376E-01
  8.523490E-01
  8.590604E-01
  8.657718E-01
  8.724832E-01
  8.791946E-01
  8.859060E-01
  8.926175E-01
  8.993289E-01
  9.060403E-01
  9.127517E-01
  9.194631E-01
  9.261745E-01
  9.328859E-01
  9.395973E-01
  9.463087E-01
  9.530201E-01
  9.597315E-01
  9.664430E-01
  9.731544E-01
  9.798658E-01
  9.865772E-01
  9.932886E-01
  1.000000E+00
  0.000000E+00
  0.000000E+00
  0.000000E+00
  0.000000E+00
  0.000000E+00
  0.000000E+00
  0.000000E+00
  0.000000E+00
  0.000000E+00
  0.000000E+00
  0.000000E+00
  0.000000E+00
  0.000000E+00
  0.000000E+00
  0.000000E+00
  0.000000E+00
  0.000000E+00
  0.000000E+00
  0.000000E+00
  0.000000E+00
  0.000000E+00
  0.000000E+00
  0.000000E+00
  0.000000E+00
  0.000000E+00
  0.000000E+00
  0.000000E+00
  0.000000E+00
  0.000000E+00
  0.000000E+00
  0.000000E+00
  0.000000E+00
  0.000000E+00
  0.000000E+00
  0.000000E+00
  0.000000E+00
  0.000000E+00
  0.000000E+00
  0.000000E+00
  0.000000E+00
  0.000000E+00
  0.000000E+00
  0.000000E+00
  0.000000E+00
  0.000000E+00
  0.000000E+00
  0.000000E+00
  0.000000E+00
  0.000000E+00
  0.000000E+00
  0.000000E+00
  0.000000E+00
  0.000000E+00
  0.000000E+00
  0.000000E+00
  0.000000E+00
  0.000000E+00
  0.000000E+00
  0.000000E+00
  0.000000E+00
  0.000000E+00
  0.000000E+00
  0.000000E+00
  0.000000E+00
  0.000000E+00
  0.000000E+00
  0.000000E+00
  0.000000E+00
  0.000000E+00
  0.000000E+00
  0.000000E+00
  0.000000E+00
  0.000000E+00
  0.000000E+00
  0.000000E+00
  0.000000E+00
  0.000000E+00
  0.000000E+00
  0.000000E+00
  0.000000E+00
  0.000000E+00
  0.000000E+00
  0.000000E+00
  0.000000E+00
  0.000000E+00
  0.000000E+00
  0.000000E+00
  0.000000E+00
  0.000000E+00
  0.000000E+00
  0.000000E+00
  0.000000E+00
  0.000000E+00
  0.000000E+00
  0.000000E+00
  0.000000E+00
  0.000000E+00
  0.000000E+00
  0.000000E+00
  0.000000E+00
  0.000000E+00
  0.000000E+00
  0.000000E+00
  0.000000E+00
  0.000000E+00
  0.000000E+00
  0.000000E+00
  0.000000E+00
  0.000000E+00
  0.000000E+00
  0.000000E+00
  0.000000E+00
  0.000000E+00
  0.000000E+00
  0.000000E+00
  0.000000E+00
  0.000000E+00
  0.000000E+00
  0.000000E+00
  0.000000E+00
  0.000000E+00
  0.000000E+00
  0.000000E+00
  0.000000E+00
  0.000000E+00
  0.000000E+00
  0.000000E+00
  0.000000E+00
  0.000000E+00
  0.000000E+00
  0.000000E+00
  0.000000E+00
  0.000000E+00
  0.000000E+00
  0.000000E+00
  0.000000E+00
  0.000000E+00
  0.000000E+00
  0.000000E+00
  0.000000E+00
  0.000000E+00
  0.000000E+00
  0.000000E+00
  0.000000E+00
  0.000000E+00
  0.000000E+00
  0.000000E+00
  0.000000E+00
  0.000000E+00
  0.000000E+00
  0.000000E+00
  0.000000E+00
  0.000000E+00
  0.000000E+00
  0.000000E+00
  0.000000E+00
  0.000000E+00
  0.000000E+00
  0.000000E+00
  0.000000E+00
  0.000000E+00
  0.000000E+00
  0.000000E+00
  0.000000E+00
  0.000000E+00
  0.000000E+00
  0.000000E+00
  0.000000E+00
  0.000000E+00
  0.000000E+00
  0.000000E+00
  0.000000E+00
  0.000000E+00
  0.000000E+00
  0.000000E+00
  0.000000E+00
  0.000000E+00
  0.000000E+00
  0.000000E+00
  0.000000E+00
  0.000000E+00
  0.000000E+00
  0.000000E+00
  0.000000E+00
  0.000000E+00
  0.000000E+00
  0.000000E+00
  0.000000E+00
  0.000000E+00
  0.000000E+00
  0.000000E+00
  0.000000E+00
  0.000000E+00
  0.000000E+00
  0.000000E+00
  0.000000E+00
  0.000000E+00
  0.000000E+00
  0.000000E+00
  0.000000E+00
  0.000000E+00
  0.000000E+00
  0.000000E+00
  0.000000E+00
  0.000000E+00
  0.000000E+00
  0.000000E+00
  0.000000E+00
  0.000000E+00
  0.000000E+00
  0.000000E+00
  0.000000E+00
  0.000000E+00
  0.000000E+00
  0.000000E+00
  0.000000E+00
  0.000000E+00
  0.000000E+00
  0.000000E+00
  0.000000E+00
  0.000000E+00
  0.000000E+00
  0.000000E+00
  0.000000E+00
  0.000000E+00
  0.000000E+00
  0.000000E+00
  0.000000E+00
  0.000000E+00
  0.000000E+00
  0.000000E+00
  0.000000E+00
  0.000000E+00
  0.000000E+00
  0.000000E+00
  0.000000E+00
  0.000000E+00
  0.000000E+00
  0.000000E+00
  0.000000E+00
  0.000000E+00
  0.000000E+00
  0.000000E+00
  0.000000E+00
  0.000000E+00
  0.000000E+00
  0.000000E+00
  0.000000E+00
  0.000000E+00
  0.000000E+00
  0.000000E+00
  0.000000E+00
  0.000000E+00
  0.000000E+00
  0.000000E+00
  0.000000E+00
  0.000000E+00
  0.000000E+00
  0.000000E+00
  0.000000E+00
  0.000000E+00
  0.000000E+00
  0.000000E+00
  0.000000E+00
  0.000000E+00
  0.000000E+00
  0.000000E+00
  0.000000E+00
  0.000000E+00
  0.000000E+00
  0.000000E+00
  0.000000E+00
  0.000000E+00
  0.000000E+00
  0.000000E+00
  0.000000E+00
  0.000000E+00
  0.000000E+00
  0.000000E+00
  0.000000E+00
  0.000000E+00
  0.000000E+00
  0.000000E+00
  0.000000E+00
  0.000000E+00
  0.000000E+00
  0.000000E+00
  0.000000E+00
  0.000000E+00
  0.000000E+00
  0.000000E+00
  0.000000E+00
  0.000000E+00
  0.000000E+00
  0.000000E+00
  0.000000E+00
  0.000000E+00
  0.000000E+00
  0.000000E+00
  0.000000E+00
  1.000000E-08
  1.695085E-02
  3.390169E-02
  5.085254E-02
  6.780338E-02
  8.475423E-02
  1.017051E-01
  1.186559E-01
  1.356068E-01
  1.525576E-01
  1.695085E-01
  1.864593E-01
  2.034101E-01
  2.203610E-01
  2.373118E-01
  2.542627E-01
  2.712135E-01
  2.881644E-01
  3.051152E-01
  3.220661E-01
  3.390169E-01
  3.559678E-01
  3.729186E-01
  3.898694E-01
  4.068203E-01
  4.237711E-01
  4.407220E-01
  4.576728E-01
  4.746237E-01
  4.915745E-01
  5.085254E-01
  5.254762E-01
  5.424271E-01
  5.593779E-01
  5.763287E-01
  5.932796E-01
  6.102304E-01
  6.271813E-01
  6.441321E-01
  6.610830E-01
  6.780338E-01
  6.949847E-01
  7.119355E-01
  7.288864E-01
  7.458372E-01
  7.627880E-01
  7.797389E-01
  7.966897E-01
  8.136406E-01
  8.305914E-01
  8.475423E-01
  8.644931E-01
  8.814440E-01
  8.983948E-01
  9.153457E-01
  9.322965E-01
  9.492473E-01
  9.661982E-01
  9.831490E-01
  1.000100E+00
  1.017051E+00
  1.034002E+00
  1.050952E+00
  1.067903E+00
  1.084854E+00
  1.101805E+00
  1.118756E+00
  1.135707E+00
  1.152657E+00
  1.169608E+00
  1.186559E+00
  1.203510E+00
  1.220461E+00
  1.237412E+00
  1.254363E+00
  1.271313E+00
  1.288264E+00
  1.305215E+00
  1.322166E+00
  1.339117E+00
  1.356068E+00
  1.373018E+00
  1.389969E+00
  1.406920E+00
  1.423871E+00
  1.440822E+00
  1.457773E+00
  1.474724E+00
  1.491674E+00
  1.508625E+00
  1.525576E+00
  1.542527E+00
  1.559478E+00
  1.576429E+00
  1.593379E+00
  1.610330E+00
  1.627281E+00
  1.644232E+00
  1.661183E+00
  1.678134E+00
  1.695085E+00
  1.712035E+00
  1.728986E+00
  1.745937E+00
  1.762888E+00
  1.779839E+00
  1.796790E+00
  1.813740E+00
  1.830691E+00
  1.847642E+00
  1.864593E+00
  1.881544E+00
  1.898495E+00
  1.915446E+00
  1.932396E+00
  1.949347E+00
  1.966298E+00
  1.983249E+00
  2.000200E+00
  2.017151E+00
  2.034101E+00
  2.051052E+00
  2.068003E+00
  2.084954E+00
  2.101905E+00
  2.118856E+00
  2.135807E+00
  2.152757E+00
  2.169708E+00
  2.186659E+00
  2.203610E+00
  2.220561E+00
  2.237512E+00
  2.254462E+00
  2.271413E+00
  2.288364E+00
  2.305315E+00
  2.322266E+00
  2.339217E+00
  2.356168E+00
  2.373118E+00
  2.390069E+00
  2.407020E+00
  2.423971E+00
  2.440922E+00
  2.457873E+00
  2.474823E+00
  2.491774E+00
  2.508725E+00
  2.525676E+00
  1.106482E+04
  1.106291E+04
  1.106100E+04
  1.105908E+04
  1.105717E+04
  1.105526E+04
  1.105335E+04
  1.105144E+04
  1.104953E+04
  1.104395E+04
  1.103828E+04
  1.103260E+04
  1.102693E+04
  1.102126E+04
  1.101559E+04
  1.100992E+04
  1.100306E+04
  1.099403E+04
  1.098499E+04
  1.097596E+04
  1.096693E+04
  1.095790E+04
  1.094886E+04
  1.093946E+04
  1.092712E+04
  1.091477E+04
  1.090243E+04
  1.089008E+04
  1.087774E+04
  1.086539E+04
  1.085224E+04
  1.083640E+04
  1.082055E+04
  1.080471E+04
  1.078887E+04
  1.077303E+04
  1.075719E+04
  1.073891E+04
  1.071957E+04
  1.070023E+04
  1.068089E+04
  1.066155E+04
  1.064221E+04
  1.062126E+04
  1.059860E+04
  1.057595E+04
  1.055330E+04
  1.053065E+04
  1.050800E+04
  1.048347E+04
  1.045761E+04
  1.043177E+04
  1.040592E+04
  1.038007E+04
  1.035423E+04
  1.032529E+04
  1.029630E+04
  1.026731E+04
  1.023832E+04
  1.020934E+04
  1.017837E+04
  1.014638E+04
  1.011439E+04
  1.008241E+04
  1.005043E+04
  1.001661E+04
  9.981604E+03
  9.946598E+03
  9.911594E+03
  9.876594E+03
  9.838914E+03
  9.800563E+03
  9.762215E+03
  9.723869E+03
  9.684659E+03
  9.642635E+03
  9.600613E+03
  9.558592E+03
  9.516574E+03
  9.471114E+03
  9.425270E+03
  9.379428E+03
  9.333587E+03
  9.284776E+03
  9.235129E+03
  9.185484E+03
  9.135840E+03
  9.083209E+03
  9.030122E+03
  8.977036E+03
  8.923518E+03
  8.867531E+03
  8.811548E+03
  8.755568E+03
  8.697952E+03
  8.639331E+03
  8.580721E+03
  8.521436E+03
  8.460251E+03
  8.399091E+03
  8.337775E+03
  8.274281E+03
  8.210828E+03
  8.147292E+03
  8.081279E+03
  8.015319E+03
  7.948827E+03
  7.879565E+03
  7.810357E+03
  7.739438E+03
  7.666309E+03
  7.593227E+03
  7.516552E+03
  7.439233E+03
  7.360302E+03
  7.278664E+03
  7.196911E+03
  7.110995E+03
  7.025100E+03
  6.935807E+03
  6.845713E+03
  6.752744E+03
  6.658506E+03
  6.561427E+03
  6.463039E+03
  6.361495E+03
  6.259046E+03
  6.152925E+03
  6.045834E+03
  5.936102E+03
  5.824464E+03
  5.711428E+03
  5.595590E+03
  5.478092E+03
  5.358839E+03
  5.237074E+03
  5.112613E+03
  4.985789E+03
  4.856770E+03
  4.726824E+03
  4.600220E+03
  4.487248E+03
  4.405521E+03
  4.390175E+03
  4.478469E+03
  4.440166E+03
  4.000734E+03
  4.500322E+03
  1.337325E+03
 -1.067562E-04
  6.292719E+02
  6.291826E+02
  6.290932E+02
  6.290039E+02
  6.289146E+02
  6.288252E+02
  6.287359E+02
  6.286466E+02
  6.285573E+02
  6.283651E+02
  6.281704E+02
  6.279756E+02
  6.277809E+02
  6.275862E+02
  6.273915E+02
  6.271968E+02
  6.270015E+02
  6.268050E+02
  6.266086E+02
  6.264121E+02
  6.262157E+02
  6.260192E+02
  6.258228E+02
  6.256234E+02
  6.254008E+02
  6.251783E+02
  6.249557E+02
  6.247331E+02
  6.245105E+02
  6.242880E+02
  6.240470E+02
  6.237448E+02
  6.234426E+02
  6.231404E+02
  6.228382E+02
  6.225359E+02
  6.222337E+02
  6.218780E+02
  6.214989E+02
  6.211198E+02
  6.207406E+02
  6.203614E+02
  6.199822E+02
  6.195610E+02
  6.190956E+02
  6.186300E+02
  6.181645E+02
  6.176988E+02
  6.172331E+02
  6.166638E+02
  6.160218E+02
  6.153797E+02
  6.147375E+02
  6.140952E+02
  6.134529E+02
  6.125289E+02
  6.116003E+02
  6.106717E+02
  6.097429E+02
  6.088139E+02
  6.076891E+02
  6.064638E+02
  6.052383E+02
  6.040126E+02
  6.027867E+02
  6.014121E+02
  5.999399E+02
  5.984674E+02
  5.969946E+02
  5.955214E+02
  5.939077E+02
  5.922583E+02
  5.906085E+02
  5.889583E+02
  5.872962E+02
  5.855967E+02
  5.838967E+02
  5.821963E+02
  5.804953E+02
  5.787718E+02
  5.770456E+02
  5.753190E+02
  5.735921E+02
  5.717233E+02
  5.698143E+02
  5.679051E+02
  5.659955E+02
  5.638113E+02
  5.615846E+02
  5.593576E+02
  5.570724E+02
  5.544580E+02
  5.518436E+02
  5.492294E+02
  5.462406E+02
  5.430218E+02
  5.398050E+02
  5.363848E+02
  5.323932E+02
  5.284077E+02
  5.243836E+02
  5.198237E+02
  5.152739E+02
  5.107200E+02
  5.058990E+02
  5.010896E+02
  4.962717E+02
  4.913688E+02
  4.864765E+02
  4.816186E+02
  4.768005E+02
  4.719903E+02
  4.673784E+02
  4.628073E+02
  4.583736E+02
  4.541626E+02
  4.499681E+02
  4.462015E+02
  4.424342E+02
  4.390897E+02
  4.358440E+02
  4.329861E+02
  4.302978E+02
  4.279854E+02
  4.258447E+02
  4.241292E+02
  4.225356E+02
  4.214951E+02
  4.206271E+02
  4.202376E+02
  4.202773E+02
  4.206450E+02
  4.217911E+02
  4.234920E+02
  4.258024E+02
  4.290493E+02
  4.334186E+02
  4.389683E+02
  4.460917E+02
  4.555113E+02
  4.686814E+02
  4.884141E+02
  5.193224E+02
  5.695167E+02
  6.469259E+02
  7.152371E+02
  7.287452E+02
  8.804567E+02
  2.092433E+02
  3.891010E-04
  1.829931E+03
  1.829368E+03
  1.828805E+03
  1.828242E+03
  1.827680E+03
  1.827117E+03
  1.826554E+03
  1.825991E+03
  1.825429E+03
  1.823949E+03
  1.822447E+03
  1.820945E+03
  1.819443E+03
  1.817941E+03
  1.816439E+03
  1.814938E+03
  1.813191E+03
  1.810996E+03
  1.808800E+03
  1.806605E+03
  1.804410E+03
  1.802214E+03
  1.800019E+03
  1.797736E+03
  1.794747E+03
  1.791759E+03
  1.788770E+03
  1.785782E+03
  1.782793E+03
  1.779805E+03
  1.776610E+03
  1.772728E+03
  1.768847E+03
  1.764966E+03
  1.761085E+03
  1.757204E+03
  1.753323E+03
  1.748837E+03
  1.744086E+03
  1.739335E+03
  1.734584E+03
  1.729833E+03
  1.725082E+03
  1.719966E+03
  1.714466E+03
  1.708965E+03
  1.703465E+03
  1.697965E+03
  1.692465E+03
  1.686643E+03
  1.680596E+03
  1.674550E+03
  1.668503E+03
  1.662458E+03
  1.656413E+03
  1.650087E+03
  1.643757E+03
  1.637428E+03
  1.631100E+03
  1.624773E+03
  1.618388E+03
  1.611973E+03
  1.605560E+03
  1.599147E+03
  1.592735E+03
  1.586263E+03
  1.579752E+03
  1.573242E+03
  1.566732E+03
  1.560224E+03
  1.553590E+03
  1.546926E+03
  1.540262E+03
  1.533598E+03
  1.526937E+03
  1.520282E+03
  1.513626E+03
  1.506971E+03
  1.500317E+03
  1.493728E+03
  1.487147E+03
  1.480567E+03
  1.473987E+03
  1.467265E+03
  1.460503E+03
  1.453741E+03
  1.446980E+03
  1.440058E+03
  1.433112E+03
  1.426167E+03
  1.419239E+03
  1.412410E+03
  1.405582E+03
  1.398755E+03
  1.391931E+03
  1.385112E+03
  1.378296E+03
  1.371367E+03
  1.364113E+03
  1.356870E+03
  1.349599E+03
  1.341882E+03
  1.334182E+03
  1.326477E+03
  1.318337E+03
  1.310218E+03
  1.301968E+03
  1.292995E+03
  1.284046E+03
  1.274530E+03
  1.264280E+03
  1.254050E+03
  1.242542E+03
  1.230807E+03
  1.218489E+03
  1.205187E+03
  1.191844E+03
  1.176976E+03
  1.162115E+03
  1.146077E+03
  1.129761E+03
  1.112610E+03
  1.095088E+03
  1.076936E+03
  1.058493E+03
  1.039571E+03
  1.020514E+03
  1.001215E+03
  9.819485E+02
  9.628050E+02
  9.440126E+02
  9.255010E+02
  9.078978E+02
  8.910199E+02
  8.749385E+02
  8.600974E+02
  8.467019E+02
  8.348238E+02
  8.250984E+02
  8.189287E+02
  8.195979E+02
  8.341185E+02
  8.744196E+02
  9.589574E+02
  1.102268E+03
  1.211983E+03
  1.144709E+03
  1.298377E+03
  2.074976E+02
 -7.637457E-11
  1.245119E+00
  1.244904E+00
  1.244689E+00
  1.244474E+00
  1.244259E+00
  1.244044E+00
  1.243829E+00
  1.243614E+00
  1.243399E+00
  1.242771E+00
  1.242132E+00
  1.241494E+00
  1.240856E+00
  1.240218E+00
  1.239580E+00
  1.238941E+00
  1.238170E+00
  1.237153E+00
  1.236137E+00
  1.235120E+00
  1.234104E+00
  1.233087E+00
  1.232071E+00
  1.231013E+00
  1.229624E+00
  1.228235E+00
  1.226845E+00
  1.225456E+00
  1.224067E+00
  1.222678E+00
  1.221198E+00
  1.219415E+00
  1.217632E+00
  1.215849E+00
  1.214067E+00
  1.212284E+00
  1.210501E+00
  1.208445E+00
  1.206268E+00
  1.204092E+00
  1.201915E+00
  1.199739E+00
  1.197563E+00
  1.195205E+00
  1.192656E+00
  1.190107E+00
  1.187558E+00
  1.185009E+00
  1.182460E+00
  1.179700E+00
  1.176791E+00
  1.173882E+00
  1.170974E+00
  1.168065E+00
  1.165157E+00
  1.161900E+00
  1.158638E+00
  1.155376E+00
  1.152114E+00
  1.148853E+00
  1.145368E+00
  1.141768E+00
  1.138168E+00
  1.134569E+00
  1.130970E+00
  1.127165E+00
  1.123226E+00
  1.119286E+00
  1.115347E+00
  1.111409E+00
  1.107169E+00
  1.102853E+00
  1.098538E+00
  1.094223E+00
  1.089811E+00
  1.085082E+00
  1.080353E+00
  1.075624E+00
  1.070896E+00
  1.065780E+00
  1.060622E+00
  1.055463E+00
  1.050304E+00
  1.044812E+00
  1.039225E+00
  1.033639E+00
  1.028052E+00
  1.022130E+00
  1.016156E+00
  1.010182E+00
  1.004160E+00
  9.978594E-01
  9.915596E-01
  9.852603E-01
  9.787768E-01
  9.721802E-01
  9.655848E-01
  9.589136E-01
  9.520283E-01
  9.451460E-01
  9.382463E-01
  9.311012E-01
  9.239610E-01
  9.168113E-01
  9.093829E-01
  9.019603E-01
  8.944780E-01
  8.866841E-01
  8.788961E-01
  8.709156E-01
  8.626865E-01
  8.544626E-01
  8.458343E-01
  8.371337E-01
  8.282516E-01
  8.190649E-01
  8.098653E-01
  8.001972E-01
  7.905315E-01
  7.804833E-01
  7.703451E-01
  7.598834E-01
  7.492788E-01
  7.383545E-01
  7.272830E-01
  7.158563E-01
  7.043277E-01
  6.923860E-01
  6.803350E-01
  6.679870E-01
  6.554244E-01
  6.427046E-01
  6.296693E-01
  6.164473E-01
  6.030278E-01
  5.893257E-01
  5.753201E-01
  5.610487E-01
  5.465303E-01
  5.319075E-01
  5.176608E-01
  5.049481E-01
  4.957514E-01
  4.940245E-01
  5.039601E-01
  4.996500E-01
  4.502009E-01
  5.064192E-01
  1.504886E-01
 -1.201323E-08
  1.123505E+00
  1.123346E+00
  1.123186E+00
  1.123027E+00
  1.122867E+00
  1.122708E+00
  1.122548E+00
  1.122389E+00
  1.122229E+00
  1.121886E+00
  1.121538E+00
  1.121191E+00
  1.120843E+00
  1.120495E+00
  1.120148E+00
  1.119800E+00
  1.119451E+00
  1.119101E+00
  1.118750E+00
  1.118399E+00
  1.118048E+00
  1.117698E+00
  1.117347E+00
  1.116991E+00
  1.116594E+00
  1.116196E+00
  1.115799E+00
  1.115402E+00
  1.115004E+00
  1.114607E+00
  1.114176E+00
  1.113637E+00
  1.113097E+00
  1.112558E+00
  1.112018E+00
  1.111479E+00
  1.110939E+00
  1.110304E+00
  1.109627E+00
  1.108950E+00
  1.108273E+00
  1.107596E+00
  1.106919E+00
  1.106167E+00
  1.105336E+00
  1.104505E+00
  1.103674E+00
  1.102842E+00
  1.102011E+00
  1.100995E+00
  1.099848E+00
  1.098702E+00
  1.097555E+00
  1.096409E+00
  1.095262E+00
  1.093612E+00
  1.091954E+00
  1.090296E+00
  1.088638E+00
  1.086979E+00
  1.084971E+00
  1.082783E+00
  1.080595E+00
  1.078407E+00
  1.076218E+00
  1.073764E+00
  1.071136E+00
  1.068507E+00
  1.065877E+00
  1.063247E+00
  1.060366E+00
  1.057421E+00
  1.054475E+00
  1.051529E+00
  1.048561E+00
  1.045527E+00
  1.042492E+00
  1.039456E+00
  1.036419E+00
  1.033342E+00
  1.030260E+00
  1.027177E+00
  1.024094E+00
  1.020758E+00
  1.017349E+00
  1.013940E+00
  1.010531E+00
  1.006631E+00
  1.002656E+00
  9.986798E-01
  9.945997E-01
  9.899319E-01
  9.852642E-01
  9.805967E-01
  9.752606E-01
  9.695137E-01
  9.637704E-01
  9.576640E-01
  9.505374E-01
  9.434216E-01
  9.362370E-01
  9.280957E-01
  9.199725E-01
  9.118419E-01
  9.032345E-01
  8.946478E-01
  8.860458E-01
  8.772922E-01
  8.685574E-01
  8.598841E-01
  8.512818E-01
  8.426938E-01
  8.344596E-01
  8.262984E-01
  8.183824E-01
  8.108641E-01
  8.033752E-01
  7.966502E-01
  7.899241E-01
  7.839529E-01
  7.781579E-01
  7.730555E-01
  7.682558E-01
  7.641272E-01
  7.603052E-01
  7.572424E-01
  7.543971E-01
  7.525393E-01
  7.509896E-01
  7.502943E-01
  7.503652E-01
  7.510215E-01
  7.530679E-01
  7.561046E-01
  7.602297E-01
  7.660267E-01
  7.738277E-01
  7.837360E-01
  7.964543E-01
  8.132721E-01
  8.367860E-01
  8.720169E-01
  9.272007E-01
  1.016818E+00
  1.155025E+00
  1.276988E+00
  1.301105E+00
  1.571972E+00
  3.735840E-01
  6.947029E-07
  1.255699E+00
  1.255312E+00
  1.254926E+00
  1.254540E+00
  1.254154E+00
  1.253768E+00
  1.253382E+00
  1.252996E+00
  1.252609E+00
  1.251594E+00
  1.250564E+00
  1.249533E+00
  1.248502E+00
  1.247472E+00
  1.246441E+00
  1.245410E+00
  1.244212E+00
  1.242705E+00
  1.241199E+00
  1.239693E+00
  1.238186E+00
  1.236680E+00
  1.235173E+00
  1.233607E+00
  1.231556E+00
  1.229505E+00
  1.227454E+00
  1.225404E+00
  1.223353E+00
  1.221302E+00
  1.219110E+00
  1.216447E+00
  1.213783E+00
  1.211120E+00
  1.208457E+00
  1.205794E+00
  1.203131E+00
  1.200052E+00
  1.196792E+00
  1.193532E+00
  1.190271E+00
  1.187012E+00
  1.183752E+00
  1.180241E+00
  1.176466E+00
  1.172692E+00
  1.168918E+00
  1.165144E+00
  1.161370E+00
  1.157375E+00
  1.153225E+00
  1.149076E+00
  1.144927E+00
  1.140779E+00
  1.136631E+00
  1.132290E+00
  1.127946E+00
  1.123604E+00
  1.119261E+00
  1.114919E+00
  1.110538E+00
  1.106136E+00
  1.101735E+00
  1.097335E+00
  1.092935E+00
  1.088494E+00
  1.084026E+00
  1.079559E+00
  1.075092E+00
  1.070626E+00
  1.066074E+00
  1.061501E+00
  1.056928E+00
  1.052355E+00
  1.047785E+00
  1.043217E+00
  1.038651E+00
  1.034084E+00
  1.029517E+00
  1.024996E+00
  1.020481E+00
  1.015965E+00
  1.011450E+00
  1.006837E+00
  1.002197E+00
  9.975575E-01
  9.929180E-01
  9.881683E-01
  9.834020E-01
  9.786360E-01
  9.738821E-01
  9.691957E-01
  9.645102E-01
  9.598256E-01
  9.551432E-01
  9.504638E-01
  9.457872E-01
  9.410321E-01
  9.360548E-01
  9.310842E-01
  9.260947E-01
  9.207995E-01
  9.155160E-01
  9.102286E-01
  9.046428E-01
  8.990719E-01
  8.934104E-01
  8.872537E-01
  8.811124E-01
  8.745824E-01
  8.675488E-01
  8.605291E-01
  8.526325E-01
  8.445802E-01
  8.361272E-01
  8.269996E-01
  8.178438E-01
  8.076411E-01
  7.974432E-01
  7.864383E-01
  7.752422E-01
  7.634729E-01
  7.514496E-01
  7.389934E-01
  7.263377E-01
  7.133540E-01
  7.002768E-01
  6.870341E-01
  6.738132E-01
  6.606769E-01
  6.477816E-01
  6.350789E-01
  6.229996E-01
  6.114180E-01
  6.003829E-01
  5.901990E-01
  5.810069E-01
  5.728562E-01
  5.661827E-01
  5.619490E-01
  5.624082E-01
  5.723722E-01
  6.000269E-01
  6.580367E-01
  7.563762E-01
  8.316627E-01
  7.854994E-01
  8.909467E-01
  1.423849E-01
 -5.240824E-14
  9.893627E-01
  9.891918E-01
  9.890209E-01
  9.888500E-01
  9.886791E-01
  9.885082E-01
  9.883373E-01
  9.881664E-01
  9.879955E-01
  9.874966E-01
  9.869895E-01
  9.864824E-01
  9.859753E-01
  9.854683E-01
  9.849612E-01
  9.844542E-01
  9.838411E-01
  9.830334E-01
  9.822258E-01
  9.814181E-01
  9.806105E-01
  9.798029E-01
  9.789953E-01
  9.781548E-01
  9.770511E-01
  9.759473E-01
  9.748436E-01
  9.737399E-01
  9.726362E-01
  9.715326E-01
  9.703566E-01
  9.689400E-01
  9.675235E-01
  9.661070E-01
  9.646906E-01
  9.632742E-01
  9.618579E-01
  9.602238E-01
  9.584944E-01
  9.567652E-01
  9.550360E-01
  9.533069E-01
  9.515778E-01
  9.497045E-01
  9.476790E-01
  9.456536E-01
  9.436283E-01
  9.416031E-01
  9.395781E-01
  9.373847E-01
  9.350733E-01
  9.327620E-01
  9.304510E-01
  9.281402E-01
  9.258296E-01
  9.232416E-01
  9.206494E-01
  9.180574E-01
  9.154658E-01
  9.128743E-01
  9.101049E-01
  9.072444E-01
  9.043842E-01
  9.015243E-01
  8.986646E-01
  8.956414E-01
  8.925109E-01
  8.893808E-01
  8.862509E-01
  8.831213E-01
  8.797520E-01
  8.763229E-01
  8.728939E-01
  8.694652E-01
  8.659592E-01
  8.622016E-01
  8.584442E-01
  8.546869E-01
  8.509298E-01
  8.468650E-01
  8.427659E-01
  8.386670E-01
  8.345681E-01
  8.302037E-01
  8.257645E-01
  8.213255E-01
  8.168866E-01
  8.121805E-01
  8.074337E-01
  8.026870E-01
  7.979015E-01
  7.928952E-01
  7.878893E-01
  7.828837E-01
  7.777316E-01
  7.724895E-01
  7.672483E-01
  7.619467E-01
  7.564747E-01
  7.510049E-01
  7.455211E-01
  7.398418E-01
  7.341661E-01
  7.284828E-01
  7.225776E-01
  7.166768E-01
  7.107283E-01
  7.045321E-01
  6.983404E-01
  6.919958E-01
  6.854537E-01
  6.789156E-01
  6.720567E-01
  6.651403E-01
  6.580801E-01
  6.507783E-01
  6.434664E-01
  6.357831E-01
  6.281018E-01
  6.201174E-01
  6.120617E-01
  6.037498E-01
  5.953247E-01
  5.866462E-01
  5.778510E-01
  5.687744E-01
  5.596168E-01
  5.501316E-01
  5.405595E-01
  5.307517E-01
  5.207733E-01
  5.106700E-01
  5.003159E-01
  4.898133E-01
  4.791534E-01
  4.682687E-01
  4.571424E-01
  4.458044E-01
  4.342697E-01
  4.226516E-01
  4.113317E-01
  4.012298E-01
  3.939211E-01
  3.925474E-01
  4.004397E-01
  3.970119E-01
  3.577172E-01
  4.023821E-01
  1.642419E-01
 -2.322075E-03
  5.626645E-02
  5.625846E-02
  5.625048E-02
  5.624249E-02
  5.623450E-02
  5.622652E-02
  5.621853E-02
  5.621055E-02
  5.620256E-02
  5.618538E-02
  5.616797E-02
  5.615056E-02
  5.613315E-02
  5.611575E-02
  5.609834E-02
  5.608093E-02
  5.606347E-02
  5.604591E-02
  5.602835E-02
  5.601078E-02
  5.599322E-02
  5.597566E-02
  5.595810E-02
  5.594028E-02
  5.592038E-02
  5.590049E-02
  5.588059E-02
  5.586069E-02
  5.584080E-02
  5.582090E-02
  5.579936E-02
  5.577235E-02
  5.574533E-02
  5.571832E-02
  5.569130E-02
  5.566428E-02
  5.563726E-02
  5.560547E-02
  5.557158E-02
  5.553769E-02
  5.550379E-02
  5.546989E-02
  5.543599E-02
  5.539834E-02
  5.535673E-02
  5.531511E-02
  5.527349E-02
  5.523186E-02
  5.519023E-02
  5.513932E-02
  5.508192E-02
  5.502451E-02
  5.496710E-02
  5.490967E-02
  5.485224E-02
  5.476962E-02
  5.468660E-02
  5.460356E-02
  5.452051E-02
  5.443745E-02
  5.433688E-02
  5.422731E-02
  5.411773E-02
  5.400814E-02
  5.389852E-02
  5.377561E-02
  5.364397E-02
  5.351231E-02
  5.338061E-02
  5.324889E-02
  5.310459E-02
  5.295711E-02
  5.280959E-02
  5.266203E-02
  5.251342E-02
  5.236145E-02
  5.220945E-02
  5.205741E-02
  5.190532E-02
  5.175121E-02
  5.159686E-02
  5.144248E-02
  5.128807E-02
  5.112098E-02
  5.095028E-02
  5.077957E-02
  5.060883E-02
  5.041352E-02
  5.021442E-02
  5.001529E-02
  4.981095E-02
  4.957717E-02
  4.934339E-02
  4.910963E-02
  4.884237E-02
  4.855452E-02
  4.826686E-02
  4.796100E-02
  4.760403E-02
  4.724758E-02
  4.688769E-02
  4.647985E-02
  4.607290E-02
  4.566557E-02
  4.523433E-02
  4.480412E-02
  4.437313E-02
  4.393454E-02
  4.349688E-02
  4.306230E-02
  4.263128E-02
  4.220097E-02
  4.178841E-02
  4.137951E-02
  4.098290E-02
  4.060624E-02
  4.023106E-02
  3.989418E-02
  3.955725E-02
  3.925819E-02
  3.896795E-02
  3.871245E-02
  3.847213E-02
  3.826546E-02
  3.807417E-02
  3.792094E-02
  3.777861E-02
  3.768577E-02
  3.760837E-02
  3.757379E-02
  3.757758E-02
  3.761069E-02
  3.771342E-02
  3.786574E-02
  3.807256E-02
  3.836309E-02
  3.875397E-02
  3.925035E-02
  3.988744E-02
  4.072980E-02
  4.190746E-02
  4.367182E-02
  4.643539E-02
  5.092331E-02
  5.784451E-02
  6.395203E-02
  6.515922E-02
  7.872327E-02
  2.569797E-02
  8.463409E-03
  1.636236E-01
  1.635732E-01
  1.635229E-01
  1.634726E-01
  1.634223E-01
  1.633720E-01
  1.633217E-01
  1.632713E-01
  1.632210E-01
  1.630888E-01
  1.629545E-01
  1.628202E-01
  1.626859E-01
  1.625516E-01
  1.624173E-01
  1.622830E-01
  1.621268E-01
  1.619306E-01
  1.617343E-01
  1.615380E-01
  1.613417E-01
  1.611454E-01
  1.609492E-01
  1.607450E-01
  1.604778E-01
  1.602106E-01
  1.599434E-01
  1.596762E-01
  1.594090E-01
  1.591418E-01
  1.588561E-01
  1.585091E-01
  1.581621E-01
  1.578151E-01
  1.574681E-01
  1.571211E-01
  1.567741E-01
  1.563730E-01
  1.559481E-01
  1.555233E-01
  1.550985E-01
  1.546738E-01
  1.542490E-01
  1.537916E-01
  1.532998E-01
  1.528079E-01
  1.523161E-01
  1.518244E-01
  1.513327E-01
  1.508121E-01
  1.502714E-01
  1.497308E-01
  1.491902E-01
  1.486496E-01
  1.481091E-01
  1.475435E-01
  1.469775E-01
  1.464116E-01
  1.458458E-01
  1.452800E-01
  1.447091E-01
  1.441355E-01
  1.435621E-01
  1.429887E-01
  1.424153E-01
  1.418366E-01
  1.412545E-01
  1.406723E-01
  1.400903E-01
  1.395083E-01
  1.389151E-01
  1.383192E-01
  1.377234E-01
  1.371276E-01
  1.365319E-01
  1.359368E-01
  1.353417E-01
  1.347467E-01
  1.341517E-01
  1.335626E-01
  1.329741E-01
  1.323857E-01
  1.317974E-01
  1.311963E-01
  1.305917E-01
  1.299871E-01
  1.293826E-01
  1.287637E-01
  1.281426E-01
  1.275216E-01
  1.269021E-01
  1.262914E-01
  1.256808E-01
  1.250704E-01
  1.244602E-01
  1.238504E-01
  1.232409E-01
  1.226212E-01
  1.219724E-01
  1.213245E-01
  1.206742E-01
  1.199839E-01
  1.192951E-01
  1.186057E-01
  1.178774E-01
  1.171510E-01
  1.164128E-01
  1.156100E-01
  1.148092E-01
  1.139578E-01
  1.130407E-01
  1.121254E-01
  1.110960E-01
  1.100462E-01
  1.089443E-01
  1.077546E-01
  1.065612E-01
  1.052316E-01
  1.039026E-01
  1.024686E-01
  1.010097E-01
  9.947627E-02
  9.790979E-02
  9.628702E-02
  9.463830E-02
  9.294695E-02
  9.124342E-02
  8.951842E-02
  8.779627E-02
  8.608518E-02
  8.440547E-02
  8.275085E-02
  8.117746E-02
  7.966887E-02
  7.823145E-02
  7.690490E-02
  7.570753E-02
  7.464579E-02
  7.377645E-02
  7.322496E-02
  7.328489E-02
  7.458318E-02
  7.818652E-02
  8.574514E-02
  9.855864E-02
  1.083679E-01
  1.023517E-01
  1.160903E-01
  2.548357E-02
 -1.661237E-09
  9.894910E-01
  9.893201E-01
  9.891493E-01
  9.889784E-01
  9.888076E-01
  9.886367E-01
  9.884659E-01
  9.882951E-01
  9.881242E-01
  9.876254E-01
  9.871185E-01
  9.866116E-01
  9.861047E-01
  9.855978E-01
  9.850909E-01
  9.845840E-01
  9.839711E-01
  9.831637E-01
  9.823564E-01
  9.815490E-01
  9.807417E-01
  9.799344E-01
  9.791271E-01
  9.782870E-01
  9.771836E-01
  9.760803E-01
  9.749770E-01
  9.738738E-01
  9.727706E-01
  9.716674E-01
  9.704919E-01
  9.690759E-01
  9.676601E-01
  9.662442E-01
  9.648284E-01
  9.634127E-01
  9.619970E-01
  9.603637E-01
  9.586351E-01
  9.569067E-01
  9.551783E-01
  9.534500E-01
  9.517218E-01
  9.498494E-01
  9.478249E-01
  9.458005E-01
  9.437762E-01
  9.417521E-01
  9.397281E-01
  9.375357E-01
  9.352254E-01
  9.329154E-01
  9.306055E-01
  9.282958E-01
  9.259864E-01
  9.233994E-01
  9.208084E-01
  9.182177E-01
  9.156272E-01
  9.130369E-01
  9.102686E-01
  9.074092E-01
  9.045502E-01
  9.016914E-01
  8.988329E-01
  8.958107E-01
  8.926813E-01
  8.895522E-01
  8.864233E-01
  8.832948E-01
  8.799265E-01
  8.764982E-01
  8.730702E-01
  8.696424E-01
  8.661373E-01
  8.623805E-01
  8.586238E-01
  8.548673E-01
  8.511110E-01
  8.470469E-01
  8.429485E-01
  8.388502E-01
  8.347521E-01
  8.303883E-01
  8.259499E-01
  8.215115E-01
  8.170733E-01
  8.123681E-01
  8.076221E-01
  8.028762E-01
  7.980916E-01
  7.930864E-01
  7.880815E-01
  7.830769E-01
  7.779260E-01
  7.726853E-01
  7.674454E-01
  7.621452E-01
  7.566748E-01
  7.512066E-01
  7.457243E-01
  7.400469E-01
  7.343731E-01
  7.286916E-01
  7.227885E-01
  7.168897E-01
  7.109432E-01
  7.047491E-01
  6.985595E-01
  6.922170E-01
  6.856771E-01
  6.791412E-01
  6.722845E-01
  6.653703E-01
  6.583123E-01
  6.510128E-01
  6.437032E-01
  6.360223E-01
  6.283433E-01
  6.203615E-01
  6.123083E-01
  6.039990E-01
  5.955767E-01
  5.869010E-01
  5.781088E-01
  5.690353E-01
  5.598809E-01
  5.503993E-01
  5.408310E-01
  5.310274E-01
  5.210539E-01
  5.109558E-01
  5.006085E-01
  4.901139E-01
  4.794636E-01
  4.685912E-01
  4.574810E-01
  4.461634E-01
  4.346546E-01
  4.230691E-01
  4.117897E-01
  4.017352E-01
  3.944773E-01
  3.931486E-01
  4.010629E-01
  3.976164E-01
  3.582822E-01
  4.026596E-01
  1.636497E-01
 -3.324653E-03
  5.006299E-02
  5.005542E-02
  5.004785E-02
  5.004028E-02
  5.003271E-02
  5.002514E-02
  5.001757E-02
  5.001000E-02
  5.000244E-02
  4.998604E-02
  4.996942E-02
  4.995280E-02
  4.993618E-02
  4.991957E-02
  4.990295E-02
  4.988633E-02
  4.986953E-02
  4.985238E-02
  4.983523E-02
  4.981808E-02
  4.980093E-02
  4.978378E-02
  4.976663E-02
  4.974917E-02
  4.972925E-02
  4.970933E-02
  4.968941E-02
  4.966949E-02
  4.964957E-02
  4.962964E-02
  4.960805E-02
  4.958089E-02
  4.955373E-02
  4.952657E-02
  4.949941E-02
  4.947225E-02
  4.944508E-02
  4.941317E-02
  4.937918E-02
  4.934519E-02
  4.931119E-02
  4.927719E-02
  4.924319E-02
  4.920548E-02
  4.916386E-02
  4.912224E-02
  4.908061E-02
  4.903897E-02
  4.899733E-02
  4.894648E-02
  4.888917E-02
  4.883185E-02
  4.877451E-02
  4.871718E-02
  4.865983E-02
  4.857735E-02
  4.849447E-02
  4.841157E-02
  4.832867E-02
  4.824574E-02
  4.814533E-02
  4.803594E-02
  4.792653E-02
  4.781711E-02
  4.770766E-02
  4.758494E-02
  4.745349E-02
  4.732201E-02
  4.719050E-02
  4.705896E-02
  4.691481E-02
  4.676747E-02
  4.662008E-02
  4.647265E-02
  4.632411E-02
  4.617205E-02
  4.601994E-02
  4.586779E-02
  4.571560E-02
  4.556098E-02
  4.540607E-02
  4.525113E-02
  4.509616E-02
  4.492807E-02
  4.475626E-02
  4.458443E-02
  4.441256E-02
  4.421565E-02
  4.401486E-02
  4.381404E-02
  4.360793E-02
  4.337195E-02
  4.313598E-02
  4.290001E-02
  4.263037E-02
  4.234005E-02
  4.204989E-02
  4.174159E-02
  4.138228E-02
  4.102349E-02
  4.066128E-02
  4.025166E-02
  3.984291E-02
  3.943378E-02
  3.900161E-02
  3.857042E-02
  3.813861E-02
  3.770016E-02
  3.726260E-02
  3.682865E-02
  3.639897E-02
  3.596995E-02
  3.555964E-02
  3.515313E-02
  3.475919E-02
  3.438568E-02
  3.401363E-02
  3.368021E-02
  3.334671E-02
  3.305102E-02
  3.276414E-02
  3.251174E-02
  3.227440E-02
  3.207032E-02
  3.188145E-02
  3.173013E-02
  3.158956E-02
  3.149764E-02
  3.142073E-02
  3.138545E-02
  3.138674E-02
  3.141588E-02
  3.150944E-02
  3.164739E-02
  3.183359E-02
  3.209195E-02
  3.243396E-02
  3.286275E-02
  3.340791E-02
  3.412761E-02
  3.514650E-02
  3.671619E-02
  3.926383E-02
  4.355735E-02
  5.038772E-02
  5.661933E-02
  5.820634E-02
  7.227676E-02
  1.940880E-02
  1.226399E-03
  1.640865E-01
  1.640361E-01
  1.639856E-01
  1.639352E-01
  1.638848E-01
  1.638344E-01
  1.637839E-01
  1.637335E-01
  1.636831E-01
  1.635506E-01
  1.634161E-01
  1.632816E-01
  1.631471E-01
  1.630126E-01
  1.628781E-01
  1.627436E-01
  1.625872E-01
  1.623906E-01
  1.621940E-01
  1.619975E-01
  1.618009E-01
  1.616043E-01
  1.614078E-01
  1.612033E-01
  1.609357E-01
  1.606681E-01
  1.604006E-01
  1.601330E-01
  1.598654E-01
  1.595978E-01
  1.593118E-01
  1.589642E-01
  1.586167E-01
  1.582692E-01
  1.579217E-01
  1.575742E-01
  1.572267E-01
  1.568249E-01
  1.563994E-01
  1.559739E-01
  1.555484E-01
  1.551229E-01
  1.546974E-01
  1.542392E-01
  1.537464E-01
  1.532536E-01
  1.527609E-01
  1.522682E-01
  1.517755E-01
  1.512538E-01
  1.507119E-01
  1.501700E-01
  1.496282E-01
  1.490864E-01
  1.485446E-01
  1.479775E-01
  1.474101E-01
  1.468427E-01
  1.462754E-01
  1.457081E-01
  1.451356E-01
  1.445605E-01
  1.439854E-01
  1.434104E-01
  1.428355E-01
  1.422552E-01
  1.416714E-01
  1.410877E-01
  1.405040E-01
  1.399204E-01
  1.393259E-01
  1.387286E-01
  1.381314E-01
  1.375343E-01
  1.369374E-01
  1.363414E-01
  1.357454E-01
  1.351494E-01
  1.345535E-01
  1.339638E-01
  1.333749E-01
  1.327860E-01
  1.321972E-01
  1.315956E-01
  1.309905E-01
  1.303854E-01
  1.297804E-01
  1.291605E-01
  1.285383E-01
  1.279162E-01
  1.272955E-01
  1.266827E-01
  1.260700E-01
  1.254574E-01
  1.248441E-01
  1.242306E-01
  1.236174E-01
  1.229936E-01
  1.223393E-01
  1.216859E-01
  1.210299E-01
  1.203326E-01
  1.196367E-01
  1.189403E-01
  1.182040E-01
  1.174697E-01
  1.167234E-01
  1.159123E-01
  1.151032E-01
  1.142435E-01
  1.133183E-01
  1.123949E-01
  1.113577E-01
  1.103003E-01
  1.091910E-01
  1.079943E-01
  1.067940E-01
  1.054584E-01
  1.041233E-01
  1.026840E-01
  1.012201E-01
  9.968226E-02
  9.811173E-02
  9.648563E-02
  9.483391E-02
  9.314033E-02
  9.143480E-02
  8.970871E-02
  8.798575E-02
  8.627458E-02
  8.459543E-02
  8.294183E-02
  8.137064E-02
  7.986511E-02
  7.843169E-02
  7.711068E-02
  7.592079E-02
  7.486849E-02
  7.401098E-02
  7.347415E-02
  7.355179E-02
  7.487217E-02
  7.849699E-02
  8.607415E-02
  9.889568E-02
  1.086939E-01
  1.026503E-01
  1.162742E-01
  2.542446E-02
 -3.241846E-09
 -1.283174E-04
 -1.283655E-04
 -1.284135E-04
 -1.284616E-04
 -1.285097E-04
 -1.285578E-04
 -1.286059E-04
 -1.286540E-04
 -1.287020E-04
 -1.288595E-04
 -1.290196E-04
 -1.291797E-04
 -1.293398E-04
 -1.294999E-04
 -1.296600E-04
 -1.298201E-04
 -1.300278E-04
 -1.303225E-04
 -1.306172E-04
 -1.309119E-04
 -1.312066E-04
 -1.315013E-04
 -1.317960E-04
 -1.321083E-04
 -1.325618E-04
 -1.330152E-04
 -1.334687E-04
 -1.339221E-04
 -1.343756E-04
 -1.348290E-04
 -1.353235E-04
 -1.359546E-04
 -1.365857E-04
 -1.372168E-04
 -1.378479E-04
 -1.384790E-04
 -1.391101E-04
 -1.398750E-04
 -1.406985E-04
 -1.415220E-04
 -1.423454E-04
 -1.431689E-04
 -1.439923E-04
 -1.449057E-04
 -1.459140E-04
 -1.469223E-04
 -1.479306E-04
 -1.489387E-04
 -1.499468E-04
 -1.510308E-04
 -1.521677E-04
 -1.533046E-04
 -1.544413E-04
 -1.555779E-04
 -1.567144E-04
 -1.578863E-04
 -1.590587E-04
 -1.602308E-04
 -1.614027E-04
 -1.625744E-04
 -1.637178E-04
 -1.648466E-04
 -1.659751E-04
 -1.671033E-04
 -1.682312E-04
 -1.693067E-04
 -1.703476E-04
 -1.713882E-04
 -1.724285E-04
 -1.734686E-04
 -1.744159E-04
 -1.753398E-04
 -1.762634E-04
 -1.771868E-04
 -1.780779E-04
 -1.788649E-04
 -1.796518E-04
 -1.804386E-04
 -1.812253E-04
 -1.819202E-04
 -1.826049E-04
 -1.832897E-04
 -1.839744E-04
 -1.846695E-04
 -1.853675E-04
 -1.860654E-04
 -1.867633E-04
 -1.875784E-04
 -1.884110E-04
 -1.892432E-04
 -1.901072E-04
 -1.911534E-04
 -1.921985E-04
 -1.932425E-04
 -1.944515E-04
 -1.957613E-04
 -1.970691E-04
 -1.984544E-04
 -2.000605E-04
 -2.016633E-04
 -2.032830E-04
 -2.051436E-04
 -2.069998E-04
 -2.088599E-04
 -2.108823E-04
 -2.128993E-04
 -2.149287E-04
 -2.170400E-04
 -2.191451E-04
 -2.212749E-04
 -2.234384E-04
 -2.255955E-04
 -2.278012E-04
 -2.300114E-04
 -2.322467E-04
 -2.345279E-04
 -2.368083E-04
 -2.391933E-04
 -2.415751E-04
 -2.440744E-04
 -2.466005E-04
 -2.492514E-04
 -2.519577E-04
 -2.548182E-04
 -2.577506E-04
 -2.609066E-04
 -2.641281E-04
 -2.677342E-04
 -2.715030E-04
 -2.757375E-04
 -2.805620E-04
 -2.858480E-04
 -2.925843E-04
 -3.006262E-04
 -3.101960E-04
 -3.224774E-04
 -3.385913E-04
 -3.589813E-04
 -3.848737E-04
 -4.175835E-04
 -4.579821E-04
 -5.054103E-04
 -5.561605E-04
 -6.012207E-04
 -6.231886E-04
 -6.044246E-04
 -5.650022E-04
 -2.774548E-04
  5.922587E-04
  1.002578E-03
  6.203467E-03
  6.203049E-03
  6.202631E-03
  6.202213E-03
  6.201796E-03
  6.201378E-03
  6.200960E-03
  6.200542E-03
  6.200125E-03
  6.199343E-03
  6.198552E-03
  6.197761E-03
  6.196970E-03
  6.196180E-03
  6.195389E-03
  6.194598E-03
  6.193941E-03
  6.193529E-03
  6.193118E-03
  6.192706E-03
  6.192294E-03
  6.191883E-03
  6.191471E-03
  6.191108E-03
  6.191133E-03
  6.191157E-03
  6.191182E-03
  6.191207E-03
  6.191232E-03
  6.191258E-03
  6.191310E-03
  6.191455E-03
  6.191600E-03
  6.191744E-03
  6.191889E-03
  6.192034E-03
  6.192180E-03
  6.192294E-03
  6.192396E-03
  6.192498E-03
  6.192600E-03
  6.192703E-03
  6.192806E-03
  6.192861E-03
  6.192866E-03
  6.192872E-03
  6.192878E-03
  6.192885E-03
  6.192892E-03
  6.192844E-03
  6.192756E-03
  6.192669E-03
  6.192583E-03
  6.192498E-03
  6.192414E-03
  6.192271E-03
  6.192129E-03
  6.191988E-03
  6.191848E-03
  6.191709E-03
  6.191547E-03
  6.191373E-03
  6.191201E-03
  6.191029E-03
  6.190860E-03
  6.190677E-03
  6.190487E-03
  6.190298E-03
  6.190110E-03
  6.189924E-03
  6.189779E-03
  6.189645E-03
  6.189512E-03
  6.189380E-03
  6.189304E-03
  6.189406E-03
  6.189508E-03
  6.189612E-03
  6.189716E-03
  6.190230E-03
  6.190791E-03
  6.191353E-03
  6.191917E-03
  6.192910E-03
  6.194026E-03
  6.195143E-03
  6.196261E-03
  6.197873E-03
  6.199561E-03
  6.201250E-03
  6.203017E-03
  6.205214E-03
  6.207414E-03
  6.209616E-03
  6.211990E-03
  6.214475E-03
  6.216967E-03
  6.219416E-03
  6.221745E-03
  6.224091E-03
  6.226409E-03
  6.228184E-03
  6.229990E-03
  6.231783E-03
  6.232724E-03
  6.233706E-03
  6.234522E-03
  6.234381E-03
  6.234283E-03
  6.233650E-03
  6.232316E-03
  6.231022E-03
  6.228776E-03
  6.226378E-03
  6.223709E-03
  6.220560E-03
  6.217427E-03
  6.213974E-03
  6.210540E-03
  6.207164E-03
  6.203811E-03
  6.200714E-03
  6.197736E-03
  6.195138E-03
  6.192718E-03
  6.190807E-03
  6.189045E-03
  6.188137E-03
  6.187640E-03
  6.188333E-03
  6.190842E-03
  6.194812E-03
  6.203978E-03
  6.218348E-03
  6.238965E-03
  6.271133E-03
  6.320007E-03
  6.387606E-03
  6.479530E-03
  6.602185E-03
  6.760951E-03
  6.955634E-03
  7.171560E-03
  7.365962E-03
  7.456789E-03
  7.332702E-03
  6.952882E-03
  6.446508E-03
  6.289170E-03
  7.237009E-03
 -4.629223E-04
 -4.628166E-04
 -4.627109E-04
 -4.626051E-04
 -4.624994E-04
 -4.623937E-04
 -4.622880E-04
 -4.621823E-04
 -4.620767E-04
 -4.618631E-04
 -4.616469E-04
 -4.614308E-04
 -4.612147E-04
 -4.609986E-04
 -4.607825E-04
 -4.605665E-04
 -4.603252E-04
 -4.600376E-04
 -4.597500E-04
 -4.594625E-04
 -4.591750E-04
 -4.588875E-04
 -4.586001E-04
 -4.583031E-04
 -4.579296E-04
 -4.575561E-04
 -4.571826E-04
 -4.568091E-04
 -4.564357E-04
 -4.560622E-04
 -4.556570E-04
 -4.551462E-04
 -4.546353E-04
 -4.541245E-04
 -4.536137E-04
 -4.531028E-04
 -4.525919E-04
 -4.519471E-04
 -4.512436E-04
 -4.505401E-04
 -4.498366E-04
 -4.491331E-04
 -4.484296E-04
 -4.476036E-04
 -4.466485E-04
 -4.456934E-04
 -4.447384E-04
 -4.437833E-04
 -4.428283E-04
 -4.417060E-04
 -4.404666E-04
 -4.392273E-04
 -4.379882E-04
 -4.367491E-04
 -4.355102E-04
 -4.340363E-04
 -4.325590E-04
 -4.310818E-04
 -4.296049E-04
 -4.281283E-04
 -4.265606E-04
 -4.249464E-04
 -4.233326E-04
 -4.217191E-04
 -4.201059E-04
 -4.185067E-04
 -4.169169E-04
 -4.153274E-04
 -4.137382E-04
 -4.121493E-04
 -4.107496E-04
 -4.093976E-04
 -4.080457E-04
 -4.066941E-04
 -4.054467E-04
 -4.045374E-04
 -4.036282E-04
 -4.027191E-04
 -4.018101E-04
 -4.012772E-04
 -4.007863E-04
 -4.002955E-04
 -3.998048E-04
 -3.992983E-04
 -3.987874E-04
 -3.982765E-04
 -3.977657E-04
 -3.967750E-04
 -3.957109E-04
 -3.946469E-04
 -3.934226E-04
 -3.912859E-04
 -3.891499E-04
 -3.870144E-04
 -3.839253E-04
 -3.802478E-04
 -3.765726E-04
 -3.724152E-04
 -3.669034E-04
 -3.613974E-04
 -3.557788E-04
 -3.487185E-04
 -3.416684E-04
 -3.345828E-04
 -3.266000E-04
 -3.186303E-04
 -3.106106E-04
 -3.022994E-04
 -2.940026E-04
 -2.857656E-04
 -2.776013E-04
 -2.694510E-04
 -2.616991E-04
 -2.540320E-04
 -2.466414E-04
 -2.397008E-04
 -2.327985E-04
 -2.267393E-04
 -2.206877E-04
 -2.154196E-04
 -2.103424E-04
 -2.059821E-04
 -2.019411E-04
 -1.986098E-04
 -1.956071E-04
 -1.933781E-04
 -1.913729E-04
 -1.902921E-04
 -1.894790E-04
 -1.894006E-04
 -1.899576E-04
 -1.909857E-04
 -1.931843E-04
 -1.962385E-04
 -2.002370E-04
 -2.057784E-04
 -2.132569E-04
 -2.227020E-04
 -2.345376E-04
 -2.491918E-04
 -2.668983E-04
 -2.889889E-04
 -3.104706E-04
 -3.290151E-04
 -3.370369E-04
 -3.259966E-04
 -2.985451E-04
 -1.838333E-04
  5.911533E-05
  1.580609E-09
  1.273240E+00
  1.273211E+00
  1.273125E+00
  1.272981E+00
  1.272781E+00
  1.272522E+00
  1.272207E+00
  1.271834E+00
  1.271403E+00
  1.270915E+00
  1.270369E+00
  1.269765E+00
  1.269104E+00
  1.268384E+00
  1.267607E+00
  1.266771E+00
  1.265877E+00
  1.264925E+00
  1.263915E+00
  1.262845E+00
  1.261717E+00
  1.260530E+00
  1.259284E+00
  1.257979E+00
  1.256614E+00
  1.255190E+00
  1.253705E+00
  1.252161E+00
  1.250556E+00
  1.248891E+00
  1.247165E+00
  1.245378E+00
  1.243529E+00
  1.241620E+00
  1.239648E+00
  1.237614E+00
  1.235518E+00
  1.233359E+00
  1.231136E+00
  1.228851E+00
  1.226501E+00
  1.224088E+00
  1.221610E+00
  1.219067E+00
  1.216458E+00
  1.213784E+00
  1.211044E+00
  1.208237E+00
  1.205362E+00
  1.202421E+00
  1.199411E+00
  1.196332E+00
  1.193185E+00
  1.189968E+00
  1.186680E+00
  1.183322E+00
  1.179892E+00
  1.176390E+00
  1.172816E+00
  1.169168E+00
  1.165446E+00
  1.161649E+00
  1.157776E+00
  1.153828E+00
  1.149802E+00
  1.145699E+00
  1.141516E+00
  1.137254E+00
  1.132912E+00
  1.128488E+00
  1.123982E+00
  1.119393E+00
  1.114719E+00
  1.109960E+00
  1.105114E+00
  1.100180E+00
  1.095157E+00
  1.090045E+00
  1.084841E+00
  1.079544E+00
  1.074153E+00
  1.068667E+00
  1.063083E+00
  1.057401E+00
  1.051619E+00
  1.045735E+00
  1.039748E+00
  1.033655E+00
  1.027455E+00
  1.021146E+00
  1.014726E+00
  1.008193E+00
  1.001543E+00
  9.947766E-01
  9.878894E-01
  9.808795E-01
  9.737441E-01
  9.664805E-01
  9.590857E-01
  9.515567E-01
  9.438904E-01
  9.360832E-01
  9.281318E-01
  9.200322E-01
  9.117806E-01
  9.033729E-01
  8.948045E-01
  8.860709E-01
  8.771671E-01
  8.680879E-01
  8.588277E-01
  8.493806E-01
  8.397402E-01
  8.299000E-01
  8.198525E-01
  8.095903E-01
  7.991048E-01
  7.883874E-01
  7.774283E-01
  7.662172E-01
  7.547428E-01
  7.429930E-01
  7.309546E-01
  7.186128E-01
  7.059520E-01
  6.929545E-01
  6.796012E-01
  6.658704E-01
  6.517385E-01
  6.371787E-01
  6.221609E-01
  6.066513E-01
  5.906109E-01
  5.739954E-01
  5.567532E-01
  5.388241E-01
  5.201372E-01
  5.006076E-01
  4.801325E-01
  4.585853E-01
  4.358068E-01
  4.115929E-01
  3.856731E-01
  3.576769E-01
  3.270715E-01
  2.930404E-01
  2.542116E-01
  2.079144E-01
  1.472658E-01
  0.000000E+00
  1.107442E-01
  1.107366E-01
  1.107290E-01
  1.107215E-01
  1.107139E-01
  1.107063E-01
  1.106988E-01
  1.106912E-01
  1.106837E-01
  1.106710E-01
  1.106583E-01
  1.106455E-01
  1.106328E-01
  1.106200E-01
  1.106073E-01
  1.105945E-01
  1.105795E-01
  1.105602E-01
  1.105410E-01
  1.105217E-01
  1.105024E-01
  1.104832E-01
  1.104639E-01
  1.104437E-01
  1.104161E-01
  1.103884E-01
  1.103608E-01
  1.103332E-01
  1.103056E-01
  1.102779E-01
  1.102477E-01
  1.102091E-01
  1.101705E-01
  1.101319E-01
  1.100933E-01
  1.100547E-01
  1.100161E-01
  1.099674E-01
  1.099143E-01
  1.098611E-01
  1.098080E-01
  1.097549E-01
  1.097018E-01
  1.096397E-01
  1.095682E-01
  1.094967E-01
  1.094251E-01
  1.093536E-01
  1.092821E-01
  1.091993E-01
  1.091085E-01
  1.090177E-01
  1.089270E-01
  1.088362E-01
  1.087454E-01
  1.086433E-01
  1.085409E-01
  1.084386E-01
  1.083441E-01
  1.082523E-01
  1.081631E-01
  1.080752E-01
  1.079874E-01
  1.078995E-01
  1.078116E-01
  1.077368E-01
  1.076705E-01
  1.076043E-01
  1.075380E-01
  1.074718E-01
  1.074400E-01
  1.074169E-01
  1.073938E-01
  1.073707E-01
  1.073628E-01
  1.074044E-01
  1.074476E-01
  1.074939E-01
  1.075402E-01
  1.076371E-01
  1.077397E-01
  1.078423E-01
  1.079448E-01
  1.080533E-01
  1.081634E-01
  1.082734E-01
  1.083835E-01
  1.084555E-01
  1.085217E-01
  1.085879E-01
  1.086405E-01
  1.086157E-01
  1.085909E-01
  1.085661E-01
  1.084589E-01
  1.083007E-01
  1.081424E-01
  1.079408E-01
  1.076182E-01
  1.073455E-01
  1.070641E-01
  1.066749E-01
  1.062856E-01
  1.059446E-01
  1.055713E-01
  1.051978E-01
  1.048608E-01
  1.045551E-01
  1.042809E-01
  1.040666E-01
  1.038949E-01
  1.037232E-01
  1.036082E-01
  1.035178E-01
  1.034346E-01
  1.033635E-01
  1.033207E-01
  1.033007E-01
  1.032807E-01
  1.032685E-01
  1.032583E-01
  1.032531E-01
  1.032501E-01
  1.032501E-01
  1.032515E-01
  1.032547E-01
  1.032584E-01
  1.032630E-01
  1.032674E-01
  1.032718E-01
  1.032756E-01
  1.032789E-01
  1.032810E-01
  1.032823E-01
  1.032825E-01
  1.032813E-01
  1.032785E-01
  1.032745E-01
  1.032689E-01
  1.032619E-01
  1.032541E-01
  1.032979E-01
  1.032904E-01
  1.032803E-01
  1.032864E-01
  1.033000E-01
  1.033583E-01
  1.034510E-01
  1.210177E-01
  2.269592E-02
 -1.931931E-01
 -1.929311E-01
 -1.926692E-01
 -1.924072E-01
 -1.921452E-01
 -1.918833E-01
 -1.916213E-01
 -1.913594E-01
 -1.910974E-01
 -1.903562E-01
 -1.896030E-01
 -1.888499E-01
 -1.880968E-01
 -1.873436E-01
 -1.865905E-01
 -1.858374E-01
 -1.848873E-01
 -1.835760E-01
 -1.822647E-01
 -1.809533E-01
 -1.796420E-01
 -1.783307E-01
 -1.770194E-01
 -1.756383E-01
 -1.736982E-01
 -1.717580E-01
 -1.698179E-01
 -1.678778E-01
 -1.659376E-01
 -1.639975E-01
 -1.618995E-01
 -1.592770E-01
 -1.566545E-01
 -1.540320E-01
 -1.514095E-01
 -1.487870E-01
 -1.461645E-01
 -1.430887E-01
 -1.398144E-01
 -1.365402E-01
 -1.332660E-01
 -1.299918E-01
 -1.267176E-01
 -1.232738E-01
 -1.196511E-01
 -1.160284E-01
 -1.124057E-01
 -1.087830E-01
 -1.051603E-01
 -1.018863E-01
 -9.885651E-02
 -9.582671E-02
 -9.279690E-02
 -8.976710E-02
 -8.673730E-02
 -8.547952E-02
 -8.424964E-02
 -8.301975E-02
 -8.178987E-02
 -8.055999E-02
 -8.041413E-02
 -8.082399E-02
 -8.123385E-02
 -8.164371E-02
 -8.205357E-02
 -8.299326E-02
 -8.428053E-02
 -8.556779E-02
 -8.685506E-02
 -8.814232E-02
 -8.924221E-02
 -9.029511E-02
 -9.134801E-02
 -9.240090E-02
 -9.308941E-02
 -9.259393E-02
 -9.209845E-02
 -9.160297E-02
 -9.110749E-02
 -8.906245E-02
 -8.684407E-02
 -8.462568E-02
 -8.240730E-02
 -8.075499E-02
 -7.926212E-02
 -7.776926E-02
 -7.627639E-02
 -7.769416E-02
 -7.955824E-02
 -8.142233E-02
 -8.414723E-02
 -9.176864E-02
 -9.939005E-02
 -1.070115E-01
 -1.195264E-01
 -1.350678E-01
 -1.506092E-01
 -1.686352E-01
 -1.936312E-01
 -2.186270E-01
 -2.441541E-01
 -2.761898E-01
 -3.082252E-01
 -3.403920E-01
 -3.751932E-01
 -4.099943E-01
 -4.446553E-01
 -4.786387E-01
 -5.126217E-01
 -5.450611E-01
 -5.755217E-01
 -6.059820E-01
 -6.319148E-01
 -6.569987E-01
 -6.796339E-01
 -6.982031E-01
 -7.165384E-01
 -7.280015E-01
 -7.394646E-01
 -7.449424E-01
 -7.489894E-01
 -7.475497E-01
 -7.436740E-01
 -7.343242E-01
 -7.224421E-01
 -7.046421E-01
 -6.851273E-01
 -6.588465E-01
 -6.307769E-01
 -5.978830E-01
 -5.615635E-01
 -5.227474E-01
 -4.791395E-01
 -4.329683E-01
 -3.842105E-01
 -3.321560E-01
 -2.771430E-01
 -2.197556E-01
 -1.599794E-01
 -9.785351E-02
 -3.345246E-02
  9.016284E-02
  1.588112E-01
  2.294114E-01
  3.018452E-01
  3.759951E-01
  4.517472E-01
  5.292065E-01
 -2.590812E-01
  3.895073E-02
  9.799879E-01
  9.799879E-01
  9.799879E-01
  9.799879E-01
  9.799879E-01
  9.799879E-01
  9.799879E-01
  9.799878E-01
  9.799878E-01
  9.799878E-01
  9.799877E-01
  9.799877E-01
  9.799877E-01
  9.799876E-01
  9.799876E-01
  9.799875E-01
  9.799875E-01
  9.799874E-01
  9.799873E-01
  9.799873E-01
  9.799872E-01
  9.799871E-01
  9.799871E-01
  9.799870E-01
  9.799869E-01
  9.799868E-01
  9.799867E-01
  9.799866E-01
  9.799865E-01
  9.799864E-01
  9.799863E-01
  9.799862E-01
  9.799860E-01
  9.799859E-01
  9.799858E-01
  9.799857E-01
  9.799856E-01
  9.799854E-01
  9.799853E-01
  9.799852E-01
  9.799850E-01
  9.799849E-01
  9.799848E-01
  9.799846E-01
  9.799845E-01
  9.799844E-01
  9.799843E-01
  9.799841E-01
  9.799840E-01
  9.799839E-01
  9.799838E-01
  9.799837E-01
  9.799837E-01
  9.799836E-01
  9.799835E-01
  9.799835E-01
  9.799834E-01
  9.799834E-01
  9.799834E-01
  9.799833E-01
  9.799833E-01
  9.799834E-01
  9.799834E-01
  9.799834E-01
  9.799834E-01
  9.799834E-01
  9.799834E-01
  9.799835E-01
  9.799835E-01
  9.799835E-01
  9.799836E-01
  9.799836E-01
  9.799836E-01
  9.799837E-01
  9.799837E-01
  9.799837E-01
  9.799836E-01
  9.799836E-01
  9.799836E-01
  9.799836E-01
  9.799835E-01
  9.799834E-01
  9.799834E-01
  9.799834E-01
  9.799833E-01
  9.799833E-01
  9.799832E-01
  9.799833E-01
  9.799833E-01
  9.799834E-01
  9.799834E-01
  9.799836E-01
  9.799839E-01
  9.799841E-01
  9.799845E-01
  9.799851E-01
  9.799858E-01
  9.799866E-01
  9.799880E-01
  9.799895E-01
  9.799913E-01
  9.799938E-01
  9.799966E-01
  9.799997E-01
  9.800034E-01
  9.800075E-01
  9.800119E-01
  9.800166E-01
  9.800216E-01
  9.800267E-01
  9.800318E-01
  9.800372E-01
  9.800420E-01
  9.800468E-01
  9.800513E-01
  9.800551E-01
  9.800590E-01
  9.800615E-01
  9.800640E-01
  9.800652E-01
  9.800661E-01
  9.800658E-01
  9.800649E-01
  9.800629E-01
  9.800603E-01
  9.800565E-01
  9.800524E-01
  9.800472E-01
  9.800418E-01
  9.800357E-01
  9.800294E-01
  9.800232E-01
  9.800166E-01
  9.800104E-01
  9.800044E-01
  9.799988E-01
  9.799938E-01
  9.799896E-01
  9.799862E-01
  9.799838E-01
  9.799825E-01
  9.799836E-01
  9.799861E-01
  9.799902E-01
  9.799960E-01
  9.800035E-01
  9.800128E-01
  9.800242E-01
  7.134848E-01
  4.028552E-06
 -3.182339E+02
 -3.181596E+02
 -3.180853E+02
 -3.180111E+02
 -3.179368E+02
 -3.178625E+02
 -3.177882E+02
 -3.177139E+02
 -3.176396E+02
 -3.173544E+02
 -3.170639E+02
 -3.167735E+02
 -3.164830E+02
 -3.161925E+02
 -3.159020E+02
 -3.156116E+02
 -3.152204E+02
 -3.146444E+02
 -3.140685E+02
 -3.134926E+02
 -3.129167E+02
 -3.123408E+02
 -3.117649E+02
 -3.111605E+02
 -3.103277E+02
 -3.094948E+02
 -3.086620E+02
 -3.078293E+02
 -3.069965E+02
 -3.061638E+02
 -3.052803E+02
 -3.042279E+02
 -3.031756E+02
 -3.021233E+02
 -3.010712E+02
 -3.000190E+02
 -2.989670E+02
 -2.977601E+02
 -2.964855E+02
 -2.952110E+02
 -2.939366E+02
 -2.926624E+02
 -2.913883E+02
 -2.900181E+02
 -2.885466E+02
 -2.870753E+02
 -2.856042E+02
 -2.841332E+02
 -2.826625E+02
 -2.811341E+02
 -2.795654E+02
 -2.779971E+02
 -2.764290E+02
 -2.748612E+02
 -2.732936E+02
 -2.717417E+02
 -2.701903E+02
 -2.686393E+02
 -2.670887E+02
 -2.655385E+02
 -2.640134E+02
 -2.625014E+02
 -2.609899E+02
 -2.594789E+02
 -2.579683E+02
 -2.564495E+02
 -2.549257E+02
 -2.534024E+02
 -2.518797E+02
 -2.503576E+02
 -2.487466E+02
 -2.471138E+02
 -2.454817E+02
 -2.438503E+02
 -2.421568E+02
 -2.402602E+02
 -2.383643E+02
 -2.364689E+02
 -2.345742E+02
 -2.324080E+02
 -2.302118E+02
 -2.280160E+02
 -2.258206E+02
 -2.235129E+02
 -2.211739E+02
 -2.188353E+02
 -2.164971E+02
 -2.141773E+02
 -2.118609E+02
 -2.095450E+02
 -2.072501E+02
 -2.050723E+02
 -2.028948E+02
 -2.007174E+02
 -1.987735E+02
 -1.969729E+02
 -1.951712E+02
 -1.935145E+02
 -1.922647E+02
 -1.910111E+02
 -1.897827E+02
 -1.889019E+02
 -1.880147E+02
 -1.871244E+02
 -1.862887E+02
 -1.854458E+02
 -1.845661E+02
 -1.835345E+02
 -1.824968E+02
 -1.812788E+02
 -1.798323E+02
 -1.783819E+02
 -1.764270E+02
 -1.743764E+02
 -1.720513E+02
 -1.692730E+02
 -1.664685E+02
 -1.628821E+02
 -1.592981E+02
 -1.550024E+02
 -1.505401E+02
 -1.454457E+02
 -1.400740E+02
 -1.340850E+02
 -1.278131E+02
 -1.208480E+02
 -1.136841E+02
 -1.056556E+02
 -9.737219E+01
 -8.838649E+01
 -7.881025E+01
 -6.878799E+01
 -5.775059E+01
 -4.601873E+01
 -3.352964E+01
 -1.989299E+01
 -4.907553E+00
  1.145565E+01
  2.957441E+01
  5.006016E+01
  7.399713E+01
  1.033083E+02
  1.410851E+02
  1.924068E+02
  2.619906E+02
  3.333241E+02
  3.843211E+02
  4.928010E+02
  9.423828E+01
  3.967983E-04
  1.107813E+04
  1.107622E+04
  1.107430E+04
  1.107239E+04
  1.107048E+04
  1.106857E+04
  1.106666E+04
  1.106474E+04
  1.106283E+04
  1.105726E+04
  1.105159E+04
  1.104592E+04
  1.104025E+04
  1.103459E+04
  1.102892E+04
  1.102325E+04
  1.101640E+04
  1.100739E+04
  1.099837E+04
  1.098935E+04
  1.098033E+04
  1.097132E+04
  1.096230E+04
  1.095292E+04
  1.094060E+04
  1.092828E+04
  1.091596E+04
  1.090364E+04
  1.089132E+04
  1.087901E+04
  1.086588E+04
  1.085007E+04
  1.083426E+04
  1.081845E+04
  1.080264E+04
  1.078683E+04
  1.077102E+04
  1.075278E+04
  1.073347E+04
  1.071417E+04
  1.069487E+04
  1.067557E+04
  1.065627E+04
  1.063536E+04
  1.061274E+04
  1.059013E+04
  1.056753E+04
  1.054492E+04
  1.052231E+04
  1.049782E+04
  1.047201E+04
  1.044620E+04
  1.042040E+04
  1.039459E+04
  1.036879E+04
  1.033987E+04
  1.031091E+04
  1.028195E+04
  1.025299E+04
  1.022403E+04
  1.019308E+04
  1.016110E+04
  1.012912E+04
  1.009715E+04
  1.006518E+04
  1.003138E+04
  9.996368E+03
  9.961363E+03
  9.926362E+03
  9.891364E+03
  9.853683E+03
  9.815332E+03
  9.776983E+03
  9.738636E+03
  9.699428E+03
  9.657412E+03
  9.615398E+03
  9.573386E+03
  9.531376E+03
  9.485935E+03
  9.440111E+03
  9.394289E+03
  9.348468E+03
  9.299676E+03
  9.250048E+03
  9.200421E+03
  9.150795E+03
  9.098170E+03
  9.045087E+03
  8.992005E+03
  8.938487E+03
  8.882481E+03
  8.826479E+03
  8.770481E+03
  8.712821E+03
  8.654139E+03
  8.595468E+03
  8.536108E+03
  8.474805E+03
  8.413528E+03
  8.352093E+03
  8.288441E+03
  8.224832E+03
  8.161139E+03
  8.094956E+03
  8.028825E+03
  7.962165E+03
  7.892738E+03
  7.823364E+03
  7.752290E+03
  7.679017E+03
  7.605791E+03
  7.529002E+03
  7.451575E+03
  7.372554E+03
  7.290854E+03
  7.209042E+03
  7.123118E+03
  7.037216E+03
  6.947963E+03
  6.857921E+03
  6.765048E+03
  6.670925E+03
  6.574003E+03
  6.475792E+03
  6.374473E+03
  6.272262E+03
  6.166440E+03
  6.059666E+03
  5.950302E+03
  5.839075E+03
  5.726484E+03
  5.611167E+03
  5.494244E+03
  5.375625E+03
  5.254582E+03
  5.130949E+03
  5.005063E+03
  4.877124E+03
  4.748458E+03
  4.623442E+03
  4.512568E+03
  4.433780E+03
  4.422778E+03
  4.517362E+03
  4.485035E+03
  4.048363E+03
  4.559084E+03
  1.350311E+03
 -7.312728E-05
  7.409997E+00
  7.775512E+00
  8.141026E+00
  8.506537E+00
  8.872048E+00
  9.237557E+00
  9.603064E+00
  9.968569E+00
  1.033407E+01
  1.120939E+01
  1.209734E+01
  1.298528E+01
  1.387322E+01
  1.476115E+01
  1.564907E+01
  1.653699E+01
  1.753065E+01
  1.871824E+01
  1.990581E+01
  2.109338E+01
  2.228094E+01
  2.346848E+01
  2.465602E+01
  2.589194E+01
  2.751538E+01
  2.913879E+01
  3.076218E+01
  3.238555E+01
  3.400890E+01
  3.563223E+01
  3.740134E+01
  3.965496E+01
  4.190854E+01
  4.416208E+01
  4.641558E+01
  4.866903E+01
  5.092245E+01
  5.375417E+01
  5.683897E+01
  5.992367E+01
  6.300830E+01
  6.609284E+01
  6.917729E+01
  7.260698E+01
  7.640088E+01
  8.019461E+01
  8.398818E+01
  8.778160E+01
  9.157485E+01
  9.524189E+01
  9.882042E+01
  1.023987E+02
  1.059768E+02
  1.095546E+02
  1.131322E+02
  1.155561E+02
  1.179616E+02
  1.203668E+02
  1.227718E+02
  1.251766E+02
  1.264606E+02
  1.271699E+02
  1.278790E+02
  1.285880E+02
  1.292969E+02
  1.285365E+02
  1.268125E+02
  1.250884E+02
  1.233643E+02
  1.216403E+02
  1.174474E+02
  1.126354E+02
  1.078236E+02
  1.030119E+02
  9.776818E+01
  9.112039E+01
  8.447265E+01
  7.782494E+01
  7.117728E+01
  6.753328E+01
  6.422522E+01
  6.091708E+01
  5.760887E+01
  6.025325E+01
  6.457427E+01
  6.889537E+01
  7.321654E+01
  8.429640E+01
  9.641241E+01
  1.085282E+02
  1.217037E+02
  1.409070E+02
  1.601087E+02
  1.793087E+02
  2.019649E+02
  2.267557E+02
  2.515419E+02
  2.761654E+02
  3.003387E+02
  3.245049E+02
  3.480149E+02
  3.635636E+02
  3.791067E+02
  3.941502E+02
  3.992809E+02
  4.044100E+02
  4.081195E+02
  4.049523E+02
  4.017869E+02
  3.960320E+02
  3.869587E+02
  3.778892E+02
  3.656227E+02
  3.527608E+02
  3.390848E+02
  3.240541E+02
  3.089823E+02
  2.925722E+02
  2.761662E+02
  2.576117E+02
  2.385470E+02
  2.169209E+02
  1.941600E+02
  1.699406E+02
  1.450479E+02
  1.199097E+02
  9.470105E+01
  7.029180E+01
  4.627056E+01
  2.337887E+01
  1.589243E+00
 -1.938149E+01
 -3.847379E+01
 -5.640780E+01
 -7.313381E+01
 -8.817556E+01
 -1.015119E+02
 -1.133203E+02
 -1.233908E+02
 -1.314194E+02
 -1.369065E+02
 -1.390051E+02
 -1.364464E+02
 -1.282710E+02
 -1.151518E+02
 -9.737324E+01
 -8.390735E+01
  7.685450E+02
  4.404737E+03
  2.681159E-02
