 Title= "ADflow Lift Distribution Data"
Variables = "eta" "CoordinateX" "CoordinateY" "CoordinateZ" "Lift" "Drag" "Moment" "Normalized Lift" "Normalized Drag" "Normalized Moment" "CL" "CD" "CM" "CLp" "CDp" "CMp" "CLv" "CDv" "CMv" "Elliptical" "thickness" "twist" "chord" "fx" "fy" "fz" 
Zone T= "LiftDist_01 allWalls: : z normal"
 I=          150
 DATAPACKING=BLOCK
  0.000000E+00
  6.711405E-03
  1.342281E-02
  2.013422E-02
  2.684563E-02
  3.355704E-02
  4.026845E-02
  4.697986E-02
  5.369127E-02
  6.040268E-02
  6.711409E-02
  7.382550E-02
  8.053691E-02
  8.724832E-02
  9.395973E-02
  1.006711E-01
  1.073825E-01
  1.140940E-01
  1.208054E-01
  1.275168E-01
  1.342282E-01
  1.409396E-01
  1.476510E-01
  1.543624E-01
  1.610738E-01
  1.677852E-01
  1.744966E-01
  1.812081E-01
  1.879195E-01
  1.946309E-01
  2.013423E-01
  2.080537E-01
  2.147651E-01
  2.214765E-01
  2.281879E-01
  2.348993E-01
  2.416107E-01
  2.483221E-01
  2.550336E-01
  2.617450E-01
  2.684564E-01
  2.751678E-01
  2.818792E-01
  2.885906E-01
  2.953020E-01
  3.020134E-01
  3.087248E-01
  3.154362E-01
  3.221476E-01
  3.288591E-01
  3.355705E-01
  3.422819E-01
  3.489933E-01
  3.557047E-01
  3.624161E-01
  3.691275E-01
  3.758389E-01
  3.825503E-01
  3.892617E-01
  3.959732E-01
  4.026846E-01
  4.093960E-01
  4.161074E-01
  4.228188E-01
  4.295302E-01
  4.362416E-01
  4.429530E-01
  4.496644E-01
  4.563758E-01
  4.630872E-01
  4.697987E-01
  4.765101E-01
  4.832215E-01
  4.899329E-01
  4.966443E-01
  5.033557E-01
  5.100671E-01
  5.167785E-01
  5.234899E-01
  5.302013E-01
  5.369128E-01
  5.436242E-01
  5.503356E-01
  5.570470E-01
  5.637584E-01
  5.704698E-01
  5.771812E-01
  5.838926E-01
  5.906040E-01
  5.973154E-01
  6.040268E-01
  6.107383E-01
  6.174497E-01
  6.241611E-01
  6.308725E-01
  6.375839E-01
  6.442953E-01
  6.510067E-01
  6.577181E-01
  6.644295E-01
  6.711409E-01
  6.778524E-01
  6.845638E-01
  6.912752E-01
  6.979866E-01
  7.046980E-01
  7.114094E-01
  7.181208E-01
  7.248322E-01
  7.315436E-01
  7.382550E-01
  7.449664E-01
  7.516779E-01
  7.583893E-01
  7.651007E-01
  7.718121E-01
  7.785235E-01
  7.852349E-01
  7.919463E-01
  7.986577E-01
  8.053691E-01
  8.120805E-01
  8.187919E-01
  8.255034E-01
  8.322148E-01
  8.389262E-01
  8.456376E-01
  8.523490E-01
  8.590604E-01
  8.657718E-01
  8.724832E-01
  8.791946E-01
  8.859060E-01
  8.926175E-01
  8.993289E-01
  9.060403E-01
  9.127517E-01
  9.194631E-01
  9.261745E-01
  9.328859E-01
  9.395973E-01
  9.463087E-01
  9.530201E-01
  9.597315E-01
  9.664430E-01
  9.731544E-01
  9.798658E-01
  9.865772E-01
  9.932886E-01
  1.000000E+00
  0.000000E+00
  0.000000E+00
  0.000000E+00
  0.000000E+00
  0.000000E+00
  0.000000E+00
  0.000000E+00
  0.000000E+00
  0.000000E+00
  0.000000E+00
  0.000000E+00
  0.000000E+00
  0.000000E+00
  0.000000E+00
  0.000000E+00
  0.000000E+00
  0.000000E+00
  0.000000E+00
  0.000000E+00
  0.000000E+00
  0.000000E+00
  0.000000E+00
  0.000000E+00
  0.000000E+00
  0.000000E+00
  0.000000E+00
  0.000000E+00
  0.000000E+00
  0.000000E+00
  0.000000E+00
  0.000000E+00
  0.000000E+00
  0.000000E+00
  0.000000E+00
  0.000000E+00
  0.000000E+00
  0.000000E+00
  0.000000E+00
  0.000000E+00
  0.000000E+00
  0.000000E+00
  0.000000E+00
  0.000000E+00
  0.000000E+00
  0.000000E+00
  0.000000E+00
  0.000000E+00
  0.000000E+00
  0.000000E+00
  0.000000E+00
  0.000000E+00
  0.000000E+00
  0.000000E+00
  0.000000E+00
  0.000000E+00
  0.000000E+00
  0.000000E+00
  0.000000E+00
  0.000000E+00
  0.000000E+00
  0.000000E+00
  0.000000E+00
  0.000000E+00
  0.000000E+00
  0.000000E+00
  0.000000E+00
  0.000000E+00
  0.000000E+00
  0.000000E+00
  0.000000E+00
  0.000000E+00
  0.000000E+00
  0.000000E+00
  0.000000E+00
  0.000000E+00
  0.000000E+00
  0.000000E+00
  0.000000E+00
  0.000000E+00
  0.000000E+00
  0.000000E+00
  0.000000E+00
  0.000000E+00
  0.000000E+00
  0.000000E+00
  0.000000E+00
  0.000000E+00
  0.000000E+00
  0.000000E+00
  0.000000E+00
  0.000000E+00
  0.000000E+00
  0.000000E+00
  0.000000E+00
  0.000000E+00
  0.000000E+00
  0.000000E+00
  0.000000E+00
  0.000000E+00
  0.000000E+00
  0.000000E+00
  0.000000E+00
  0.000000E+00
  0.000000E+00
  0.000000E+00
  0.000000E+00
  0.000000E+00
  0.000000E+00
  0.000000E+00
  0.000000E+00
  0.000000E+00
  0.000000E+00
  0.000000E+00
  0.000000E+00
  0.000000E+00
  0.000000E+00
  0.000000E+00
  0.000000E+00
  0.000000E+00
  0.000000E+00
  0.000000E+00
  0.000000E+00
  0.000000E+00
  0.000000E+00
  0.000000E+00
  0.000000E+00
  0.000000E+00
  0.000000E+00
  0.000000E+00
  0.000000E+00
  0.000000E+00
  0.000000E+00
  0.000000E+00
  0.000000E+00
  0.000000E+00
  0.000000E+00
  0.000000E+00
  0.000000E+00
  0.000000E+00
  0.000000E+00
  0.000000E+00
  0.000000E+00
  0.000000E+00
  0.000000E+00
  0.000000E+00
  0.000000E+00
  0.000000E+00
  0.000000E+00
  0.000000E+00
  0.000000E+00
  0.000000E+00
  0.000000E+00
  0.000000E+00
  0.000000E+00
  0.000000E+00
  0.000000E+00
  0.000000E+00
  0.000000E+00
  0.000000E+00
  0.000000E+00
  0.000000E+00
  0.000000E+00
  0.000000E+00
  0.000000E+00
  0.000000E+00
  0.000000E+00
  0.000000E+00
  0.000000E+00
  0.000000E+00
  0.000000E+00
  0.000000E+00
  0.000000E+00
  0.000000E+00
  0.000000E+00
  0.000000E+00
  0.000000E+00
  0.000000E+00
  0.000000E+00
  0.000000E+00
  0.000000E+00
  0.000000E+00
  0.000000E+00
  0.000000E+00
  0.000000E+00
  0.000000E+00
  0.000000E+00
  0.000000E+00
  0.000000E+00
  0.000000E+00
  0.000000E+00
  0.000000E+00
  0.000000E+00
  0.000000E+00
  0.000000E+00
  0.000000E+00
  0.000000E+00
  0.000000E+00
  0.000000E+00
  0.000000E+00
  0.000000E+00
  0.000000E+00
  0.000000E+00
  0.000000E+00
  0.000000E+00
  0.000000E+00
  0.000000E+00
  0.000000E+00
  0.000000E+00
  0.000000E+00
  0.000000E+00
  0.000000E+00
  0.000000E+00
  0.000000E+00
  0.000000E+00
  0.000000E+00
  0.000000E+00
  0.000000E+00
  0.000000E+00
  0.000000E+00
  0.000000E+00
  0.000000E+00
  0.000000E+00
  0.000000E+00
  0.000000E+00
  0.000000E+00
  0.000000E+00
  0.000000E+00
  0.000000E+00
  0.000000E+00
  0.000000E+00
  0.000000E+00
  0.000000E+00
  0.000000E+00
  0.000000E+00
  0.000000E+00
  0.000000E+00
  0.000000E+00
  0.000000E+00
  0.000000E+00
  0.000000E+00
  0.000000E+00
  0.000000E+00
  0.000000E+00
  0.000000E+00
  0.000000E+00
  0.000000E+00
  0.000000E+00
  0.000000E+00
  0.000000E+00
  0.000000E+00
  0.000000E+00
  0.000000E+00
  0.000000E+00
  0.000000E+00
  0.000000E+00
  0.000000E+00
  0.000000E+00
  0.000000E+00
  0.000000E+00
  0.000000E+00
  0.000000E+00
  0.000000E+00
  0.000000E+00
  0.000000E+00
  0.000000E+00
  0.000000E+00
  0.000000E+00
  0.000000E+00
  0.000000E+00
  0.000000E+00
  0.000000E+00
  0.000000E+00
  0.000000E+00
  0.000000E+00
  0.000000E+00
  0.000000E+00
  0.000000E+00
  0.000000E+00
  0.000000E+00
  0.000000E+00
  0.000000E+00
  0.000000E+00
  0.000000E+00
  0.000000E+00
  0.000000E+00
  0.000000E+00
  0.000000E+00
  0.000000E+00
  0.000000E+00
  0.000000E+00
  0.000000E+00
  0.000000E+00
  0.000000E+00
  0.000000E+00
  0.000000E+00
  0.000000E+00
  0.000000E+00
  0.000000E+00
  0.000000E+00
  0.000000E+00
  1.000000E-08
  1.695085E-02
  3.390169E-02
  5.085254E-02
  6.780338E-02
  8.475423E-02
  1.017051E-01
  1.186559E-01
  1.356068E-01
  1.525576E-01
  1.695085E-01
  1.864593E-01
  2.034101E-01
  2.203610E-01
  2.373118E-01
  2.542627E-01
  2.712135E-01
  2.881644E-01
  3.051152E-01
  3.220661E-01
  3.390169E-01
  3.559678E-01
  3.729186E-01
  3.898694E-01
  4.068203E-01
  4.237711E-01
  4.407220E-01
  4.576728E-01
  4.746237E-01
  4.915745E-01
  5.085254E-01
  5.254762E-01
  5.424271E-01
  5.593779E-01
  5.763287E-01
  5.932796E-01
  6.102304E-01
  6.271813E-01
  6.441321E-01
  6.610830E-01
  6.780338E-01
  6.949847E-01
  7.119355E-01
  7.288864E-01
  7.458372E-01
  7.627880E-01
  7.797389E-01
  7.966897E-01
  8.136406E-01
  8.305914E-01
  8.475423E-01
  8.644931E-01
  8.814440E-01
  8.983948E-01
  9.153457E-01
  9.322965E-01
  9.492473E-01
  9.661982E-01
  9.831490E-01
  1.000100E+00
  1.017051E+00
  1.034002E+00
  1.050952E+00
  1.067903E+00
  1.084854E+00
  1.101805E+00
  1.118756E+00
  1.135707E+00
  1.152657E+00
  1.169608E+00
  1.186559E+00
  1.203510E+00
  1.220461E+00
  1.237412E+00
  1.254363E+00
  1.271313E+00
  1.288264E+00
  1.305215E+00
  1.322166E+00
  1.339117E+00
  1.356068E+00
  1.373018E+00
  1.389969E+00
  1.406920E+00
  1.423871E+00
  1.440822E+00
  1.457773E+00
  1.474724E+00
  1.491674E+00
  1.508625E+00
  1.525576E+00
  1.542527E+00
  1.559478E+00
  1.576429E+00
  1.593379E+00
  1.610330E+00
  1.627281E+00
  1.644232E+00
  1.661183E+00
  1.678134E+00
  1.695085E+00
  1.712035E+00
  1.728986E+00
  1.745937E+00
  1.762888E+00
  1.779839E+00
  1.796790E+00
  1.813740E+00
  1.830691E+00
  1.847642E+00
  1.864593E+00
  1.881544E+00
  1.898495E+00
  1.915446E+00
  1.932396E+00
  1.949347E+00
  1.966298E+00
  1.983249E+00
  2.000200E+00
  2.017151E+00
  2.034101E+00
  2.051052E+00
  2.068003E+00
  2.084954E+00
  2.101905E+00
  2.118856E+00
  2.135807E+00
  2.152757E+00
  2.169708E+00
  2.186659E+00
  2.203610E+00
  2.220561E+00
  2.237512E+00
  2.254462E+00
  2.271413E+00
  2.288364E+00
  2.305315E+00
  2.322266E+00
  2.339217E+00
  2.356168E+00
  2.373118E+00
  2.390069E+00
  2.407020E+00
  2.423971E+00
  2.440922E+00
  2.457873E+00
  2.474823E+00
  2.491774E+00
  2.508725E+00
  2.525676E+00
  1.106789E+04
  1.106599E+04
  1.106409E+04
  1.106219E+04
  1.106029E+04
  1.105839E+04
  1.105649E+04
  1.105459E+04
  1.105269E+04
  1.104692E+04
  1.104105E+04
  1.103518E+04
  1.102932E+04
  1.102345E+04
  1.101758E+04
  1.101172E+04
  1.100459E+04
  1.099516E+04
  1.098573E+04
  1.097629E+04
  1.096686E+04
  1.095743E+04
  1.094800E+04
  1.093822E+04
  1.092566E+04
  1.091310E+04
  1.090054E+04
  1.088798E+04
  1.087543E+04
  1.086287E+04
  1.084956E+04
  1.083376E+04
  1.081795E+04
  1.080215E+04
  1.078634E+04
  1.077054E+04
  1.075474E+04
  1.073663E+04
  1.071751E+04
  1.069839E+04
  1.067927E+04
  1.066016E+04
  1.064104E+04
  1.062036E+04
  1.059804E+04
  1.057571E+04
  1.055338E+04
  1.053106E+04
  1.050874E+04
  1.048456E+04
  1.045908E+04
  1.043360E+04
  1.040812E+04
  1.038264E+04
  1.035717E+04
  1.032859E+04
  1.029997E+04
  1.027135E+04
  1.024273E+04
  1.021412E+04
  1.018345E+04
  1.015173E+04
  1.012001E+04
  1.008830E+04
  1.005659E+04
  1.002294E+04
  9.988028E+03
  9.953119E+03
  9.918213E+03
  9.883311E+03
  9.845601E+03
  9.807187E+03
  9.768777E+03
  9.730370E+03
  9.691071E+03
  9.648865E+03
  9.606662E+03
  9.564460E+03
  9.522260E+03
  9.476534E+03
  9.430415E+03
  9.384297E+03
  9.338180E+03
  9.289033E+03
  9.239034E+03
  9.189037E+03
  9.139040E+03
  9.086021E+03
  9.032540E+03
  8.979060E+03
  8.925147E+03
  8.868764E+03
  8.812384E+03
  8.756008E+03
  8.698002E+03
  8.638994E+03
  8.579997E+03
  8.520334E+03
  8.458792E+03
  8.397275E+03
  8.335609E+03
  8.271860E+03
  8.208150E+03
  8.144360E+03
  8.078231E+03
  8.012150E+03
  7.945551E+03
  7.876269E+03
  7.807036E+03
  7.736109E+03
  7.662995E+03
  7.589925E+03
  7.513259E+03
  7.435947E+03
  7.357007E+03
  7.275332E+03
  7.193541E+03
  7.107522E+03
  7.021524E+03
  6.932065E+03
  6.841791E+03
  6.748591E+03
  6.654098E+03
  6.556746E+03
  6.458076E+03
  6.356283E+03
  6.253594E+03
  6.147309E+03
  6.040077E+03
  5.930270E+03
  5.818603E+03
  5.705574E+03
  5.589811E+03
  5.472425E+03
  5.353320E+03
  5.231750E+03
  5.107524E+03
  4.980964E+03
  4.852235E+03
  4.722596E+03
  4.596306E+03
  4.483651E+03
  4.402260E+03
  4.387287E+03
  4.475939E+03
  4.437913E+03
  3.998426E+03
  4.497045E+03
  1.339657E+03
 -1.089149E-04
  6.302734E+02
  6.302364E+02
  6.301994E+02
  6.301624E+02
  6.301255E+02
  6.300886E+02
  6.300517E+02
  6.300148E+02
  6.299780E+02
  6.298655E+02
  6.297512E+02
  6.296369E+02
  6.295226E+02
  6.294084E+02
  6.292942E+02
  6.291800E+02
  6.290502E+02
  6.288916E+02
  6.287331E+02
  6.285746E+02
  6.284161E+02
  6.282576E+02
  6.280991E+02
  6.279357E+02
  6.277329E+02
  6.275300E+02
  6.273272E+02
  6.271243E+02
  6.269215E+02
  6.267186E+02
  6.264919E+02
  6.261859E+02
  6.258799E+02
  6.255738E+02
  6.252678E+02
  6.249617E+02
  6.246556E+02
  6.242699E+02
  6.238494E+02
  6.234288E+02
  6.230082E+02
  6.225875E+02
  6.221668E+02
  6.216816E+02
  6.211284E+02
  6.205750E+02
  6.200216E+02
  6.194680E+02
  6.189144E+02
  6.182400E+02
  6.174808E+02
  6.167215E+02
  6.159621E+02
  6.152026E+02
  6.144429E+02
  6.134125E+02
  6.123777E+02
  6.113427E+02
  6.103077E+02
  6.092725E+02
  6.080630E+02
  6.067641E+02
  6.054650E+02
  6.041658E+02
  6.028665E+02
  6.014397E+02
  5.999291E+02
  5.984183E+02
  5.969073E+02
  5.953960E+02
  5.937792E+02
  5.921356E+02
  5.904917E+02
  5.888474E+02
  5.872027E+02
  5.855573E+02
  5.839115E+02
  5.822653E+02
  5.806186E+02
  5.789729E+02
  5.773270E+02
  5.756809E+02
  5.740346E+02
  5.722311E+02
  5.703831E+02
  5.685349E+02
  5.666865E+02
  5.645023E+02
  5.622664E+02
  5.600302E+02
  5.577185E+02
  5.549787E+02
  5.522393E+02
  5.495002E+02
  5.462928E+02
  5.427977E+02
  5.393052E+02
  5.355712E+02
  5.311584E+02
  5.267525E+02
  5.223034E+02
  5.172502E+02
  5.122081E+02
  5.071645E+02
  5.018840E+02
  4.966161E+02
  4.913599E+02
  4.861136E+02
  4.808784E+02
  4.757474E+02
  4.707450E+02
  4.657506E+02
  4.610985E+02
  4.565139E+02
  4.521276E+02
  4.480654E+02
  4.440237E+02
  4.405478E+02
  4.370704E+02
  4.341005E+02
  4.312493E+02
  4.288232E+02
  4.265835E+02
  4.247258E+02
  4.230435E+02
  4.217718E+02
  4.206194E+02
  4.199854E+02
  4.195135E+02
  4.194857E+02
  4.198572E+02
  4.205356E+02
  4.219426E+02
  4.238769E+02
  4.263928E+02
  4.298068E+02
  4.343086E+02
  4.399633E+02
  4.471643E+02
  4.566348E+02
  4.698311E+02
  4.895684E+02
  5.204630E+02
  5.706425E+02
  6.480623E+02
  7.163155E+02
  7.295238E+02
  8.815355E+02
  2.106834E+02
  3.891004E-04
  1.814485E+03
  1.813753E+03
  1.813021E+03
  1.812289E+03
  1.811558E+03
  1.810826E+03
  1.810094E+03
  1.809362E+03
  1.808631E+03
  1.806812E+03
  1.804966E+03
  1.803120E+03
  1.801274E+03
  1.799428E+03
  1.797583E+03
  1.795737E+03
  1.793691E+03
  1.791279E+03
  1.788867E+03
  1.786455E+03
  1.784043E+03
  1.781631E+03
  1.779219E+03
  1.776747E+03
  1.773788E+03
  1.770829E+03
  1.767870E+03
  1.764911E+03
  1.761952E+03
  1.758994E+03
  1.755893E+03
  1.752318E+03
  1.748744E+03
  1.745170E+03
  1.741596E+03
  1.738022E+03
  1.734448E+03
  1.730462E+03
  1.726297E+03
  1.722131E+03
  1.717965E+03
  1.713800E+03
  1.709635E+03
  1.705216E+03
  1.700531E+03
  1.695846E+03
  1.691161E+03
  1.686476E+03
  1.681792E+03
  1.676848E+03
  1.671723E+03
  1.666599E+03
  1.661475E+03
  1.656352E+03
  1.651229E+03
  1.645782E+03
  1.640332E+03
  1.634882E+03
  1.629433E+03
  1.623984E+03
  1.618378E+03
  1.612692E+03
  1.607006E+03
  1.601322E+03
  1.595638E+03
  1.589779E+03
  1.583805E+03
  1.577833E+03
  1.571860E+03
  1.565889E+03
  1.559648E+03
  1.553339E+03
  1.547032E+03
  1.540724E+03
  1.534385E+03
  1.527939E+03
  1.521493E+03
  1.515048E+03
  1.508603E+03
  1.502136E+03
  1.495667E+03
  1.489198E+03
  1.482730E+03
  1.476087E+03
  1.469396E+03
  1.462705E+03
  1.456014E+03
  1.449175E+03
  1.442314E+03
  1.435454E+03
  1.428619E+03
  1.421932E+03
  1.415245E+03
  1.408561E+03
  1.401926E+03
  1.395325E+03
  1.388728E+03
  1.382033E+03
  1.375058E+03
  1.368094E+03
  1.361104E+03
  1.353683E+03
  1.346279E+03
  1.338868E+03
  1.330977E+03
  1.323108E+03
  1.315089E+03
  1.306259E+03
  1.297451E+03
  1.288011E+03
  1.277753E+03
  1.267516E+03
  1.255857E+03
  1.243943E+03
  1.231380E+03
  1.217724E+03
  1.204022E+03
  1.188641E+03
  1.173267E+03
  1.156617E+03
  1.139664E+03
  1.121812E+03
  1.103562E+03
  1.084643E+03
  1.065415E+03
  1.045700E+03
  1.025845E+03
  1.005767E+03
  9.857318E+02
  9.658514E+02
  9.463565E+02
  9.271687E+02
  9.089533E+02
  8.915059E+02
  8.749002E+02
  8.595995E+02
  8.458096E+02
  8.335921E+02
  8.235830E+02
  8.171828E+02
  8.176494E+02
  8.320414E+02
  8.722268E+02
  9.566517E+02
  1.099758E+03
  1.209125E+03
  1.141305E+03
  1.294219E+03
  2.071917E+02
 -7.835452E-11
  1.245460E+00
  1.245246E+00
  1.245032E+00
  1.244818E+00
  1.244604E+00
  1.244390E+00
  1.244176E+00
  1.243962E+00
  1.243748E+00
  1.243099E+00
  1.242439E+00
  1.241779E+00
  1.241118E+00
  1.240458E+00
  1.239798E+00
  1.239138E+00
  1.238336E+00
  1.237275E+00
  1.236213E+00
  1.235152E+00
  1.234090E+00
  1.233029E+00
  1.231968E+00
  1.230867E+00
  1.229454E+00
  1.228041E+00
  1.226627E+00
  1.225214E+00
  1.223801E+00
  1.222388E+00
  1.220891E+00
  1.219112E+00
  1.217334E+00
  1.215555E+00
  1.213777E+00
  1.211998E+00
  1.210220E+00
  1.208182E+00
  1.206031E+00
  1.203880E+00
  1.201728E+00
  1.199577E+00
  1.197426E+00
  1.195099E+00
  1.192587E+00
  1.190074E+00
  1.187562E+00
  1.185050E+00
  1.182538E+00
  1.179817E+00
  1.176950E+00
  1.174083E+00
  1.171216E+00
  1.168349E+00
  1.165483E+00
  1.162267E+00
  1.159046E+00
  1.155825E+00
  1.152605E+00
  1.149385E+00
  1.145934E+00
  1.142364E+00
  1.138795E+00
  1.135226E+00
  1.131658E+00
  1.127872E+00
  1.123943E+00
  1.120015E+00
  1.116087E+00
  1.112160E+00
  1.107916E+00
  1.103593E+00
  1.099271E+00
  1.094949E+00
  1.090527E+00
  1.085778E+00
  1.081028E+00
  1.076280E+00
  1.071531E+00
  1.066385E+00
  1.061196E+00
  1.056006E+00
  1.050816E+00
  1.045286E+00
  1.039660E+00
  1.034034E+00
  1.028407E+00
  1.022441E+00
  1.016423E+00
  1.010405E+00
  1.004338E+00
  9.979935E-01
  9.916491E-01
  9.853052E-01
  9.787779E-01
  9.721378E-01
  9.654989E-01
  9.587850E-01
  9.518598E-01
  9.449374E-01
  9.379981E-01
  9.308245E-01
  9.236553E-01
  9.164770E-01
  9.090356E-01
  9.015995E-01
  8.941053E-01
  8.863091E-01
  8.785183E-01
  8.705369E-01
  8.623095E-01
  8.540870E-01
  8.454598E-01
  8.367600E-01
  8.278769E-01
  8.186862E-01
  8.094823E-01
  7.998026E-01
  7.901253E-01
  7.800587E-01
  7.699003E-01
  7.594125E-01
  7.487793E-01
  7.378243E-01
  7.267211E-01
  7.152665E-01
  7.037109E-01
  6.917508E-01
  6.796841E-01
  6.673276E-01
  6.547618E-01
  6.420428E-01
  6.290161E-01
  6.158067E-01
  6.024040E-01
  5.887239E-01
  5.747448E-01
  5.605031E-01
  5.460173E-01
  5.314292E-01
  5.172179E-01
  5.045410E-01
  4.953821E-01
  4.936973E-01
  5.036732E-01
  4.993941E-01
  4.499390E-01
  5.060482E-01
  1.507503E-01
 -1.225609E-08
  1.125293E+00
  1.125227E+00
  1.125161E+00
  1.125095E+00
  1.125029E+00
  1.124963E+00
  1.124897E+00
  1.124832E+00
  1.124766E+00
  1.124565E+00
  1.124361E+00
  1.124157E+00
  1.123953E+00
  1.123749E+00
  1.123545E+00
  1.123341E+00
  1.123109E+00
  1.122826E+00
  1.122543E+00
  1.122260E+00
  1.121977E+00
  1.121694E+00
  1.121411E+00
  1.121120E+00
  1.120757E+00
  1.120395E+00
  1.120033E+00
  1.119671E+00
  1.119309E+00
  1.118946E+00
  1.118542E+00
  1.117995E+00
  1.117449E+00
  1.116903E+00
  1.116356E+00
  1.115810E+00
  1.115263E+00
  1.114575E+00
  1.113824E+00
  1.113073E+00
  1.112322E+00
  1.111571E+00
  1.110820E+00
  1.109953E+00
  1.108966E+00
  1.107978E+00
  1.106989E+00
  1.106001E+00
  1.105013E+00
  1.103809E+00
  1.102453E+00
  1.101098E+00
  1.099742E+00
  1.098386E+00
  1.097029E+00
  1.095190E+00
  1.093342E+00
  1.091494E+00
  1.089646E+00
  1.087798E+00
  1.085639E+00
  1.083320E+00
  1.081000E+00
  1.078681E+00
  1.076361E+00
  1.073813E+00
  1.071116E+00
  1.068419E+00
  1.065721E+00
  1.063023E+00
  1.060136E+00
  1.057202E+00
  1.054267E+00
  1.051331E+00
  1.048395E+00
  1.045457E+00
  1.042518E+00
  1.039579E+00
  1.036639E+00
  1.033701E+00
  1.030762E+00
  1.027824E+00
  1.024884E+00
  1.021664E+00
  1.018365E+00
  1.015065E+00
  1.011765E+00
  1.007865E+00
  1.003873E+00
  9.998806E-01
  9.957532E-01
  9.908616E-01
  9.859706E-01
  9.810803E-01
  9.753538E-01
  9.691136E-01
  9.628780E-01
  9.562114E-01
  9.483328E-01
  9.404665E-01
  9.325230E-01
  9.235010E-01
  9.144988E-01
  9.054940E-01
  8.960662E-01
  8.866607E-01
  8.772763E-01
  8.679096E-01
  8.585627E-01
  8.494017E-01
  8.404704E-01
  8.315534E-01
  8.232474E-01
  8.150621E-01
  8.072307E-01
  7.999781E-01
  7.927620E-01
  7.865561E-01
  7.803476E-01
  7.750452E-01
  7.699546E-01
  7.656229E-01
  7.616243E-01
  7.583075E-01
  7.553039E-01
  7.530334E-01
  7.509759E-01
  7.498439E-01
  7.490014E-01
  7.489518E-01
  7.496151E-01
  7.508263E-01
  7.533383E-01
  7.567918E-01
  7.612837E-01
  7.673791E-01
  7.754167E-01
  7.855126E-01
  7.983693E-01
  8.152781E-01
  8.388387E-01
  8.740778E-01
  9.292372E-01
  1.018828E+00
  1.157054E+00
  1.278913E+00
  1.302495E+00
  1.573898E+00
  3.761552E-01
  6.947018E-07
  1.247033E+00
  1.246530E+00
  1.246027E+00
  1.245524E+00
  1.245021E+00
  1.244518E+00
  1.244016E+00
  1.243513E+00
  1.243010E+00
  1.241760E+00
  1.240491E+00
  1.239222E+00
  1.237954E+00
  1.236685E+00
  1.235417E+00
  1.234148E+00
  1.232743E+00
  1.231085E+00
  1.229427E+00
  1.227769E+00
  1.226112E+00
  1.224454E+00
  1.222796E+00
  1.221097E+00
  1.219063E+00
  1.217030E+00
  1.214996E+00
  1.212963E+00
  1.210929E+00
  1.208896E+00
  1.206765E+00
  1.204308E+00
  1.201852E+00
  1.199395E+00
  1.196939E+00
  1.194483E+00
  1.192027E+00
  1.189288E+00
  1.186424E+00
  1.183561E+00
  1.180699E+00
  1.177836E+00
  1.174973E+00
  1.171937E+00
  1.168717E+00
  1.165497E+00
  1.162277E+00
  1.159057E+00
  1.155838E+00
  1.152440E+00
  1.148918E+00
  1.145396E+00
  1.141875E+00
  1.138354E+00
  1.134833E+00
  1.131090E+00
  1.127344E+00
  1.123598E+00
  1.119853E+00
  1.116109E+00
  1.112256E+00
  1.108348E+00
  1.104440E+00
  1.100534E+00
  1.096628E+00
  1.092601E+00
  1.088495E+00
  1.084390E+00
  1.080286E+00
  1.076182E+00
  1.071893E+00
  1.067557E+00
  1.063222E+00
  1.058887E+00
  1.054530E+00
  1.050100E+00
  1.045670E+00
  1.041240E+00
  1.036811E+00
  1.032366E+00
  1.027921E+00
  1.023475E+00
  1.019029E+00
  1.014464E+00
  1.009865E+00
  1.005267E+00
  1.000669E+00
  9.959684E-01
  9.912530E-01
  9.865380E-01
  9.818410E-01
  9.772448E-01
  9.726497E-01
  9.680556E-01
  9.634958E-01
  9.589589E-01
  9.544250E-01
  9.498236E-01
  9.450303E-01
  9.402440E-01
  9.354398E-01
  9.303396E-01
  9.252514E-01
  9.201578E-01
  9.147349E-01
  9.093269E-01
  9.038155E-01
  8.977467E-01
  8.916933E-01
  8.852057E-01
  8.781560E-01
  8.711200E-01
  8.631071E-01
  8.549196E-01
  8.462854E-01
  8.369001E-01
  8.274828E-01
  8.169124E-01
  8.063464E-01
  7.949034E-01
  7.832522E-01
  7.709830E-01
  7.584401E-01
  7.454376E-01
  7.322235E-01
  7.186735E-01
  7.050280E-01
  6.912291E-01
  6.774597E-01
  6.637966E-01
  6.503984E-01
  6.372112E-01
  6.246924E-01
  6.127014E-01
  6.012889E-01
  5.907733E-01
  5.812959E-01
  5.728993E-01
  5.660204E-01
  5.616217E-01
  5.619424E-01
  5.718335E-01
  5.994516E-01
  6.574739E-01
  7.558257E-01
  8.309898E-01
  7.843799E-01
  8.894724E-01
  1.423957E-01
 -5.385037E-14
  9.896399E-01
  9.894699E-01
  9.892999E-01
  9.891300E-01
  9.889601E-01
  9.887902E-01
  9.886202E-01
  9.884504E-01
  9.882805E-01
  9.877645E-01
  9.872400E-01
  9.867155E-01
  9.861910E-01
  9.856665E-01
  9.851420E-01
  9.846176E-01
  9.839806E-01
  9.831372E-01
  9.822937E-01
  9.814503E-01
  9.806070E-01
  9.797636E-01
  9.789203E-01
  9.780459E-01
  9.769230E-01
  9.758001E-01
  9.746773E-01
  9.735545E-01
  9.724317E-01
  9.713090E-01
  9.701191E-01
  9.687059E-01
  9.672927E-01
  9.658796E-01
  9.644666E-01
  9.630536E-01
  9.616406E-01
  9.600214E-01
  9.583120E-01
  9.566026E-01
  9.548933E-01
  9.531841E-01
  9.514749E-01
  9.496260E-01
  9.476295E-01
  9.456332E-01
  9.436371E-01
  9.416410E-01
  9.396451E-01
  9.374830E-01
  9.352046E-01
  9.329264E-01
  9.306484E-01
  9.283706E-01
  9.260929E-01
  9.235376E-01
  9.209783E-01
  9.184191E-01
  9.158603E-01
  9.133017E-01
  9.105593E-01
  9.077229E-01
  9.048868E-01
  9.020510E-01
  8.992156E-01
  8.962071E-01
  8.930853E-01
  8.899638E-01
  8.868427E-01
  8.837218E-01
  8.803498E-01
  8.769150E-01
  8.734805E-01
  8.700463E-01
  8.665322E-01
  8.627584E-01
  8.589848E-01
  8.552113E-01
  8.514379E-01
  8.473494E-01
  8.432257E-01
  8.391020E-01
  8.349785E-01
  8.305841E-01
  8.261134E-01
  8.216428E-01
  8.171724E-01
  8.124316E-01
  8.076495E-01
  8.028675E-01
  7.980468E-01
  7.930050E-01
  7.879635E-01
  7.829224E-01
  7.777353E-01
  7.724585E-01
  7.671826E-01
  7.618469E-01
  7.563429E-01
  7.508408E-01
  7.453253E-01
  7.396229E-01
  7.339237E-01
  7.282171E-01
  7.223011E-01
  7.163889E-01
  7.104304E-01
  7.042318E-01
  6.980373E-01
  6.916914E-01
  6.851503E-01
  6.786128E-01
  6.717546E-01
  6.648387E-01
  6.577775E-01
  6.504726E-01
  6.431572E-01
  6.354651E-01
  6.277749E-01
  6.197764E-01
  6.117052E-01
  6.033732E-01
  5.949260E-01
  5.862239E-01
  5.774042E-01
  5.683060E-01
  5.591275E-01
  5.496283E-01
  5.400441E-01
  5.302299E-01
  5.202494E-01
  5.101469E-01
  4.997998E-01
  4.893072E-01
  4.786607E-01
  4.677933E-01
  4.566879E-01
  4.453735E-01
  4.338645E-01
  4.222737E-01
  4.109817E-01
  4.009079E-01
  3.936291E-01
  3.922885E-01
  4.002128E-01
  3.968095E-01
  3.575099E-01
  4.020881E-01
  1.645286E-01
 -2.369026E-03
  5.635613E-02
  5.635283E-02
  5.634952E-02
  5.634622E-02
  5.634292E-02
  5.633962E-02
  5.633632E-02
  5.633303E-02
  5.632974E-02
  5.631968E-02
  5.630946E-02
  5.629925E-02
  5.628903E-02
  5.627882E-02
  5.626861E-02
  5.625841E-02
  5.624680E-02
  5.623263E-02
  5.621846E-02
  5.620429E-02
  5.619012E-02
  5.617595E-02
  5.616178E-02
  5.614718E-02
  5.612904E-02
  5.611091E-02
  5.609277E-02
  5.607464E-02
  5.605650E-02
  5.603837E-02
  5.601810E-02
  5.599074E-02
  5.596338E-02
  5.593602E-02
  5.590865E-02
  5.588129E-02
  5.585392E-02
  5.581944E-02
  5.578184E-02
  5.574424E-02
  5.570663E-02
  5.566902E-02
  5.563141E-02
  5.558802E-02
  5.553856E-02
  5.548908E-02
  5.543960E-02
  5.539011E-02
  5.534061E-02
  5.528030E-02
  5.521242E-02
  5.514453E-02
  5.507663E-02
  5.500872E-02
  5.494079E-02
  5.484866E-02
  5.475613E-02
  5.466358E-02
  5.457103E-02
  5.447847E-02
  5.437032E-02
  5.425418E-02
  5.413802E-02
  5.402185E-02
  5.390566E-02
  5.377808E-02
  5.364301E-02
  5.350791E-02
  5.337280E-02
  5.323766E-02
  5.309309E-02
  5.294613E-02
  5.279914E-02
  5.265211E-02
  5.250504E-02
  5.235792E-02
  5.221076E-02
  5.206356E-02
  5.191633E-02
  5.176917E-02
  5.162201E-02
  5.147483E-02
  5.132762E-02
  5.116636E-02
  5.100112E-02
  5.083587E-02
  5.067059E-02
  5.047529E-02
  5.027536E-02
  5.007540E-02
  4.986869E-02
  4.962370E-02
  4.937874E-02
  4.913381E-02
  4.884699E-02
  4.853444E-02
  4.822211E-02
  4.788818E-02
  4.749353E-02
  4.709948E-02
  4.670156E-02
  4.624958E-02
  4.579859E-02
  4.534744E-02
  4.487509E-02
  4.440384E-02
  4.393364E-02
  4.346431E-02
  4.299597E-02
  4.253694E-02
  4.208943E-02
  4.164262E-02
  4.122645E-02
  4.081633E-02
  4.042396E-02
  4.006061E-02
  3.969909E-02
  3.938824E-02
  3.907725E-02
  3.881170E-02
  3.855678E-02
  3.833991E-02
  3.813975E-02
  3.797378E-02
  3.782351E-02
  3.771000E-02
  3.760716E-02
  3.755071E-02
  3.750876E-02
  3.750654E-02
  3.754002E-02
  3.760094E-02
  3.772700E-02
  3.790020E-02
  3.812539E-02
  3.843088E-02
  3.883360E-02
  3.933937E-02
  3.998338E-02
  4.083028E-02
  4.201025E-02
  4.377501E-02
  4.653732E-02
  5.102390E-02
  5.794602E-02
  6.404831E-02
  6.522867E-02
  7.881952E-02
  2.587488E-02
  8.463391E-03
  1.622429E-01
  1.621774E-01
  1.621120E-01
  1.620466E-01
  1.619811E-01
  1.619157E-01
  1.618503E-01
  1.617849E-01
  1.617194E-01
  1.615568E-01
  1.613918E-01
  1.612267E-01
  1.610617E-01
  1.608967E-01
  1.607316E-01
  1.605666E-01
  1.603837E-01
  1.601680E-01
  1.599524E-01
  1.597367E-01
  1.595211E-01
  1.593054E-01
  1.590897E-01
  1.588687E-01
  1.586041E-01
  1.583395E-01
  1.580750E-01
  1.578104E-01
  1.575459E-01
  1.572813E-01
  1.570040E-01
  1.566844E-01
  1.563649E-01
  1.560453E-01
  1.557257E-01
  1.554062E-01
  1.550866E-01
  1.547303E-01
  1.543578E-01
  1.539853E-01
  1.536128E-01
  1.532404E-01
  1.528680E-01
  1.524729E-01
  1.520540E-01
  1.516350E-01
  1.512162E-01
  1.507973E-01
  1.503784E-01
  1.499364E-01
  1.494782E-01
  1.490200E-01
  1.485618E-01
  1.481037E-01
  1.476456E-01
  1.471586E-01
  1.466713E-01
  1.461840E-01
  1.456967E-01
  1.452095E-01
  1.447083E-01
  1.441998E-01
  1.436914E-01
  1.431832E-01
  1.426749E-01
  1.421510E-01
  1.416169E-01
  1.410828E-01
  1.405488E-01
  1.400149E-01
  1.394568E-01
  1.388927E-01
  1.383287E-01
  1.377647E-01
  1.371978E-01
  1.366215E-01
  1.360451E-01
  1.354688E-01
  1.348925E-01
  1.343143E-01
  1.337359E-01
  1.331575E-01
  1.325791E-01
  1.319851E-01
  1.313868E-01
  1.307886E-01
  1.301903E-01
  1.295788E-01
  1.289653E-01
  1.283519E-01
  1.277407E-01
  1.271427E-01
  1.265449E-01
  1.259471E-01
  1.253538E-01
  1.247634E-01
  1.241734E-01
  1.235747E-01
  1.229508E-01
  1.223279E-01
  1.217026E-01
  1.210386E-01
  1.203762E-01
  1.197131E-01
  1.190070E-01
  1.183028E-01
  1.175852E-01
  1.167950E-01
  1.160068E-01
  1.151620E-01
  1.142442E-01
  1.133282E-01
  1.122851E-01
  1.112194E-01
  1.100956E-01
  1.088742E-01
  1.076487E-01
  1.062733E-01
  1.048986E-01
  1.034099E-01
  1.018942E-01
  1.002982E-01
  9.866664E-02
  9.697545E-02
  9.525675E-02
  9.349447E-02
  9.171976E-02
  8.992518E-02
  8.813442E-02
  8.635751E-02
  8.461506E-02
  8.290002E-02
  8.127191E-02
  7.971243E-02
  7.822814E-02
  7.686049E-02
  7.562785E-02
  7.453574E-02
  7.364101E-02
  7.306888E-02
  7.311066E-02
  7.439741E-02
  7.799037E-02
  8.553885E-02
  9.833402E-02
  1.081121E-01
  1.020471E-01
  1.157182E-01
  2.544604E-02
 -1.704303E-09
  9.897689E-01
  9.895990E-01
  9.894291E-01
  9.892593E-01
  9.890894E-01
  9.889196E-01
  9.887498E-01
  9.885800E-01
  9.884102E-01
  9.878944E-01
  9.873701E-01
  9.868458E-01
  9.863216E-01
  9.857973E-01
  9.852731E-01
  9.847489E-01
  9.841122E-01
  9.832691E-01
  9.824260E-01
  9.815829E-01
  9.807399E-01
  9.798969E-01
  9.790539E-01
  9.781799E-01
  9.770575E-01
  9.759351E-01
  9.748127E-01
  9.736904E-01
  9.725681E-01
  9.714458E-01
  9.702564E-01
  9.688438E-01
  9.674312E-01
  9.660188E-01
  9.646063E-01
  9.631939E-01
  9.617816E-01
  9.601631E-01
  9.584544E-01
  9.567458E-01
  9.550373E-01
  9.533288E-01
  9.516205E-01
  9.497724E-01
  9.477768E-01
  9.457815E-01
  9.437862E-01
  9.417911E-01
  9.397961E-01
  9.376350E-01
  9.353576E-01
  9.330805E-01
  9.308035E-01
  9.285267E-01
  9.262502E-01
  9.236960E-01
  9.211377E-01
  9.185797E-01
  9.160219E-01
  9.134645E-01
  9.107232E-01
  9.078879E-01
  9.050529E-01
  9.022182E-01
  8.993838E-01
  8.963765E-01
  8.932557E-01
  8.901353E-01
  8.870152E-01
  8.838954E-01
  8.805244E-01
  8.770906E-01
  8.736570E-01
  8.702238E-01
  8.667107E-01
  8.629378E-01
  8.591650E-01
  8.553924E-01
  8.516199E-01
  8.475321E-01
  8.434092E-01
  8.392863E-01
  8.351636E-01
  8.307700E-01
  8.263001E-01
  8.218303E-01
  8.173606E-01
  8.126207E-01
  8.078395E-01
  8.030584E-01
  7.982386E-01
  7.931977E-01
  7.881573E-01
  7.831172E-01
  7.779312E-01
  7.726555E-01
  7.673808E-01
  7.620463E-01
  7.565436E-01
  7.510429E-01
  7.455288E-01
  7.398279E-01
  7.341303E-01
  7.284253E-01
  7.225109E-01
  7.166004E-01
  7.106436E-01
  7.044469E-01
  6.982542E-01
  6.919102E-01
  6.853710E-01
  6.788355E-01
  6.719794E-01
  6.650656E-01
  6.580065E-01
  6.507039E-01
  6.433908E-01
  6.357013E-01
  6.280135E-01
  6.200177E-01
  6.119492E-01
  6.036202E-01
  5.951759E-01
  5.864769E-01
  5.776605E-01
  5.685658E-01
  5.593908E-01
  5.498954E-01
  5.403154E-01
  5.305056E-01
  5.205302E-01
  5.104332E-01
  5.000930E-01
  4.896086E-01
  4.789717E-01
  4.681167E-01
  4.570275E-01
  4.457335E-01
  4.342505E-01
  4.226924E-01
  4.114409E-01
  4.014147E-01
  3.941869E-01
  3.928915E-01
  4.008377E-01
  3.974154E-01
  3.580761E-01
  4.023669E-01
  1.639386E-01
 -3.379640E-03
  5.015632E-02
  5.015347E-02
  5.015062E-02
  5.014777E-02
  5.014492E-02
  5.014208E-02
  5.013924E-02
  5.013640E-02
  5.013356E-02
  5.012432E-02
  5.011493E-02
  5.010555E-02
  5.009616E-02
  5.008678E-02
  5.007740E-02
  5.006802E-02
  5.005709E-02
  5.004332E-02
  5.002955E-02
  5.001578E-02
  5.000202E-02
  4.998825E-02
  4.997449E-02
  4.996023E-02
  4.994203E-02
  4.992382E-02
  4.990562E-02
  4.988742E-02
  4.986922E-02
  4.985101E-02
  4.983064E-02
  4.980306E-02
  4.977548E-02
  4.974789E-02
  4.972031E-02
  4.969272E-02
  4.966513E-02
  4.963043E-02
  4.959261E-02
  4.955478E-02
  4.951696E-02
  4.947913E-02
  4.944129E-02
  4.939771E-02
  4.934809E-02
  4.929845E-02
  4.924880E-02
  4.919915E-02
  4.914948E-02
  4.908905E-02
  4.902108E-02
  4.895310E-02
  4.888510E-02
  4.881710E-02
  4.874908E-02
  4.865691E-02
  4.856434E-02
  4.847176E-02
  4.837917E-02
  4.828657E-02
  4.817842E-02
  4.806228E-02
  4.794613E-02
  4.782997E-02
  4.771379E-02
  4.758623E-02
  4.745120E-02
  4.731614E-02
  4.718107E-02
  4.704597E-02
  4.690140E-02
  4.675443E-02
  4.660743E-02
  4.646040E-02
  4.631327E-02
  4.616592E-02
  4.601853E-02
  4.587111E-02
  4.572365E-02
  4.557587E-02
  4.542804E-02
  4.528019E-02
  4.513231E-02
  4.496996E-02
  4.480352E-02
  4.463706E-02
  4.447058E-02
  4.427359E-02
  4.407191E-02
  4.387021E-02
  4.366167E-02
  4.341446E-02
  4.316727E-02
  4.292011E-02
  4.263092E-02
  4.231589E-02
  4.200109E-02
  4.166475E-02
  4.126785E-02
  4.087153E-02
  4.047138E-02
  4.001778E-02
  3.956513E-02
  3.911235E-02
  3.863929E-02
  3.816729E-02
  3.769651E-02
  3.722762E-02
  3.675966E-02
  3.630156E-02
  3.585569E-02
  3.541049E-02
  3.499688E-02
  3.458945E-02
  3.420004E-02
  3.384011E-02
  3.348198E-02
  3.317478E-02
  3.286743E-02
  3.260539E-02
  3.235394E-02
  3.214025E-02
  3.194312E-02
  3.177977E-02
  3.163193E-02
  3.152032E-02
  3.141923E-02
  3.136368E-02
  3.132223E-02
  3.131934E-02
  3.135036E-02
  3.140740E-02
  3.152445E-02
  3.168346E-02
  3.188825E-02
  3.216183E-02
  3.251595E-02
  3.295441E-02
  3.350671E-02
  3.423107E-02
  3.525221E-02
  3.682201E-02
  3.936809E-02
  4.365996E-02
  5.049098E-02
  5.671751E-02
  5.827837E-02
  7.237625E-02
  1.959101E-02
  1.222871E-03
  1.627079E-01
  1.626423E-01
  1.625767E-01
  1.625111E-01
  1.624455E-01
  1.623799E-01
  1.623143E-01
  1.622488E-01
  1.621832E-01
  1.620203E-01
  1.618550E-01
  1.616897E-01
  1.615244E-01
  1.613591E-01
  1.611938E-01
  1.610285E-01
  1.608453E-01
  1.606293E-01
  1.604133E-01
  1.601973E-01
  1.599813E-01
  1.597653E-01
  1.595494E-01
  1.593279E-01
  1.590630E-01
  1.587980E-01
  1.585330E-01
  1.582681E-01
  1.580031E-01
  1.577382E-01
  1.574605E-01
  1.571404E-01
  1.568203E-01
  1.565002E-01
  1.561801E-01
  1.558600E-01
  1.555400E-01
  1.551830E-01
  1.548098E-01
  1.544366E-01
  1.540635E-01
  1.536903E-01
  1.533172E-01
  1.529213E-01
  1.525014E-01
  1.520816E-01
  1.516618E-01
  1.512420E-01
  1.508222E-01
  1.503791E-01
  1.499196E-01
  1.494602E-01
  1.490008E-01
  1.485415E-01
  1.480822E-01
  1.475937E-01
  1.471049E-01
  1.466161E-01
  1.461273E-01
  1.456387E-01
  1.451358E-01
  1.446257E-01
  1.441157E-01
  1.436057E-01
  1.430959E-01
  1.425703E-01
  1.420345E-01
  1.414987E-01
  1.409631E-01
  1.404275E-01
  1.398679E-01
  1.393023E-01
  1.387369E-01
  1.381714E-01
  1.376032E-01
  1.370258E-01
  1.364484E-01
  1.358710E-01
  1.352937E-01
  1.347148E-01
  1.341357E-01
  1.335567E-01
  1.329776E-01
  1.323830E-01
  1.317840E-01
  1.311851E-01
  1.305862E-01
  1.299735E-01
  1.293588E-01
  1.287441E-01
  1.281316E-01
  1.275313E-01
  1.269312E-01
  1.263311E-01
  1.257346E-01
  1.251404E-01
  1.245466E-01
  1.239436E-01
  1.233141E-01
  1.226856E-01
  1.220545E-01
  1.213835E-01
  1.207140E-01
  1.200437E-01
  1.193296E-01
  1.186175E-01
  1.178918E-01
  1.170934E-01
  1.162969E-01
  1.154440E-01
  1.145181E-01
  1.135940E-01
  1.125433E-01
  1.114700E-01
  1.103390E-01
  1.091108E-01
  1.078785E-01
  1.064973E-01
  1.051167E-01
  1.036229E-01
  1.021023E-01
  1.005022E-01
  9.886685E-02
  9.717255E-02
  9.545108E-02
  9.368678E-02
  9.191028E-02
  9.011482E-02
  8.832345E-02
  8.654665E-02
  8.480493E-02
  8.309108E-02
  8.146532E-02
  7.990903E-02
  7.842887E-02
  7.706687E-02
  7.584180E-02
  7.475920E-02
  7.387638E-02
  7.331896E-02
  7.338015E-02
  7.468740E-02
  7.830188E-02
  8.586891E-02
  9.867212E-02
  1.084392E-01
  1.023466E-01
  1.159031E-01
  2.538897E-02
 -3.296655E-09
 -1.290279E-04
 -1.291102E-04
 -1.291925E-04
 -1.292747E-04
 -1.293570E-04
 -1.294393E-04
 -1.295216E-04
 -1.296040E-04
 -1.296863E-04
 -1.299133E-04
 -1.301439E-04
 -1.303746E-04
 -1.306052E-04
 -1.308359E-04
 -1.310665E-04
 -1.312972E-04
 -1.315678E-04
 -1.319118E-04
 -1.322558E-04
 -1.325999E-04
 -1.329439E-04
 -1.332879E-04
 -1.336319E-04
 -1.339896E-04
 -1.344569E-04
 -1.349241E-04
 -1.353913E-04
 -1.358586E-04
 -1.363258E-04
 -1.367930E-04
 -1.372936E-04
 -1.379050E-04
 -1.385164E-04
 -1.391278E-04
 -1.397392E-04
 -1.403506E-04
 -1.409620E-04
 -1.416834E-04
 -1.424530E-04
 -1.432226E-04
 -1.439921E-04
 -1.447616E-04
 -1.455311E-04
 -1.463765E-04
 -1.473019E-04
 -1.482272E-04
 -1.491524E-04
 -1.500776E-04
 -1.510027E-04
 -1.519995E-04
 -1.530463E-04
 -1.540930E-04
 -1.551396E-04
 -1.561860E-04
 -1.572323E-04
 -1.583368E-04
 -1.594419E-04
 -1.605468E-04
 -1.616515E-04
 -1.627559E-04
 -1.638591E-04
 -1.649615E-04
 -1.660635E-04
 -1.671653E-04
 -1.682668E-04
 -1.693420E-04
 -1.703999E-04
 -1.714575E-04
 -1.725147E-04
 -1.735716E-04
 -1.745677E-04
 -1.755484E-04
 -1.765287E-04
 -1.775088E-04
 -1.784641E-04
 -1.793393E-04
 -1.802144E-04
 -1.810893E-04
 -1.819641E-04
 -1.827590E-04
 -1.835449E-04
 -1.843309E-04
 -1.851168E-04
 -1.859016E-04
 -1.866859E-04
 -1.874703E-04
 -1.882545E-04
 -1.891139E-04
 -1.899844E-04
 -1.908545E-04
 -1.917443E-04
 -1.927473E-04
 -1.937492E-04
 -1.947498E-04
 -1.958525E-04
 -1.970170E-04
 -1.981789E-04
 -1.993924E-04
 -2.007537E-04
 -2.021109E-04
 -2.034793E-04
 -2.050296E-04
 -2.065743E-04
 -2.081213E-04
 -2.098242E-04
 -2.115203E-04
 -2.132353E-04
 -2.150687E-04
 -2.168947E-04
 -2.187789E-04
 -2.207401E-04
 -2.226944E-04
 -2.247795E-04
 -2.268845E-04
 -2.290550E-04
 -2.313391E-04
 -2.336262E-04
 -2.361222E-04
 -2.386156E-04
 -2.413025E-04
 -2.440351E-04
 -2.469390E-04
 -2.499195E-04
 -2.530756E-04
 -2.563134E-04
 -2.597746E-04
 -2.633011E-04
 -2.671921E-04
 -2.712370E-04
 -2.757226E-04
 -2.807742E-04
 -2.862687E-04
 -2.931706E-04
 -3.013493E-04
 -3.110270E-04
 -3.233810E-04
 -3.395492E-04
 -3.599893E-04
 -3.859380E-04
 -4.187189E-04
 -4.592059E-04
 -5.067508E-04
 -5.577151E-04
 -6.029664E-04
 -6.249036E-04
 -6.059054E-04
 -5.661617E-04
 -2.788663E-04
  5.899812E-04
  1.010614E-03
  6.199815E-03
  6.199360E-03
  6.198906E-03
  6.198451E-03
  6.197996E-03
  6.197542E-03
  6.197087E-03
  6.196632E-03
  6.196178E-03
  6.195359E-03
  6.194530E-03
  6.193702E-03
  6.192873E-03
  6.192045E-03
  6.191217E-03
  6.190389E-03
  6.189711E-03
  6.189308E-03
  6.188905E-03
  6.188503E-03
  6.188100E-03
  6.187698E-03
  6.187295E-03
  6.186945E-03
  6.187013E-03
  6.187081E-03
  6.187149E-03
  6.187217E-03
  6.187286E-03
  6.187354E-03
  6.187458E-03
  6.187680E-03
  6.187903E-03
  6.188125E-03
  6.188348E-03
  6.188571E-03
  6.188794E-03
  6.189015E-03
  6.189235E-03
  6.189455E-03
  6.189675E-03
  6.189896E-03
  6.190117E-03
  6.190309E-03
  6.190471E-03
  6.190634E-03
  6.190797E-03
  6.190961E-03
  6.191125E-03
  6.191247E-03
  6.191339E-03
  6.191432E-03
  6.191526E-03
  6.191620E-03
  6.191716E-03
  6.191751E-03
  6.191786E-03
  6.191822E-03
  6.191860E-03
  6.191899E-03
  6.191905E-03
  6.191894E-03
  6.191886E-03
  6.191878E-03
  6.191873E-03
  6.191846E-03
  6.191807E-03
  6.191769E-03
  6.191733E-03
  6.191698E-03
  6.191694E-03
  6.191699E-03
  6.191705E-03
  6.191713E-03
  6.191772E-03
  6.191997E-03
  6.192223E-03
  6.192450E-03
  6.192678E-03
  6.193301E-03
  6.193970E-03
  6.194640E-03
  6.195310E-03
  6.196396E-03
  6.197601E-03
  6.198806E-03
  6.200013E-03
  6.201691E-03
  6.203442E-03
  6.205194E-03
  6.207018E-03
  6.209244E-03
  6.211472E-03
  6.213703E-03
  6.216076E-03
  6.218541E-03
  6.221014E-03
  6.223430E-03
  6.225680E-03
  6.227947E-03
  6.230181E-03
  6.231802E-03
  6.233455E-03
  6.235091E-03
  6.235801E-03
  6.236550E-03
  6.237125E-03
  6.236697E-03
  6.236311E-03
  6.235379E-03
  6.233733E-03
  6.232127E-03
  6.229577E-03
  6.226876E-03
  6.223918E-03
  6.220505E-03
  6.217109E-03
  6.213457E-03
  6.209823E-03
  6.206310E-03
  6.202834E-03
  6.199663E-03
  6.196630E-03
  6.194009E-03
  6.191579E-03
  6.189676E-03
  6.187926E-03
  6.187028E-03
  6.186532E-03
  6.187202E-03
  6.189654E-03
  6.193540E-03
  6.202556E-03
  6.216741E-03
  6.237140E-03
  6.269049E-03
  6.317642E-03
  6.384967E-03
  6.476664E-03
  6.599204E-03
  6.758042E-03
  6.952999E-03
  7.169235E-03
  7.363944E-03
  7.455034E-03
  7.330802E-03
  6.950307E-03
  6.443267E-03
  6.283864E-03
  7.240519E-03
 -4.650101E-04
 -4.648507E-04
 -4.646913E-04
 -4.645319E-04
 -4.643726E-04
 -4.642132E-04
 -4.640539E-04
 -4.638946E-04
 -4.637354E-04
 -4.634709E-04
 -4.632039E-04
 -4.629369E-04
 -4.626700E-04
 -4.624031E-04
 -4.621363E-04
 -4.618695E-04
 -4.615812E-04
 -4.612532E-04
 -4.609253E-04
 -4.605975E-04
 -4.602696E-04
 -4.599418E-04
 -4.596140E-04
 -4.592783E-04
 -4.588784E-04
 -4.584784E-04
 -4.580785E-04
 -4.576786E-04
 -4.572787E-04
 -4.568788E-04
 -4.564512E-04
 -4.559315E-04
 -4.554117E-04
 -4.548919E-04
 -4.543722E-04
 -4.538524E-04
 -4.533326E-04
 -4.526919E-04
 -4.519984E-04
 -4.513049E-04
 -4.506113E-04
 -4.499178E-04
 -4.492243E-04
 -4.484151E-04
 -4.474840E-04
 -4.465529E-04
 -4.456218E-04
 -4.446908E-04
 -4.437598E-04
 -4.426599E-04
 -4.414418E-04
 -4.402238E-04
 -4.390059E-04
 -4.377882E-04
 -4.365706E-04
 -4.350911E-04
 -4.336078E-04
 -4.321247E-04
 -4.306419E-04
 -4.291593E-04
 -4.275623E-04
 -4.259069E-04
 -4.242518E-04
 -4.225971E-04
 -4.209427E-04
 -4.192803E-04
 -4.176127E-04
 -4.159455E-04
 -4.142786E-04
 -4.126120E-04
 -4.111079E-04
 -4.096448E-04
 -4.081818E-04
 -4.067191E-04
 -4.053544E-04
 -4.043077E-04
 -4.032611E-04
 -4.022145E-04
 -4.011679E-04
 -4.004824E-04
 -3.998372E-04
 -3.991919E-04
 -3.985465E-04
 -3.978800E-04
 -3.972075E-04
 -3.965349E-04
 -3.958622E-04
 -3.947112E-04
 -3.934869E-04
 -3.922627E-04
 -3.908796E-04
 -3.885931E-04
 -3.863074E-04
 -3.840223E-04
 -3.807960E-04
 -3.769893E-04
 -3.731852E-04
 -3.689077E-04
 -3.633003E-04
 -3.576992E-04
 -3.519889E-04
 -3.448744E-04
 -3.377707E-04
 -3.306341E-04
 -3.226417E-04
 -3.146631E-04
 -3.066427E-04
 -2.983686E-04
 -2.901095E-04
 -2.819299E-04
 -2.738480E-04
 -2.657804E-04
 -2.581453E-04
 -2.506015E-04
 -2.433479E-04
 -2.365663E-04
 -2.298242E-04
 -2.239546E-04
 -2.180926E-04
 -2.130322E-04
 -2.081669E-04
 -2.040265E-04
 -2.002088E-04
 -1.971012E-04
 -1.943222E-04
 -1.923109E-04
 -1.905216E-04
 -1.896442E-04
 -1.890301E-04
 -1.891381E-04
 -1.898703E-04
 -1.910649E-04
 -1.934111E-04
 -1.966018E-04
 -2.007246E-04
 -2.063739E-04
 -2.139432E-04
 -2.234654E-04
 -2.353661E-04
 -2.500781E-04
 -2.694953E-04
 -2.899935E-04
 -3.115086E-04
 -3.300674E-04
 -3.381011E-04
 -3.270310E-04
 -2.994911E-04
 -1.848882E-04
  5.706937E-05
  1.592353E-09
  1.273240E+00
  1.273211E+00
  1.273125E+00
  1.272981E+00
  1.272781E+00
  1.272522E+00
  1.272207E+00
  1.271834E+00
  1.271403E+00
  1.270915E+00
  1.270369E+00
  1.269765E+00
  1.269104E+00
  1.268384E+00
  1.267607E+00
  1.266771E+00
  1.265877E+00
  1.264925E+00
  1.263915E+00
  1.262845E+00
  1.261717E+00
  1.260530E+00
  1.259284E+00
  1.257979E+00
  1.256614E+00
  1.255190E+00
  1.253705E+00
  1.252161E+00
  1.250556E+00
  1.248891E+00
  1.247165E+00
  1.245378E+00
  1.243529E+00
  1.241620E+00
  1.239648E+00
  1.237614E+00
  1.235518E+00
  1.233359E+00
  1.231136E+00
  1.228851E+00
  1.226501E+00
  1.224088E+00
  1.221610E+00
  1.219067E+00
  1.216458E+00
  1.213784E+00
  1.211044E+00
  1.208237E+00
  1.205362E+00
  1.202421E+00
  1.199411E+00
  1.196332E+00
  1.193185E+00
  1.189968E+00
  1.186680E+00
  1.183322E+00
  1.179892E+00
  1.176390E+00
  1.172816E+00
  1.169168E+00
  1.165446E+00
  1.161649E+00
  1.157776E+00
  1.153828E+00
  1.149802E+00
  1.145699E+00
  1.141516E+00
  1.137254E+00
  1.132912E+00
  1.128488E+00
  1.123982E+00
  1.119393E+00
  1.114719E+00
  1.109960E+00
  1.105114E+00
  1.100180E+00
  1.095157E+00
  1.090045E+00
  1.084841E+00
  1.079544E+00
  1.074153E+00
  1.068667E+00
  1.063083E+00
  1.057401E+00
  1.051619E+00
  1.045735E+00
  1.039748E+00
  1.033655E+00
  1.027455E+00
  1.021146E+00
  1.014726E+00
  1.008193E+00
  1.001543E+00
  9.947766E-01
  9.878894E-01
  9.808795E-01
  9.737441E-01
  9.664805E-01
  9.590857E-01
  9.515567E-01
  9.438904E-01
  9.360832E-01
  9.281318E-01
  9.200322E-01
  9.117806E-01
  9.033729E-01
  8.948045E-01
  8.860709E-01
  8.771671E-01
  8.680879E-01
  8.588277E-01
  8.493806E-01
  8.397402E-01
  8.299000E-01
  8.198525E-01
  8.095903E-01
  7.991048E-01
  7.883874E-01
  7.774283E-01
  7.662172E-01
  7.547428E-01
  7.429930E-01
  7.309546E-01
  7.186128E-01
  7.059520E-01
  6.929545E-01
  6.796012E-01
  6.658704E-01
  6.517385E-01
  6.371787E-01
  6.221609E-01
  6.066513E-01
  5.906109E-01
  5.739954E-01
  5.567532E-01
  5.388241E-01
  5.201372E-01
  5.006076E-01
  4.801325E-01
  4.585853E-01
  4.358068E-01
  4.115929E-01
  3.856731E-01
  3.576769E-01
  3.270715E-01
  2.930404E-01
  2.542116E-01
  2.079144E-01
  1.472658E-01
  0.000000E+00
  1.110914E-01
  1.110819E-01
  1.110724E-01
  1.110629E-01
  1.110534E-01
  1.110439E-01
  1.110343E-01
  1.110248E-01
  1.110153E-01
  1.110006E-01
  1.109858E-01
  1.109709E-01
  1.109561E-01
  1.109412E-01
  1.109264E-01
  1.109115E-01
  1.108943E-01
  1.108727E-01
  1.108512E-01
  1.108296E-01
  1.108080E-01
  1.107864E-01
  1.107648E-01
  1.107423E-01
  1.107120E-01
  1.106817E-01
  1.106514E-01
  1.106210E-01
  1.105907E-01
  1.105604E-01
  1.105274E-01
  1.104856E-01
  1.104437E-01
  1.104018E-01
  1.103600E-01
  1.103181E-01
  1.102762E-01
  1.102236E-01
  1.101662E-01
  1.101089E-01
  1.100515E-01
  1.099941E-01
  1.099368E-01
  1.098697E-01
  1.097923E-01
  1.097150E-01
  1.096376E-01
  1.095602E-01
  1.094828E-01
  1.093927E-01
  1.092936E-01
  1.091945E-01
  1.090955E-01
  1.089964E-01
  1.088973E-01
  1.087838E-01
  1.086701E-01
  1.085564E-01
  1.084480E-01
  1.083461E-01
  1.082447E-01
  1.081435E-01
  1.080422E-01
  1.079410E-01
  1.078397E-01
  1.077493E-01
  1.076659E-01
  1.075825E-01
  1.074992E-01
  1.074158E-01
  1.073637E-01
  1.073195E-01
  1.072753E-01
  1.072380E-01
  1.072186E-01
  1.072419E-01
  1.072652E-01
  1.072885E-01
  1.073118E-01
  1.073838E-01
  1.074613E-01
  1.075388E-01
  1.076163E-01
  1.077022E-01
  1.077904E-01
  1.078787E-01
  1.079670E-01
  1.080247E-01
  1.080777E-01
  1.081307E-01
  1.081721E-01
  1.081478E-01
  1.081235E-01
  1.080992E-01
  1.080036E-01
  1.078639E-01
  1.077241E-01
  1.075578E-01
  1.073246E-01
  1.070913E-01
  1.068503E-01
  1.065147E-01
  1.062129E-01
  1.059395E-01
  1.056208E-01
  1.053021E-01
  1.050391E-01
  1.047788E-01
  1.045185E-01
  1.042914E-01
  1.041384E-01
  1.039853E-01
  1.038445E-01
  1.037330E-01
  1.036537E-01
  1.035824E-01
  1.035116E-01
  1.034553E-01
  1.033990E-01
  1.033674E-01
  1.033497E-01
  1.033357E-01
  1.033232E-01
  1.033133E-01
  1.033045E-01
  1.032975E-01
  1.032911E-01
  1.032859E-01
  1.032810E-01
  1.032766E-01
  1.032722E-01
  1.032679E-01
  1.032634E-01
  1.032587E-01
  1.032536E-01
  1.032481E-01
  1.032420E-01
  1.032352E-01
  1.032279E-01
  1.032198E-01
  1.032324E-01
  1.032225E-01
  1.032117E-01
  1.032032E-01
  1.031968E-01
  1.032199E-01
  1.033025E-01
  1.034288E-01
  1.211332E-01
  2.269711E-02
 -1.483610E-01
 -1.473554E-01
 -1.463499E-01
 -1.453443E-01
 -1.443387E-01
 -1.433332E-01
 -1.423276E-01
 -1.413221E-01
 -1.403165E-01
 -1.390909E-01
 -1.378599E-01
 -1.366289E-01
 -1.353979E-01
 -1.341668E-01
 -1.329358E-01
 -1.317048E-01
 -1.303887E-01
 -1.289168E-01
 -1.274448E-01
 -1.259729E-01
 -1.245009E-01
 -1.230290E-01
 -1.215570E-01
 -1.200578E-01
 -1.183399E-01
 -1.166221E-01
 -1.149043E-01
 -1.131864E-01
 -1.114686E-01
 -1.097507E-01
 -1.079820E-01
 -1.060444E-01
 -1.041067E-01
 -1.021691E-01
 -1.002314E-01
 -9.829372E-02
 -9.635606E-02
 -9.434177E-02
 -9.229395E-02
 -9.024613E-02
 -8.819830E-02
 -8.615048E-02
 -8.410265E-02
 -8.215448E-02
 -8.031144E-02
 -7.846840E-02
 -7.662536E-02
 -7.478232E-02
 -7.293929E-02
 -7.162826E-02
 -7.068987E-02
 -6.975148E-02
 -6.881309E-02
 -6.787470E-02
 -6.693631E-02
 -6.759143E-02
 -6.827164E-02
 -6.895185E-02
 -6.963205E-02
 -7.031226E-02
 -7.186885E-02
 -7.387469E-02
 -7.588054E-02
 -7.788639E-02
 -7.989224E-02
 -8.222539E-02
 -8.477327E-02
 -8.732115E-02
 -8.986902E-02
 -9.241690E-02
 -9.451350E-02
 -9.649692E-02
 -9.848034E-02
 -1.004638E-01
 -1.020146E-01
 -1.021600E-01
 -1.023054E-01
 -1.024508E-01
 -1.025962E-01
 -1.010281E-01
 -9.926836E-02
 -9.750861E-02
 -9.574886E-02
 -9.456893E-02
 -9.355231E-02
 -9.253569E-02
 -9.151907E-02
 -9.359987E-02
 -9.615561E-02
 -9.871135E-02
 -1.021871E-01
 -1.108962E-01
 -1.196053E-01
 -1.283144E-01
 -1.422623E-01
 -1.594503E-01
 -1.766383E-01
 -1.964841E-01
 -2.237862E-01
 -2.510881E-01
 -2.789456E-01
 -3.136106E-01
 -3.482753E-01
 -3.830619E-01
 -4.202957E-01
 -4.575292E-01
 -4.945186E-01
 -5.303260E-01
 -5.661330E-01
 -6.000030E-01
 -6.313901E-01
 -6.627769E-01
 -6.887309E-01
 -7.136663E-01
 -7.357156E-01
 -7.529723E-01
 -7.699562E-01
 -7.789184E-01
 -7.878806E-01
 -7.899636E-01
 -7.904021E-01
 -7.848845E-01
 -7.767226E-01
 -7.629202E-01
 -7.465085E-01
 -7.242206E-01
 -7.002299E-01
 -6.697066E-01
 -6.374883E-01
 -6.007143E-01
 -5.607638E-01
 -5.185016E-01
 -4.718635E-01
 -4.229150E-01
 -3.716419E-01
 -3.174309E-01
 -2.606098E-01
 -2.017080E-01
 -1.407246E-01
 -7.770651E-02
  4.432153E-02
  1.111615E-01
  1.797594E-01
  2.500071E-01
  3.217959E-01
  3.950202E-01
  4.695780E-01
  5.455497E-01
 -2.372080E-01
  7.146193E-02
  9.799857E-01
  9.799856E-01
  9.799856E-01
  9.799855E-01
  9.799855E-01
  9.799854E-01
  9.799854E-01
  9.799854E-01
  9.799853E-01
  9.799853E-01
  9.799852E-01
  9.799852E-01
  9.799851E-01
  9.799851E-01
  9.799850E-01
  9.799850E-01
  9.799849E-01
  9.799849E-01
  9.799848E-01
  9.799847E-01
  9.799847E-01
  9.799846E-01
  9.799846E-01
  9.799845E-01
  9.799845E-01
  9.799844E-01
  9.799843E-01
  9.799843E-01
  9.799842E-01
  9.799842E-01
  9.799841E-01
  9.799841E-01
  9.799840E-01
  9.799839E-01
  9.799839E-01
  9.799838E-01
  9.799838E-01
  9.799837E-01
  9.799836E-01
  9.799836E-01
  9.799835E-01
  9.799835E-01
  9.799834E-01
  9.799834E-01
  9.799833E-01
  9.799833E-01
  9.799833E-01
  9.799832E-01
  9.799832E-01
  9.799831E-01
  9.799831E-01
  9.799831E-01
  9.799831E-01
  9.799831E-01
  9.799830E-01
  9.799831E-01
  9.799831E-01
  9.799831E-01
  9.799831E-01
  9.799831E-01
  9.799831E-01
  9.799832E-01
  9.799832E-01
  9.799833E-01
  9.799833E-01
  9.799834E-01
  9.799835E-01
  9.799835E-01
  9.799836E-01
  9.799837E-01
  9.799837E-01
  9.799838E-01
  9.799838E-01
  9.799839E-01
  9.799839E-01
  9.799839E-01
  9.799839E-01
  9.799839E-01
  9.799839E-01
  9.799839E-01
  9.799838E-01
  9.799838E-01
  9.799837E-01
  9.799837E-01
  9.799837E-01
  9.799837E-01
  9.799836E-01
  9.799837E-01
  9.799838E-01
  9.799838E-01
  9.799839E-01
  9.799842E-01
  9.799845E-01
  9.799848E-01
  9.799854E-01
  9.799862E-01
  9.799870E-01
  9.799881E-01
  9.799899E-01
  9.799918E-01
  9.799940E-01
  9.799971E-01
  9.800005E-01
  9.800043E-01
  9.800087E-01
  9.800136E-01
  9.800189E-01
  9.800244E-01
  9.800302E-01
  9.800361E-01
  9.800419E-01
  9.800479E-01
  9.800532E-01
  9.800584E-01
  9.800632E-01
  9.800670E-01
  9.800709E-01
  9.800729E-01
  9.800750E-01
  9.800755E-01
  9.800756E-01
  9.800743E-01
  9.800724E-01
  9.800693E-01
  9.800656E-01
  9.800607E-01
  9.800556E-01
  9.800493E-01
  9.800430E-01
  9.800362E-01
  9.800293E-01
  9.800225E-01
  9.800156E-01
  9.800091E-01
  9.800030E-01
  9.799974E-01
  9.799925E-01
  9.799885E-01
  9.799853E-01
  9.799833E-01
  9.799827E-01
  9.799842E-01
  9.799872E-01
  9.799917E-01
  9.799978E-01
  9.800057E-01
  9.800153E-01
  9.800268E-01
  7.134836E-01
  4.028555E-06
 -3.176312E+02
 -3.175057E+02
 -3.173801E+02
 -3.172545E+02
 -3.171289E+02
 -3.170033E+02
 -3.168777E+02
 -3.167520E+02
 -3.166264E+02
 -3.162454E+02
 -3.158580E+02
 -3.154707E+02
 -3.150833E+02
 -3.146960E+02
 -3.143086E+02
 -3.139212E+02
 -3.134419E+02
 -3.127939E+02
 -3.121459E+02
 -3.114979E+02
 -3.108499E+02
 -3.102019E+02
 -3.095540E+02
 -3.088813E+02
 -3.080104E+02
 -3.071395E+02
 -3.062687E+02
 -3.053979E+02
 -3.045272E+02
 -3.036565E+02
 -3.027453E+02
 -3.016999E+02
 -3.006545E+02
 -2.996091E+02
 -2.985639E+02
 -2.975187E+02
 -2.964735E+02
 -2.953106E+02
 -2.940961E+02
 -2.928818E+02
 -2.916676E+02
 -2.904535E+02
 -2.892396E+02
 -2.879563E+02
 -2.865999E+02
 -2.852437E+02
 -2.838877E+02
 -2.825320E+02
 -2.811765E+02
 -2.797826E+02
 -2.783619E+02
 -2.769416E+02
 -2.755215E+02
 -2.741018E+02
 -2.726824E+02
 -2.712675E+02
 -2.698531E+02
 -2.684390E+02
 -2.670254E+02
 -2.656121E+02
 -2.641968E+02
 -2.627808E+02
 -2.613653E+02
 -2.599502E+02
 -2.585356E+02
 -2.570826E+02
 -2.556049E+02
 -2.541276E+02
 -2.526509E+02
 -2.511748E+02
 -2.495638E+02
 -2.479195E+02
 -2.462757E+02
 -2.446326E+02
 -2.429138E+02
 -2.409473E+02
 -2.389814E+02
 -2.370160E+02
 -2.350512E+02
 -2.327843E+02
 -2.304839E+02
 -2.281838E+02
 -2.258840E+02
 -2.234821E+02
 -2.210515E+02
 -2.186213E+02
 -2.161915E+02
 -2.138379E+02
 -2.114965E+02
 -2.091554E+02
 -2.068526E+02
 -2.047651E+02
 -2.026776E+02
 -2.005901E+02
 -1.988300E+02
 -1.972709E+02
 -1.957102E+02
 -1.943330E+02
 -1.934718E+02
 -1.926058E+02
 -1.917701E+02
 -1.913584E+02
 -1.909389E+02
 -1.905140E+02
 -1.901254E+02
 -1.897284E+02
 -1.892754E+02
 -1.885833E+02
 -1.878843E+02
 -1.869368E+02
 -1.856744E+02
 -1.844076E+02
 -1.824927E+02
 -1.804553E+02
 -1.780812E+02
 -1.751505E+02
 -1.721895E+02
 -1.683036E+02
 -1.644208E+02
 -1.597369E+02
 -1.548650E+02
 -1.493196E+02
 -1.434779E+02
 -1.370114E+02
 -1.302575E+02
 -1.228279E+02
 -1.152026E+02
 -1.067538E+02
 -9.806237E+01
 -8.870851E+01
 -7.879800E+01
 -6.846530E+01
 -5.717313E+01
 -4.521682E+01
 -3.253431E+01
 -1.874625E+01
 -3.647416E+00
  1.279942E+01
  3.097223E+01
  5.148401E+01
  7.542171E+01
  1.047117E+02
  1.424471E+02
  1.937224E+02
  2.632850E+02
  3.345374E+02
  3.852456E+02
  4.941013E+02
  9.545775E+01
  3.969830E-04
  1.108127E+04
  1.107938E+04
  1.107748E+04
  1.107558E+04
  1.107368E+04
  1.107179E+04
  1.106989E+04
  1.106799E+04
  1.106610E+04
  1.106034E+04
  1.105448E+04
  1.104863E+04
  1.104277E+04
  1.103692E+04
  1.103106E+04
  1.102521E+04
  1.101810E+04
  1.100869E+04
  1.099928E+04
  1.098986E+04
  1.098045E+04
  1.097104E+04
  1.096163E+04
  1.095187E+04
  1.093934E+04
  1.092681E+04
  1.091428E+04
  1.090175E+04
  1.088922E+04
  1.087669E+04
  1.086342E+04
  1.084764E+04
  1.083187E+04
  1.081610E+04
  1.080032E+04
  1.078455E+04
  1.076878E+04
  1.075070E+04
  1.073162E+04
  1.071254E+04
  1.069345E+04
  1.067437E+04
  1.065529E+04
  1.063465E+04
  1.061235E+04
  1.059006E+04
  1.056777E+04
  1.054548E+04
  1.052319E+04
  1.049904E+04
  1.047359E+04
  1.044814E+04
  1.042269E+04
  1.039724E+04
  1.037180E+04
  1.034324E+04
  1.031463E+04
  1.028603E+04
  1.025743E+04
  1.022883E+04
  1.019817E+04
  1.016645E+04
  1.013474E+04
  1.010303E+04
  1.007132E+04
  1.003768E+04
  1.000276E+04
  9.967853E+03
  9.932946E+03
  9.898043E+03
  9.860332E+03
  9.821919E+03
  9.783508E+03
  9.745101E+03
  9.705805E+03
  9.663613E+03
  9.621423E+03
  9.579235E+03
  9.537049E+03
  9.491350E+03
  9.445259E+03
  9.399168E+03
  9.353079E+03
  9.303958E+03
  9.253985E+03
  9.204012E+03
  9.154040E+03
  9.101028E+03
  9.047551E+03
  8.994076E+03
  8.940163E+03
  8.883751E+03
  8.827344E+03
  8.770940E+03
  8.712872E+03
  8.653782E+03
  8.594702E+03
  8.534937E+03
  8.473244E+03
  8.411575E+03
  8.349755E+03
  8.285807E+03
  8.221899E+03
  8.157911E+03
  8.091573E+03
  8.025283E+03
  7.958479E+03
  7.889003E+03
  7.819575E+03
  7.748469E+03
  7.675195E+03
  7.601965E+03
  7.525182E+03
  7.447762E+03
  7.368735E+03
  7.287012E+03
  7.205174E+03
  7.119173E+03
  7.033192E+03
  6.943807E+03
  6.853620E+03
  6.760553E+03
  6.666214E+03
  6.569059E+03
  6.470606E+03
  6.369077E+03
  6.266664E+03
  6.160714E+03
  6.053834E+03
  5.944426E+03
  5.833199E+03
  5.720642E+03
  5.605422E+03
  5.488630E+03
  5.370176E+03
  5.249342E+03
  5.125954E+03
  5.000340E+03
  4.872697E+03
  4.744341E+03
  4.619641E+03
  4.509084E+03
  4.430630E+03
  4.419999E+03
  4.514942E+03
  4.482886E+03
  4.046134E+03
  4.555917E+03
  1.352758E+03
 -7.527333E-05
  1.527320E+01
  1.552174E+01
  1.577028E+01
  1.601882E+01
  1.626735E+01
  1.651589E+01
  1.676442E+01
  1.701296E+01
  1.726149E+01
  1.786690E+01
  1.848115E+01
  1.909539E+01
  1.970963E+01
  2.032387E+01
  2.093810E+01
  2.155233E+01
  2.225061E+01
  2.310303E+01
  2.395544E+01
  2.480784E+01
  2.566023E+01
  2.651262E+01
  2.736500E+01
  2.825811E+01
  2.947742E+01
  3.069672E+01
  3.191599E+01
  3.313525E+01
  3.435449E+01
  3.557372E+01
  3.692408E+01
  3.871031E+01
  4.049651E+01
  4.228266E+01
  4.406878E+01
  4.585487E+01
  4.764091E+01
  5.000392E+01
  5.261941E+01
  5.523482E+01
  5.785015E+01
  6.046540E+01
  6.308057E+01
  6.614514E+01
  6.968380E+01
  7.322229E+01
  7.676061E+01
  8.029877E+01
  8.383677E+01
  8.755535E+01
  9.140028E+01
  9.524495E+01
  9.908934E+01
  1.029335E+02
  1.067773E+02
  1.098708E+02
  1.129522E+02
  1.160333E+02
  1.191141E+02
  1.221946E+02
  1.241715E+02
  1.255826E+02
  1.269935E+02
  1.284042E+02
  1.298147E+02
  1.296797E+02
  1.285311E+02
  1.273825E+02
  1.262338E+02
  1.250851E+02
  1.212952E+02
  1.168431E+02
  1.123911E+02
  1.079393E+02
  1.030052E+02
  9.650378E+01
  9.000246E+01
  8.350126E+01
  7.700020E+01
  7.349352E+01
  7.032177E+01
  6.714999E+01
  6.397817E+01
  6.688293E+01
  7.149921E+01
  7.611550E+01
  8.073180E+01
  9.223256E+01
  1.047886E+02
  1.173442E+02
  1.309784E+02
  1.507482E+02
  1.705160E+02
  1.902818E+02
  2.135707E+02
  2.390354E+02
  2.644948E+02
  2.897367E+02
  3.143755E+02
  3.390064E+02
  3.629295E+02
  3.782681E+02
  3.936007E+02
  4.083969E+02
  4.125507E+02
  4.167032E+02
  4.193293E+02
  4.145601E+02
  4.097937E+02
  4.022312E+02
  3.910854E+02
  3.799449E+02
  3.653373E+02
  3.500850E+02
  3.339510E+02
  3.163488E+02
  2.987072E+02
  2.797352E+02
  2.607686E+02
  2.401139E+02
  2.190593E+02
  1.961816E+02
  1.724965E+02
  1.479940E+02
  1.231142E+02
  9.848311E+01
  7.392413E+01
  5.055008E+01
  2.763384E+01
  6.021861E+00
 -1.441914E+01
 -3.399408E+01
 -5.165346E+01
 -6.815971E+01
 -8.346831E+01
 -9.712497E+01
 -1.091246E+02
 -1.196456E+02
 -1.284872E+02
 -1.353548E+02
 -1.397584E+02
 -1.408609E+02
 -1.374053E+02
 -1.284545E+02
 -1.147243E+02
 -9.654773E+01
 -8.287598E+01
  7.699997E+02
  4.409216E+03
  2.692780E-02
