 Title= "ADflow Lift Distribution Data"
Variables = "eta" "CoordinateX" "CoordinateY" "CoordinateZ" "Lift" "Drag" "Moment" "Normalized Lift" "Normalized Drag" "Normalized Moment" "CL" "CD" "CM" "CLp" "CDp" "CMp" "CLv" "CDv" "CMv" "Elliptical" "thickness" "twist" "chord" "fx" "fy" "fz" 
Zone T= "LiftDist_01 allWalls: : z normal"
 I=          150
 DATAPACKING=BLOCK
  0.000000E+00
  6.711405E-03
  1.342281E-02
  2.013422E-02
  2.684563E-02
  3.355704E-02
  4.026845E-02
  4.697986E-02
  5.369127E-02
  6.040268E-02
  6.711409E-02
  7.382550E-02
  8.053691E-02
  8.724832E-02
  9.395973E-02
  1.006711E-01
  1.073825E-01
  1.140940E-01
  1.208054E-01
  1.275168E-01
  1.342282E-01
  1.409396E-01
  1.476510E-01
  1.543624E-01
  1.610738E-01
  1.677852E-01
  1.744966E-01
  1.812081E-01
  1.879195E-01
  1.946309E-01
  2.013423E-01
  2.080537E-01
  2.147651E-01
  2.214765E-01
  2.281879E-01
  2.348993E-01
  2.416107E-01
  2.483221E-01
  2.550336E-01
  2.617450E-01
  2.684564E-01
  2.751678E-01
  2.818792E-01
  2.885906E-01
  2.953020E-01
  3.020134E-01
  3.087248E-01
  3.154362E-01
  3.221476E-01
  3.288591E-01
  3.355705E-01
  3.422819E-01
  3.489933E-01
  3.557047E-01
  3.624161E-01
  3.691275E-01
  3.758389E-01
  3.825503E-01
  3.892617E-01
  3.959732E-01
  4.026846E-01
  4.093960E-01
  4.161074E-01
  4.228188E-01
  4.295302E-01
  4.362416E-01
  4.429530E-01
  4.496644E-01
  4.563758E-01
  4.630872E-01
  4.697987E-01
  4.765101E-01
  4.832215E-01
  4.899329E-01
  4.966443E-01
  5.033557E-01
  5.100671E-01
  5.167785E-01
  5.234899E-01
  5.302013E-01
  5.369128E-01
  5.436242E-01
  5.503356E-01
  5.570470E-01
  5.637584E-01
  5.704698E-01
  5.771812E-01
  5.838926E-01
  5.906040E-01
  5.973154E-01
  6.040268E-01
  6.107383E-01
  6.174497E-01
  6.241611E-01
  6.308725E-01
  6.375839E-01
  6.442953E-01
  6.510067E-01
  6.577181E-01
  6.644295E-01
  6.711409E-01
  6.778524E-01
  6.845638E-01
  6.912752E-01
  6.979866E-01
  7.046980E-01
  7.114094E-01
  7.181208E-01
  7.248322E-01
  7.315436E-01
  7.382550E-01
  7.449664E-01
  7.516779E-01
  7.583893E-01
  7.651007E-01
  7.718121E-01
  7.785235E-01
  7.852349E-01
  7.919463E-01
  7.986577E-01
  8.053691E-01
  8.120805E-01
  8.187919E-01
  8.255034E-01
  8.322148E-01
  8.389262E-01
  8.456376E-01
  8.523490E-01
  8.590604E-01
  8.657718E-01
  8.724832E-01
  8.791946E-01
  8.859060E-01
  8.926175E-01
  8.993289E-01
  9.060403E-01
  9.127517E-01
  9.194631E-01
  9.261745E-01
  9.328859E-01
  9.395973E-01
  9.463087E-01
  9.530201E-01
  9.597315E-01
  9.664430E-01
  9.731544E-01
  9.798658E-01
  9.865772E-01
  9.932886E-01
  1.000000E+00
  0.000000E+00
  0.000000E+00
  0.000000E+00
  0.000000E+00
  0.000000E+00
  0.000000E+00
  0.000000E+00
  0.000000E+00
  0.000000E+00
  0.000000E+00
  0.000000E+00
  0.000000E+00
  0.000000E+00
  0.000000E+00
  0.000000E+00
  0.000000E+00
  0.000000E+00
  0.000000E+00
  0.000000E+00
  0.000000E+00
  0.000000E+00
  0.000000E+00
  0.000000E+00
  0.000000E+00
  0.000000E+00
  0.000000E+00
  0.000000E+00
  0.000000E+00
  0.000000E+00
  0.000000E+00
  0.000000E+00
  0.000000E+00
  0.000000E+00
  0.000000E+00
  0.000000E+00
  0.000000E+00
  0.000000E+00
  0.000000E+00
  0.000000E+00
  0.000000E+00
  0.000000E+00
  0.000000E+00
  0.000000E+00
  0.000000E+00
  0.000000E+00
  0.000000E+00
  0.000000E+00
  0.000000E+00
  0.000000E+00
  0.000000E+00
  0.000000E+00
  0.000000E+00
  0.000000E+00
  0.000000E+00
  0.000000E+00
  0.000000E+00
  0.000000E+00
  0.000000E+00
  0.000000E+00
  0.000000E+00
  0.000000E+00
  0.000000E+00
  0.000000E+00
  0.000000E+00
  0.000000E+00
  0.000000E+00
  0.000000E+00
  0.000000E+00
  0.000000E+00
  0.000000E+00
  0.000000E+00
  0.000000E+00
  0.000000E+00
  0.000000E+00
  0.000000E+00
  0.000000E+00
  0.000000E+00
  0.000000E+00
  0.000000E+00
  0.000000E+00
  0.000000E+00
  0.000000E+00
  0.000000E+00
  0.000000E+00
  0.000000E+00
  0.000000E+00
  0.000000E+00
  0.000000E+00
  0.000000E+00
  0.000000E+00
  0.000000E+00
  0.000000E+00
  0.000000E+00
  0.000000E+00
  0.000000E+00
  0.000000E+00
  0.000000E+00
  0.000000E+00
  0.000000E+00
  0.000000E+00
  0.000000E+00
  0.000000E+00
  0.000000E+00
  0.000000E+00
  0.000000E+00
  0.000000E+00
  0.000000E+00
  0.000000E+00
  0.000000E+00
  0.000000E+00
  0.000000E+00
  0.000000E+00
  0.000000E+00
  0.000000E+00
  0.000000E+00
  0.000000E+00
  0.000000E+00
  0.000000E+00
  0.000000E+00
  0.000000E+00
  0.000000E+00
  0.000000E+00
  0.000000E+00
  0.000000E+00
  0.000000E+00
  0.000000E+00
  0.000000E+00
  0.000000E+00
  0.000000E+00
  0.000000E+00
  0.000000E+00
  0.000000E+00
  0.000000E+00
  0.000000E+00
  0.000000E+00
  0.000000E+00
  0.000000E+00
  0.000000E+00
  0.000000E+00
  0.000000E+00
  0.000000E+00
  0.000000E+00
  0.000000E+00
  0.000000E+00
  0.000000E+00
  0.000000E+00
  0.000000E+00
  0.000000E+00
  0.000000E+00
  0.000000E+00
  0.000000E+00
  0.000000E+00
  0.000000E+00
  0.000000E+00
  0.000000E+00
  0.000000E+00
  0.000000E+00
  0.000000E+00
  0.000000E+00
  0.000000E+00
  0.000000E+00
  0.000000E+00
  0.000000E+00
  0.000000E+00
  0.000000E+00
  0.000000E+00
  0.000000E+00
  0.000000E+00
  0.000000E+00
  0.000000E+00
  0.000000E+00
  0.000000E+00
  0.000000E+00
  0.000000E+00
  0.000000E+00
  0.000000E+00
  0.000000E+00
  0.000000E+00
  0.000000E+00
  0.000000E+00
  0.000000E+00
  0.000000E+00
  0.000000E+00
  0.000000E+00
  0.000000E+00
  0.000000E+00
  0.000000E+00
  0.000000E+00
  0.000000E+00
  0.000000E+00
  0.000000E+00
  0.000000E+00
  0.000000E+00
  0.000000E+00
  0.000000E+00
  0.000000E+00
  0.000000E+00
  0.000000E+00
  0.000000E+00
  0.000000E+00
  0.000000E+00
  0.000000E+00
  0.000000E+00
  0.000000E+00
  0.000000E+00
  0.000000E+00
  0.000000E+00
  0.000000E+00
  0.000000E+00
  0.000000E+00
  0.000000E+00
  0.000000E+00
  0.000000E+00
  0.000000E+00
  0.000000E+00
  0.000000E+00
  0.000000E+00
  0.000000E+00
  0.000000E+00
  0.000000E+00
  0.000000E+00
  0.000000E+00
  0.000000E+00
  0.000000E+00
  0.000000E+00
  0.000000E+00
  0.000000E+00
  0.000000E+00
  0.000000E+00
  0.000000E+00
  0.000000E+00
  0.000000E+00
  0.000000E+00
  0.000000E+00
  0.000000E+00
  0.000000E+00
  0.000000E+00
  0.000000E+00
  0.000000E+00
  0.000000E+00
  0.000000E+00
  0.000000E+00
  0.000000E+00
  0.000000E+00
  0.000000E+00
  0.000000E+00
  0.000000E+00
  0.000000E+00
  0.000000E+00
  0.000000E+00
  0.000000E+00
  0.000000E+00
  0.000000E+00
  0.000000E+00
  0.000000E+00
  0.000000E+00
  0.000000E+00
  0.000000E+00
  0.000000E+00
  0.000000E+00
  0.000000E+00
  0.000000E+00
  0.000000E+00
  0.000000E+00
  0.000000E+00
  0.000000E+00
  0.000000E+00
  0.000000E+00
  0.000000E+00
  0.000000E+00
  0.000000E+00
  0.000000E+00
  0.000000E+00
  0.000000E+00
  0.000000E+00
  0.000000E+00
  0.000000E+00
  0.000000E+00
  0.000000E+00
  0.000000E+00
  0.000000E+00
  0.000000E+00
  0.000000E+00
  0.000000E+00
  0.000000E+00
  0.000000E+00
  0.000000E+00
  0.000000E+00
  0.000000E+00
  0.000000E+00
  0.000000E+00
  0.000000E+00
  0.000000E+00
  0.000000E+00
  0.000000E+00
  0.000000E+00
  0.000000E+00
  0.000000E+00
  0.000000E+00
  0.000000E+00
  1.000000E-08
  1.695085E-02
  3.390169E-02
  5.085254E-02
  6.780338E-02
  8.475423E-02
  1.017051E-01
  1.186559E-01
  1.356068E-01
  1.525576E-01
  1.695085E-01
  1.864593E-01
  2.034101E-01
  2.203610E-01
  2.373118E-01
  2.542627E-01
  2.712135E-01
  2.881644E-01
  3.051152E-01
  3.220661E-01
  3.390169E-01
  3.559678E-01
  3.729186E-01
  3.898694E-01
  4.068203E-01
  4.237711E-01
  4.407220E-01
  4.576728E-01
  4.746237E-01
  4.915745E-01
  5.085254E-01
  5.254762E-01
  5.424271E-01
  5.593779E-01
  5.763287E-01
  5.932796E-01
  6.102304E-01
  6.271813E-01
  6.441321E-01
  6.610830E-01
  6.780338E-01
  6.949847E-01
  7.119355E-01
  7.288864E-01
  7.458372E-01
  7.627880E-01
  7.797389E-01
  7.966897E-01
  8.136406E-01
  8.305914E-01
  8.475423E-01
  8.644931E-01
  8.814440E-01
  8.983948E-01
  9.153457E-01
  9.322965E-01
  9.492473E-01
  9.661982E-01
  9.831490E-01
  1.000100E+00
  1.017051E+00
  1.034002E+00
  1.050952E+00
  1.067903E+00
  1.084854E+00
  1.101805E+00
  1.118756E+00
  1.135707E+00
  1.152657E+00
  1.169608E+00
  1.186559E+00
  1.203510E+00
  1.220461E+00
  1.237412E+00
  1.254363E+00
  1.271313E+00
  1.288264E+00
  1.305215E+00
  1.322166E+00
  1.339117E+00
  1.356068E+00
  1.373018E+00
  1.389969E+00
  1.406920E+00
  1.423871E+00
  1.440822E+00
  1.457773E+00
  1.474724E+00
  1.491674E+00
  1.508625E+00
  1.525576E+00
  1.542527E+00
  1.559478E+00
  1.576429E+00
  1.593379E+00
  1.610330E+00
  1.627281E+00
  1.644232E+00
  1.661183E+00
  1.678134E+00
  1.695085E+00
  1.712035E+00
  1.728986E+00
  1.745937E+00
  1.762888E+00
  1.779839E+00
  1.796790E+00
  1.813740E+00
  1.830691E+00
  1.847642E+00
  1.864593E+00
  1.881544E+00
  1.898495E+00
  1.915446E+00
  1.932396E+00
  1.949347E+00
  1.966298E+00
  1.983249E+00
  2.000200E+00
  2.017151E+00
  2.034101E+00
  2.051052E+00
  2.068003E+00
  2.084954E+00
  2.101905E+00
  2.118856E+00
  2.135807E+00
  2.152757E+00
  2.169708E+00
  2.186659E+00
  2.203610E+00
  2.220561E+00
  2.237512E+00
  2.254462E+00
  2.271413E+00
  2.288364E+00
  2.305315E+00
  2.322266E+00
  2.339217E+00
  2.356168E+00
  2.373118E+00
  2.390069E+00
  2.407020E+00
  2.423971E+00
  2.440922E+00
  2.457873E+00
  2.474823E+00
  2.491774E+00
  2.508725E+00
  2.525676E+00
  8.389245E+03
  8.388132E+03
  8.387020E+03
  8.385910E+03
  8.384801E+03
  8.383693E+03
  8.382587E+03
  8.381482E+03
  8.380378E+03
  8.376422E+03
  8.372396E+03
  8.368372E+03
  8.364349E+03
  8.360326E+03
  8.356305E+03
  8.352286E+03
  8.347298E+03
  8.340535E+03
  8.333772E+03
  8.327010E+03
  8.320250E+03
  8.313490E+03
  8.306732E+03
  8.299830E+03
  8.291774E+03
  8.283719E+03
  8.275664E+03
  8.267611E+03
  8.259558E+03
  8.251506E+03
  8.243216E+03
  8.234131E+03
  8.225047E+03
  8.215964E+03
  8.206882E+03
  8.197800E+03
  8.188718E+03
  8.178845E+03
  8.168625E+03
  8.158405E+03
  8.148186E+03
  8.137967E+03
  8.127749E+03
  8.117022E+03
  8.105758E+03
  8.094494E+03
  8.083231E+03
  8.071967E+03
  8.060703E+03
  8.048920E+03
  8.036773E+03
  8.024626E+03
  8.012479E+03
  8.000332E+03
  7.988184E+03
  7.975314E+03
  7.962432E+03
  7.949550E+03
  7.936668E+03
  7.923786E+03
  7.910531E+03
  7.897083E+03
  7.883637E+03
  7.870190E+03
  7.856743E+03
  7.843033E+03
  7.829151E+03
  7.815269E+03
  7.801388E+03
  7.787507E+03
  7.773260E+03
  7.758921E+03
  7.744584E+03
  7.730250E+03
  7.715741E+03
  7.700666E+03
  7.685594E+03
  7.670526E+03
  7.655463E+03
  7.639270E+03
  7.622957E+03
  7.606651E+03
  7.590351E+03
  7.572554E+03
  7.554341E+03
  7.536137E+03
  7.517941E+03
  7.497365E+03
  7.476432E+03
  7.455507E+03
  7.434051E+03
  7.409531E+03
  7.385018E+03
  7.360513E+03
  7.333356E+03
  7.304561E+03
  7.275770E+03
  7.245724E+03
  7.212145E+03
  7.178570E+03
  7.144609E+03
  7.105896E+03
  7.067186E+03
  7.028223E+03
  6.984172E+03
  6.940123E+03
  6.895151E+03
  6.845703E+03
  6.796258E+03
  6.744460E+03
  6.689647E+03
  6.634838E+03
  6.575575E+03
  6.515482E+03
  6.453451E+03
  6.388201E+03
  6.322795E+03
  6.252590E+03
  6.182394E+03
  6.108438E+03
  6.033592E+03
  5.955729E+03
  5.876533E+03
  5.794566E+03
  5.711324E+03
  5.625230E+03
  5.538315E+03
  5.448190E+03
  5.357212E+03
  5.263913E+03
  5.168898E+03
  5.072623E+03
  4.973753E+03
  4.873313E+03
  4.771220E+03
  4.666770E+03
  4.559850E+03
  4.450756E+03
  4.339492E+03
  4.226757E+03
  4.115292E+03
  4.011978E+03
  3.929117E+03
  3.898860E+03
  3.966397E+03
  3.942537E+03
  3.637324E+03
  4.269461E+03
  1.077210E+03
 -2.493424E-04
  3.873206E+02
  3.873806E+02
  3.874408E+02
  3.875012E+02
  3.875619E+02
  3.876228E+02
  3.876839E+02
  3.877453E+02
  3.878069E+02
  3.877486E+02
  3.876877E+02
  3.876270E+02
  3.875666E+02
  3.875064E+02
  3.874466E+02
  3.873869E+02
  3.873263E+02
  3.872634E+02
  3.872007E+02
  3.871381E+02
  3.870756E+02
  3.870132E+02
  3.869509E+02
  3.869083E+02
  3.870218E+02
  3.871354E+02
  3.872490E+02
  3.873626E+02
  3.874763E+02
  3.875900E+02
  3.877395E+02
  3.880079E+02
  3.882763E+02
  3.885447E+02
  3.888132E+02
  3.890816E+02
  3.893500E+02
  3.897141E+02
  3.901202E+02
  3.905263E+02
  3.909323E+02
  3.913384E+02
  3.917444E+02
  3.922197E+02
  3.927681E+02
  3.933165E+02
  3.938650E+02
  3.944135E+02
  3.949621E+02
  3.955721E+02
  3.962252E+02
  3.968784E+02
  3.975317E+02
  3.981851E+02
  3.988386E+02
  3.995314E+02
  4.002248E+02
  4.009183E+02
  4.016119E+02
  4.023055E+02
  4.029794E+02
  4.036433E+02
  4.043071E+02
  4.049709E+02
  4.056347E+02
  4.062379E+02
  4.068011E+02
  4.073644E+02
  4.079277E+02
  4.084909E+02
  4.089181E+02
  4.093113E+02
  4.097046E+02
  4.100979E+02
  4.104414E+02
  4.106229E+02
  4.108047E+02
  4.109869E+02
  4.111694E+02
  4.111682E+02
  4.111471E+02
  4.111267E+02
  4.111070E+02
  4.109716E+02
  4.108043E+02
  4.106378E+02
  4.104722E+02
  4.102429E+02
  4.100044E+02
  4.097667E+02
  4.095275E+02
  4.092756E+02
  4.090242E+02
  4.087732E+02
  4.085259E+02
  4.082808E+02
  4.080357E+02
  4.077938E+02
  4.075607E+02
  4.073272E+02
  4.070967E+02
  4.069059E+02
  4.067145E+02
  4.065261E+02
  4.064039E+02
  4.062813E+02
  4.061702E+02
  4.061164E+02
  4.060626E+02
  4.060359E+02
  4.060441E+02
  4.060528E+02
  4.061110E+02
  4.061793E+02
  4.062681E+02
  4.063903E+02
  4.065155E+02
  4.066756E+02
  4.068382E+02
  4.070298E+02
  4.072310E+02
  4.074456E+02
  4.076686E+02
  4.078730E+02
  4.080714E+02
  4.082535E+02
  4.084342E+02
  4.086572E+02
  4.089201E+02
  4.092947E+02
  4.098362E+02
  4.105097E+02
  4.115844E+02
  4.129944E+02
  4.147836E+02
  4.172023E+02
  4.204396E+02
  4.245630E+02
  4.298784E+02
  4.369289E+02
  4.467879E+02
  4.615110E+02
  4.845709E+02
  5.235209E+02
  5.878299E+02
  6.469476E+02
  6.689699E+02
  8.215924E+02
  1.142196E+02
  3.592982E-04
  1.200722E+03
  1.200122E+03
  1.199523E+03
  1.198925E+03
  1.198327E+03
  1.197730E+03
  1.197133E+03
  1.196536E+03
  1.195940E+03
  1.194120E+03
  1.192269E+03
  1.190420E+03
  1.188570E+03
  1.186722E+03
  1.184873E+03
  1.183025E+03
  1.180945E+03
  1.178440E+03
  1.175934E+03
  1.173429E+03
  1.170924E+03
  1.168420E+03
  1.165916E+03
  1.163427E+03
  1.161062E+03
  1.158698E+03
  1.156333E+03
  1.153969E+03
  1.151605E+03
  1.149241E+03
  1.146953E+03
  1.144915E+03
  1.142877E+03
  1.140839E+03
  1.138802E+03
  1.136764E+03
  1.134727E+03
  1.132972E+03
  1.131341E+03
  1.129710E+03
  1.128079E+03
  1.126447E+03
  1.124816E+03
  1.123492E+03
  1.122491E+03
  1.121491E+03
  1.120490E+03
  1.119490E+03
  1.118489E+03
  1.118011E+03
  1.117900E+03
  1.117788E+03
  1.117677E+03
  1.117565E+03
  1.117453E+03
  1.118459E+03
  1.119482E+03
  1.120504E+03
  1.121527E+03
  1.122550E+03
  1.124493E+03
  1.126907E+03
  1.129322E+03
  1.131736E+03
  1.134151E+03
  1.137536E+03
  1.141557E+03
  1.145579E+03
  1.149601E+03
  1.153623E+03
  1.159003E+03
  1.164724E+03
  1.170447E+03
  1.176170E+03
  1.182264E+03
  1.189566E+03
  1.196869E+03
  1.204173E+03
  1.211480E+03
  1.219778E+03
  1.228190E+03
  1.236604E+03
  1.245021E+03
  1.253653E+03
  1.262348E+03
  1.271047E+03
  1.279749E+03
  1.287887E+03
  1.295942E+03
  1.304001E+03
  1.311843E+03
  1.318434E+03
  1.325028E+03
  1.331625E+03
  1.336871E+03
  1.341281E+03
  1.345693E+03
  1.349383E+03
  1.351041E+03
  1.352700E+03
  1.354129E+03
  1.352738E+03
  1.351348E+03
  1.349810E+03
  1.345308E+03
  1.340806E+03
  1.335783E+03
  1.328225E+03
  1.320668E+03
  1.311839E+03
  1.301380E+03
  1.290922E+03
  1.278225E+03
  1.265111E+03
  1.251111E+03
  1.235640E+03
  1.220105E+03
  1.202621E+03
  1.185140E+03
  1.166384E+03
  1.147326E+03
  1.127528E+03
  1.107403E+03
  1.086901E+03
  1.066225E+03
  1.045500E+03
  1.024763E+03
  1.004388E+03
  9.842137E+02
  9.646210E+02
  9.456905E+02
  9.272617E+02
  9.101168E+02
  8.938488E+02
  8.785167E+02
  8.645616E+02
  8.520984E+02
  8.411278E+02
  8.320714E+02
  8.258731E+02
  8.248031E+02
  8.339124E+02
  8.622758E+02
  9.281284E+02
  1.054270E+03
  1.165833E+03
  1.147164E+03
  1.379235E+03
  1.812003E+02
 -2.236519E-10
  1.175660E+00
  1.175504E+00
  1.175348E+00
  1.175192E+00
  1.175037E+00
  1.174882E+00
  1.174727E+00
  1.174572E+00
  1.174417E+00
  1.173863E+00
  1.173299E+00
  1.172735E+00
  1.172171E+00
  1.171607E+00
  1.171044E+00
  1.170480E+00
  1.169781E+00
  1.168834E+00
  1.167886E+00
  1.166938E+00
  1.165991E+00
  1.165044E+00
  1.164096E+00
  1.163129E+00
  1.162000E+00
  1.160871E+00
  1.159743E+00
  1.158614E+00
  1.157486E+00
  1.156357E+00
  1.155195E+00
  1.153922E+00
  1.152649E+00
  1.151376E+00
  1.150104E+00
  1.148831E+00
  1.147558E+00
  1.146175E+00
  1.144742E+00
  1.143310E+00
  1.141878E+00
  1.140446E+00
  1.139014E+00
  1.137511E+00
  1.135932E+00
  1.134354E+00
  1.132775E+00
  1.131197E+00
  1.129618E+00
  1.127967E+00
  1.126265E+00
  1.124562E+00
  1.122860E+00
  1.121158E+00
  1.119456E+00
  1.117652E+00
  1.115847E+00
  1.114041E+00
  1.112236E+00
  1.110431E+00
  1.108573E+00
  1.106689E+00
  1.104804E+00
  1.102920E+00
  1.101036E+00
  1.099114E+00
  1.097169E+00
  1.095223E+00
  1.093278E+00
  1.091333E+00
  1.089336E+00
  1.087327E+00
  1.085318E+00
  1.083309E+00
  1.081276E+00
  1.079163E+00
  1.077051E+00
  1.074939E+00
  1.072828E+00
  1.070559E+00
  1.068273E+00
  1.065988E+00
  1.063704E+00
  1.061210E+00
  1.058657E+00
  1.056106E+00
  1.053556E+00
  1.050673E+00
  1.047739E+00
  1.044807E+00
  1.041800E+00
  1.038364E+00
  1.034928E+00
  1.031494E+00
  1.027689E+00
  1.023653E+00
  1.019619E+00
  1.015408E+00
  1.010702E+00
  1.005997E+00
  1.001238E+00
  9.958127E-01
  9.903878E-01
  9.849276E-01
  9.787543E-01
  9.725813E-01
  9.662791E-01
  9.593495E-01
  9.524202E-01
  9.451613E-01
  9.374799E-01
  9.297991E-01
  9.214940E-01
  9.130726E-01
  9.043797E-01
  8.952356E-01
  8.860697E-01
  8.762312E-01
  8.663940E-01
  8.560299E-01
  8.455411E-01
  8.346294E-01
  8.235310E-01
  8.120443E-01
  8.003788E-01
  7.883136E-01
  7.761335E-01
  7.635035E-01
  7.507539E-01
  7.376791E-01
  7.243638E-01
  7.108720E-01
  6.970163E-01
  6.829408E-01
  6.686336E-01
  6.539961E-01
  6.390124E-01
  6.237242E-01
  6.081317E-01
  5.923332E-01
  5.767126E-01
  5.622343E-01
  5.506222E-01
  5.463820E-01
  5.558465E-01
  5.525029E-01
  5.097306E-01
  5.983177E-01
  1.509590E-01
 -3.494257E-08
  9.499945E-01
  9.501416E-01
  9.502892E-01
  9.504374E-01
  9.505862E-01
  9.507356E-01
  9.508855E-01
  9.510360E-01
  9.511871E-01
  9.510443E-01
  9.508948E-01
  9.507460E-01
  9.505978E-01
  9.504503E-01
  9.503034E-01
  9.501572E-01
  9.500084E-01
  9.498542E-01
  9.497003E-01
  9.495468E-01
  9.493935E-01
  9.492405E-01
  9.490878E-01
  9.489832E-01
  9.492616E-01
  9.495401E-01
  9.498187E-01
  9.500975E-01
  9.503763E-01
  9.506552E-01
  9.510219E-01
  9.516803E-01
  9.523386E-01
  9.529970E-01
  9.536553E-01
  9.543136E-01
  9.549720E-01
  9.558652E-01
  9.568611E-01
  9.578571E-01
  9.588530E-01
  9.598489E-01
  9.608449E-01
  9.620106E-01
  9.633557E-01
  9.647009E-01
  9.660461E-01
  9.673915E-01
  9.687369E-01
  9.702331E-01
  9.718351E-01
  9.734373E-01
  9.750397E-01
  9.766423E-01
  9.782451E-01
  9.799443E-01
  9.816451E-01
  9.833461E-01
  9.850472E-01
  9.867485E-01
  9.884014E-01
  9.900296E-01
  9.916578E-01
  9.932860E-01
  9.949142E-01
  9.963935E-01
  9.977750E-01
  9.991566E-01
  1.000538E+00
  1.001920E+00
  1.002967E+00
  1.003932E+00
  1.004896E+00
  1.005861E+00
  1.006704E+00
  1.007149E+00
  1.007595E+00
  1.008042E+00
  1.008489E+00
  1.008486E+00
  1.008435E+00
  1.008385E+00
  1.008336E+00
  1.008004E+00
  1.007594E+00
  1.007185E+00
  1.006779E+00
  1.006217E+00
  1.005632E+00
  1.005049E+00
  1.004462E+00
  1.003844E+00
  1.003228E+00
  1.002612E+00
  1.002006E+00
  1.001404E+00
  1.000803E+00
  1.000210E+00
  9.996381E-01
  9.990654E-01
  9.984999E-01
  9.980319E-01
  9.975626E-01
  9.971003E-01
  9.968006E-01
  9.964999E-01
  9.962274E-01
  9.960957E-01
  9.959637E-01
  9.958981E-01
  9.959183E-01
  9.959396E-01
  9.960823E-01
  9.962500E-01
  9.964675E-01
  9.967675E-01
  9.970744E-01
  9.974670E-01
  9.978658E-01
  9.983358E-01
  9.988293E-01
  9.993557E-01
  9.999026E-01
  1.000404E+00
  1.000891E+00
  1.001337E+00
  1.001781E+00
  1.002327E+00
  1.002972E+00
  1.003891E+00
  1.005219E+00
  1.006871E+00
  1.009507E+00
  1.012965E+00
  1.017354E+00
  1.023286E+00
  1.031227E+00
  1.041340E+00
  1.054377E+00
  1.071670E+00
  1.095852E+00
  1.131964E+00
  1.188524E+00
  1.284058E+00
  1.441790E+00
  1.586790E+00
  1.640805E+00
  2.015148E+00
  2.801503E-01
  8.812629E-07
  1.043933E+00
  1.043412E+00
  1.042891E+00
  1.042371E+00
  1.041851E+00
  1.041331E+00
  1.040812E+00
  1.040294E+00
  1.039775E+00
  1.038193E+00
  1.036584E+00
  1.034976E+00
  1.033368E+00
  1.031761E+00
  1.030154E+00
  1.028547E+00
  1.026739E+00
  1.024560E+00
  1.022382E+00
  1.020204E+00
  1.018026E+00
  1.015849E+00
  1.013672E+00
  1.011508E+00
  1.009452E+00
  1.007396E+00
  1.005340E+00
  1.003285E+00
  1.001230E+00
  9.991743E-01
  9.971848E-01
  9.954130E-01
  9.936413E-01
  9.918697E-01
  9.900983E-01
  9.883269E-01
  9.865557E-01
  9.850299E-01
  9.836116E-01
  9.821934E-01
  9.807752E-01
  9.793571E-01
  9.779390E-01
  9.767876E-01
  9.759177E-01
  9.750477E-01
  9.741778E-01
  9.733079E-01
  9.724379E-01
  9.720226E-01
  9.719255E-01
  9.718285E-01
  9.717315E-01
  9.716345E-01
  9.715375E-01
  9.724115E-01
  9.733008E-01
  9.741902E-01
  9.750795E-01
  9.759689E-01
  9.776579E-01
  9.797570E-01
  9.818562E-01
  9.839554E-01
  9.860547E-01
  9.889975E-01
  9.924937E-01
  9.959902E-01
  9.994869E-01
  1.002984E+00
  1.007662E+00
  1.012636E+00
  1.017611E+00
  1.022587E+00
  1.027886E+00
  1.034233E+00
  1.040583E+00
  1.046934E+00
  1.053286E+00
  1.060501E+00
  1.067814E+00
  1.075130E+00
  1.082448E+00
  1.089953E+00
  1.097512E+00
  1.105075E+00
  1.112641E+00
  1.119716E+00
  1.126720E+00
  1.133726E+00
  1.140544E+00
  1.146274E+00
  1.152007E+00
  1.157743E+00
  1.162303E+00
  1.166138E+00
  1.169974E+00
  1.173182E+00
  1.174623E+00
  1.176066E+00
  1.177309E+00
  1.176099E+00
  1.174890E+00
  1.173553E+00
  1.169639E+00
  1.165725E+00
  1.161357E+00
  1.154787E+00
  1.148217E+00
  1.140541E+00
  1.131447E+00
  1.122354E+00
  1.111316E+00
  1.099914E+00
  1.087742E+00
  1.074291E+00
  1.060785E+00
  1.045584E+00
  1.030386E+00
  1.014079E+00
  9.975094E-01
  9.802964E-01
  9.627997E-01
  9.449742E-01
  9.269983E-01
  9.089796E-01
  8.909504E-01
  8.732364E-01
  8.556961E-01
  8.386618E-01
  8.222032E-01
  8.061808E-01
  7.912747E-01
  7.771310E-01
  7.638009E-01
  7.516680E-01
  7.408323E-01
  7.312942E-01
  7.234204E-01
  7.180314E-01
  7.171012E-01
  7.250210E-01
  7.496808E-01
  8.069344E-01
  9.166048E-01
  1.013600E+00
  9.973686E-01
  1.199136E+00
  1.575394E-01
 -1.944476E-13
  7.501193E-01
  7.500200E-01
  7.499209E-01
  7.498219E-01
  7.497230E-01
  7.496242E-01
  7.495255E-01
  7.494270E-01
  7.493285E-01
  7.489750E-01
  7.486153E-01
  7.482557E-01
  7.478962E-01
  7.475368E-01
  7.471775E-01
  7.468183E-01
  7.463725E-01
  7.457680E-01
  7.451635E-01
  7.445591E-01
  7.439548E-01
  7.433506E-01
  7.427465E-01
  7.421295E-01
  7.414094E-01
  7.406893E-01
  7.399693E-01
  7.392494E-01
  7.385295E-01
  7.378097E-01
  7.370686E-01
  7.362565E-01
  7.354444E-01
  7.346324E-01
  7.338204E-01
  7.330085E-01
  7.321966E-01
  7.313139E-01
  7.304002E-01
  7.294866E-01
  7.285729E-01
  7.276593E-01
  7.267457E-01
  7.257866E-01
  7.247796E-01
  7.237725E-01
  7.227654E-01
  7.217584E-01
  7.207513E-01
  7.196978E-01
  7.186117E-01
  7.175256E-01
  7.164395E-01
  7.153533E-01
  7.142672E-01
  7.131164E-01
  7.119645E-01
  7.108126E-01
  7.096608E-01
  7.085089E-01
  7.073235E-01
  7.061211E-01
  7.049186E-01
  7.037161E-01
  7.025137E-01
  7.012876E-01
  7.000461E-01
  6.988046E-01
  6.975632E-01
  6.963219E-01
  6.950475E-01
  6.937651E-01
  6.924827E-01
  6.912005E-01
  6.899028E-01
  6.885542E-01
  6.872059E-01
  6.858579E-01
  6.845103E-01
  6.830615E-01
  6.816019E-01
  6.801429E-01
  6.786844E-01
  6.770919E-01
  6.754621E-01
  6.738331E-01
  6.722048E-01
  6.703636E-01
  6.684903E-01
  6.666178E-01
  6.646978E-01
  6.625039E-01
  6.603105E-01
  6.581178E-01
  6.556882E-01
  6.531120E-01
  6.505363E-01
  6.478484E-01
  6.448448E-01
  6.418416E-01
  6.388039E-01
  6.353418E-01
  6.318799E-01
  6.283954E-01
  6.244566E-01
  6.205179E-01
  6.164968E-01
  6.120760E-01
  6.076554E-01
  6.030247E-01
  5.981248E-01
  5.932252E-01
  5.879277E-01
  5.825561E-01
  5.770113E-01
  5.711789E-01
  5.653325E-01
  5.590572E-01
  5.527827E-01
  5.461721E-01
  5.394817E-01
  5.325216E-01
  5.254422E-01
  5.181149E-01
  5.106735E-01
  5.029768E-01
  4.952066E-01
  4.871492E-01
  4.790154E-01
  4.706738E-01
  4.621787E-01
  4.535708E-01
  4.447307E-01
  4.357501E-01
  4.266216E-01
  4.172823E-01
  4.077219E-01
  3.979671E-01
  3.880181E-01
  3.779377E-01
  3.679707E-01
  3.587325E-01
  3.513231E-01
  3.486174E-01
  3.546558E-01
  3.525220E-01
  3.252310E-01
  3.817531E-01
  1.322730E-01
 -5.423485E-03
  3.463204E-02
  3.463742E-02
  3.464281E-02
  3.464823E-02
  3.465366E-02
  3.465912E-02
  3.466460E-02
  3.467009E-02
  3.467561E-02
  3.467042E-02
  3.466498E-02
  3.465956E-02
  3.465417E-02
  3.464881E-02
  3.464346E-02
  3.463814E-02
  3.463273E-02
  3.462712E-02
  3.462152E-02
  3.461593E-02
  3.461035E-02
  3.460478E-02
  3.459922E-02
  3.459542E-02
  3.460558E-02
  3.461574E-02
  3.462590E-02
  3.463607E-02
  3.464625E-02
  3.465642E-02
  3.466980E-02
  3.469381E-02
  3.471781E-02
  3.474182E-02
  3.476583E-02
  3.478983E-02
  3.481384E-02
  3.484641E-02
  3.488272E-02
  3.491904E-02
  3.495535E-02
  3.499166E-02
  3.502797E-02
  3.507048E-02
  3.511952E-02
  3.516856E-02
  3.521760E-02
  3.526665E-02
  3.531570E-02
  3.537025E-02
  3.542865E-02
  3.548706E-02
  3.554548E-02
  3.560391E-02
  3.566234E-02
  3.572428E-02
  3.578629E-02
  3.584829E-02
  3.591031E-02
  3.597233E-02
  3.603258E-02
  3.609193E-02
  3.615128E-02
  3.621063E-02
  3.626999E-02
  3.632390E-02
  3.637426E-02
  3.642461E-02
  3.647496E-02
  3.652531E-02
  3.656350E-02
  3.659863E-02
  3.663377E-02
  3.666892E-02
  3.669960E-02
  3.671580E-02
  3.673203E-02
  3.674828E-02
  3.676456E-02
  3.676440E-02
  3.676246E-02
  3.676058E-02
  3.675876E-02
  3.674659E-02
  3.673156E-02
  3.671660E-02
  3.670172E-02
  3.668113E-02
  3.665973E-02
  3.663840E-02
  3.661692E-02
  3.659431E-02
  3.657174E-02
  3.654921E-02
  3.652702E-02
  3.650502E-02
  3.648302E-02
  3.646131E-02
  3.644039E-02
  3.641945E-02
  3.639876E-02
  3.638166E-02
  3.636451E-02
  3.634761E-02
  3.633667E-02
  3.632570E-02
  3.631575E-02
  3.631097E-02
  3.630618E-02
  3.630382E-02
  3.630462E-02
  3.630544E-02
  3.631073E-02
  3.631692E-02
  3.632495E-02
  3.633599E-02
  3.634728E-02
  3.636172E-02
  3.637638E-02
  3.639364E-02
  3.641175E-02
  3.643107E-02
  3.645113E-02
  3.646953E-02
  3.648738E-02
  3.650376E-02
  3.652001E-02
  3.654003E-02
  3.656361E-02
  3.659716E-02
  3.664564E-02
  3.670590E-02
  3.680203E-02
  3.692813E-02
  3.708814E-02
  3.730442E-02
  3.759388E-02
  3.796256E-02
  3.843782E-02
  3.906822E-02
  3.994974E-02
  4.126618E-02
  4.332805E-02
  4.681073E-02
  5.256087E-02
  5.784683E-02
  5.981590E-02
  7.346255E-02
  1.402528E-02
  7.815151E-03
  1.073618E-01
  1.073082E-01
  1.072547E-01
  1.072013E-01
  1.071478E-01
  1.070945E-01
  1.070411E-01
  1.069878E-01
  1.069346E-01
  1.067718E-01
  1.066064E-01
  1.064411E-01
  1.062757E-01
  1.061105E-01
  1.059452E-01
  1.057800E-01
  1.055941E-01
  1.053701E-01
  1.051461E-01
  1.049221E-01
  1.046982E-01
  1.044743E-01
  1.042504E-01
  1.040279E-01
  1.038165E-01
  1.036050E-01
  1.033936E-01
  1.031823E-01
  1.029709E-01
  1.027596E-01
  1.025550E-01
  1.023728E-01
  1.021906E-01
  1.020084E-01
  1.018263E-01
  1.016441E-01
  1.014620E-01
  1.013051E-01
  1.011592E-01
  1.010134E-01
  1.008675E-01
  1.007217E-01
  1.005759E-01
  1.004575E-01
  1.003680E-01
  1.002786E-01
  1.001891E-01
  1.000996E-01
  1.000102E-01
  9.996748E-02
  9.995750E-02
  9.994753E-02
  9.993756E-02
  9.992759E-02
  9.991761E-02
  1.000075E-01
  1.000990E-01
  1.001904E-01
  1.002819E-01
  1.003733E-01
  1.005470E-01
  1.007629E-01
  1.009788E-01
  1.011947E-01
  1.014105E-01
  1.017132E-01
  1.020727E-01
  1.024323E-01
  1.027918E-01
  1.031515E-01
  1.036325E-01
  1.041440E-01
  1.046556E-01
  1.051673E-01
  1.057121E-01
  1.063649E-01
  1.070178E-01
  1.076708E-01
  1.083240E-01
  1.090658E-01
  1.098178E-01
  1.105700E-01
  1.113225E-01
  1.120941E-01
  1.128713E-01
  1.136489E-01
  1.144267E-01
  1.151542E-01
  1.158741E-01
  1.165944E-01
  1.172953E-01
  1.178843E-01
  1.184736E-01
  1.190632E-01
  1.195319E-01
  1.199260E-01
  1.203202E-01
  1.206499E-01
  1.207979E-01
  1.209459E-01
  1.210736E-01
  1.209490E-01
  1.208245E-01
  1.206869E-01
  1.202843E-01
  1.198818E-01
  1.194326E-01
  1.187569E-01
  1.180813E-01
  1.172920E-01
  1.163571E-01
  1.154221E-01
  1.142872E-01
  1.131149E-01
  1.118634E-01
  1.104805E-01
  1.090918E-01
  1.075289E-01
  1.059663E-01
  1.042896E-01
  1.025859E-01
  1.008160E-01
  9.901696E-02
  9.718405E-02
  9.533564E-02
  9.348279E-02
  9.162883E-02
  8.980726E-02
  8.800351E-02
  8.625177E-02
  8.455923E-02
  8.291150E-02
  8.137856E-02
  7.992401E-02
  7.855313E-02
  7.730534E-02
  7.619093E-02
  7.520996E-02
  7.440014E-02
  7.384586E-02
  7.375014E-02
  7.456459E-02
  7.710064E-02
  8.298879E-02
  9.426770E-02
  1.042430E-01
  1.025736E-01
  1.233241E-01
  2.225000E-02
 -4.864686E-09
  7.502837E-01
  7.501845E-01
  7.500855E-01
  7.499866E-01
  7.498878E-01
  7.497892E-01
  7.496906E-01
  7.495922E-01
  7.494939E-01
  7.491406E-01
  7.487811E-01
  7.484217E-01
  7.480624E-01
  7.477032E-01
  7.473441E-01
  7.469851E-01
  7.465396E-01
  7.459353E-01
  7.453311E-01
  7.447270E-01
  7.441230E-01
  7.435190E-01
  7.429151E-01
  7.422985E-01
  7.415787E-01
  7.408590E-01
  7.401393E-01
  7.394197E-01
  7.387002E-01
  7.379807E-01
  7.372399E-01
  7.364282E-01
  7.356166E-01
  7.348050E-01
  7.339934E-01
  7.331819E-01
  7.323704E-01
  7.314882E-01
  7.305750E-01
  7.296618E-01
  7.287486E-01
  7.278355E-01
  7.269224E-01
  7.259638E-01
  7.249573E-01
  7.239507E-01
  7.229442E-01
  7.219377E-01
  7.209311E-01
  7.198781E-01
  7.187926E-01
  7.177070E-01
  7.166214E-01
  7.155358E-01
  7.144502E-01
  7.132999E-01
  7.121486E-01
  7.109972E-01
  7.098458E-01
  7.086945E-01
  7.075096E-01
  7.063076E-01
  7.051055E-01
  7.039035E-01
  7.027015E-01
  7.014758E-01
  7.002346E-01
  6.989934E-01
  6.977523E-01
  6.965113E-01
  6.952371E-01
  6.939548E-01
  6.926726E-01
  6.913905E-01
  6.900928E-01
  6.887441E-01
  6.873957E-01
  6.860476E-01
  6.846999E-01
  6.832508E-01
  6.817909E-01
  6.803316E-01
  6.788728E-01
  6.772799E-01
  6.756498E-01
  6.740203E-01
  6.723916E-01
  6.705500E-01
  6.686764E-01
  6.668035E-01
  6.648830E-01
  6.626888E-01
  6.604952E-01
  6.583022E-01
  6.558724E-01
  6.532961E-01
  6.507204E-01
  6.480325E-01
  6.450292E-01
  6.420262E-01
  6.389887E-01
  6.355273E-01
  6.320660E-01
  6.285822E-01
  6.246444E-01
  6.207067E-01
  6.166867E-01
  6.122673E-01
  6.078482E-01
  6.032191E-01
  5.983210E-01
  5.934232E-01
  5.881278E-01
  5.827583E-01
  5.772159E-01
  5.713859E-01
  5.655419E-01
  5.592694E-01
  5.529976E-01
  5.463899E-01
  5.397026E-01
  5.327455E-01
  5.256692E-01
  5.183451E-01
  5.109067E-01
  5.032132E-01
  4.954461E-01
  4.873920E-01
  4.792614E-01
  4.709234E-01
  4.624323E-01
  4.538287E-01
  4.449941E-01
  4.360204E-01
  4.269002E-01
  4.175717E-01
  4.080255E-01
  3.982882E-01
  3.883605E-01
  3.783061E-01
  3.683701E-01
  3.591673E-01
  3.517949E-01
  3.491213E-01
  3.551752E-01
  3.530274E-01
  3.257080E-01
  3.819687E-01
  1.316922E-01
 -6.092934E-03
  2.843586E-02
  2.844178E-02
  2.844772E-02
  2.845369E-02
  2.845967E-02
  2.846567E-02
  2.847170E-02
  2.847774E-02
  2.848380E-02
  2.847950E-02
  2.847497E-02
  2.847047E-02
  2.846598E-02
  2.846152E-02
  2.845708E-02
  2.845266E-02
  2.844797E-02
  2.844273E-02
  2.843751E-02
  2.843229E-02
  2.842709E-02
  2.842189E-02
  2.841671E-02
  2.841322E-02
  2.842320E-02
  2.843318E-02
  2.844316E-02
  2.845315E-02
  2.846314E-02
  2.847313E-02
  2.848628E-02
  2.850989E-02
  2.853350E-02
  2.855711E-02
  2.858072E-02
  2.860432E-02
  2.862793E-02
  2.866006E-02
  2.869592E-02
  2.873178E-02
  2.876764E-02
  2.880350E-02
  2.883936E-02
  2.888140E-02
  2.892996E-02
  2.897853E-02
  2.902711E-02
  2.907569E-02
  2.912427E-02
  2.917833E-02
  2.923624E-02
  2.929416E-02
  2.935209E-02
  2.941002E-02
  2.946797E-02
  2.952940E-02
  2.959090E-02
  2.965240E-02
  2.971391E-02
  2.977542E-02
  2.983516E-02
  2.989399E-02
  2.995281E-02
  3.001164E-02
  3.007047E-02
  3.012387E-02
  3.017370E-02
  3.022353E-02
  3.027335E-02
  3.032318E-02
  3.036086E-02
  3.039550E-02
  3.043014E-02
  3.046479E-02
  3.049500E-02
  3.051076E-02
  3.052655E-02
  3.054237E-02
  3.055821E-02
  3.055770E-02
  3.055541E-02
  3.055318E-02
  3.055100E-02
  3.053858E-02
  3.052333E-02
  3.050816E-02
  3.049305E-02
  3.047241E-02
  3.045097E-02
  3.042959E-02
  3.040809E-02
  3.038566E-02
  3.036326E-02
  3.034089E-02
  3.031899E-02
  3.029738E-02
  3.027577E-02
  3.025450E-02
  3.023421E-02
  3.021389E-02
  3.019384E-02
  3.017758E-02
  3.016128E-02
  3.014524E-02
  3.013533E-02
  3.012539E-02
  3.011650E-02
  3.011290E-02
  3.010929E-02
  3.010816E-02
  3.011024E-02
  3.011235E-02
  3.011900E-02
  3.012657E-02
  3.013602E-02
  3.014856E-02
  3.016136E-02
  3.017752E-02
  3.019390E-02
  3.021321E-02
  3.023344E-02
  3.025528E-02
  3.027805E-02
  3.029962E-02
  3.032085E-02
  3.034109E-02
  3.036133E-02
  3.038552E-02
  3.041310E-02
  3.045003E-02
  3.050032E-02
  3.056111E-02
  3.065280E-02
  3.076966E-02
  3.091480E-02
  3.110617E-02
  3.135658E-02
  3.167056E-02
  3.207090E-02
  3.260078E-02
  3.335169E-02
  3.450835E-02
  3.639522E-02
  3.972436E-02
  4.540995E-02
  5.080990E-02
  5.310237E-02
  6.718110E-02
  7.739813E-03
  7.735188E-04
  1.076404E-01
  1.075868E-01
  1.075332E-01
  1.074797E-01
  1.074262E-01
  1.073727E-01
  1.073193E-01
  1.072659E-01
  1.072125E-01
  1.070497E-01
  1.068842E-01
  1.067187E-01
  1.065533E-01
  1.063879E-01
  1.062226E-01
  1.060573E-01
  1.058712E-01
  1.056471E-01
  1.054230E-01
  1.051989E-01
  1.049748E-01
  1.047508E-01
  1.045268E-01
  1.043042E-01
  1.040927E-01
  1.038812E-01
  1.036697E-01
  1.034582E-01
  1.032467E-01
  1.030353E-01
  1.028306E-01
  1.026483E-01
  1.024661E-01
  1.022838E-01
  1.021016E-01
  1.019193E-01
  1.017371E-01
  1.015802E-01
  1.014343E-01
  1.012884E-01
  1.011425E-01
  1.009966E-01
  1.008507E-01
  1.007323E-01
  1.006428E-01
  1.005534E-01
  1.004639E-01
  1.003744E-01
  1.002849E-01
  1.002422E-01
  1.002322E-01
  1.002223E-01
  1.002123E-01
  1.002023E-01
  1.001924E-01
  1.002823E-01
  1.003737E-01
  1.004652E-01
  1.005567E-01
  1.006482E-01
  1.008219E-01
  1.010378E-01
  1.012538E-01
  1.014697E-01
  1.016856E-01
  1.019884E-01
  1.023480E-01
  1.027077E-01
  1.030674E-01
  1.034272E-01
  1.039085E-01
  1.044203E-01
  1.049321E-01
  1.054440E-01
  1.059892E-01
  1.066424E-01
  1.072958E-01
  1.079493E-01
  1.086029E-01
  1.093453E-01
  1.100980E-01
  1.108508E-01
  1.116039E-01
  1.123762E-01
  1.131541E-01
  1.139324E-01
  1.147109E-01
  1.154390E-01
  1.161597E-01
  1.168806E-01
  1.175821E-01
  1.181716E-01
  1.187614E-01
  1.193515E-01
  1.198205E-01
  1.202148E-01
  1.206093E-01
  1.209390E-01
  1.210869E-01
  1.212348E-01
  1.213623E-01
  1.212372E-01
  1.211123E-01
  1.209741E-01
  1.205707E-01
  1.201674E-01
  1.197173E-01
  1.190406E-01
  1.183640E-01
  1.175736E-01
  1.166373E-01
  1.157011E-01
  1.145648E-01
  1.133910E-01
  1.121381E-01
  1.107536E-01
  1.093634E-01
  1.077988E-01
  1.062346E-01
  1.045562E-01
  1.028507E-01
  1.010791E-01
  9.927816E-02
  9.744340E-02
  9.559311E-02
  9.373837E-02
  9.188251E-02
  9.005908E-02
  8.825352E-02
  8.650009E-02
  8.480608E-02
  8.315708E-02
  8.162350E-02
  8.016887E-02
  7.879853E-02
  7.755236E-02
  7.644246E-02
  7.546590E-02
  7.466219E-02
  7.411597E-02
  7.403035E-02
  7.485650E-02
  7.740444E-02
  8.330160E-02
  9.458071E-02
  1.045406E-01
  1.028428E-01
  1.234776E-01
  2.213623E-02
 -6.063481E-09
 -1.643905E-04
 -1.645064E-04
 -1.646224E-04
 -1.647384E-04
 -1.648544E-04
 -1.649705E-04
 -1.650866E-04
 -1.652027E-04
 -1.653189E-04
 -1.655314E-04
 -1.657463E-04
 -1.659612E-04
 -1.661761E-04
 -1.663910E-04
 -1.666060E-04
 -1.668209E-04
 -1.670540E-04
 -1.673206E-04
 -1.675873E-04
 -1.678539E-04
 -1.681206E-04
 -1.683872E-04
 -1.686539E-04
 -1.689286E-04
 -1.692675E-04
 -1.696065E-04
 -1.699454E-04
 -1.702844E-04
 -1.706235E-04
 -1.709625E-04
 -1.713192E-04
 -1.717343E-04
 -1.721495E-04
 -1.725647E-04
 -1.729800E-04
 -1.733952E-04
 -1.738106E-04
 -1.742718E-04
 -1.747531E-04
 -1.752344E-04
 -1.757158E-04
 -1.761972E-04
 -1.766786E-04
 -1.771817E-04
 -1.777075E-04
 -1.782333E-04
 -1.787592E-04
 -1.792851E-04
 -1.798110E-04
 -1.803443E-04
 -1.808829E-04
 -1.814215E-04
 -1.819601E-04
 -1.824987E-04
 -1.830373E-04
 -1.835511E-04
 -1.840644E-04
 -1.845778E-04
 -1.850911E-04
 -1.856045E-04
 -1.860685E-04
 -1.865071E-04
 -1.869458E-04
 -1.873845E-04
 -1.878232E-04
 -1.881835E-04
 -1.884925E-04
 -1.888016E-04
 -1.891108E-04
 -1.894200E-04
 -1.895805E-04
 -1.897039E-04
 -1.898274E-04
 -1.899511E-04
 -1.900225E-04
 -1.899239E-04
 -1.898256E-04
 -1.897275E-04
 -1.896297E-04
 -1.893503E-04
 -1.890509E-04
 -1.887520E-04
 -1.884535E-04
 -1.880653E-04
 -1.876523E-04
 -1.872399E-04
 -1.868279E-04
 -1.864198E-04
 -1.860128E-04
 -1.856063E-04
 -1.852179E-04
 -1.849305E-04
 -1.846435E-04
 -1.843569E-04
 -1.842074E-04
 -1.841427E-04
 -1.840783E-04
 -1.840963E-04
 -1.843448E-04
 -1.845936E-04
 -1.848708E-04
 -1.854948E-04
 -1.861190E-04
 -1.867624E-04
 -1.877895E-04
 -1.888166E-04
 -1.899124E-04
 -1.913410E-04
 -1.927696E-04
 -1.943645E-04
 -1.961726E-04
 -1.979807E-04
 -2.000808E-04
 -2.022355E-04
 -2.045084E-04
 -2.069773E-04
 -2.094554E-04
 -2.122047E-04
 -2.149540E-04
 -2.178819E-04
 -2.208525E-04
 -2.239119E-04
 -2.270106E-04
 -2.301311E-04
 -2.332614E-04
 -2.363903E-04
 -2.395183E-04
 -2.427298E-04
 -2.460225E-04
 -2.495634E-04
 -2.535410E-04
 -2.578686E-04
 -2.634292E-04
 -2.702413E-04
 -2.785257E-04
 -2.894441E-04
 -3.036361E-04
 -3.210797E-04
 -3.424392E-04
 -3.684216E-04
 -3.994535E-04
 -4.348453E-04
 -4.717632E-04
 -5.039720E-04
 -5.193850E-04
 -5.053461E-04
 -4.769414E-04
 -2.155264E-04
  5.807921E-04
  6.694486E-04
  6.196184E-03
  6.195635E-03
  6.195086E-03
  6.194538E-03
  6.193991E-03
  6.193445E-03
  6.192900E-03
  6.192356E-03
  6.191812E-03
  6.190913E-03
  6.190006E-03
  6.189099E-03
  6.188193E-03
  6.187287E-03
  6.186382E-03
  6.185478E-03
  6.184761E-03
  6.184385E-03
  6.184009E-03
  6.183635E-03
  6.183260E-03
  6.182886E-03
  6.182513E-03
  6.182201E-03
  6.182382E-03
  6.182563E-03
  6.182744E-03
  6.182926E-03
  6.183108E-03
  6.183290E-03
  6.183523E-03
  6.183920E-03
  6.184317E-03
  6.184715E-03
  6.185113E-03
  6.185511E-03
  6.185910E-03
  6.186347E-03
  6.186800E-03
  6.187254E-03
  6.187708E-03
  6.188163E-03
  6.188617E-03
  6.189080E-03
  6.189552E-03
  6.190024E-03
  6.190496E-03
  6.190968E-03
  6.191440E-03
  6.191922E-03
  6.192413E-03
  6.192903E-03
  6.193393E-03
  6.193883E-03
  6.194373E-03
  6.194880E-03
  6.195387E-03
  6.195894E-03
  6.196401E-03
  6.196908E-03
  6.197425E-03
  6.197947E-03
  6.198470E-03
  6.198992E-03
  6.199514E-03
  6.200038E-03
  6.200562E-03
  6.201086E-03
  6.201611E-03
  6.202136E-03
  6.202636E-03
  6.203131E-03
  6.203627E-03
  6.204123E-03
  6.204605E-03
  6.205038E-03
  6.205474E-03
  6.205911E-03
  6.206349E-03
  6.206704E-03
  6.207053E-03
  6.207405E-03
  6.207761E-03
  6.208006E-03
  6.208223E-03
  6.208445E-03
  6.208670E-03
  6.208730E-03
  6.208768E-03
  6.208810E-03
  6.208824E-03
  6.208653E-03
  6.208487E-03
  6.208324E-03
  6.208022E-03
  6.207635E-03
  6.207250E-03
  6.206805E-03
  6.206182E-03
  6.205560E-03
  6.204923E-03
  6.204076E-03
  6.203228E-03
  6.202373E-03
  6.201339E-03
  6.200306E-03
  6.199248E-03
  6.198069E-03
  6.196891E-03
  6.195665E-03
  6.194379E-03
  6.193093E-03
  6.191729E-03
  6.190352E-03
  6.188929E-03
  6.187429E-03
  6.185923E-03
  6.184199E-03
  6.182477E-03
  6.180431E-03
  6.178312E-03
  6.175786E-03
  6.173083E-03
  6.169913E-03
  6.166529E-03
  6.162672E-03
  6.158681E-03
  6.154503E-03
  6.150512E-03
  6.147130E-03
  6.145318E-03
  6.144792E-03
  6.149237E-03
  6.158473E-03
  6.173339E-03
  6.198254E-03
  6.237305E-03
  6.291992E-03
  6.366918E-03
  6.467435E-03
  6.598045E-03
  6.757824E-03
  6.932830E-03
  7.086372E-03
  7.150927E-03
  7.036926E-03
  6.713529E-03
  6.281449E-03
  6.285469E-03
  7.041632E-03
 -2.786441E-04
 -2.785616E-04
 -2.784792E-04
 -2.783970E-04
 -2.783148E-04
 -2.782328E-04
 -2.781509E-04
 -2.780690E-04
 -2.779873E-04
 -2.778813E-04
 -2.777750E-04
 -2.776688E-04
 -2.775628E-04
 -2.774569E-04
 -2.773512E-04
 -2.772457E-04
 -2.771370E-04
 -2.770223E-04
 -2.769077E-04
 -2.767934E-04
 -2.766792E-04
 -2.765652E-04
 -2.764514E-04
 -2.763390E-04
 -2.762368E-04
 -2.761348E-04
 -2.760329E-04
 -2.759312E-04
 -2.758296E-04
 -2.757282E-04
 -2.756321E-04
 -2.755529E-04
 -2.754739E-04
 -2.753950E-04
 -2.753161E-04
 -2.752374E-04
 -2.751588E-04
 -2.751014E-04
 -2.750532E-04
 -2.750050E-04
 -2.749570E-04
 -2.749089E-04
 -2.748609E-04
 -2.748280E-04
 -2.748110E-04
 -2.747939E-04
 -2.747769E-04
 -2.747598E-04
 -2.747428E-04
 -2.747382E-04
 -2.747424E-04
 -2.747465E-04
 -2.747506E-04
 -2.747547E-04
 -2.747588E-04
 -2.747753E-04
 -2.747920E-04
 -2.748087E-04
 -2.748253E-04
 -2.748420E-04
 -2.748825E-04
 -2.749353E-04
 -2.749882E-04
 -2.750411E-04
 -2.750940E-04
 -2.751959E-04
 -2.753301E-04
 -2.754644E-04
 -2.755989E-04
 -2.757336E-04
 -2.759763E-04
 -2.762463E-04
 -2.765167E-04
 -2.767876E-04
 -2.771014E-04
 -2.775543E-04
 -2.780079E-04
 -2.784623E-04
 -2.789174E-04
 -2.795279E-04
 -2.801568E-04
 -2.807869E-04
 -2.814182E-04
 -2.821036E-04
 -2.828053E-04
 -2.835085E-04
 -2.842132E-04
 -2.848726E-04
 -2.855264E-04
 -2.861818E-04
 -2.868131E-04
 -2.873003E-04
 -2.877890E-04
 -2.882791E-04
 -2.885995E-04
 -2.888151E-04
 -2.890320E-04
 -2.891562E-04
 -2.890187E-04
 -2.888819E-04
 -2.887188E-04
 -2.882245E-04
 -2.877308E-04
 -2.872227E-04
 -2.864186E-04
 -2.856149E-04
 -2.847678E-04
 -2.837091E-04
 -2.826506E-04
 -2.815034E-04
 -2.802423E-04
 -2.789814E-04
 -2.775870E-04
 -2.761677E-04
 -2.747008E-04
 -2.731547E-04
 -2.716049E-04
 -2.699519E-04
 -2.682983E-04
 -2.665689E-04
 -2.648208E-04
 -2.630231E-04
 -2.612028E-04
 -2.593470E-04
 -2.574743E-04
 -2.555833E-04
 -2.536862E-04
 -2.518276E-04
 -2.500094E-04
 -2.483174E-04
 -2.468552E-04
 -2.455730E-04
 -2.449347E-04
 -2.448531E-04
 -2.453999E-04
 -2.470115E-04
 -2.515292E-04
 -2.559445E-04
 -2.620526E-04
 -2.701140E-04
 -2.802149E-04
 -2.919161E-04
 -3.037976E-04
 -3.128125E-04
 -3.130065E-04
 -2.976304E-04
 -2.691737E-04
 -1.535184E-04
  1.137714E-04
  1.198794E-09
  1.273240E+00
  1.273211E+00
  1.273125E+00
  1.272981E+00
  1.272781E+00
  1.272522E+00
  1.272207E+00
  1.271834E+00
  1.271403E+00
  1.270915E+00
  1.270369E+00
  1.269765E+00
  1.269104E+00
  1.268384E+00
  1.267607E+00
  1.266771E+00
  1.265877E+00
  1.264925E+00
  1.263915E+00
  1.262845E+00
  1.261717E+00
  1.260530E+00
  1.259284E+00
  1.257979E+00
  1.256614E+00
  1.255190E+00
  1.253705E+00
  1.252161E+00
  1.250556E+00
  1.248891E+00
  1.247165E+00
  1.245378E+00
  1.243529E+00
  1.241620E+00
  1.239648E+00
  1.237614E+00
  1.235518E+00
  1.233359E+00
  1.231136E+00
  1.228851E+00
  1.226501E+00
  1.224088E+00
  1.221610E+00
  1.219067E+00
  1.216458E+00
  1.213784E+00
  1.211044E+00
  1.208237E+00
  1.205362E+00
  1.202421E+00
  1.199411E+00
  1.196332E+00
  1.193185E+00
  1.189968E+00
  1.186680E+00
  1.183322E+00
  1.179892E+00
  1.176390E+00
  1.172816E+00
  1.169168E+00
  1.165446E+00
  1.161649E+00
  1.157776E+00
  1.153828E+00
  1.149802E+00
  1.145699E+00
  1.141516E+00
  1.137254E+00
  1.132912E+00
  1.128488E+00
  1.123982E+00
  1.119393E+00
  1.114719E+00
  1.109960E+00
  1.105114E+00
  1.100180E+00
  1.095157E+00
  1.090045E+00
  1.084841E+00
  1.079544E+00
  1.074153E+00
  1.068667E+00
  1.063083E+00
  1.057401E+00
  1.051619E+00
  1.045735E+00
  1.039748E+00
  1.033655E+00
  1.027455E+00
  1.021146E+00
  1.014726E+00
  1.008193E+00
  1.001543E+00
  9.947766E-01
  9.878894E-01
  9.808795E-01
  9.737441E-01
  9.664805E-01
  9.590857E-01
  9.515567E-01
  9.438904E-01
  9.360832E-01
  9.281318E-01
  9.200322E-01
  9.117806E-01
  9.033729E-01
  8.948045E-01
  8.860709E-01
  8.771671E-01
  8.680879E-01
  8.588277E-01
  8.493806E-01
  8.397402E-01
  8.299000E-01
  8.198525E-01
  8.095903E-01
  7.991048E-01
  7.883874E-01
  7.774283E-01
  7.662172E-01
  7.547428E-01
  7.429930E-01
  7.309546E-01
  7.186128E-01
  7.059520E-01
  6.929545E-01
  6.796012E-01
  6.658704E-01
  6.517385E-01
  6.371787E-01
  6.221609E-01
  6.066513E-01
  5.906109E-01
  5.739954E-01
  5.567532E-01
  5.388241E-01
  5.201372E-01
  5.006076E-01
  4.801325E-01
  4.585853E-01
  4.358068E-01
  4.115929E-01
  3.856731E-01
  3.576769E-01
  3.270715E-01
  2.930404E-01
  2.542116E-01
  2.079144E-01
  1.472658E-01
  0.000000E+00
  1.036455E-01
  1.036822E-01
  1.037189E-01
  1.037556E-01
  1.037922E-01
  1.038289E-01
  1.038656E-01
  1.039023E-01
  1.039496E-01
  1.039982E-01
  1.040466E-01
  1.040950E-01
  1.041435E-01
  1.041919E-01
  1.042404E-01
  1.042888E-01
  1.043352E-01
  1.043777E-01
  1.044202E-01
  1.044628E-01
  1.045053E-01
  1.045487E-01
  1.045981E-01
  1.046465E-01
  1.046877E-01
  1.047288E-01
  1.047699E-01
  1.048110E-01
  1.048521E-01
  1.048932E-01
  1.049319E-01
  1.049628E-01
  1.049937E-01
  1.050246E-01
  1.050555E-01
  1.050864E-01
  1.051173E-01
  1.051396E-01
  1.051582E-01
  1.051767E-01
  1.051953E-01
  1.052138E-01
  1.052324E-01
  1.052444E-01
  1.052495E-01
  1.052547E-01
  1.052598E-01
  1.052649E-01
  1.052700E-01
  1.052695E-01
  1.052650E-01
  1.052605E-01
  1.052560E-01
  1.052515E-01
  1.052470E-01
  1.052425E-01
  1.052379E-01
  1.052334E-01
  1.052288E-01
  1.052242E-01
  1.052220E-01
  1.052209E-01
  1.052199E-01
  1.052188E-01
  1.052178E-01
  1.052201E-01
  1.052247E-01
  1.052292E-01
  1.052337E-01
  1.052383E-01
  1.052491E-01
  1.052615E-01
  1.052738E-01
  1.052862E-01
  1.053009E-01
  1.053230E-01
  1.053451E-01
  1.053672E-01
  1.053892E-01
  1.054388E-01
  1.054939E-01
  1.055489E-01
  1.056040E-01
  1.056652E-01
  1.057283E-01
  1.057913E-01
  1.058543E-01
  1.059168E-01
  1.059793E-01
  1.060417E-01
  1.061029E-01
  1.061571E-01
  1.062112E-01
  1.062653E-01
  1.063214E-01
  1.063863E-01
  1.064511E-01
  1.065076E-01
  1.065404E-01
  1.065733E-01
  1.066034E-01
  1.066008E-01
  1.065982E-01
  1.065940E-01
  1.065567E-01
  1.065194E-01
  1.064766E-01
  1.064118E-01
  1.063477E-01
  1.062708E-01
  1.061778E-01
  1.060848E-01
  1.059719E-01
  1.058838E-01
  1.057896E-01
  1.056851E-01
  1.055801E-01
  1.054612E-01
  1.053422E-01
  1.052133E-01
  1.050819E-01
  1.049442E-01
  1.048037E-01
  1.046859E-01
  1.045831E-01
  1.044777E-01
  1.043715E-01
  1.042632E-01
  1.041545E-01
  1.040447E-01
  1.039344E-01
  1.038238E-01
  1.037168E-01
  1.036619E-01
  1.036089E-01
  1.035559E-01
  1.035514E-01
  1.034985E-01
  1.034456E-01
  1.033928E-01
  1.033402E-01
  1.032952E-01
  1.032697E-01
  1.032444E-01
  1.032193E-01
  1.031998E-01
  1.032066E-01
  1.032134E-01
  1.217238E-01
  2.269302E-02
 -3.057654E-01
 -3.019342E-01
 -2.981030E-01
 -2.942718E-01
 -2.904406E-01
 -2.866094E-01
 -2.827782E-01
 -2.789469E-01
 -2.751157E-01
 -2.712451E-01
 -2.673736E-01
 -2.635020E-01
 -2.596305E-01
 -2.557589E-01
 -2.518874E-01
 -2.480158E-01
 -2.441400E-01
 -2.402564E-01
 -2.363728E-01
 -2.324892E-01
 -2.286056E-01
 -2.247220E-01
 -2.208383E-01
 -2.169595E-01
 -2.131185E-01
 -2.092776E-01
 -2.054367E-01
 -2.015957E-01
 -1.977548E-01
 -1.939139E-01
 -1.901076E-01
 -1.864167E-01
 -1.827257E-01
 -1.790348E-01
 -1.753439E-01
 -1.716529E-01
 -1.679620E-01
 -1.645237E-01
 -1.611961E-01
 -1.578684E-01
 -1.545407E-01
 -1.512131E-01
 -1.478854E-01
 -1.449352E-01
 -1.423833E-01
 -1.398314E-01
 -1.372794E-01
 -1.347275E-01
 -1.321756E-01
 -1.304726E-01
 -1.293641E-01
 -1.282557E-01
 -1.271473E-01
 -1.260388E-01
 -1.249304E-01
 -1.258855E-01
 -1.268732E-01
 -1.278608E-01
 -1.288485E-01
 -1.298361E-01
 -1.325200E-01
 -1.360734E-01
 -1.396267E-01
 -1.431801E-01
 -1.467335E-01
 -1.520813E-01
 -1.586061E-01
 -1.651310E-01
 -1.716558E-01
 -1.781807E-01
 -1.872769E-01
 -1.970179E-01
 -2.067590E-01
 -2.165000E-01
 -2.269895E-01
 -2.399108E-01
 -2.528322E-01
 -2.657534E-01
 -2.786747E-01
 -2.939320E-01
 -3.094507E-01
 -3.249692E-01
 -3.404878E-01
 -3.570515E-01
 -3.739095E-01
 -3.907675E-01
 -4.076255E-01
 -4.245533E-01
 -4.414919E-01
 -4.584303E-01
 -4.752079E-01
 -4.910704E-01
 -5.069329E-01
 -5.227953E-01
 -5.373441E-01
 -5.510803E-01
 -5.648165E-01
 -5.777434E-01
 -5.884001E-01
 -5.990568E-01
 -6.094128E-01
 -6.160852E-01
 -6.227576E-01
 -6.292093E-01
 -6.312364E-01
 -6.332634E-01
 -6.344411E-01
 -6.315004E-01
 -6.285597E-01
 -6.234259E-01
 -6.154808E-01
 -6.075356E-01
 -5.955182E-01
 -5.827373E-01
 -5.682498E-01
 -5.509283E-01
 -5.334692E-01
 -5.119658E-01
 -4.904622E-01
 -4.660082E-01
 -4.408486E-01
 -4.140493E-01
 -3.865218E-01
 -3.582321E-01
 -3.295897E-01
 -3.007642E-01
 -2.718855E-01
 -2.433346E-01
 -2.149639E-01
 -1.871228E-01
 -1.598267E-01
 -1.329378E-01
 -1.070061E-01
 -8.167463E-02
 -5.696861E-02
 -3.313173E-02
  4.687221E-02
  6.912167E-02
  9.060575E-02
  1.113000E-01
  1.311933E-01
  1.502860E-01
  1.685882E-01
  1.861170E-01
  2.028954E-01
  2.189500E-01
  2.343107E-01
  2.489111E-01
 -1.104186E+00
  1.004000E-01
  9.799963E-01
  9.799960E-01
  9.799956E-01
  9.799953E-01
  9.799950E-01
  9.799946E-01
  9.799943E-01
  9.799940E-01
  9.799937E-01
  9.799934E-01
  9.799930E-01
  9.799927E-01
  9.799924E-01
  9.799921E-01
  9.799918E-01
  9.799916E-01
  9.799913E-01
  9.799910E-01
  9.799907E-01
  9.799904E-01
  9.799902E-01
  9.799899E-01
  9.799897E-01
  9.799894E-01
  9.799892E-01
  9.799889E-01
  9.799887E-01
  9.799884E-01
  9.799882E-01
  9.799880E-01
  9.799878E-01
  9.799876E-01
  9.799874E-01
  9.799872E-01
  9.799870E-01
  9.799868E-01
  9.799866E-01
  9.799864E-01
  9.799863E-01
  9.799861E-01
  9.799859E-01
  9.799858E-01
  9.799856E-01
  9.799855E-01
  9.799854E-01
  9.799853E-01
  9.799852E-01
  9.799851E-01
  9.799850E-01
  9.799849E-01
  9.799849E-01
  9.799848E-01
  9.799848E-01
  9.799847E-01
  9.799847E-01
  9.799847E-01
  9.799848E-01
  9.799848E-01
  9.799849E-01
  9.799849E-01
  9.799850E-01
  9.799851E-01
  9.799853E-01
  9.799854E-01
  9.799856E-01
  9.799858E-01
  9.799861E-01
  9.799864E-01
  9.799868E-01
  9.799871E-01
  9.799876E-01
  9.799882E-01
  9.799888E-01
  9.799894E-01
  9.799901E-01
  9.799910E-01
  9.799919E-01
  9.799929E-01
  9.799940E-01
  9.799953E-01
  9.799967E-01
  9.799981E-01
  9.799997E-01
  9.800014E-01
  9.800032E-01
  9.800052E-01
  9.800072E-01
  9.800093E-01
  9.800115E-01
  9.800137E-01
  9.800161E-01
  9.800184E-01
  9.800207E-01
  9.800232E-01
  9.800255E-01
  9.800277E-01
  9.800300E-01
  9.800322E-01
  9.800341E-01
  9.800359E-01
  9.800378E-01
  9.800390E-01
  9.800403E-01
  9.800415E-01
  9.800419E-01
  9.800422E-01
  9.800425E-01
  9.800419E-01
  9.800414E-01
  9.800404E-01
  9.800389E-01
  9.800375E-01
  9.800353E-01
  9.800331E-01
  9.800306E-01
  9.800277E-01
  9.800249E-01
  9.800215E-01
  9.800183E-01
  9.800148E-01
  9.800114E-01
  9.800080E-01
  9.800047E-01
  9.800015E-01
  9.799986E-01
  9.799959E-01
  9.799934E-01
  9.799912E-01
  9.799893E-01
  9.799876E-01
  9.799862E-01
  9.799850E-01
  9.799841E-01
  9.799834E-01
  9.799829E-01
  9.799825E-01
  9.799827E-01
  9.799831E-01
  9.799836E-01
  9.799842E-01
  9.799849E-01
  9.799857E-01
  9.799866E-01
  9.799875E-01
  9.799885E-01
  9.799895E-01
  9.799906E-01
  9.799916E-01
  7.136100E-01
  4.028558E-06
 -2.513352E+02
 -2.511908E+02
 -2.510463E+02
 -2.509017E+02
 -2.507569E+02
 -2.506120E+02
 -2.504670E+02
 -2.503218E+02
 -2.501766E+02
 -2.499340E+02
 -2.496888E+02
 -2.494435E+02
 -2.491980E+02
 -2.489523E+02
 -2.487064E+02
 -2.484604E+02
 -2.481418E+02
 -2.476905E+02
 -2.472392E+02
 -2.467878E+02
 -2.463363E+02
 -2.458848E+02
 -2.454333E+02
 -2.449513E+02
 -2.442259E+02
 -2.435005E+02
 -2.427752E+02
 -2.420498E+02
 -2.413245E+02
 -2.405992E+02
 -2.398201E+02
 -2.388621E+02
 -2.379042E+02
 -2.369463E+02
 -2.359884E+02
 -2.350306E+02
 -2.340728E+02
 -2.329594E+02
 -2.317779E+02
 -2.305963E+02
 -2.294149E+02
 -2.282334E+02
 -2.270520E+02
 -2.257629E+02
 -2.243601E+02
 -2.229572E+02
 -2.215544E+02
 -2.201515E+02
 -2.187486E+02
 -2.172449E+02
 -2.156705E+02
 -2.140961E+02
 -2.125215E+02
 -2.109469E+02
 -2.093722E+02
 -2.077033E+02
 -2.060329E+02
 -2.043625E+02
 -2.026920E+02
 -2.010214E+02
 -1.993421E+02
 -1.976583E+02
 -1.959745E+02
 -1.942907E+02
 -1.926069E+02
 -1.909636E+02
 -1.893470E+02
 -1.877304E+02
 -1.861139E+02
 -1.844975E+02
 -1.829887E+02
 -1.815070E+02
 -1.800254E+02
 -1.785439E+02
 -1.770988E+02
 -1.757722E+02
 -1.744455E+02
 -1.731188E+02
 -1.717920E+02
 -1.705627E+02
 -1.693440E+02
 -1.681252E+02
 -1.669062E+02
 -1.656887E+02
 -1.644714E+02
 -1.632540E+02
 -1.620364E+02
 -1.607014E+02
 -1.593483E+02
 -1.579951E+02
 -1.566032E+02
 -1.549909E+02
 -1.533788E+02
 -1.517668E+02
 -1.499496E+02
 -1.480057E+02
 -1.460621E+02
 -1.440200E+02
 -1.417007E+02
 -1.393819E+02
 -1.370309E+02
 -1.342793E+02
 -1.315283E+02
 -1.287552E+02
 -1.255295E+02
 -1.223042E+02
 -1.189974E+02
 -1.152932E+02
 -1.115892E+02
 -1.076796E+02
 -1.035059E+02
 -9.933208E+01
 -9.477040E+01
 -9.013550E+01
 -8.533308E+01
 -8.025247E+01
 -7.515719E+01
 -6.966236E+01
 -6.416577E+01
 -5.835447E+01
 -5.246599E+01
 -4.633482E+01
 -4.009401E+01
 -3.366115E+01
 -2.713737E+01
 -2.041313E+01
 -1.362789E+01
 -6.556651E+00
  6.194136E-01
  8.083102E+00
  1.584365E+01
  2.383155E+01
  3.241676E+01
  4.145551E+01
  5.099807E+01
  6.134743E+01
  7.270069E+01
  8.510259E+01
  9.885815E+01
  1.144554E+02
  1.327566E+02
  1.552885E+02
  1.845787E+02
  2.257154E+02
  2.847060E+02
  3.454659E+02
  3.906191E+02
  4.947613E+02
  3.202736E+01
  3.772078E-04
  8.394419E+03
  8.393314E+03
  8.392210E+03
  8.391107E+03
  8.390006E+03
  8.388906E+03
  8.387808E+03
  8.386711E+03
  8.385615E+03
  8.381666E+03
  8.377648E+03
  8.373630E+03
  8.369614E+03
  8.365599E+03
  8.361585E+03
  8.357572E+03
  8.352594E+03
  8.345846E+03
  8.339098E+03
  8.332351E+03
  8.325605E+03
  8.318860E+03
  8.312117E+03
  8.305231E+03
  8.297207E+03
  8.289184E+03
  8.281162E+03
  8.273140E+03
  8.265119E+03
  8.257099E+03
  8.248844E+03
  8.239807E+03
  8.230769E+03
  8.221733E+03
  8.212697E+03
  8.203662E+03
  8.194627E+03
  8.184810E+03
  8.174650E+03
  8.164491E+03
  8.154332E+03
  8.144174E+03
  8.134016E+03
  8.123356E+03
  8.112166E+03
  8.100977E+03
  8.089787E+03
  8.078598E+03
  8.067409E+03
  8.055706E+03
  8.043644E+03
  8.031581E+03
  8.019519E+03
  8.007457E+03
  7.995394E+03
  7.982613E+03
  7.969821E+03
  7.957030E+03
  7.944238E+03
  7.931446E+03
  7.918279E+03
  7.904922E+03
  7.891564E+03
  7.878207E+03
  7.864849E+03
  7.851225E+03
  7.837425E+03
  7.823626E+03
  7.809828E+03
  7.796031E+03
  7.781857E+03
  7.767589E+03
  7.753324E+03
  7.739061E+03
  7.724620E+03
  7.709602E+03
  7.694588E+03
  7.679578E+03
  7.664572E+03
  7.648425E+03
  7.632158E+03
  7.615897E+03
  7.599643E+03
  7.581887E+03
  7.563714E+03
  7.545550E+03
  7.527395E+03
  7.506861E+03
  7.485970E+03
  7.465087E+03
  7.443675E+03
  7.419207E+03
  7.394746E+03
  7.370293E+03
  7.343196E+03
  7.314465E+03
  7.285739E+03
  7.255761E+03
  7.222262E+03
  7.188766E+03
  7.154885E+03
  7.116270E+03
  7.077657E+03
  7.038793E+03
  6.994860E+03
  6.950929E+03
  6.906079E+03
  6.856770E+03
  6.807463E+03
  6.755813E+03
  6.701159E+03
  6.646510E+03
  6.587422E+03
  6.527508E+03
  6.465664E+03
  6.400611E+03
  6.335404E+03
  6.265414E+03
  6.195433E+03
  6.121706E+03
  6.047092E+03
  5.969470E+03
  5.890520E+03
  5.808806E+03
  5.725820E+03
  5.639988E+03
  5.553338E+03
  5.463491E+03
  5.372796E+03
  5.279795E+03
  5.185096E+03
  5.089151E+03
  4.990648E+03
  4.890606E+03
  4.788944E+03
  4.684979E+03
  4.578615E+03
  4.470150E+03
  4.359611E+03
  4.247739E+03
  4.137345E+03
  4.035449E+03
  3.954580E+03
  3.927370E+03
  3.999599E+03
  3.980300E+03
  3.677644E+03
  4.319551E+03
  1.082775E+03
 -2.213167E-04
  4.567999E+01
  4.542684E+01
  4.517371E+01
  4.492059E+01
  4.466748E+01
  4.441439E+01
  4.416131E+01
  4.390825E+01
  4.365520E+01
  4.305521E+01
  4.244664E+01
  4.183808E+01
  4.122955E+01
  4.062103E+01
  4.001253E+01
  3.940405E+01
  3.873845E+01
  3.796806E+01
  3.719768E+01
  3.642732E+01
  3.565698E+01
  3.488665E+01
  3.411633E+01
  3.332507E+01
  3.236605E+01
  3.140704E+01
  3.044804E+01
  2.948906E+01
  2.853008E+01
  2.757111E+01
  2.655665E+01
  2.535771E+01
  2.415877E+01
  2.295985E+01
  2.176092E+01
  2.056200E+01
  1.936309E+01
  1.799767E+01
  1.655936E+01
  1.512105E+01
  1.368273E+01
  1.224442E+01
  1.080610E+01
  9.375829E+00
  7.954046E+00
  6.532256E+00
  5.110457E+00
  3.688652E+00
  2.266838E+00
  1.154294E+00
  2.583752E-01
 -6.375469E-01
 -1.533472E+00
 -2.429400E+00
 -3.325330E+00
 -3.930371E+00
 -4.530827E+00
 -5.131278E+00
 -5.731723E+00
 -6.332163E+00
 -7.281106E+00
 -8.408691E+00
 -9.536261E+00
 -1.066381E+01
 -1.179135E+01
 -1.346878E+01
 -1.550692E+01
 -1.754503E+01
 -1.958310E+01
 -2.162114E+01
 -2.451593E+01
 -2.762556E+01
 -3.073515E+01
 -3.384468E+01
 -3.712303E+01
 -4.094994E+01
 -4.477684E+01
 -4.860372E+01
 -5.243060E+01
 -5.566302E+01
 -5.882902E+01
 -6.199510E+01
 -6.516129E+01
 -6.681617E+01
 -6.804550E+01
 -6.927499E+01
 -7.050464E+01
 -6.973872E+01
 -6.866692E+01
 -6.759524E+01
 -6.615365E+01
 -6.260735E+01
 -5.906106E+01
 -5.551478E+01
 -5.043878E+01
 -4.441660E+01
 -3.839432E+01
 -3.195600E+01
 -2.435072E+01
 -1.674535E+01
 -9.134974E+00
 -1.464422E+00
  6.206127E+00
  1.383997E+01
  2.073798E+01
  2.763588E+01
  3.435630E+01
  4.021650E+01
  4.607649E+01
  5.142875E+01
  5.613018E+01
  6.083137E+01
  6.455135E+01
  6.808721E+01
  7.121183E+01
  7.365373E+01
  7.605971E+01
  7.741458E+01
  7.876935E+01
  7.880626E+01
  7.852816E+01
  7.683337E+01
  7.450971E+01
  7.114212E+01
  6.729174E+01
  6.279017E+01
  5.810003E+01
  5.307802E+01
  4.803850E+01
  4.298434E+01
  3.803873E+01
  3.317875E+01
  2.859638E+01
  2.421494E+01
  2.004838E+01
  1.619956E+01
  1.269652E+01
  9.526729E+00
  6.767776E+00
  4.546547E+00
  3.083763E+00
  2.738589E+00
  3.973218E+00
  7.208871E+00
  1.236308E+01
  1.743022E+01
  1.907553E+01
  7.767229E+02
  3.671871E+03
  2.318018E-02
