 Title= "ADflow Lift Distribution Data"
Variables = "eta" "CoordinateX" "CoordinateY" "CoordinateZ" "Lift" "Drag" "Moment" "Normalized Lift" "Normalized Drag" "Normalized Moment" "CL" "CD" "CM" "CLp" "CDp" "CMp" "CLv" "CDv" "CMv" "Elliptical" "thickness" "twist" "chord" "fx" "fy" "fz" 
Zone T= "LiftDist_01 allWalls: : z normal"
 I=          150
 DATAPACKING=BLOCK
  0.000000E+00
  6.711405E-03
  1.342281E-02
  2.013422E-02
  2.684563E-02
  3.355704E-02
  4.026845E-02
  4.697986E-02
  5.369127E-02
  6.040268E-02
  6.711409E-02
  7.382550E-02
  8.053691E-02
  8.724832E-02
  9.395973E-02
  1.006711E-01
  1.073825E-01
  1.140940E-01
  1.208054E-01
  1.275168E-01
  1.342282E-01
  1.409396E-01
  1.476510E-01
  1.543624E-01
  1.610738E-01
  1.677852E-01
  1.744966E-01
  1.812081E-01
  1.879195E-01
  1.946309E-01
  2.013423E-01
  2.080537E-01
  2.147651E-01
  2.214765E-01
  2.281879E-01
  2.348993E-01
  2.416107E-01
  2.483221E-01
  2.550336E-01
  2.617450E-01
  2.684564E-01
  2.751678E-01
  2.818792E-01
  2.885906E-01
  2.953020E-01
  3.020134E-01
  3.087248E-01
  3.154362E-01
  3.221476E-01
  3.288591E-01
  3.355705E-01
  3.422819E-01
  3.489933E-01
  3.557047E-01
  3.624161E-01
  3.691275E-01
  3.758389E-01
  3.825503E-01
  3.892617E-01
  3.959732E-01
  4.026846E-01
  4.093960E-01
  4.161074E-01
  4.228188E-01
  4.295302E-01
  4.362416E-01
  4.429530E-01
  4.496644E-01
  4.563758E-01
  4.630872E-01
  4.697987E-01
  4.765101E-01
  4.832215E-01
  4.899329E-01
  4.966443E-01
  5.033557E-01
  5.100671E-01
  5.167785E-01
  5.234899E-01
  5.302013E-01
  5.369128E-01
  5.436242E-01
  5.503356E-01
  5.570470E-01
  5.637584E-01
  5.704698E-01
  5.771812E-01
  5.838926E-01
  5.906040E-01
  5.973154E-01
  6.040268E-01
  6.107383E-01
  6.174497E-01
  6.241611E-01
  6.308725E-01
  6.375839E-01
  6.442953E-01
  6.510067E-01
  6.577181E-01
  6.644295E-01
  6.711409E-01
  6.778524E-01
  6.845638E-01
  6.912752E-01
  6.979866E-01
  7.046980E-01
  7.114094E-01
  7.181208E-01
  7.248322E-01
  7.315436E-01
  7.382550E-01
  7.449664E-01
  7.516779E-01
  7.583893E-01
  7.651007E-01
  7.718121E-01
  7.785235E-01
  7.852349E-01
  7.919463E-01
  7.986577E-01
  8.053691E-01
  8.120805E-01
  8.187919E-01
  8.255034E-01
  8.322148E-01
  8.389262E-01
  8.456376E-01
  8.523490E-01
  8.590604E-01
  8.657718E-01
  8.724832E-01
  8.791946E-01
  8.859060E-01
  8.926175E-01
  8.993289E-01
  9.060403E-01
  9.127517E-01
  9.194631E-01
  9.261745E-01
  9.328859E-01
  9.395973E-01
  9.463087E-01
  9.530201E-01
  9.597315E-01
  9.664430E-01
  9.731544E-01
  9.798658E-01
  9.865772E-01
  9.932886E-01
  1.000000E+00
  0.000000E+00
  0.000000E+00
  0.000000E+00
  0.000000E+00
  0.000000E+00
  0.000000E+00
  0.000000E+00
  0.000000E+00
  0.000000E+00
  0.000000E+00
  0.000000E+00
  0.000000E+00
  0.000000E+00
  0.000000E+00
  0.000000E+00
  0.000000E+00
  0.000000E+00
  0.000000E+00
  0.000000E+00
  0.000000E+00
  0.000000E+00
  0.000000E+00
  0.000000E+00
  0.000000E+00
  0.000000E+00
  0.000000E+00
  0.000000E+00
  0.000000E+00
  0.000000E+00
  0.000000E+00
  0.000000E+00
  0.000000E+00
  0.000000E+00
  0.000000E+00
  0.000000E+00
  0.000000E+00
  0.000000E+00
  0.000000E+00
  0.000000E+00
  0.000000E+00
  0.000000E+00
  0.000000E+00
  0.000000E+00
  0.000000E+00
  0.000000E+00
  0.000000E+00
  0.000000E+00
  0.000000E+00
  0.000000E+00
  0.000000E+00
  0.000000E+00
  0.000000E+00
  0.000000E+00
  0.000000E+00
  0.000000E+00
  0.000000E+00
  0.000000E+00
  0.000000E+00
  0.000000E+00
  0.000000E+00
  0.000000E+00
  0.000000E+00
  0.000000E+00
  0.000000E+00
  0.000000E+00
  0.000000E+00
  0.000000E+00
  0.000000E+00
  0.000000E+00
  0.000000E+00
  0.000000E+00
  0.000000E+00
  0.000000E+00
  0.000000E+00
  0.000000E+00
  0.000000E+00
  0.000000E+00
  0.000000E+00
  0.000000E+00
  0.000000E+00
  0.000000E+00
  0.000000E+00
  0.000000E+00
  0.000000E+00
  0.000000E+00
  0.000000E+00
  0.000000E+00
  0.000000E+00
  0.000000E+00
  0.000000E+00
  0.000000E+00
  0.000000E+00
  0.000000E+00
  0.000000E+00
  0.000000E+00
  0.000000E+00
  0.000000E+00
  0.000000E+00
  0.000000E+00
  0.000000E+00
  0.000000E+00
  0.000000E+00
  0.000000E+00
  0.000000E+00
  0.000000E+00
  0.000000E+00
  0.000000E+00
  0.000000E+00
  0.000000E+00
  0.000000E+00
  0.000000E+00
  0.000000E+00
  0.000000E+00
  0.000000E+00
  0.000000E+00
  0.000000E+00
  0.000000E+00
  0.000000E+00
  0.000000E+00
  0.000000E+00
  0.000000E+00
  0.000000E+00
  0.000000E+00
  0.000000E+00
  0.000000E+00
  0.000000E+00
  0.000000E+00
  0.000000E+00
  0.000000E+00
  0.000000E+00
  0.000000E+00
  0.000000E+00
  0.000000E+00
  0.000000E+00
  0.000000E+00
  0.000000E+00
  0.000000E+00
  0.000000E+00
  0.000000E+00
  0.000000E+00
  0.000000E+00
  0.000000E+00
  0.000000E+00
  0.000000E+00
  0.000000E+00
  0.000000E+00
  0.000000E+00
  0.000000E+00
  0.000000E+00
  0.000000E+00
  0.000000E+00
  0.000000E+00
  0.000000E+00
  0.000000E+00
  0.000000E+00
  0.000000E+00
  0.000000E+00
  0.000000E+00
  0.000000E+00
  0.000000E+00
  0.000000E+00
  0.000000E+00
  0.000000E+00
  0.000000E+00
  0.000000E+00
  0.000000E+00
  0.000000E+00
  0.000000E+00
  0.000000E+00
  0.000000E+00
  0.000000E+00
  0.000000E+00
  0.000000E+00
  0.000000E+00
  0.000000E+00
  0.000000E+00
  0.000000E+00
  0.000000E+00
  0.000000E+00
  0.000000E+00
  0.000000E+00
  0.000000E+00
  0.000000E+00
  0.000000E+00
  0.000000E+00
  0.000000E+00
  0.000000E+00
  0.000000E+00
  0.000000E+00
  0.000000E+00
  0.000000E+00
  0.000000E+00
  0.000000E+00
  0.000000E+00
  0.000000E+00
  0.000000E+00
  0.000000E+00
  0.000000E+00
  0.000000E+00
  0.000000E+00
  0.000000E+00
  0.000000E+00
  0.000000E+00
  0.000000E+00
  0.000000E+00
  0.000000E+00
  0.000000E+00
  0.000000E+00
  0.000000E+00
  0.000000E+00
  0.000000E+00
  0.000000E+00
  0.000000E+00
  0.000000E+00
  0.000000E+00
  0.000000E+00
  0.000000E+00
  0.000000E+00
  0.000000E+00
  0.000000E+00
  0.000000E+00
  0.000000E+00
  0.000000E+00
  0.000000E+00
  0.000000E+00
  0.000000E+00
  0.000000E+00
  0.000000E+00
  0.000000E+00
  0.000000E+00
  0.000000E+00
  0.000000E+00
  0.000000E+00
  0.000000E+00
  0.000000E+00
  0.000000E+00
  0.000000E+00
  0.000000E+00
  0.000000E+00
  0.000000E+00
  0.000000E+00
  0.000000E+00
  0.000000E+00
  0.000000E+00
  0.000000E+00
  0.000000E+00
  0.000000E+00
  0.000000E+00
  0.000000E+00
  0.000000E+00
  0.000000E+00
  0.000000E+00
  0.000000E+00
  0.000000E+00
  0.000000E+00
  0.000000E+00
  0.000000E+00
  0.000000E+00
  0.000000E+00
  0.000000E+00
  0.000000E+00
  0.000000E+00
  0.000000E+00
  0.000000E+00
  0.000000E+00
  0.000000E+00
  0.000000E+00
  0.000000E+00
  0.000000E+00
  0.000000E+00
  0.000000E+00
  0.000000E+00
  0.000000E+00
  0.000000E+00
  0.000000E+00
  0.000000E+00
  0.000000E+00
  0.000000E+00
  0.000000E+00
  0.000000E+00
  0.000000E+00
  0.000000E+00
  0.000000E+00
  0.000000E+00
  0.000000E+00
  0.000000E+00
  0.000000E+00
  0.000000E+00
  0.000000E+00
  0.000000E+00
  0.000000E+00
  0.000000E+00
  0.000000E+00
  0.000000E+00
  0.000000E+00
  0.000000E+00
  0.000000E+00
  0.000000E+00
  0.000000E+00
  0.000000E+00
  1.000000E-08
  1.695085E-02
  3.390169E-02
  5.085254E-02
  6.780338E-02
  8.475423E-02
  1.017051E-01
  1.186559E-01
  1.356068E-01
  1.525576E-01
  1.695085E-01
  1.864593E-01
  2.034101E-01
  2.203610E-01
  2.373118E-01
  2.542627E-01
  2.712135E-01
  2.881644E-01
  3.051152E-01
  3.220661E-01
  3.390169E-01
  3.559678E-01
  3.729186E-01
  3.898694E-01
  4.068203E-01
  4.237711E-01
  4.407220E-01
  4.576728E-01
  4.746237E-01
  4.915745E-01
  5.085254E-01
  5.254762E-01
  5.424271E-01
  5.593779E-01
  5.763287E-01
  5.932796E-01
  6.102304E-01
  6.271813E-01
  6.441321E-01
  6.610830E-01
  6.780338E-01
  6.949847E-01
  7.119355E-01
  7.288864E-01
  7.458372E-01
  7.627880E-01
  7.797389E-01
  7.966897E-01
  8.136406E-01
  8.305914E-01
  8.475423E-01
  8.644931E-01
  8.814440E-01
  8.983948E-01
  9.153457E-01
  9.322965E-01
  9.492473E-01
  9.661982E-01
  9.831490E-01
  1.000100E+00
  1.017051E+00
  1.034002E+00
  1.050952E+00
  1.067903E+00
  1.084854E+00
  1.101805E+00
  1.118756E+00
  1.135707E+00
  1.152657E+00
  1.169608E+00
  1.186559E+00
  1.203510E+00
  1.220461E+00
  1.237412E+00
  1.254363E+00
  1.271313E+00
  1.288264E+00
  1.305215E+00
  1.322166E+00
  1.339117E+00
  1.356068E+00
  1.373018E+00
  1.389969E+00
  1.406920E+00
  1.423871E+00
  1.440822E+00
  1.457773E+00
  1.474724E+00
  1.491674E+00
  1.508625E+00
  1.525576E+00
  1.542527E+00
  1.559478E+00
  1.576429E+00
  1.593379E+00
  1.610330E+00
  1.627281E+00
  1.644232E+00
  1.661183E+00
  1.678134E+00
  1.695085E+00
  1.712035E+00
  1.728986E+00
  1.745937E+00
  1.762888E+00
  1.779839E+00
  1.796790E+00
  1.813740E+00
  1.830691E+00
  1.847642E+00
  1.864593E+00
  1.881544E+00
  1.898495E+00
  1.915446E+00
  1.932396E+00
  1.949347E+00
  1.966298E+00
  1.983249E+00
  2.000200E+00
  2.017151E+00
  2.034101E+00
  2.051052E+00
  2.068003E+00
  2.084954E+00
  2.101905E+00
  2.118856E+00
  2.135807E+00
  2.152757E+00
  2.169708E+00
  2.186659E+00
  2.203610E+00
  2.220561E+00
  2.237512E+00
  2.254462E+00
  2.271413E+00
  2.288364E+00
  2.305315E+00
  2.322266E+00
  2.339217E+00
  2.356168E+00
  2.373118E+00
  2.390069E+00
  2.407020E+00
  2.423971E+00
  2.440922E+00
  2.457873E+00
  2.474823E+00
  2.491774E+00
  2.508725E+00
  2.525676E+00
  1.106910E+04
  1.106722E+04
  1.106534E+04
  1.106345E+04
  1.106157E+04
  1.105969E+04
  1.105781E+04
  1.105592E+04
  1.105404E+04
  1.104863E+04
  1.104313E+04
  1.103764E+04
  1.103214E+04
  1.102664E+04
  1.102115E+04
  1.101565E+04
  1.100897E+04
  1.100012E+04
  1.099127E+04
  1.098241E+04
  1.097356E+04
  1.096471E+04
  1.095586E+04
  1.094665E+04
  1.093452E+04
  1.092239E+04
  1.091027E+04
  1.089814E+04
  1.088602E+04
  1.087389E+04
  1.086097E+04
  1.084538E+04
  1.082979E+04
  1.081420E+04
  1.079861E+04
  1.078302E+04
  1.076743E+04
  1.074938E+04
  1.073026E+04
  1.071114E+04
  1.069202E+04
  1.067290E+04
  1.065378E+04
  1.063298E+04
  1.061042E+04
  1.058785E+04
  1.056529E+04
  1.054272E+04
  1.052016E+04
  1.049560E+04
  1.046965E+04
  1.044370E+04
  1.041776E+04
  1.039181E+04
  1.036587E+04
  1.033664E+04
  1.030736E+04
  1.027808E+04
  1.024881E+04
  1.021954E+04
  1.018816E+04
  1.015570E+04
  1.012325E+04
  1.009080E+04
  1.005836E+04
  1.002400E+04
  9.988379E+03
  9.952765E+03
  9.917154E+03
  9.881547E+03
  9.843228E+03
  9.804230E+03
  9.765236E+03
  9.726245E+03
  9.686410E+03
  9.643824E+03
  9.601240E+03
  9.558658E+03
  9.516078E+03
  9.470180E+03
  9.423912E+03
  9.377645E+03
  9.331380E+03
  9.282236E+03
  9.232284E+03
  9.182333E+03
  9.132384E+03
  9.079512E+03
  9.026195E+03
  8.972880E+03
  8.919137E+03
  8.862951E+03
  8.806771E+03
  8.750596E+03
  8.692782E+03
  8.633962E+03
  8.575155E+03
  8.515668E+03
  8.454265E+03
  8.392887E+03
  8.331350E+03
  8.267605E+03
  8.203898E+03
  8.140103E+03
  8.073807E+03
  8.007557E+03
  7.940767E+03
  7.871192E+03
  7.801661E+03
  7.730408E+03
  7.656930E+03
  7.583491E+03
  7.506437E+03
  7.428730E+03
  7.349394E+03
  7.267327E+03
  7.185141E+03
  7.098758E+03
  7.012393E+03
  6.922616E+03
  6.832035E+03
  6.738579E+03
  6.643854E+03
  6.546324E+03
  6.447502E+03
  6.345624E+03
  6.242870E+03
  6.136604E+03
  6.029414E+03
  5.919708E+03
  5.808185E+03
  5.695330E+03
  5.579794E+03
  5.462662E+03
  5.343838E+03
  5.222585E+03
  5.098724E+03
  4.972595E+03
  4.844404E+03
  4.715481E+03
  4.590190E+03
  4.478955E+03
  4.399583E+03
  4.387461E+03
  4.479727E+03
  4.444367E+03
  4.003891E+03
  4.498483E+03
  1.347320E+03
 -1.203042E-04
  6.314641E+02
  6.313502E+02
  6.312363E+02
  6.311224E+02
  6.310086E+02
  6.308947E+02
  6.307808E+02
  6.306670E+02
  6.305531E+02
  6.303347E+02
  6.301137E+02
  6.298927E+02
  6.296717E+02
  6.294507E+02
  6.292297E+02
  6.290086E+02
  6.288036E+02
  6.286278E+02
  6.284520E+02
  6.282762E+02
  6.281003E+02
  6.279245E+02
  6.277486E+02
  6.275702E+02
  6.273717E+02
  6.271732E+02
  6.269746E+02
  6.267761E+02
  6.265775E+02
  6.263789E+02
  6.261598E+02
  6.258728E+02
  6.255857E+02
  6.252986E+02
  6.250116E+02
  6.247244E+02
  6.244373E+02
  6.240880E+02
  6.237114E+02
  6.233348E+02
  6.229582E+02
  6.225815E+02
  6.222049E+02
  6.217755E+02
  6.212905E+02
  6.208055E+02
  6.203204E+02
  6.198353E+02
  6.193502E+02
  6.187439E+02
  6.180528E+02
  6.173615E+02
  6.166702E+02
  6.159789E+02
  6.152875E+02
  6.142918E+02
  6.132912E+02
  6.122906E+02
  6.112898E+02
  6.102891E+02
  6.090849E+02
  6.077764E+02
  6.064678E+02
  6.051592E+02
  6.038505E+02
  6.023878E+02
  6.008242E+02
  5.992604E+02
  5.976966E+02
  5.961326E+02
  5.944201E+02
  5.926702E+02
  5.909201E+02
  5.891697E+02
  5.874041E+02
  5.855898E+02
  5.837750E+02
  5.819599E+02
  5.801445E+02
  5.782799E+02
  5.764096E+02
  5.745389E+02
  5.726679E+02
  5.706230E+02
  5.685289E+02
  5.664345E+02
  5.643398E+02
  5.619306E+02
  5.594730E+02
  5.570152E+02
  5.544917E+02
  5.515950E+02
  5.486990E+02
  5.458036E+02
  5.425127E+02
  5.389791E+02
  5.354482E+02
  5.317175E+02
  5.274238E+02
  5.231364E+02
  5.188152E+02
  5.140101E+02
  5.092146E+02
  5.044196E+02
  4.994544E+02
  4.944997E+02
  4.895600E+02
  4.846529E+02
  4.797548E+02
  4.749585E+02
  4.702883E+02
  4.656244E+02
  4.612798E+02
  4.569973E+02
  4.528961E+02
  4.490920E+02
  4.453058E+02
  4.420333E+02
  4.387590E+02
  4.359464E+02
  4.332416E+02
  4.309223E+02
  4.287721E+02
  4.269621E+02
  4.253083E+02
  4.240200E+02
  4.228378E+02
  4.221263E+02
  4.215655E+02
  4.214188E+02
  4.216539E+02
  4.221829E+02
  4.234224E+02
  4.251828E+02
  4.275194E+02
  4.307518E+02
  4.350776E+02
  4.405692E+02
  4.476318E+02
  4.570069E+02
  4.701778E+02
  4.899960E+02
  5.211231E+02
  5.717653E+02
  6.499209E+02
  7.187470E+02
  7.315318E+02
  8.830634E+02
  2.139181E+02
  3.890501E-04
  1.815260E+03
  1.814578E+03
  1.813897E+03
  1.813215E+03
  1.812534E+03
  1.811852E+03
  1.811171E+03
  1.810489E+03
  1.809808E+03
  1.808292E+03
  1.806756E+03
  1.805220E+03
  1.803684E+03
  1.802148E+03
  1.800611E+03
  1.799075E+03
  1.797397E+03
  1.795458E+03
  1.793519E+03
  1.791581E+03
  1.789642E+03
  1.787703E+03
  1.785764E+03
  1.783747E+03
  1.781099E+03
  1.778451E+03
  1.775804E+03
  1.773156E+03
  1.770508E+03
  1.767861E+03
  1.765020E+03
  1.761534E+03
  1.758049E+03
  1.754563E+03
  1.751078E+03
  1.747593E+03
  1.744108E+03
  1.740078E+03
  1.735809E+03
  1.731541E+03
  1.727272E+03
  1.723004E+03
  1.718736E+03
  1.714135E+03
  1.709182E+03
  1.704229E+03
  1.699277E+03
  1.694324E+03
  1.689372E+03
  1.684068E+03
  1.678518E+03
  1.672967E+03
  1.667418E+03
  1.661868E+03
  1.656319E+03
  1.650310E+03
  1.644294E+03
  1.638279E+03
  1.632264E+03
  1.626250E+03
  1.620047E+03
  1.613747E+03
  1.607448E+03
  1.601150E+03
  1.594853E+03
  1.588409E+03
  1.581871E+03
  1.575333E+03
  1.568797E+03
  1.562261E+03
  1.555526E+03
  1.548741E+03
  1.541957E+03
  1.535174E+03
  1.528380E+03
  1.521550E+03
  1.514721E+03
  1.507892E+03
  1.501063E+03
  1.494291E+03
  1.487525E+03
  1.480759E+03
  1.473994E+03
  1.467115E+03
  1.460205E+03
  1.453294E+03
  1.446385E+03
  1.439352E+03
  1.432300E+03
  1.425250E+03
  1.418219E+03
  1.411298E+03
  1.404379E+03
  1.397462E+03
  1.390549E+03
  1.383641E+03
  1.376739E+03
  1.369721E+03
  1.362375E+03
  1.355040E+03
  1.347672E+03
  1.339792E+03
  1.331928E+03
  1.324050E+03
  1.315590E+03
  1.307150E+03
  1.298545E+03
  1.289062E+03
  1.279600E+03
  1.269489E+03
  1.258539E+03
  1.247606E+03
  1.235248E+03
  1.222633E+03
  1.209373E+03
  1.195033E+03
  1.180645E+03
  1.164617E+03
  1.148594E+03
  1.131347E+03
  1.113809E+03
  1.095439E+03
  1.076701E+03
  1.057379E+03
  1.037789E+03
  1.017821E+03
  9.977457E+02
  9.775907E+02
  9.575197E+02
  9.377147E+02
  9.183792E+02
  8.994119E+02
  8.815381E+02
  8.644981E+02
  8.483665E+02
  8.336280E+02
  8.204903E+02
  8.090148E+02
  7.998633E+02
  7.944635E+02
  7.961692E+02
  8.120737E+02
  8.541399E+02
  9.408509E+02
  1.086437E+03
  1.197842E+03
  1.130319E+03
  1.280630E+03
  2.069506E+02
 -8.932627E-11
  1.245587E+00
  1.245375E+00
  1.245163E+00
  1.244951E+00
  1.244740E+00
  1.244528E+00
  1.244316E+00
  1.244104E+00
  1.243892E+00
  1.243283E+00
  1.242665E+00
  1.242046E+00
  1.241428E+00
  1.240809E+00
  1.240191E+00
  1.239572E+00
  1.238820E+00
  1.237824E+00
  1.236828E+00
  1.235832E+00
  1.234836E+00
  1.233840E+00
  1.232844E+00
  1.231807E+00
  1.230443E+00
  1.229078E+00
  1.227714E+00
  1.226349E+00
  1.224985E+00
  1.223621E+00
  1.222166E+00
  1.220412E+00
  1.218657E+00
  1.216903E+00
  1.215148E+00
  1.213394E+00
  1.211640E+00
  1.209609E+00
  1.207457E+00
  1.205306E+00
  1.203154E+00
  1.201003E+00
  1.198851E+00
  1.196511E+00
  1.193972E+00
  1.191432E+00
  1.188893E+00
  1.186354E+00
  1.183815E+00
  1.181052E+00
  1.178132E+00
  1.175212E+00
  1.172292E+00
  1.169372E+00
  1.166453E+00
  1.163164E+00
  1.159869E+00
  1.156575E+00
  1.153281E+00
  1.149987E+00
  1.146456E+00
  1.142804E+00
  1.139152E+00
  1.135501E+00
  1.131850E+00
  1.127983E+00
  1.123975E+00
  1.119967E+00
  1.115960E+00
  1.111953E+00
  1.107641E+00
  1.103253E+00
  1.098865E+00
  1.094478E+00
  1.089995E+00
  1.085203E+00
  1.080411E+00
  1.075619E+00
  1.070828E+00
  1.065663E+00
  1.060456E+00
  1.055250E+00
  1.050044E+00
  1.044514E+00
  1.038893E+00
  1.033272E+00
  1.027651E+00
  1.021702E+00
  1.015702E+00
  1.009703E+00
  1.003655E+00
  9.973326E-01
  9.910107E-01
  9.846894E-01
  9.781837E-01
  9.715648E-01
  9.649473E-01
  9.582534E-01
  9.513438E-01
  9.444370E-01
  9.375124E-01
  9.303393E-01
  9.231705E-01
  9.159917E-01
  9.085315E-01
  9.010765E-01
  8.935607E-01
  8.857316E-01
  8.779074E-01
  8.698894E-01
  8.616210E-01
  8.533571E-01
  8.446863E-01
  8.359421E-01
  8.270146E-01
  8.177797E-01
  8.085315E-01
  7.988109E-01
  7.890925E-01
  7.789900E-01
  7.687971E-01
  7.582806E-01
  7.476214E-01
  7.366465E-01
  7.255262E-01
  7.140621E-01
  7.024993E-01
  6.905415E-01
  6.784795E-01
  6.661345E-01
  6.535850E-01
  6.408856E-01
  6.278846E-01
  6.147039E-01
  6.013329E-01
  5.876885E-01
  5.737505E-01
  5.595575E-01
  5.451324E-01
  5.306249E-01
  5.165262E-01
  5.040090E-01
  4.950774E-01
  4.937134E-01
  5.040960E-01
  5.001169E-01
  4.505509E-01
  5.062065E-01
  1.516115E-01
 -1.353762E-08
  1.127461E+00
  1.127258E+00
  1.127054E+00
  1.126851E+00
  1.126648E+00
  1.126444E+00
  1.126241E+00
  1.126038E+00
  1.125834E+00
  1.125444E+00
  1.125050E+00
  1.124655E+00
  1.124261E+00
  1.123866E+00
  1.123471E+00
  1.123077E+00
  1.122711E+00
  1.122397E+00
  1.122083E+00
  1.121769E+00
  1.121455E+00
  1.121141E+00
  1.120827E+00
  1.120508E+00
  1.120154E+00
  1.119800E+00
  1.119445E+00
  1.119090E+00
  1.118736E+00
  1.118381E+00
  1.117990E+00
  1.117478E+00
  1.116965E+00
  1.116453E+00
  1.115940E+00
  1.115427E+00
  1.114915E+00
  1.114291E+00
  1.113619E+00
  1.112946E+00
  1.112274E+00
  1.111601E+00
  1.110929E+00
  1.110162E+00
  1.109296E+00
  1.108430E+00
  1.107564E+00
  1.106698E+00
  1.105832E+00
  1.104749E+00
  1.103515E+00
  1.102281E+00
  1.101047E+00
  1.099812E+00
  1.098578E+00
  1.096800E+00
  1.095014E+00
  1.093227E+00
  1.091440E+00
  1.089653E+00
  1.087503E+00
  1.085167E+00
  1.082831E+00
  1.080494E+00
  1.078157E+00
  1.075546E+00
  1.072754E+00
  1.069962E+00
  1.067170E+00
  1.064377E+00
  1.061320E+00
  1.058195E+00
  1.055071E+00
  1.051945E+00
  1.048793E+00
  1.045554E+00
  1.042313E+00
  1.039073E+00
  1.035831E+00
  1.032502E+00
  1.029163E+00
  1.025823E+00
  1.022482E+00
  1.018831E+00
  1.015092E+00
  1.011352E+00
  1.007612E+00
  1.003311E+00
  9.989227E-01
  9.945346E-01
  9.900289E-01
  9.848569E-01
  9.796861E-01
  9.745165E-01
  9.686407E-01
  9.623315E-01
  9.560273E-01
  9.493662E-01
  9.416999E-01
  9.340449E-01
  9.263296E-01
  9.177501E-01
  9.091879E-01
  9.006266E-01
  8.917614E-01
  8.829149E-01
  8.740951E-01
  8.653337E-01
  8.565883E-01
  8.480246E-01
  8.396862E-01
  8.313589E-01
  8.236016E-01
  8.159554E-01
  8.086328E-01
  8.018407E-01
  7.950806E-01
  7.892376E-01
  7.833915E-01
  7.783697E-01
  7.735403E-01
  7.693994E-01
  7.655602E-01
  7.623284E-01
  7.593757E-01
  7.570753E-01
  7.549646E-01
  7.536942E-01
  7.526930E-01
  7.524311E-01
  7.528508E-01
  7.537954E-01
  7.560084E-01
  7.591517E-01
  7.633235E-01
  7.690948E-01
  7.768184E-01
  7.866235E-01
  7.992335E-01
  8.159725E-01
  8.394888E-01
  8.748737E-01
  9.304502E-01
  1.020870E+00
  1.160415E+00
  1.283302E+00
  1.306129E+00
  1.576684E+00
  3.819445E-01
  6.946378E-07
  1.253215E+00
  1.252744E+00
  1.252274E+00
  1.251803E+00
  1.251333E+00
  1.250862E+00
  1.250392E+00
  1.249922E+00
  1.249451E+00
  1.248405E+00
  1.247344E+00
  1.246284E+00
  1.245223E+00
  1.244163E+00
  1.243102E+00
  1.242042E+00
  1.240883E+00
  1.239544E+00
  1.238206E+00
  1.236867E+00
  1.235529E+00
  1.234190E+00
  1.232852E+00
  1.231459E+00
  1.229631E+00
  1.227803E+00
  1.225975E+00
  1.224147E+00
  1.222320E+00
  1.220492E+00
  1.218530E+00
  1.216124E+00
  1.213718E+00
  1.211311E+00
  1.208905E+00
  1.206499E+00
  1.204093E+00
  1.201311E+00
  1.198364E+00
  1.195417E+00
  1.192470E+00
  1.189524E+00
  1.186577E+00
  1.183400E+00
  1.179981E+00
  1.176562E+00
  1.173143E+00
  1.169724E+00
  1.166305E+00
  1.162643E+00
  1.158811E+00
  1.154979E+00
  1.151148E+00
  1.147317E+00
  1.143486E+00
  1.139337E+00
  1.135184E+00
  1.131031E+00
  1.126879E+00
  1.122727E+00
  1.118444E+00
  1.114095E+00
  1.109746E+00
  1.105398E+00
  1.101051E+00
  1.096602E+00
  1.092088E+00
  1.087575E+00
  1.083062E+00
  1.078550E+00
  1.073900E+00
  1.069216E+00
  1.064533E+00
  1.059850E+00
  1.055160E+00
  1.050444E+00
  1.045729E+00
  1.041015E+00
  1.036300E+00
  1.031625E+00
  1.026954E+00
  1.022283E+00
  1.017613E+00
  1.012864E+00
  1.008093E+00
  1.003322E+00
  9.985517E-01
  9.936962E-01
  9.888282E-01
  9.839608E-01
  9.791070E-01
  9.743288E-01
  9.695520E-01
  9.647765E-01
  9.600039E-01
  9.552352E-01
  9.504698E-01
  9.456249E-01
  9.405536E-01
  9.354894E-01
  9.304027E-01
  9.249622E-01
  9.195333E-01
  9.140949E-01
  9.082542E-01
  9.024274E-01
  8.964865E-01
  8.899400E-01
  8.834074E-01
  8.764269E-01
  8.688671E-01
  8.613195E-01
  8.527875E-01
  8.440784E-01
  8.349245E-01
  8.250239E-01
  8.150910E-01
  8.040255E-01
  7.929639E-01
  7.810568E-01
  7.689492E-01
  7.562669E-01
  7.433304E-01
  7.299911E-01
  7.164665E-01
  7.026808E-01
  6.888214E-01
  6.749068E-01
  6.610502E-01
  6.473774E-01
  6.340285E-01
  6.209340E-01
  6.085943E-01
  5.968302E-01
  5.856933E-01
  5.755182E-01
  5.664482E-01
  5.585258E-01
  5.522078E-01
  5.484799E-01
  5.496575E-01
  5.606376E-01
  5.896792E-01
  6.495425E-01
  7.500519E-01
  8.269636E-01
  7.803467E-01
  8.841186E-01
  1.428741E-01
 -6.166887E-14
  9.897486E-01
  9.895802E-01
  9.894118E-01
  9.892435E-01
  9.890751E-01
  9.889068E-01
  9.887385E-01
  9.885702E-01
  9.884019E-01
  9.879182E-01
  9.874266E-01
  9.869351E-01
  9.864436E-01
  9.859521E-01
  9.854607E-01
  9.849692E-01
  9.843719E-01
  9.835804E-01
  9.827890E-01
  9.819975E-01
  9.812061E-01
  9.804147E-01
  9.796233E-01
  9.787994E-01
  9.777152E-01
  9.766311E-01
  9.755469E-01
  9.744628E-01
  9.733787E-01
  9.722946E-01
  9.711389E-01
  9.697448E-01
  9.683508E-01
  9.669569E-01
  9.655629E-01
  9.641690E-01
  9.627752E-01
  9.611616E-01
  9.594519E-01
  9.577423E-01
  9.560327E-01
  9.543232E-01
  9.526137E-01
  9.507542E-01
  9.487365E-01
  9.467188E-01
  9.447013E-01
  9.426838E-01
  9.406664E-01
  9.384708E-01
  9.361504E-01
  9.338302E-01
  9.315101E-01
  9.291901E-01
  9.268703E-01
  9.242567E-01
  9.216388E-01
  9.190210E-01
  9.164035E-01
  9.137862E-01
  9.109805E-01
  9.080785E-01
  9.051769E-01
  9.022755E-01
  8.993743E-01
  8.963018E-01
  8.931169E-01
  8.899324E-01
  8.867482E-01
  8.835643E-01
  8.801379E-01
  8.766508E-01
  8.731641E-01
  8.696776E-01
  8.661157E-01
  8.623078E-01
  8.585001E-01
  8.546926E-01
  8.508852E-01
  8.467812E-01
  8.426441E-01
  8.385072E-01
  8.343703E-01
  8.299761E-01
  8.255096E-01
  8.210432E-01
  8.165770E-01
  8.118493E-01
  8.070818E-01
  8.023145E-01
  7.975090E-01
  7.924848E-01
  7.874611E-01
  7.824379E-01
  7.772679E-01
  7.720079E-01
  7.667488E-01
  7.614290E-01
  7.559372E-01
  7.504476E-01
  7.449437E-01
  7.392417E-01
  7.335430E-01
  7.278362E-01
  7.219054E-01
  7.159785E-01
  7.100032E-01
  7.037789E-01
  6.975584E-01
  6.911839E-01
  6.846107E-01
  6.780410E-01
  6.711486E-01
  6.641981E-01
  6.571022E-01
  6.497627E-01
  6.424127E-01
  6.346885E-01
  6.269660E-01
  6.189394E-01
  6.108410E-01
  6.024864E-01
  5.940186E-01
  5.853005E-01
  5.764672E-01
  5.673611E-01
  5.581766E-01
  5.486786E-01
  5.390978E-01
  5.292922E-01
  5.193239E-01
  5.092363E-01
  4.989089E-01
  4.884383E-01
  4.778162E-01
  4.669765E-01
  4.559032E-01
  4.446266E-01
  4.331653E-01
  4.216378E-01
  4.104343E-01
  4.004871E-01
  3.933885E-01
  3.923026E-01
  4.005497E-01
  3.973847E-01
  3.579968E-01
  4.022146E-01
  1.654702E-01
 -2.616751E-03
  5.646263E-02
  5.645245E-02
  5.644226E-02
  5.643208E-02
  5.642190E-02
  5.641172E-02
  5.640153E-02
  5.639135E-02
  5.638117E-02
  5.636165E-02
  5.634189E-02
  5.632213E-02
  5.630236E-02
  5.628260E-02
  5.626284E-02
  5.624308E-02
  5.622475E-02
  5.620903E-02
  5.619331E-02
  5.617759E-02
  5.616187E-02
  5.614615E-02
  5.613043E-02
  5.611448E-02
  5.609674E-02
  5.607899E-02
  5.606123E-02
  5.604348E-02
  5.602573E-02
  5.600797E-02
  5.598839E-02
  5.596273E-02
  5.593706E-02
  5.591140E-02
  5.588573E-02
  5.586006E-02
  5.583439E-02
  5.580316E-02
  5.576949E-02
  5.573582E-02
  5.570215E-02
  5.566848E-02
  5.563480E-02
  5.559641E-02
  5.555305E-02
  5.550969E-02
  5.546632E-02
  5.542295E-02
  5.537957E-02
  5.532537E-02
  5.526357E-02
  5.520176E-02
  5.513995E-02
  5.507814E-02
  5.501632E-02
  5.492728E-02
  5.483782E-02
  5.474834E-02
  5.465886E-02
  5.456938E-02
  5.446170E-02
  5.434470E-02
  5.422769E-02
  5.411068E-02
  5.399366E-02
  5.386287E-02
  5.372306E-02
  5.358323E-02
  5.344339E-02
  5.330354E-02
  5.315042E-02
  5.299394E-02
  5.283745E-02
  5.268093E-02
  5.252306E-02
  5.236083E-02
  5.219856E-02
  5.203626E-02
  5.187393E-02
  5.170721E-02
  5.153997E-02
  5.137271E-02
  5.120541E-02
  5.102256E-02
  5.083532E-02
  5.064804E-02
  5.046075E-02
  5.024531E-02
  5.002556E-02
  4.980580E-02
  4.958015E-02
  4.932112E-02
  4.906215E-02
  4.880324E-02
  4.850895E-02
  4.819295E-02
  4.787719E-02
  4.754355E-02
  4.715954E-02
  4.677610E-02
  4.638962E-02
  4.595983E-02
  4.553089E-02
  4.510199E-02
  4.465785E-02
  4.421463E-02
  4.377274E-02
  4.333378E-02
  4.289561E-02
  4.246654E-02
  4.204877E-02
  4.163155E-02
  4.124291E-02
  4.085984E-02
  4.049300E-02
  4.015276E-02
  3.981413E-02
  3.952148E-02
  3.922869E-02
  3.897723E-02
  3.873542E-02
  3.852813E-02
  3.833597E-02
  3.817427E-02
  3.802656E-02
  3.791155E-02
  3.780604E-02
  3.774264E-02
  3.769273E-02
  3.767985E-02
  3.770109E-02
  3.774862E-02
  3.785967E-02
  3.801729E-02
  3.822640E-02
  3.851559E-02
  3.890253E-02
  3.939368E-02
  4.002526E-02
  4.086357E-02
  4.204120E-02
  4.381315E-02
  4.659620E-02
  5.112410E-02
  5.811195E-02
  6.426540E-02
  6.540788E-02
  7.895572E-02
  2.627221E-02
  8.462277E-03
  1.623122E-01
  1.622513E-01
  1.621903E-01
  1.621294E-01
  1.620685E-01
  1.620075E-01
  1.619466E-01
  1.618857E-01
  1.618247E-01
  1.616892E-01
  1.615519E-01
  1.614145E-01
  1.612772E-01
  1.611398E-01
  1.610025E-01
  1.608651E-01
  1.607151E-01
  1.605417E-01
  1.603683E-01
  1.601950E-01
  1.600216E-01
  1.598483E-01
  1.596749E-01
  1.594945E-01
  1.592578E-01
  1.590211E-01
  1.587843E-01
  1.585476E-01
  1.583109E-01
  1.580741E-01
  1.578201E-01
  1.575085E-01
  1.571968E-01
  1.568852E-01
  1.565736E-01
  1.562619E-01
  1.559503E-01
  1.555900E-01
  1.552083E-01
  1.548267E-01
  1.544450E-01
  1.540634E-01
  1.536818E-01
  1.532703E-01
  1.528275E-01
  1.523847E-01
  1.519418E-01
  1.514990E-01
  1.510562E-01
  1.505820E-01
  1.500857E-01
  1.495894E-01
  1.490932E-01
  1.485970E-01
  1.481008E-01
  1.475635E-01
  1.470256E-01
  1.464877E-01
  1.459499E-01
  1.454122E-01
  1.448575E-01
  1.442942E-01
  1.437310E-01
  1.431678E-01
  1.426047E-01
  1.420286E-01
  1.414439E-01
  1.408594E-01
  1.402749E-01
  1.396905E-01
  1.390882E-01
  1.384815E-01
  1.378750E-01
  1.372684E-01
  1.366610E-01
  1.360502E-01
  1.354396E-01
  1.348289E-01
  1.342183E-01
  1.336128E-01
  1.330078E-01
  1.324029E-01
  1.317980E-01
  1.311829E-01
  1.305650E-01
  1.299471E-01
  1.293292E-01
  1.287004E-01
  1.280699E-01
  1.274394E-01
  1.268108E-01
  1.261919E-01
  1.255731E-01
  1.249546E-01
  1.243364E-01
  1.237186E-01
  1.231013E-01
  1.224737E-01
  1.218166E-01
  1.211605E-01
  1.205014E-01
  1.197965E-01
  1.190929E-01
  1.183882E-01
  1.176312E-01
  1.168760E-01
  1.161061E-01
  1.152576E-01
  1.144110E-01
  1.135064E-01
  1.125267E-01
  1.115486E-01
  1.104432E-01
  1.093148E-01
  1.081289E-01
  1.068464E-01
  1.055597E-01
  1.041265E-01
  1.026938E-01
  1.011518E-01
  9.958387E-02
  9.794162E-02
  9.626647E-02
  9.453926E-02
  9.278809E-02
  9.100318E-02
  8.920871E-02
  8.740716E-02
  8.561309E-02
  8.384282E-02
  8.211450E-02
  8.041908E-02
  7.882140E-02
  7.729821E-02
  7.585620E-02
  7.453870E-02
  7.336427E-02
  7.233840E-02
  7.152025E-02
  7.103747E-02
  7.118990E-02
  7.261182E-02
  7.637289E-02
  8.412569E-02
  9.714254E-02
  1.071028E-01
  1.010643E-01
  1.145026E-01
  2.541651E-02
 -1.942947E-09
  9.898790E-01
  9.897107E-01
  9.895424E-01
  9.893742E-01
  9.892059E-01
  9.890377E-01
  9.888695E-01
  9.887013E-01
  9.885331E-01
  9.880496E-01
  9.875584E-01
  9.870671E-01
  9.865759E-01
  9.860846E-01
  9.855934E-01
  9.851022E-01
  9.845052E-01
  9.837141E-01
  9.829229E-01
  9.821318E-01
  9.813408E-01
  9.805497E-01
  9.797587E-01
  9.789352E-01
  9.778514E-01
  9.767677E-01
  9.756840E-01
  9.746003E-01
  9.735166E-01
  9.724330E-01
  9.712777E-01
  9.698842E-01
  9.684908E-01
  9.670974E-01
  9.657040E-01
  9.643107E-01
  9.629174E-01
  9.613045E-01
  9.595954E-01
  9.578865E-01
  9.561776E-01
  9.544687E-01
  9.527599E-01
  9.509011E-01
  9.488842E-01
  9.468673E-01
  9.448506E-01
  9.428339E-01
  9.408173E-01
  9.386225E-01
  9.363030E-01
  9.339837E-01
  9.316645E-01
  9.293454E-01
  9.270265E-01
  9.244138E-01
  9.217968E-01
  9.191800E-01
  9.165634E-01
  9.139470E-01
  9.111424E-01
  9.082414E-01
  9.053407E-01
  9.024403E-01
  8.995401E-01
  8.964686E-01
  8.932847E-01
  8.901011E-01
  8.869179E-01
  8.837350E-01
  8.803095E-01
  8.768235E-01
  8.733377E-01
  8.698522E-01
  8.662912E-01
  8.624842E-01
  8.586774E-01
  8.548708E-01
  8.510644E-01
  8.469613E-01
  8.428251E-01
  8.386890E-01
  8.345530E-01
  8.301598E-01
  8.256942E-01
  8.212287E-01
  8.167634E-01
  8.120368E-01
  8.072703E-01
  8.025040E-01
  7.976995E-01
  7.926765E-01
  7.876540E-01
  7.826319E-01
  7.774633E-01
  7.722045E-01
  7.669468E-01
  7.616283E-01
  7.561380E-01
  7.506499E-01
  7.451475E-01
  7.394472E-01
  7.337502E-01
  7.280450E-01
  7.221161E-01
  7.161910E-01
  7.102175E-01
  7.039951E-01
  6.977766E-01
  6.914041E-01
  6.848330E-01
  6.782654E-01
  6.713752E-01
  6.644269E-01
  6.573333E-01
  6.499963E-01
  6.426488E-01
  6.349272E-01
  6.272074E-01
  6.191836E-01
  6.110881E-01
  6.027366E-01
  5.942719E-01
  5.855571E-01
  5.767271E-01
  5.676247E-01
  5.584438E-01
  5.489497E-01
  5.393730E-01
  5.295718E-01
  5.196086E-01
  5.095264E-01
  4.992059E-01
  4.887434E-01
  4.781309E-01
  4.673035E-01
  4.562463E-01
  4.449902E-01
  4.335548E-01
  4.220602E-01
  4.108972E-01
  4.009976E-01
  3.939499E-01
  3.929089E-01
  4.011772E-01
  3.979917E-01
  3.585624E-01
  4.024922E-01
  1.648769E-01
 -3.645144E-03
  5.026137E-02
  5.025167E-02
  5.024197E-02
  5.023228E-02
  5.022258E-02
  5.021289E-02
  5.020319E-02
  5.019350E-02
  5.018380E-02
  5.016510E-02
  5.014617E-02
  5.012724E-02
  5.010831E-02
  5.008938E-02
  5.007045E-02
  5.005152E-02
  5.003386E-02
  5.001854E-02
  5.000322E-02
  4.998789E-02
  4.997257E-02
  4.995724E-02
  4.994191E-02
  4.992631E-02
  4.990851E-02
  4.989071E-02
  4.987290E-02
  4.985510E-02
  4.983729E-02
  4.981948E-02
  4.979982E-02
  4.977399E-02
  4.974816E-02
  4.972232E-02
  4.969649E-02
  4.967065E-02
  4.964481E-02
  4.961343E-02
  4.957963E-02
  4.954583E-02
  4.951202E-02
  4.947822E-02
  4.944441E-02
  4.940592E-02
  4.936249E-02
  4.931906E-02
  4.927563E-02
  4.923220E-02
  4.918876E-02
  4.913453E-02
  4.907273E-02
  4.901093E-02
  4.894912E-02
  4.888731E-02
  4.882549E-02
  4.873651E-02
  4.864709E-02
  4.855767E-02
  4.846823E-02
  4.837880E-02
  4.827118E-02
  4.815423E-02
  4.803728E-02
  4.792033E-02
  4.780336E-02
  4.767262E-02
  4.753283E-02
  4.739303E-02
  4.725321E-02
  4.711339E-02
  4.696021E-02
  4.680366E-02
  4.664708E-02
  4.649049E-02
  4.633247E-02
  4.616991E-02
  4.600730E-02
  4.584467E-02
  4.568200E-02
  4.551455E-02
  4.534654E-02
  4.517850E-02
  4.501043E-02
  4.482642E-02
  4.463792E-02
  4.444938E-02
  4.426082E-02
  4.404372E-02
  4.382224E-02
  4.360074E-02
  4.337331E-02
  4.311218E-02
  4.285110E-02
  4.259009E-02
  4.229361E-02
  4.197538E-02
  4.165738E-02
  4.132157E-02
  4.093562E-02
  4.055021E-02
  4.016181E-02
  3.973073E-02
  3.930049E-02
  3.887029E-02
  3.842576E-02
  3.798212E-02
  3.753997E-02
  3.710168E-02
  3.666414E-02
  3.623619E-02
  3.582018E-02
  3.540469E-02
  3.501858E-02
  3.463817E-02
  3.427419E-02
  3.393717E-02
  3.360175E-02
  3.331247E-02
  3.302302E-02
  3.277476E-02
  3.253610E-02
  3.233166E-02
  3.214223E-02
  3.198288E-02
  3.183734E-02
  3.172404E-02
  3.162010E-02
  3.155752E-02
  3.150802E-02
  3.149445E-02
  3.151324E-02
  3.155687E-02
  3.165885E-02
  3.180215E-02
  3.199066E-02
  3.224764E-02
  3.258561E-02
  3.300901E-02
  3.354837E-02
  3.426345E-02
  3.528130E-02
  3.685707E-02
  3.942255E-02
  4.375442E-02
  5.065032E-02
  5.692883E-02
  5.845496E-02
  7.251417E-02
  1.999015E-02
  1.210008E-03
  1.627769E-01
  1.627157E-01
  1.626546E-01
  1.625934E-01
  1.625322E-01
  1.624710E-01
  1.624099E-01
  1.623487E-01
  1.622876E-01
  1.621517E-01
  1.620140E-01
  1.618763E-01
  1.617386E-01
  1.616009E-01
  1.614633E-01
  1.613256E-01
  1.611752E-01
  1.610015E-01
  1.608278E-01
  1.606541E-01
  1.604804E-01
  1.603067E-01
  1.601330E-01
  1.599522E-01
  1.597151E-01
  1.594780E-01
  1.592409E-01
  1.590038E-01
  1.587667E-01
  1.585296E-01
  1.582752E-01
  1.579631E-01
  1.576511E-01
  1.573390E-01
  1.570269E-01
  1.567149E-01
  1.564028E-01
  1.560420E-01
  1.556598E-01
  1.552776E-01
  1.548954E-01
  1.545133E-01
  1.541311E-01
  1.537190E-01
  1.532755E-01
  1.528319E-01
  1.523884E-01
  1.519448E-01
  1.515013E-01
  1.510262E-01
  1.505289E-01
  1.500316E-01
  1.495344E-01
  1.490372E-01
  1.485400E-01
  1.480014E-01
  1.474622E-01
  1.469230E-01
  1.463839E-01
  1.458449E-01
  1.452887E-01
  1.447239E-01
  1.441590E-01
  1.435943E-01
  1.430297E-01
  1.424519E-01
  1.418656E-01
  1.412793E-01
  1.406931E-01
  1.401070E-01
  1.395032E-01
  1.388949E-01
  1.382867E-01
  1.376786E-01
  1.370696E-01
  1.364575E-01
  1.358455E-01
  1.352336E-01
  1.346216E-01
  1.340150E-01
  1.334090E-01
  1.328031E-01
  1.321971E-01
  1.315809E-01
  1.309619E-01
  1.303429E-01
  1.297239E-01
  1.290935E-01
  1.284613E-01
  1.278292E-01
  1.271988E-01
  1.265772E-01
  1.259559E-01
  1.253347E-01
  1.247130E-01
  1.240912E-01
  1.234699E-01
  1.228378E-01
  1.221751E-01
  1.215133E-01
  1.208485E-01
  1.201365E-01
  1.194260E-01
  1.187142E-01
  1.179495E-01
  1.171866E-01
  1.164089E-01
  1.155525E-01
  1.146979E-01
  1.137854E-01
  1.127980E-01
  1.118122E-01
  1.106994E-01
  1.095639E-01
  1.083710E-01
  1.070820E-01
  1.057889E-01
  1.043501E-01
  1.029119E-01
  1.013650E-01
  9.979243E-02
  9.814623E-02
  9.646744E-02
  9.473727E-02
  9.298344E-02
  9.119661E-02
  8.940044E-02
  8.759806E-02
  8.580342E-02
  8.403328E-02
  8.230569E-02
  8.061144E-02
  7.901608E-02
  7.749604E-02
  7.605811E-02
  7.474619E-02
  7.357925E-02
  7.256281E-02
  7.175646E-02
  7.128990E-02
  7.146000E-02
  7.290225E-02
  7.668457E-02
  8.445554E-02
  9.747990E-02
  1.074285E-01
  1.013617E-01
  1.146861E-01
  2.535995E-02
 -3.562570E-09
 -1.304085E-04
 -1.305130E-04
 -1.306175E-04
 -1.307220E-04
 -1.308265E-04
 -1.309310E-04
 -1.310354E-04
 -1.311399E-04
 -1.312444E-04
 -1.314949E-04
 -1.317490E-04
 -1.320031E-04
 -1.322572E-04
 -1.325113E-04
 -1.327654E-04
 -1.330194E-04
 -1.333050E-04
 -1.336483E-04
 -1.339917E-04
 -1.343350E-04
 -1.346783E-04
 -1.350216E-04
 -1.353649E-04
 -1.357194E-04
 -1.361641E-04
 -1.366087E-04
 -1.370533E-04
 -1.374980E-04
 -1.379426E-04
 -1.383872E-04
 -1.388577E-04
 -1.394143E-04
 -1.399709E-04
 -1.405275E-04
 -1.410840E-04
 -1.416406E-04
 -1.421972E-04
 -1.428344E-04
 -1.435068E-04
 -1.441793E-04
 -1.448517E-04
 -1.455242E-04
 -1.461966E-04
 -1.469246E-04
 -1.477112E-04
 -1.484978E-04
 -1.492844E-04
 -1.500710E-04
 -1.508576E-04
 -1.517023E-04
 -1.525877E-04
 -1.534731E-04
 -1.543585E-04
 -1.552438E-04
 -1.561291E-04
 -1.570801E-04
 -1.580321E-04
 -1.589839E-04
 -1.599357E-04
 -1.608874E-04
 -1.618584E-04
 -1.628393E-04
 -1.638200E-04
 -1.648006E-04
 -1.657810E-04
 -1.667628E-04
 -1.677454E-04
 -1.687278E-04
 -1.697100E-04
 -1.706919E-04
 -1.716581E-04
 -1.726202E-04
 -1.735819E-04
 -1.745435E-04
 -1.754948E-04
 -1.764136E-04
 -1.773322E-04
 -1.782506E-04
 -1.791688E-04
 -1.800591E-04
 -1.809463E-04
 -1.818332E-04
 -1.827200E-04
 -1.836375E-04
 -1.845634E-04
 -1.854890E-04
 -1.864144E-04
 -1.874330E-04
 -1.884653E-04
 -1.894970E-04
 -1.905489E-04
 -1.917183E-04
 -1.928863E-04
 -1.940529E-04
 -1.953163E-04
 -1.966381E-04
 -1.979574E-04
 -1.993231E-04
 -2.008224E-04
 -2.023180E-04
 -2.038236E-04
 -2.054938E-04
 -2.071589E-04
 -2.088266E-04
 -2.106419E-04
 -2.124511E-04
 -2.142803E-04
 -2.162298E-04
 -2.181729E-04
 -2.201792E-04
 -2.222687E-04
 -2.243522E-04
 -2.265779E-04
 -2.288262E-04
 -2.311450E-04
 -2.335850E-04
 -2.360289E-04
 -2.386901E-04
 -2.413490E-04
 -2.442032E-04
 -2.471035E-04
 -2.501673E-04
 -2.533041E-04
 -2.565981E-04
 -2.599653E-04
 -2.635269E-04
 -2.671456E-04
 -2.710890E-04
 -2.751749E-04
 -2.796700E-04
 -2.847076E-04
 -2.901716E-04
 -2.970131E-04
 -3.051189E-04
 -3.147158E-04
 -3.269950E-04
 -3.431210E-04
 -3.635505E-04
 -3.895213E-04
 -4.223496E-04
 -4.628828E-04
 -5.104371E-04
 -5.613666E-04
 -6.063179E-04
 -6.274105E-04
 -6.070200E-04
 -5.656386E-04
 -2.776354E-04
  5.932706E-04
  1.028393E-03
  6.201263E-03
  6.200776E-03
  6.200289E-03
  6.199802E-03
  6.199316E-03
  6.198829E-03
  6.198342E-03
  6.197856E-03
  6.197370E-03
  6.196547E-03
  6.195716E-03
  6.194885E-03
  6.194054E-03
  6.193223E-03
  6.192392E-03
  6.191562E-03
  6.190885E-03
  6.190490E-03
  6.190095E-03
  6.189701E-03
  6.189306E-03
  6.188912E-03
  6.188518E-03
  6.188173E-03
  6.188226E-03
  6.188279E-03
  6.188332E-03
  6.188385E-03
  6.188438E-03
  6.188491E-03
  6.188571E-03
  6.188739E-03
  6.188908E-03
  6.189077E-03
  6.189246E-03
  6.189415E-03
  6.189584E-03
  6.189728E-03
  6.189861E-03
  6.189995E-03
  6.190128E-03
  6.190262E-03
  6.190396E-03
  6.190496E-03
  6.190559E-03
  6.190623E-03
  6.190687E-03
  6.190751E-03
  6.190816E-03
  6.190840E-03
  6.190837E-03
  6.190833E-03
  6.190831E-03
  6.190829E-03
  6.190827E-03
  6.190777E-03
  6.190727E-03
  6.190677E-03
  6.190629E-03
  6.190581E-03
  6.190525E-03
  6.190466E-03
  6.190409E-03
  6.190352E-03
  6.190297E-03
  6.190257E-03
  6.190229E-03
  6.190202E-03
  6.190177E-03
  6.190153E-03
  6.190210E-03
  6.190287E-03
  6.190366E-03
  6.190447E-03
  6.190588E-03
  6.190923E-03
  6.191260E-03
  6.191597E-03
  6.191935E-03
  6.192664E-03
  6.193436E-03
  6.194210E-03
  6.194984E-03
  6.196138E-03
  6.197399E-03
  6.198662E-03
  6.199925E-03
  6.201591E-03
  6.203320E-03
  6.205051E-03
  6.206838E-03
  6.208938E-03
  6.211042E-03
  6.213150E-03
  6.215332E-03
  6.217567E-03
  6.219810E-03
  6.221977E-03
  6.223920E-03
  6.225883E-03
  6.227809E-03
  6.229093E-03
  6.230407E-03
  6.231704E-03
  6.232091E-03
  6.232516E-03
  6.232777E-03
  6.232102E-03
  6.231466E-03
  6.230344E-03
  6.228583E-03
  6.226859E-03
  6.224328E-03
  6.221669E-03
  6.218807E-03
  6.215583E-03
  6.212376E-03
  6.209013E-03
  6.205666E-03
  6.202473E-03
  6.199323E-03
  6.196466E-03
  6.193743E-03
  6.191394E-03
  6.189219E-03
  6.187509E-03
  6.185935E-03
  6.185127E-03
  6.184703E-03
  6.185394E-03
  6.187857E-03
  6.191751E-03
  6.200825E-03
  6.215140E-03
  6.235741E-03
  6.267954E-03
  6.316915E-03
  6.384669E-03
  6.476892E-03
  6.600120E-03
  6.759896E-03
  6.956073E-03
  7.173647E-03
  7.369683E-03
  7.461625E-03
  7.336578E-03
  6.952915E-03
  6.441553E-03
  6.282059E-03
  7.252269E-03
 -4.647021E-04
 -4.644652E-04
 -4.642284E-04
 -4.639917E-04
 -4.637549E-04
 -4.635182E-04
 -4.632816E-04
 -4.630449E-04
 -4.628083E-04
 -4.624756E-04
 -4.621406E-04
 -4.618056E-04
 -4.614707E-04
 -4.611359E-04
 -4.608011E-04
 -4.604663E-04
 -4.601266E-04
 -4.597775E-04
 -4.594285E-04
 -4.590796E-04
 -4.587306E-04
 -4.583818E-04
 -4.580329E-04
 -4.576822E-04
 -4.573165E-04
 -4.569508E-04
 -4.565850E-04
 -4.562193E-04
 -4.558536E-04
 -4.554879E-04
 -4.551078E-04
 -4.546796E-04
 -4.542514E-04
 -4.538231E-04
 -4.533949E-04
 -4.529666E-04
 -4.525383E-04
 -4.520324E-04
 -4.514924E-04
 -4.509524E-04
 -4.504124E-04
 -4.498724E-04
 -4.493323E-04
 -4.487040E-04
 -4.479825E-04
 -4.472611E-04
 -4.465396E-04
 -4.458182E-04
 -4.450967E-04
 -4.442160E-04
 -4.432238E-04
 -4.422316E-04
 -4.412395E-04
 -4.402474E-04
 -4.392554E-04
 -4.379508E-04
 -4.366416E-04
 -4.353325E-04
 -4.340235E-04
 -4.327148E-04
 -4.312342E-04
 -4.296658E-04
 -4.280976E-04
 -4.265297E-04
 -4.249621E-04
 -4.233217E-04
 -4.216335E-04
 -4.199457E-04
 -4.182583E-04
 -4.165711E-04
 -4.149475E-04
 -4.133399E-04
 -4.117326E-04
 -4.101256E-04
 -4.085856E-04
 -4.072631E-04
 -4.059407E-04
 -4.046183E-04
 -4.032960E-04
 -4.022340E-04
 -4.012009E-04
 -4.001679E-04
 -3.991347E-04
 -3.980385E-04
 -3.969244E-04
 -3.958103E-04
 -3.946962E-04
 -3.931142E-04
 -3.914607E-04
 -3.898074E-04
 -3.880067E-04
 -3.853667E-04
 -3.827277E-04
 -3.800897E-04
 -3.765933E-04
 -3.725677E-04
 -3.685450E-04
 -3.640953E-04
 -3.584451E-04
 -3.528012E-04
 -3.470604E-04
 -3.400663E-04
 -3.330823E-04
 -3.260705E-04
 -3.183146E-04
 -3.105713E-04
 -3.027978E-04
 -2.948299E-04
 -2.868756E-04
 -2.790149E-04
 -2.712702E-04
 -2.635383E-04
 -2.562414E-04
 -2.490351E-04
 -2.421101E-04
 -2.356436E-04
 -2.292141E-04
 -2.236194E-04
 -2.180312E-04
 -2.132044E-04
 -2.085625E-04
 -2.046109E-04
 -2.009664E-04
 -1.980006E-04
 -1.953487E-04
 -1.934322E-04
 -1.917283E-04
 -1.909007E-04
 -1.903272E-04
 -1.904515E-04
 -1.911835E-04
 -1.923659E-04
 -1.946796E-04
 -1.978290E-04
 -2.019015E-04
 -2.074885E-04
 -2.149803E-04
 -2.244131E-04
 -2.362133E-04
 -2.524262E-04
 -2.701017E-04
 -2.904307E-04
 -3.116764E-04
 -3.298419E-04
 -3.373566E-04
 -3.256499E-04
 -2.974506E-04
 -1.834363E-04
  5.656132E-05
  1.619623E-09
  1.273240E+00
  1.273211E+00
  1.273125E+00
  1.272981E+00
  1.272781E+00
  1.272522E+00
  1.272207E+00
  1.271834E+00
  1.271403E+00
  1.270915E+00
  1.270369E+00
  1.269765E+00
  1.269104E+00
  1.268384E+00
  1.267607E+00
  1.266771E+00
  1.265877E+00
  1.264925E+00
  1.263915E+00
  1.262845E+00
  1.261717E+00
  1.260530E+00
  1.259284E+00
  1.257979E+00
  1.256614E+00
  1.255190E+00
  1.253705E+00
  1.252161E+00
  1.250556E+00
  1.248891E+00
  1.247165E+00
  1.245378E+00
  1.243529E+00
  1.241620E+00
  1.239648E+00
  1.237614E+00
  1.235518E+00
  1.233359E+00
  1.231136E+00
  1.228851E+00
  1.226501E+00
  1.224088E+00
  1.221610E+00
  1.219067E+00
  1.216458E+00
  1.213784E+00
  1.211044E+00
  1.208237E+00
  1.205362E+00
  1.202421E+00
  1.199411E+00
  1.196332E+00
  1.193185E+00
  1.189968E+00
  1.186680E+00
  1.183322E+00
  1.179892E+00
  1.176390E+00
  1.172816E+00
  1.169168E+00
  1.165446E+00
  1.161649E+00
  1.157776E+00
  1.153828E+00
  1.149802E+00
  1.145699E+00
  1.141516E+00
  1.137254E+00
  1.132912E+00
  1.128488E+00
  1.123982E+00
  1.119393E+00
  1.114719E+00
  1.109960E+00
  1.105114E+00
  1.100180E+00
  1.095157E+00
  1.090045E+00
  1.084841E+00
  1.079544E+00
  1.074153E+00
  1.068667E+00
  1.063083E+00
  1.057401E+00
  1.051619E+00
  1.045735E+00
  1.039748E+00
  1.033655E+00
  1.027455E+00
  1.021146E+00
  1.014726E+00
  1.008193E+00
  1.001543E+00
  9.947766E-01
  9.878894E-01
  9.808795E-01
  9.737441E-01
  9.664805E-01
  9.590857E-01
  9.515567E-01
  9.438904E-01
  9.360832E-01
  9.281318E-01
  9.200322E-01
  9.117806E-01
  9.033729E-01
  8.948045E-01
  8.860709E-01
  8.771671E-01
  8.680879E-01
  8.588277E-01
  8.493806E-01
  8.397402E-01
  8.299000E-01
  8.198525E-01
  8.095903E-01
  7.991048E-01
  7.883874E-01
  7.774283E-01
  7.662172E-01
  7.547428E-01
  7.429930E-01
  7.309546E-01
  7.186128E-01
  7.059520E-01
  6.929545E-01
  6.796012E-01
  6.658704E-01
  6.517385E-01
  6.371787E-01
  6.221609E-01
  6.066513E-01
  5.906109E-01
  5.739954E-01
  5.567532E-01
  5.388241E-01
  5.201372E-01
  5.006076E-01
  4.801325E-01
  4.585853E-01
  4.358068E-01
  4.115929E-01
  3.856731E-01
  3.576769E-01
  3.270715E-01
  2.930404E-01
  2.542116E-01
  2.079144E-01
  1.472658E-01
  0.000000E+00
  1.110922E-01
  1.110551E-01
  1.110181E-01
  1.109810E-01
  1.109439E-01
  1.109069E-01
  1.108698E-01
  1.108327E-01
  1.107956E-01
  1.107606E-01
  1.107256E-01
  1.106906E-01
  1.106556E-01
  1.106205E-01
  1.105855E-01
  1.105505E-01
  1.105162E-01
  1.104833E-01
  1.104503E-01
  1.104174E-01
  1.103845E-01
  1.103515E-01
  1.103186E-01
  1.102858E-01
  1.102547E-01
  1.102236E-01
  1.101926E-01
  1.101615E-01
  1.101304E-01
  1.100993E-01
  1.100685E-01
  1.100385E-01
  1.100086E-01
  1.099787E-01
  1.099488E-01
  1.099188E-01
  1.098889E-01
  1.098585E-01
  1.098278E-01
  1.097972E-01
  1.097666E-01
  1.097359E-01
  1.097053E-01
  1.096721E-01
  1.096363E-01
  1.096005E-01
  1.095647E-01
  1.095288E-01
  1.094930E-01
  1.094490E-01
  1.093991E-01
  1.093493E-01
  1.092995E-01
  1.092497E-01
  1.091998E-01
  1.091289E-01
  1.090577E-01
  1.089864E-01
  1.089151E-01
  1.088439E-01
  1.087633E-01
  1.086809E-01
  1.086064E-01
  1.085319E-01
  1.084574E-01
  1.083843E-01
  1.083120E-01
  1.082398E-01
  1.081675E-01
  1.080953E-01
  1.080393E-01
  1.079875E-01
  1.079356E-01
  1.078838E-01
  1.078414E-01
  1.078298E-01
  1.078182E-01
  1.078065E-01
  1.077949E-01
  1.078198E-01
  1.078487E-01
  1.078795E-01
  1.079139E-01
  1.079486E-01
  1.079833E-01
  1.080180E-01
  1.080528E-01
  1.080534E-01
  1.080488E-01
  1.080442E-01
  1.080284E-01
  1.079483E-01
  1.078682E-01
  1.077881E-01
  1.076411E-01
  1.074528E-01
  1.072645E-01
  1.070802E-01
  1.068118E-01
  1.065434E-01
  1.062681E-01
  1.059229E-01
  1.056278E-01
  1.053308E-01
  1.049960E-01
  1.047175E-01
  1.044902E-01
  1.042584E-01
  1.040641E-01
  1.039045E-01
  1.037496E-01
  1.036261E-01
  1.035406E-01
  1.034568E-01
  1.033784E-01
  1.033326E-01
  1.033033E-01
  1.032807E-01
  1.032582E-01
  1.032414E-01
  1.032391E-01
  1.032369E-01
  1.032345E-01
  1.032318E-01
  1.032291E-01
  1.032264E-01
  1.032237E-01
  1.032211E-01
  1.032186E-01
  1.032164E-01
  1.032142E-01
  1.032122E-01
  1.032105E-01
  1.032089E-01
  1.032074E-01
  1.032061E-01
  1.032050E-01
  1.032039E-01
  1.032030E-01
  1.031951E-01
  1.031940E-01
  1.031930E-01
  1.031920E-01
  1.031910E-01
  1.031900E-01
  1.031890E-01
  1.032325E-01
  1.033612E-01
  1.212372E-01
  2.269681E-02
 -1.368512E-01
 -1.367786E-01
 -1.367061E-01
 -1.366335E-01
 -1.365610E-01
 -1.364884E-01
 -1.364158E-01
 -1.363433E-01
 -1.362707E-01
 -1.357904E-01
 -1.353000E-01
 -1.348096E-01
 -1.343191E-01
 -1.338287E-01
 -1.333383E-01
 -1.328478E-01
 -1.321921E-01
 -1.312332E-01
 -1.302743E-01
 -1.293154E-01
 -1.283565E-01
 -1.273976E-01
 -1.264387E-01
 -1.254223E-01
 -1.239463E-01
 -1.224703E-01
 -1.209943E-01
 -1.195182E-01
 -1.180422E-01
 -1.165662E-01
 -1.149649E-01
 -1.129473E-01
 -1.109297E-01
 -1.089122E-01
 -1.068946E-01
 -1.048770E-01
 -1.028594E-01
 -1.005111E-01
 -9.801798E-02
 -9.552485E-02
 -9.303173E-02
 -9.053861E-02
 -8.804549E-02
 -8.548219E-02
 -8.284484E-02
 -8.020750E-02
 -7.757015E-02
 -7.493281E-02
 -7.229546E-02
 -7.011000E-02
 -6.824105E-02
 -6.637211E-02
 -6.450316E-02
 -6.263422E-02
 -6.076527E-02
 -6.074550E-02
 -6.075484E-02
 -6.076418E-02
 -6.077351E-02
 -6.078285E-02
 -6.193504E-02
 -6.367308E-02
 -6.541113E-02
 -6.714917E-02
 -6.888722E-02
 -7.123789E-02
 -7.399045E-02
 -7.674300E-02
 -7.949556E-02
 -8.224812E-02
 -8.496351E-02
 -8.766959E-02
 -9.037566E-02
 -9.308174E-02
 -9.547748E-02
 -9.686487E-02
 -9.825226E-02
 -9.963965E-02
 -1.010270E-01
 -1.010445E-01
 -1.009087E-01
 -1.007729E-01
 -1.006371E-01
 -1.010965E-01
 -1.017235E-01
 -1.023506E-01
 -1.029776E-01
 -1.064012E-01
 -1.102537E-01
 -1.141062E-01
 -1.187767E-01
 -1.281006E-01
 -1.374245E-01
 -1.467483E-01
 -1.607028E-01
 -1.775213E-01
 -1.943397E-01
 -2.134959E-01
 -2.392105E-01
 -2.649249E-01
 -2.911142E-01
 -3.231215E-01
 -3.551285E-01
 -3.872231E-01
 -4.210774E-01
 -4.549313E-01
 -4.884717E-01
 -5.204925E-01
 -5.525131E-01
 -5.825312E-01
 -6.099827E-01
 -6.374339E-01
 -6.594914E-01
 -6.805377E-01
 -6.987674E-01
 -7.123203E-01
 -7.256095E-01
 -7.311453E-01
 -7.366811E-01
 -7.356211E-01
 -7.329843E-01
 -7.247242E-01
 -7.139674E-01
 -6.979599E-01
 -6.795234E-01
 -6.556745E-01
 -6.302572E-01
 -5.988732E-01
 -5.659501E-01
 -5.288944E-01
 -4.889739E-01
 -4.469695E-01
 -4.010382E-01
 -3.530424E-01
 -3.029716E-01
 -2.502859E-01
 -1.952849E-01
 -1.384424E-01
 -7.976150E-02
  3.775521E-02
  9.995177E-02
  1.637825E-01
  2.291522E-01
  2.959631E-01
  3.641179E-01
  4.335219E-01
  5.040845E-01
  5.758730E-01
 -1.950184E-01
  1.426686E-01
  9.799852E-01
  9.799852E-01
  9.799852E-01
  9.799852E-01
  9.799852E-01
  9.799852E-01
  9.799852E-01
  9.799852E-01
  9.799851E-01
  9.799851E-01
  9.799851E-01
  9.799851E-01
  9.799851E-01
  9.799851E-01
  9.799850E-01
  9.799850E-01
  9.799850E-01
  9.799849E-01
  9.799849E-01
  9.799849E-01
  9.799848E-01
  9.799848E-01
  9.799848E-01
  9.799847E-01
  9.799847E-01
  9.799846E-01
  9.799846E-01
  9.799845E-01
  9.799845E-01
  9.799844E-01
  9.799844E-01
  9.799843E-01
  9.799842E-01
  9.799841E-01
  9.799841E-01
  9.799840E-01
  9.799840E-01
  9.799839E-01
  9.799838E-01
  9.799837E-01
  9.799837E-01
  9.799836E-01
  9.799835E-01
  9.799835E-01
  9.799834E-01
  9.799833E-01
  9.799833E-01
  9.799832E-01
  9.799832E-01
  9.799831E-01
  9.799831E-01
  9.799830E-01
  9.799830E-01
  9.799830E-01
  9.799829E-01
  9.799829E-01
  9.799829E-01
  9.799829E-01
  9.799829E-01
  9.799829E-01
  9.799830E-01
  9.799830E-01
  9.799830E-01
  9.799831E-01
  9.799831E-01
  9.799831E-01
  9.799832E-01
  9.799833E-01
  9.799833E-01
  9.799834E-01
  9.799835E-01
  9.799835E-01
  9.799836E-01
  9.799837E-01
  9.799837E-01
  9.799838E-01
  9.799838E-01
  9.799839E-01
  9.799839E-01
  9.799839E-01
  9.799839E-01
  9.799839E-01
  9.799839E-01
  9.799839E-01
  9.799839E-01
  9.799839E-01
  9.799840E-01
  9.799841E-01
  9.799842E-01
  9.799843E-01
  9.799845E-01
  9.799848E-01
  9.799852E-01
  9.799856E-01
  9.799862E-01
  9.799871E-01
  9.799880E-01
  9.799892E-01
  9.799909E-01
  9.799929E-01
  9.799950E-01
  9.799980E-01
  9.800012E-01
  9.800048E-01
  9.800088E-01
  9.800133E-01
  9.800180E-01
  9.800228E-01
  9.800279E-01
  9.800330E-01
  9.800379E-01
  9.800430E-01
  9.800473E-01
  9.800515E-01
  9.800553E-01
  9.800581E-01
  9.800610E-01
  9.800622E-01
  9.800634E-01
  9.800632E-01
  9.800626E-01
  9.800608E-01
  9.800585E-01
  9.800551E-01
  9.800513E-01
  9.800465E-01
  9.800417E-01
  9.800359E-01
  9.800302E-01
  9.800241E-01
  9.800181E-01
  9.800122E-01
  9.800064E-01
  9.800010E-01
  9.799961E-01
  9.799917E-01
  9.799881E-01
  9.799852E-01
  9.799833E-01
  9.799826E-01
  9.799839E-01
  9.799864E-01
  9.799902E-01
  9.799955E-01
  9.800022E-01
  9.800104E-01
  9.800203E-01
  9.800319E-01
  7.134816E-01
  4.028564E-06
 -3.164409E+02
 -3.163935E+02
 -3.163461E+02
 -3.162987E+02
 -3.162513E+02
 -3.162039E+02
 -3.161566E+02
 -3.161092E+02
 -3.160619E+02
 -3.158173E+02
 -3.155679E+02
 -3.153185E+02
 -3.150691E+02
 -3.148197E+02
 -3.145704E+02
 -3.143210E+02
 -3.139546E+02
 -3.133736E+02
 -3.127926E+02
 -3.122116E+02
 -3.116306E+02
 -3.110497E+02
 -3.104688E+02
 -3.098594E+02
 -3.090213E+02
 -3.081832E+02
 -3.073452E+02
 -3.065072E+02
 -3.056693E+02
 -3.048314E+02
 -3.039455E+02
 -3.028995E+02
 -3.018536E+02
 -3.008078E+02
 -2.997621E+02
 -2.987164E+02
 -2.976707E+02
 -2.964771E+02
 -2.952188E+02
 -2.939606E+02
 -2.927025E+02
 -2.914444E+02
 -2.901864E+02
 -2.888376E+02
 -2.873931E+02
 -2.859486E+02
 -2.845043E+02
 -2.830601E+02
 -2.816160E+02
 -2.801223E+02
 -2.785941E+02
 -2.770660E+02
 -2.755382E+02
 -2.740105E+02
 -2.724830E+02
 -2.709781E+02
 -2.694738E+02
 -2.679699E+02
 -2.664661E+02
 -2.649627E+02
 -2.634821E+02
 -2.620133E+02
 -2.605449E+02
 -2.590768E+02
 -2.576090E+02
 -2.561309E+02
 -2.546461E+02
 -2.531617E+02
 -2.516778E+02
 -2.501942E+02
 -2.486269E+02
 -2.470390E+02
 -2.454516E+02
 -2.438648E+02
 -2.422209E+02
 -2.403906E+02
 -2.385609E+02
 -2.367317E+02
 -2.349031E+02
 -2.328399E+02
 -2.307508E+02
 -2.286622E+02
 -2.265741E+02
 -2.244134E+02
 -2.222326E+02
 -2.200522E+02
 -2.178722E+02
 -2.157561E+02
 -2.136499E+02
 -2.115442E+02
 -2.094674E+02
 -2.075537E+02
 -2.056399E+02
 -2.037259E+02
 -2.020659E+02
 -2.005618E+02
 -1.990560E+02
 -1.976913E+02
 -1.967239E+02
 -1.957522E+02
 -1.948008E+02
 -1.941428E+02
 -1.934785E+02
 -1.928061E+02
 -1.920897E+02
 -1.913668E+02
 -1.905829E+02
 -1.895284E+02
 -1.884688E+02
 -1.871607E+02
 -1.855368E+02
 -1.839100E+02
 -1.816563E+02
 -1.792850E+02
 -1.765938E+02
 -1.733732E+02
 -1.701247E+02
 -1.660058E+02
 -1.618903E+02
 -1.570232E+02
 -1.519801E+02
 -1.463073E+02
 -1.403576E+02
 -1.338293E+02
 -1.270350E+02
 -1.196156E+02
 -1.120155E+02
 -1.036465E+02
 -9.504826E+01
 -8.582260E+01
 -7.606138E+01
 -6.589340E+01
 -5.478865E+01
 -4.302839E+01
 -3.054970E+01
 -1.697090E+01
 -2.079829E+00
  1.416650E+01
  3.215413E+01
  5.250843E+01
  7.633438E+01
  1.055826E+02
  1.433764E+02
  1.948691E+02
  2.648570E+02
  3.364521E+02
  3.868186E+02
  4.955449E+02
  9.803905E+01
  3.979051E-04
  1.108258E+04
  1.108070E+04
  1.107881E+04
  1.107693E+04
  1.107504E+04
  1.107316E+04
  1.107127E+04
  1.106939E+04
  1.106750E+04
  1.106209E+04
  1.105659E+04
  1.105110E+04
  1.104560E+04
  1.104011E+04
  1.103461E+04
  1.102912E+04
  1.102244E+04
  1.101361E+04
  1.100477E+04
  1.099594E+04
  1.098711E+04
  1.097827E+04
  1.096944E+04
  1.096024E+04
  1.094814E+04
  1.093604E+04
  1.092395E+04
  1.091185E+04
  1.089975E+04
  1.088765E+04
  1.087476E+04
  1.085920E+04
  1.084364E+04
  1.082808E+04
  1.081252E+04
  1.079697E+04
  1.078141E+04
  1.076340E+04
  1.074432E+04
  1.072523E+04
  1.070615E+04
  1.068707E+04
  1.066799E+04
  1.064723E+04
  1.062470E+04
  1.060218E+04
  1.057966E+04
  1.055713E+04
  1.053461E+04
  1.051009E+04
  1.048418E+04
  1.045827E+04
  1.043235E+04
  1.040644E+04
  1.038053E+04
  1.035133E+04
  1.032207E+04
  1.029281E+04
  1.026356E+04
  1.023431E+04
  1.020295E+04
  1.017050E+04
  1.013805E+04
  1.010561E+04
  1.007318E+04
  1.003881E+04
  1.000319E+04
  9.967575E+03
  9.931961E+03
  9.896351E+03
  9.858025E+03
  9.819020E+03
  9.780019E+03
  9.741021E+03
  9.701181E+03
  9.658595E+03
  9.616012E+03
  9.573431E+03
  9.530852E+03
  9.484962E+03
  9.438703E+03
  9.392445E+03
  9.346189E+03
  9.297051E+03
  9.247103E+03
  9.197156E+03
  9.147210E+03
  9.094326E+03
  9.040993E+03
  8.987663E+03
  8.933901E+03
  8.877673E+03
  8.821451E+03
  8.765234E+03
  8.707351E+03
  8.648444E+03
  8.589549E+03
  8.529962E+03
  8.468416E+03
  8.406896E+03
  8.345215E+03
  8.281293E+03
  8.217409E+03
  8.153437E+03
  8.086960E+03
  8.020528E+03
  7.953560E+03
  7.883820E+03
  7.814126E+03
  7.742723E+03
  7.669115E+03
  7.595546E+03
  7.518402E+03
  7.440614E+03
  7.361218E+03
  7.279125E+03
  7.196917E+03
  7.110569E+03
  7.024241E+03
  6.934552E+03
  6.844071E+03
  6.750758E+03
  6.656196E+03
  6.558867E+03
  6.460265E+03
  6.358650E+03
  6.256170E+03
  6.150233E+03
  6.043386E+03
  5.934069E+03
  5.822974E+03
  5.710576E+03
  5.595569E+03
  5.479015E+03
  5.360825E+03
  5.240292E+03
  5.117252E+03
  4.992053E+03
  4.864935E+03
  4.737284E+03
  4.613576E+03
  4.504441E+03
  4.428018E+03
  4.420267E+03
  4.518872E+03
  4.489521E+03
  4.051747E+03
  4.557476E+03
  1.360669E+03
 -8.662914E-05
  1.932131E+01
  1.944779E+01
  1.957426E+01
  1.970073E+01
  1.982720E+01
  1.995367E+01
  2.008014E+01
  2.020660E+01
  2.033306E+01
  2.065701E+01
  2.098586E+01
  2.131469E+01
  2.164352E+01
  2.197235E+01
  2.230117E+01
  2.262999E+01
  2.301913E+01
  2.351893E+01
  2.401871E+01
  2.451849E+01
  2.501826E+01
  2.551802E+01
  2.601778E+01
  2.654897E+01
  2.733194E+01
  2.811489E+01
  2.889783E+01
  2.968076E+01
  3.046367E+01
  3.124658E+01
  3.213966E+01
  3.339891E+01
  3.465815E+01
  3.591737E+01
  3.717657E+01
  3.843575E+01
  3.969491E+01
  4.149983E+01
  4.354362E+01
  4.558737E+01
  4.763108E+01
  4.967475E+01
  5.171839E+01
  5.429061E+01
  5.742051E+01
  6.055034E+01
  6.368010E+01
  6.680978E+01
  6.993939E+01
  7.355422E+01
  7.750884E+01
  8.146333E+01
  8.541767E+01
  8.937189E+01
  9.332596E+01
  9.709075E+01
  1.008524E+02
  1.046138E+02
  1.083750E+02
  1.121360E+02
  1.150451E+02
  1.175174E+02
  1.199894E+02
  1.224613E+02
  1.249330E+02
  1.260728E+02
  1.263388E+02
  1.266047E+02
  1.268706E+02
  1.271363E+02
  1.250188E+02
  1.223037E+02
  1.195886E+02
  1.168736E+02
  1.136909E+02
  1.089882E+02
  1.042856E+02
  9.958308E+01
  9.488071E+01
  9.262441E+01
  9.064171E+01
  8.865900E+01
  8.667627E+01
  8.987818E+01
  9.454020E+01
  9.920204E+01
  1.038637E+02
  1.143682E+02
  1.257678E+02
  1.371667E+02
  1.494717E+02
  1.669342E+02
  1.843943E+02
  2.018521E+02
  2.222301E+02
  2.444111E+02
  2.665872E+02
  2.885121E+02
  3.097398E+02
  3.309607E+02
  3.515514E+02
  3.644971E+02
  3.774379E+02
  3.899074E+02
  3.930191E+02
  3.961300E+02
  3.979088E+02
  3.932324E+02
  3.885586E+02
  3.814596E+02
  3.712526E+02
  3.610501E+02
  3.478542E+02
  3.341015E+02
  3.195878E+02
  3.038070E+02
  2.879896E+02
  2.709517E+02
  2.539182E+02
  2.350367E+02
  2.157165E+02
  1.942568E+02
  1.718491E+02
  1.483194E+02
  1.242716E+02
  1.002090E+02
  7.614212E+01
  5.302578E+01
  3.031807E+01
  8.787896E+00
 -1.163780E+01
 -3.124448E+01
 -4.900301E+01
 -6.563411E+01
 -8.109160E+01
 -9.492091E+01
 -1.071086E+02
 -1.178275E+02
 -1.268756E+02
 -1.339586E+02
 -1.385926E+02
 -1.399617E+02
 -1.368592E+02
 -1.284460E+02
 -1.155640E+02
 -9.838488E+01
 -8.530379E+01
  7.718902E+02
  4.449330E+03
  2.728285E-02
